300,1,203.57,11478.32,14239.65,869.17,792.48,1099.680647,0.977937
300,1,325.93,16157.94,19363.18,818.86,637.07,1749.305770,2.004627
300,1,365.10,17210.71,21111.79,1041.64,957.29,1902.149057,1.061565
300,1,206.97,10314.27,12730.22,694.70,726.42,994.827263,1.429261
300,1,250.55,12863.82,16177.67,707.51,1127.98,1478.365067,1.255211
300,1,408.33,20284.96,24055.28,1050.42,612.61,2107.276843,1.907166
300,1,300.99,14683.68,18465.96,1029.75,928.58,1823.943363,1.140620
300,1,328.67,16613.92,19964.00,756.39,771.19,1822.507922,1.655447
300,1,202.12,10590.65,13292.01,498.59,1004.66,1198.101392,1.282713
300,1,214.44,11273.71,14720.65,1084.69,898.77,1463.465708,1.040448
300,1,293.14,14705.94,17791.55,827.44,506.33,1751.841370,0.985239
300,1,233.69,13102.68,15764.41,755.54,689.38,1216.801314,0.951576
300,1,237.48,11499.76,14928.42,1075.10,634.34,1719.228795,0.778957
300,1,324.52,16778.57,20429.72,992.43,591.77,2066.947558,0.929354
300,1,258.03,12772.43,15468.94,922.23,535.85,1238.426282,0.815966
300,1,416.68,20244.13,23961.75,1028.57,656.80,2032.247179,0.887573
300,1,411.65,20182.44,24005.16,595.69,1231.38,1995.654460,1.183743
300,1,308.08,14546.91,17889.53,797.44,412.68,2132.501432,0.806899
300,1,311.00,14787.85,18610.68,1410.30,654.77,1757.763291,0.876489
300,1,321.13,16590.38,20314.62,922.65,851.44,1950.147161,1.100988
300,1,333.01,17457.44,21350.33,1186.38,786.54,1919.967485,0.875769
300,1,235.33,11443.06,14987.38,1027.54,893.55,1623.242597,0.957460
300,1,341.85,16755.35,20047.82,719.31,763.34,1809.811402,1.026362
300,1,345.70,18178.59,22130.18,1203.03,731.37,2017.187307,1.006096
300,1,367.49,18662.52,22343.09,851.71,654.62,2174.242002,0.783380
300,1,251.63,12026.84,14372.89,525.67,706.23,1114.144811,0.827189
300,1,333.87,16621.35,20698.43,1019.25,1184.27,1873.568242,1.053716
300,1,327.57,15718.42,19385.52,1059.62,531.07,2076.409641,0.825167
300,1,252.73,12528.09,15364.83,742.21,875.34,1219.192200,1.064946
300,1,256.71,12586.82,16039.87,1060.14,617.75,1775.152431,0.931789
300,1,323.19,16264.80,20164.46,1190.15,738.86,1970.647066,0.903094
300,1,206.75,10497.98,12949.83,197.61,1299.80,954.441814,1.431863
300,1,351.70,16388.60,20281.04,1059.24,888.35,1944.843916,0.887699
300,1,218.53,11245.96,13881.76,482.18,957.22,1196.402613,1.093406
300,1,323.06,16385.85,20042.66,627.49,1508.65,1520.671783,1.295002
300,1,225.53,11448.99,14047.79,826.12,700.38,1072.295783,0.946787
300,1,266.37,12567.29,15991.12,972.92,617.72,1833.184476,0.781631
300,1,264.02,14079.73,17315.79,980.43,841.71,1413.915028,0.914197
300,1,313.80,16989.17,20364.97,1234.05,651.25,1490.499962,0.938351
300,1,356.65,17451.73,21052.17,1075.26,813.49,1711.683493,0.838108
300,1,266.32,13400.97,16783.42,1250.61,631.35,1500.493436,0.830398
300,1,207.84,9512.50,12553.49,970.28,1015.88,1054.836036,1.029022
300,1,391.16,18941.54,22839.84,781.03,1364.36,1752.907687,1.091457
300,1,189.72,9843.93,12157.67,427.60,921.31,964.827465,1.245925
300,1,209.04,10388.17,13034.10,774.82,671.90,1199.210432,0.926500
300,1,310.07,15307.75,18999.30,937.92,890.78,1862.852553,0.888287
300,1,258.29,12536.94,16214.14,1465.41,894.87,1316.913607,1.100895
300,1,369.38,18667.56,22441.55,762.61,1173.43,1837.956759,1.107120
300,1,323.00,15771.89,19155.63,507.41,1324.96,1551.370440,1.109010
300,1,189.17,9354.93,12384.27,1120.04,778.43,1130.876900,0.900911
300,1,340.70,16584.22,20084.38,798.47,996.17,1705.516098,0.837984
300,1,328.73,17270.91,20463.14,1014.71,592.21,1585.308165,0.930902
300,1,239.12,11301.55,14122.59,693.10,1104.31,1023.618082,1.110444
300,1,290.35,13782.06,17922.81,1263.14,821.62,2055.982645,1.042992
300,1,235.78,11173.43,15298.17,1121.28,1134.05,1869.412515,1.170483
300,1,259.72,13695.45,17297.64,1069.30,1003.95,1528.944252,1.108621
300,1,366.66,18438.91,22573.39,1238.53,734.64,2161.298882,0.858410
300,1,387.52,19736.27,23247.71,859.61,685.81,1966.025166,0.840409
300,1,250.68,12848.88,15809.61,892.64,527.43,1540.663946,0.785058
300,1,192.49,9886.44,12298.00,592.97,822.76,995.837127,1.105139
300,1,296.01,15139.64,18610.86,810.05,1064.70,1596.471990,1.031407
300,1,253.11,12854.03,16011.48,1011.37,685.98,1460.101992,1.040164
300,1,274.94,14087.91,16840.01,716.72,634.74,1400.637972,0.816464
300,1,278.85,13262.66,16021.59,579.96,920.99,1257.981428,0.916518
300,1,315.12,15479.70,19121.51,1038.07,737.74,1865.992044,0.906249
300,1,305.99,15188.60,19022.79,1171.42,1021.72,1641.043388,0.943469
300,1,329.86,15446.61,19308.34,936.40,1033.54,1891.793982,0.938369
300,1,305.85,15685.71,19302.23,739.38,1061.86,1815.278134,1.294898
300,1,177.12,8868.62,11371.42,786.27,667.24,1049.286361,1.049866
300,1,308.65,13690.53,18054.90,1151.84,1245.71,1966.815418,1.063529
300,1,293.40,14892.22,17416.99,493.57,523.30,1507.898152,0.924458
300,1,233.53,11559.51,14398.71,835.68,850.50,1153.018080,0.920995
300,1,304.66,14723.60,18320.39,833.22,1034.01,1729.560397,1.044289
300,1,200.87,10385.98,12948.89,511.53,839.09,1212.292678,1.199587
300,1,178.64,9118.23,11961.03,1009.83,798.33,1034.640949,0.819897
300,1,340.25,16835.55,20384.76,882.64,677.96,1988.610413,0.927205
300,1,321.80,16514.77,20472.02,1067.55,1025.68,1864.024300,0.975432
300,1,302.16,15436.39,18871.14,1091.40,632.89,1710.472369,0.830946
300,1,269.66,12946.13,15903.75,559.46,1096.74,1301.402544,0.981844
300,1,257.92,13049.38,16350.87,956.23,639.69,1705.569594,1.089472
300,1,304.59,14637.08,18158.71,1234.37,812.14,1475.113637,0.851428
300,1,219.92,10453.47,13538.74,1070.56,678.98,1335.733961,0.975111
300,1,199.39,10268.05,12502.04,447.39,785.83,1000.765710,1.022695
300,1,265.62,13451.65,16378.57,830.17,660.07,1436.680000,0.945536
300,1,218.24,11715.92,14643.72,1216.40,599.30,1112.093572,0.878962
300,1,356.55,17296.17,20963.69,1034.72,737.04,1895.759513,0.892072
300,1,297.01,15522.14,18930.65,1006.95,817.48,1584.071179,0.978456
300,1,242.25,13140.36,15877.43,790.79,577.39,1368.893149,0.904216
300,1,323.51,16329.34,19882.22,530.43,1361.94,1660.505535,1.174113
300,1,236.82,12279.92,15655.42,1013.06,809.35,1553.092308,0.916162
300,1,271.12,14454.64,17972.43,901.35,1069.54,1546.901112,1.078027
300,1,353.19,18244.18,21898.99,975.04,829.93,1849.840792,0.984105
300,1,247.24,13476.53,16303.70,638.90,951.96,1236.306727,1.192404
300,1,264.11,13132.82,16268.02,932.40,891.61,1311.184613,0.967854
300,1,231.45,11146.72,13773.09,992.16,526.28,1107.936818,0.767196
300,1,338.42,18170.78,22127.50,1298.26,886.62,1771.839773,0.929004
300,1,250.08,12679.42,15421.85,913.03,729.97,1099.426086,0.829160
300,1,244.01,12102.43,15120.47,1150.37,636.41,1231.261804,0.869479
300,1,351.75,17068.26,21000.62,1327.64,711.14,1893.585301,0.611430
300,1,408.69,20016.12,23922.27,754.39,1102.76,2048.994048,0.919167
300,2,405.22,22777.20,28056.93,1118.60,1579.47,2581.673902,3.086857
300,2,253.47,14382.11,18961.22,269.28,2153.06,2156.769078,14.568605
300,2,434.47,23147.60,29333.15,1476.47,1792.27,2916.806845,3.682993
300,2,293.71,15892.49,20389.75,963.91,1406.31,2127.039645,2.823724
300,2,366.68,20234.58,26344.05,1058.99,1987.59,3062.879998,4.568307
300,2,302.32,17852.14,22593.23,301.73,1924.77,2514.597622,12.605024
300,2,582.95,31414.27,38256.37,1614.74,2013.49,3213.870343,2.968360
300,2,369.72,19843.01,25411.41,723.82,2044.79,2799.803254,5.284152
300,2,324.06,18319.94,23370.14,846.85,1599.81,2603.540990,3.521689
300,2,379.40,21062.78,26417.14,975.19,1551.64,2827.524062,2.777237
300,2,239.10,13275.56,17302.51,609.96,1301.18,2115.821263,6.363845
300,2,265.12,14179.87,18331.11,799.88,1194.55,2156.807871,4.242073
300,2,308.11,16893.98,21590.77,883.66,1418.50,2394.633010,3.238608
300,2,305.30,16904.54,21868.15,541.21,2124.52,2297.878117,4.684208
300,2,272.87,14523.34,19210.16,919.15,1897.83,1869.842747,3.108584
300,2,396.60,21952.62,27452.85,909.09,1936.40,2654.731004,4.067201
300,2,420.51,23988.17,30039.28,772.30,1969.21,3309.589748,4.503462
300,2,322.16,18349.34,22939.55,465.94,1698.71,2425.561170,6.717936
300,2,346.80,18499.85,23783.73,1213.20,1582.75,2487.928407,3.080773
300,2,472.88,25063.21,31082.46,1240.61,1620.00,3158.642285,2.995794
300,2,384.08,22097.61,27750.40,976.54,1721.39,2954.857135,4.274902
300,2,443.87,22149.11,28077.99,1242.33,1771.82,2914.732758,2.402445
300,2,296.18,16624.15,21297.09,483.34,1773.78,2415.817067,5.189165
300,2,459.42,25763.10,31659.48,1209.29,1923.15,2763.932865,2.774458
300,2,374.83,20479.83,25929.97,1348.69,1514.75,2586.702117,2.788207
300,2,275.91,15105.45,20047.60,406.28,2570.02,1965.843553,7.109773
300,2,499.33,26718.08,32700.55,1257.20,1500.58,3224.690142,2.999268
300,2,369.52,19370.73,24874.33,1180.15,1783.26,2540.191683,2.927279
300,2,335.71,18725.55,24292.60,1106.08,1949.45,2511.512090,3.638305
300,2,334.02,17465.46,22819.35,1134.11,1677.26,2542.514763,3.448111
300,2,307.81,17206.23,22130.80,631.12,1656.87,2636.574262,5.935401
300,2,372.64,19488.69,24708.17,961.63,1709.47,2548.385912,2.967413
300,2,410.23,22288.14,28050.62,1044.52,1790.46,2927.503967,3.183725
300,2,323.29,18310.90,23866.89,1322.80,1676.35,2556.847804,3.770080
300,2,518.67,27673.70,34329.78,1536.97,1888.89,3230.206858,2.776989
300,2,370.08,19296.45,24176.34,1129.48,1647.19,2103.221423,2.629872
300,2,305.76,17112.57,22027.42,533.07,1921.81,2459.975062,4.255128
300,2,376.66,19737.85,25005.22,1286.77,1297.16,2683.438244,2.512776
300,2,425.02,21322.06,26638.58,1221.48,1679.87,2415.166778,2.676205
300,2,407.80,22382.71,27035.92,983.79,1287.30,2382.116241,2.543169
300,2,314.86,17031.19,21920.88,621.49,1898.91,2369.288955,4.434565
300,2,368.69,19136.39,24072.99,1527.33,1158.42,2250.848713,2.380253
300,2,349.58,19550.62,25243.60,507.72,2145.34,3039.920634,5.238291
300,2,367.54,19040.79,24395.69,1350.74,1636.82,2367.343456,3.230409
300,2,272.38,15443.86,19628.45,621.39,1384.97,2178.224287,4.499627
300,2,526.75,26015.02,33288.47,2009.75,2026.46,3237.242643,2.247239
300,2,311.05,16797.07,21125.65,684.12,1420.91,2223.558562,3.135025
300,2,432.28,24224.83,30136.58,762.83,1857.19,3291.728626,3.531596
300,2,521.92,29273.22,35527.66,1176.30,2074.35,3003.780282,3.724509
300,2,388.80,20438.21,25392.70,1190.28,1563.02,2201.190135,2.424921
300,2,435.33,23400.23,28710.31,858.94,1555.60,2895.533448,2.857925
300,2,278.77,15165.99,19902.83,574.08,1802.30,2360.462397,5.971259
300,2,349.78,19918.85,24714.89,1000.29,1378.17,2417.576329,3.156184
300,2,436.21,23240.22,28852.85,1055.50,1401.83,3155.310312,2.709197
300,2,427.18,22302.74,27928.96,952.08,1454.62,3219.515098,3.509089
300,2,375.66,21423.33,25972.08,621.04,1169.05,2758.658154,3.910278
300,2,393.48,21069.26,26959.24,1146.86,1866.20,2876.913011,3.476437
300,2,466.20,24782.84,30814.04,1277.10,1937.47,2816.628377,2.935361
300,2,343.01,18791.42,23695.13,933.36,1695.34,2275.007250,3.017706
300,2,492.31,24498.72,30335.76,1396.46,1766.20,2674.389964,2.501463
300,2,342.02,19033.90,24760.45,807.35,2090.89,2828.304859,3.687717
300,2,313.76,16964.68,21823.56,741.80,1933.16,2183.918106,3.049629
300,2,417.49,22689.19,27247.87,1148.61,1318.54,2091.525353,3.126876
300,2,340.79,17591.27,22923.75,960.54,1737.80,2634.137261,3.452868
300,2,330.09,18421.56,23404.72,695.86,1934.21,2353.090046,4.331796
300,2,388.78,20886.11,26228.30,1156.22,1506.38,2679.585832,2.865619
300,2,459.13,26007.45,31483.74,931.33,1524.87,3020.098346,3.316159
300,2,444.19,24853.11,30794.42,883.89,1930.38,3127.031702,4.999811
300,2,272.80,16053.01,20588.90,706.31,1924.98,1904.601224,5.266422
300,2,480.65,25681.68,32098.17,1335.33,1621.95,3459.205440,2.778284
300,2,384.17,19630.83,24901.04,1261.77,1703.81,2304.631636,2.723009
300,2,257.25,14431.01,19230.58,526.09,1955.70,2317.772312,8.184532
300,2,583.38,29683.65,36434.88,1320.29,2052.42,3378.526606,2.632058
300,2,377.76,19257.22,24947.12,1773.51,1603.94,2312.455813,2.508050
300,2,301.56,16215.90,21203.71,1146.12,1565.03,2276.649363,2.856043
300,2,382.85,21083.31,26283.38,1073.91,1441.10,2685.056943,4.258756
300,2,616.76,29390.20,36611.29,2033.51,1771.03,3416.551726,2.545210
300,2,407.11,21890.22,26982.46,1117.45,1521.98,2452.809811,2.684954
300,2,404.04,21801.25,28139.75,1522.27,1945.26,2870.971239,2.770197
300,2,435.23,22232.02,28660.33,1852.46,1640.88,2934.969463,2.759208
300,2,412.47,22424.00,28421.79,1545.39,1927.06,2525.331933,2.696038
300,2,303.39,15803.80,20502.16,932.51,1281.76,2484.077206,2.842476
300,2,329.30,17203.78,22121.34,1216.27,1410.17,2291.115339,2.710807
300,2,437.05,21716.14,27418.73,1593.70,1537.60,2571.298615,2.501474
300,2,336.51,17789.43,22734.51,1327.19,1343.09,2274.792333,2.661368
300,2,416.62,21999.38,27599.04,1303.75,1690.90,2605.010933,2.847938
300,2,457.20,24097.08,29725.47,1184.58,1867.99,2575.819528,3.089781
300,2,434.78,23001.62,28196.01,1170.55,1526.47,2497.369677,2.413192
300,2,372.81,20750.54,25927.42,764.82,1362.25,3049.807406,4.100861
300,2,406.16,21686.30,27373.72,1048.97,1942.24,2696.207284,2.990450
300,2,560.76,29760.64,36350.43,1722.61,1680.80,3186.371308,2.631583
300,2,484.22,25567.21,32337.69,1463.79,1951.44,3355.250412,2.635502
300,2,284.21,15873.60,20739.99,511.58,2068.38,2286.428896,6.209569
300,2,372.53,20736.00,26195.32,812.92,2026.54,2619.867752,3.431960
300,2,256.18,14227.13,18173.55,632.10,1437.78,1876.536645,3.812262
300,2,494.45,25905.46,32371.37,1490.10,1664.52,3311.294623,2.704231
300,2,324.84,17934.10,22413.67,571.60,1731.25,2176.719311,4.668837
300,2,307.44,15089.03,19909.84,1514.25,1357.47,1949.093435,2.332096
300,2,420.99,21873.06,27859.61,1556.73,1563.59,2866.237817,1.897949
300,2,414.07,22984.16,29032.72,761.20,1991.52,3295.825113,3.928865
300,3,485.51,25463.87,33676.07,2176.88,2503.85,3531.476761,4.211023
300,3,498.82,27597.30,34703.72,757.32,2604.97,3744.128477,5.556005
300,3,698.29,34615.16,43614.65,2386.75,2200.59,4412.143924,3.614730
300,3,374.50,20793.75,26441.46,715.38,2145.89,2786.439785,7.247319
300,3,548.98,30239.95,38773.96,1004.73,3016.73,4512.548412,11.108306
300,3,619.18,30136.18,38992.79,2372.23,2180.48,4303.897440,3.616650
300,3,728.73,35660.56,45341.77,2421.81,2522.37,4737.037164,3.821001
300,3,544.07,27773.35,36356.19,1747.13,2642.01,4193.691397,4.328728
300,3,446.20,24059.57,31333.27,1147.99,2323.02,3802.685899,5.510986
300,3,441.71,23193.14,30161.23,1104.60,1971.34,3892.157210,5.222845
300,3,625.49,31337.61,39616.43,2115.40,2586.77,3576.651110,4.256253
300,3,344.10,17589.49,24164.72,1219.50,2443.81,2911.914951,5.935618
300,3,462.23,23885.65,31196.80,1539.52,2526.42,3245.208319,4.514283
300,3,565.54,28489.12,37628.06,2120.47,2899.78,4118.684936,4.748956
300,3,294.67,15618.36,21803.55,419.46,3014.19,2751.549023,21.605028
300,3,631.30,34189.23,42364.95,1292.35,2625.48,4257.894255,6.191089
300,3,563.47,30195.15,38524.68,882.61,2899.70,4547.216279,7.716395
300,3,450.07,24825.56,31833.63,1133.43,2493.50,3381.140062,5.743308
300,3,396.16,21441.50,28054.70,1008.69,2311.54,3292.974814,5.131138
300,3,608.66,31860.00,40592.73,1419.82,3005.57,4307.331651,5.326674
300,3,640.33,31373.26,40929.92,2377.62,2578.88,4600.157368,4.349394
300,3,638.33,33235.42,42143.90,1984.99,2716.50,4206.978700,4.735459
300,3,653.41,32707.06,41243.22,1769.23,2767.68,3999.241572,3.986866
300,3,489.70,24905.15,32525.08,1433.03,2382.79,3804.104812,4.329186
300,3,606.33,30272.46,38814.86,1751.79,2844.59,3946.013229,4.174815
300,3,610.16,32278.29,40395.48,1959.30,2538.95,3618.951261,4.643624
300,3,580.35,29786.36,37995.79,1904.35,2276.90,4028.182466,4.658080
300,3,516.46,28026.09,36081.71,958.68,3478.85,3618.090394,7.295290
300,3,598.57,30806.54,39752.64,1980.07,2972.65,3993.372181,4.311694
300,3,570.49,26924.32,36400.06,3048.31,2202.52,4224.909785,3.955243
300,3,420.49,22646.85,29861.07,515.24,3112.68,3586.305740,9.868749
300,3,573.83,29112.04,37364.12,1860.97,2252.14,4138.972591,4.472717
300,3,693.28,33703.29,42530.85,2540.49,1919.21,4367.861017,4.431257
300,3,538.47,28857.61,36347.15,1223.35,2313.91,3952.286653,5.042514
300,3,676.22,33997.19,43739.05,2682.34,2621.46,4438.058244,4.264816
300,3,548.83,26982.24,34210.13,2065.03,2140.96,3021.909426,4.435900
300,3,414.97,23067.01,30455.70,425.91,3242.16,3720.613329,21.438947
300,3,541.84,28320.31,35833.61,1825.59,2129.65,3558.061632,4.401468
300,3,425.50,22983.80,30025.19,1073.87,2254.30,3713.226632,5.965438
300,3,544.98,26675.94,34161.87,2008.86,1914.34,3562.734771,3.738414
300,3,358.43,19145.19,25284.98,914.14,1964.61,3261.039871,6.226684
300,3,367.47,19577.53,26075.49,1077.19,2563.58,2857.189642,6.372729
300,3,453.61,24532.95,32766.76,620.99,3008.46,4604.369547,15.803692
300,3,559.71,28212.92,36934.26,2866.25,2472.01,3383.081553,3.825987
300,3,423.37,21170.85,28352.64,1461.01,2593.32,3127.468423,4.846155
300,3,633.83,32115.30,41319.32,1830.45,2846.71,4526.865233,6.261500
300,3,427.57,22759.65,29455.12,1152.20,2617.37,2925.900461,6.604788
300,3,497.43,25170.36,33623.49,2003.29,2240.97,4208.869447,4.749725
300,3,430.95,24017.29,31249.05,940.30,2563.77,3727.685381,9.190715
300,3,381.72,19755.82,26668.13,1197.70,2729.13,2985.474878,4.945046
300,3,598.67,30689.98,38809.74,2189.63,2184.05,3746.074993,4.245990
300,3,710.64,36838.37,45543.89,2078.96,2651.16,3975.396496,5.228185
300,3,388.68,21297.46,28395.41,688.14,2884.07,3525.735181,10.513179
300,3,396.85,21810.03,28648.91,825.74,2221.47,3791.674544,10.420270
300,3,521.94,28393.53,36208.16,1002.40,2576.69,4235.549937,8.063558
300,3,625.71,31199.14,40295.57,2763.86,2291.88,4040.684730,4.127267
300,3,432.31,23746.41,31403.33,619.14,2885.24,4152.540864,9.238441
300,3,526.09,28300.95,36223.25,1439.63,2394.07,4088.591202,5.162625
300,3,694.97,34386.11,43561.85,2950.75,2289.01,3935.977417,4.046893
300,3,543.33,28817.86,36322.08,1326.49,2474.97,3702.752884,4.748246
300,3,428.79,23637.24,31202.32,571.52,2805.61,4187.943640,9.992994
300,3,586.06,30346.13,38170.79,1740.60,2202.99,3881.072859,5.151259
300,3,406.74,22577.68,28825.72,702.17,2610.86,2934.999067,8.140351
300,3,512.19,26098.67,33911.25,1527.72,2614.77,3670.089602,4.384090
300,3,637.07,31948.28,40262.99,2168.56,2158.87,3987.281900,4.116551
300,3,658.51,33678.47,42270.51,1626.01,2933.33,4032.692092,4.328784
300,3,633.86,29334.15,38941.80,2803.26,2684.06,4120.320073,3.844873
300,3,613.93,32136.24,40644.04,1928.29,2006.22,4573.286496,4.441932
300,3,458.67,25977.10,32902.01,898.57,2685.38,3340.953229,6.365125
300,3,575.37,29357.55,38192.29,1414.66,2697.04,4723.035526,5.027790
300,3,363.71,19296.04,25688.54,818.34,2387.62,3186.548025,6.131015
300,3,487.02,25451.67,33166.22,1382.56,2577.18,3754.810319,7.134564
300,3,868.36,41956.53,52272.72,3112.30,2350.52,4853.362525,4.202682
300,3,465.13,24925.67,32120.20,1239.63,2543.60,3411.298443,6.289158
300,3,440.33,24341.07,31482.36,880.90,2806.95,3453.440730,7.313333
300,3,540.51,27205.07,35675.96,1635.81,2843.97,3991.108923,4.584071
300,3,507.57,27211.69,34915.00,1229.34,2259.49,4214.481817,6.726557
300,3,619.58,30825.72,39284.01,2057.39,2198.03,4202.875423,4.565157
300,3,502.80,27950.26,36188.58,901.28,3320.50,4016.537588,8.431836
300,3,740.45,35037.82,44613.96,3061.31,2363.56,4151.266643,3.913561
300,3,450.72,24150.16,31260.47,1080.33,2234.89,3795.086768,5.952498
300,3,607.86,30798.34,39174.39,1728.08,2952.33,3695.643472,4.940952
300,3,530.38,25555.98,33513.28,2902.31,1777.85,3277.153862,4.209289
300,3,553.95,26977.18,34879.96,2329.99,1789.49,3783.299700,4.162621
300,3,423.43,21280.52,27362.79,1563.39,1566.37,2952.500384,4.412134
300,3,579.03,30815.48,39145.98,2082.76,2575.59,3672.151766,4.626657
300,3,468.33,24093.84,31637.41,1885.94,2320.22,3337.404174,5.093361
300,3,511.90,27069.07,34922.04,1626.21,2441.37,3785.383728,4.659267
300,3,466.87,22851.20,31541.73,1921.68,2480.43,4288.428792,4.689443
300,3,585.74,31300.26,39617.49,1638.28,2367.32,4311.634470,5.357546
300,3,600.50,33183.73,42166.54,1650.86,2755.29,4576.656879,5.503587
300,3,563.83,28253.34,37896.43,2252.08,2576.33,4814.674932,4.099691
300,3,553.40,27962.16,36140.24,1795.91,2409.89,3972.285507,4.632897
300,3,552.25,28566.97,37049.28,1792.76,2407.87,4281.677340,4.432010
300,3,473.39,24168.78,31466.62,2029.23,2283.36,2985.254164,3.331619
300,3,618.03,33754.04,42069.72,1453.46,2201.36,4660.852353,6.424371
300,3,501.78,26591.01,33374.24,1300.95,1707.22,3775.062051,5.050690
300,3,337.81,18827.06,24819.54,618.96,2612.83,2760.692341,12.654087
300,3,494.06,27053.93,33993.63,607.72,2322.22,4009.769643,4.796738
300,3,465.49,24859.80,32842.22,872.60,2532.49,4577.335564,7.757415
300,4,518.69,27725.38,36051.34,1217.34,2762.32,4346.293023,8.645774
300,4,637.26,34251.02,43957.74,1273.68,3512.10,4920.940355,13.159300
300,4,697.91,35667.99,45976.79,2161.77,3087.70,5059.327033,6.674225
300,4,620.93,32070.83,41603.99,2120.46,3415.24,3997.466317,5.859137
300,4,768.62,39115.84,50992.61,1924.76,3750.04,6201.970182,7.911005
300,4,580.85,31920.07,41246.36,927.95,3404.46,4993.881434,12.591086
300,4,708.40,36869.19,48181.49,2034.75,3557.93,5719.617024,7.741568
300,4,578.70,30271.17,39784.15,1219.20,2865.79,5427.993803,8.686460
300,4,499.87,27609.79,36119.83,793.46,3150.73,4565.853659,20.847957
300,4,579.52,30586.83,40073.88,1436.17,3169.68,4881.193771,12.722914
300,4,587.11,32387.84,40955.38,762.43,3227.68,4577.423160,15.534469
300,4,522.23,28554.73,36653.77,1038.62,3304.88,3755.530770,9.651188
300,4,656.50,37203.19,46952.99,1269.95,4244.69,4235.159046,10.495634
300,4,449.55,24155.41,33092.02,438.63,3779.46,4718.516838,31.288891
300,4,430.79,23898.88,31542.12,437.64,3271.87,3933.731425,30.476912
300,4,676.07,33982.63,45003.63,2334.45,3351.11,5335.437864,8.458610
300,4,653.58,35738.79,46280.96,1353.93,3819.86,5368.386599,15.255015
300,4,647.21,32650.75,43339.10,1875.32,4036.02,4777.002488,7.539461
300,4,910.83,45850.98,57922.81,3492.50,3428.86,5150.464431,5.664823
300,4,464.65,25514.05,33687.23,391.50,3113.54,4668.147033,32.411947
300,4,771.77,38576.49,50491.58,2965.83,3126.33,5822.932240,6.593115
300,4,526.69,28588.01,38205.48,822.00,3678.08,5117.384221,13.964279
300,4,682.04,35636.09,45760.62,1919.20,3339.36,4865.971139,8.139342
300,4,581.91,29394.20,39487.60,2136.20,3227.53,4729.669551,7.264423
300,4,503.57,27656.45,36355.39,593.81,3618.44,4486.688302,27.056765
300,4,601.58,32669.09,41999.17,1181.57,3236.80,4911.706344,11.605648
300,4,672.55,35476.59,45943.36,1860.98,3579.40,5026.401716,8.922896
300,4,504.22,27497.50,35976.32,959.61,2775.42,4743.780455,9.556373
300,4,694.30,37442.29,47148.48,1352.09,3359.53,4994.570808,8.710933
300,4,872.15,41962.93,54354.40,2979.89,3691.79,5719.791969,5.965357
300,4,521.61,28339.73,37453.00,679.37,3876.87,4557.027367,29.223242
300,4,654.79,34941.66,44804.63,1971.07,2851.69,5040.212773,8.356590
300,4,541.65,27554.50,37322.25,1580.90,3062.92,5123.933612,8.594293
300,4,736.21,38553.56,49401.76,2031.08,3691.00,5126.115255,7.908860
300,4,546.53,28820.95,38633.12,1032.50,3370.23,5409.438089,12.136440
300,4,440.67,25173.94,32708.12,676.71,3110.65,3746.818074,12.514133
300,4,898.52,46468.17,57969.36,2510.39,3346.71,5644.083628,5.892785
300,4,494.41,26858.15,35759.25,700.11,4288.78,3912.210902,17.186596
300,4,485.71,27168.44,35349.72,737.80,3221.86,4221.609598,20.315863
300,4,578.03,29987.11,39125.44,1761.74,2964.59,4411.997121,6.021940
300,4,583.93,30956.41,40135.81,1409.08,3102.09,4668.231567,12.499915
300,4,624.53,29307.92,39573.27,3484.48,2908.38,3872.471490,5.921813
300,4,639.47,35188.81,45295.19,675.40,3481.87,5949.111277,14.160760
300,4,574.11,30877.93,40031.73,1351.10,3483.84,4318.857138,8.347886
300,4,434.91,23900.34,31342.05,785.41,3016.34,3639.966614,14.854796
300,4,540.66,29627.41,39797.43,504.14,4258.12,5407.756855,31.730029
300,4,558.93,29483.75,37888.13,1401.56,3129.51,3873.313509,9.461353
300,4,636.33,34474.23,44357.24,1288.81,3361.60,5232.593755,10.158592
300,4,945.69,46855.75,59924.99,3519.03,3847.97,5702.234798,6.424372
300,4,396.21,21366.23,29209.23,458.28,3317.24,4067.482097,32.693695
300,4,653.61,34224.88,44762.22,1881.74,3734.82,4920.776928,7.655958
300,4,543.07,29958.39,38967.98,885.23,3461.90,4662.465765,21.387609
300,4,818.33,40270.56,51402.04,2703.22,3400.30,5027.961293,6.056406
300,4,629.69,35603.12,44986.52,1025.40,3628.29,4729.707469,14.469502
300,4,588.46,31123.58,41026.99,1760.11,3171.59,4971.717921,7.227592
300,4,565.80,30031.34,39584.54,830.44,4224.36,4498.395001,13.910809
300,4,701.22,37098.91,47517.96,2194.46,2565.37,5659.217976,8.862475
300,4,746.22,40707.64,50609.40,1420.81,3197.50,5283.441601,11.086331
300,4,554.61,30988.19,39669.49,756.18,3497.55,4427.568507,17.199557
300,4,628.01,34507.21,43599.43,1608.63,2967.50,4516.087276,9.641739
300,4,518.33,28007.42,37587.79,607.43,3532.32,5440.612496,20.849588
300,4,744.82,35127.00,46336.37,3226.47,2736.04,5246.852011,6.524237
300,4,718.28,34482.28,45285.92,3066.64,3234.41,4502.599027,5.991513
300,4,772.96,37120.83,48563.43,2940.81,3150.47,5351.317462,7.195572
300,4,708.79,36649.53,46918.62,1866.45,3260.30,5142.337534,7.609584
300,4,530.71,28860.93,38404.95,767.00,4353.74,4423.272042,20.991928
300,4,720.73,36965.89,47431.75,2154.77,2962.21,5348.879791,7.920798
300,4,694.82,36818.06,47392.96,1581.75,3655.51,5337.650327,9.363572
300,4,572.78,32076.35,41574.90,541.03,4252.68,4704.849426,32.211720
300,4,606.46,32465.29,42484.52,942.66,3604.20,5472.378971,20.425305
300,4,422.69,23423.75,31102.91,444.42,3121.29,4113.449512,28.486801
300,4,591.96,30041.55,39980.46,1732.70,3179.83,5026.377689,7.861233
300,4,747.03,38667.09,49398.87,1850.61,3179.43,5701.738537,7.734607
300,4,589.37,29670.53,39923.07,2733.65,2880.30,4638.593905,6.837126
300,4,700.76,35359.34,45750.85,2004.87,3292.23,5094.406291,6.996829
300,4,756.80,39152.79,50716.60,2481.86,3726.20,5355.742665,6.150164
300,4,885.94,43634.43,56627.37,3754.99,3466.66,5771.298471,6.313281
300,4,525.70,29039.88,37959.83,786.97,3655.41,4477.567264,13.306295
300,4,684.06,34835.77,46483.02,2059.91,4248.06,5339.279178,8.891287
300,4,710.96,35028.52,46434.85,2093.72,3987.73,5324.888277,6.842766
300,4,630.78,35161.07,44507.69,1003.39,3186.63,5156.605932,10.898232
300,4,659.24,33390.84,43853.24,2375.86,3342.18,4744.356087,6.177355
300,4,759.28,37783.50,48341.27,2429.31,3559.47,4568.986505,6.027230
300,4,704.81,34259.72,43890.79,2780.77,2103.40,4746.903060,6.206647
300,4,695.74,34095.49,43969.06,3219.26,2639.13,4015.172598,6.047475
300,4,684.98,33725.26,44592.89,2791.37,3201.67,4874.581651,6.083574
300,4,746.31,36800.43,47578.81,2706.35,2959.91,5112.121628,5.905715
300,4,626.24,34182.53,43758.13,1323.80,3313.01,4938.795292,14.318586
300,4,575.71,32250.08,41104.03,741.60,3297.61,4814.731786,14.010643
300,4,666.40,36470.19,46474.55,1103.22,3504.34,5396.803928,9.513667
300,4,613.09,34136.81,44129.27,869.78,3817.19,5305.489538,18.962704
300,4,837.26,40581.18,53334.61,2688.82,3884.72,6179.881158,5.883965
300,4,582.48,31877.44,41394.99,1122.93,3241.77,5152.842458,9.898865
300,4,800.66,42962.39,53960.84,1400.99,4119.78,5477.683829,7.968471
300,4,539.14,26351.71,36098.24,2562.15,3212.18,3972.198672,6.398852
300,4,692.07,35640.88,45854.26,1808.74,2895.07,5509.572626,8.481226
300,4,802.38,39185.58,50478.00,3700.22,2528.61,5063.585342,5.069381
300,4,688.52,33969.35,43350.44,2511.06,2700.83,4169.200626,5.345353
300,4,464.26,25155.65,33882.10,449.50,3594.57,4682.382165,22.661237
300,4,646.73,35740.41,45956.17,571.87,3934.83,5709.059555,21.339969
300,5,865.25,46259.15,58575.50,1850.07,4549.67,5916.611889,12.276393
300,5,1028.38,50193.37,65091.27,3848.38,4011.29,7038.228682,7.822221
300,5,687.58,37912.81,48718.24,832.42,4216.79,5756.222356,21.487181
300,5,496.58,26907.72,35563.50,493.84,3710.83,4451.105010,38.806119
300,5,582.72,30897.44,41927.27,479.42,3835.59,6714.823101,40.458674
300,5,603.67,32930.89,43456.87,783.02,3668.60,6074.362886,26.121218
300,5,739.72,38706.16,50561.23,1463.79,3680.25,6711.032549,17.145544
300,5,946.08,47536.12,61874.98,3192.95,4538.03,6607.883002,9.604096
300,5,695.44,37299.17,49014.23,1468.85,4543.63,5702.576274,17.354048
300,5,606.48,33468.91,43877.86,543.97,4330.52,5534.451096,40.853622
300,5,669.85,36271.99,47551.68,1317.57,4165.18,5796.937277,15.608538
300,5,611.90,34639.01,44614.35,636.83,4495.41,4843.103197,39.789028
300,5,694.68,34210.30,46728.20,2104.84,4816.67,5596.387446,11.223327
300,5,600.38,32639.18,43439.68,498.78,3970.63,6331.085958,41.055341
300,5,868.11,43937.80,57319.34,3248.39,4134.78,5998.379286,8.582462
300,5,904.95,46526.61,60050.93,2490.84,4453.27,6580.210702,10.760958
300,5,896.43,47228.61,59783.10,2670.42,3054.99,6829.093768,10.346342
300,5,523.80,27139.68,37936.06,595.66,4511.88,5688.844433,40.420249
300,5,687.58,37557.01,48101.65,950.90,4039.66,5554.085889,21.178132
300,5,766.29,43179.07,54243.75,563.02,4484.95,6016.706532,44.090220
300,5,830.77,45121.22,57491.27,1614.34,4357.38,6398.322687,17.846000
300,5,681.15,37053.56,48074.70,1010.76,4243.06,5767.321645,23.664173
300,5,588.72,32605.52,42544.30,584.09,3586.48,5768.210994,23.331622
300,5,699.45,37564.85,48791.17,1442.88,4093.34,5690.099697,18.947672
300,5,731.73,36659.53,49505.57,2462.36,4204.00,6179.690563,11.101673
300,5,680.94,37526.23,48012.39,789.74,4066.20,5630.223493,23.357947
300,5,581.99,31333.46,42098.48,606.41,4353.73,5804.875116,40.001480
300,5,736.46,40084.01,51746.40,795.88,4692.56,6173.948987,22.385397
300,5,792.53,43850.39,55714.52,1061.93,4604.47,6197.737265,16.438572
300,5,731.60,39892.66,51429.39,1298.94,4116.97,6120.826843,29.947177
300,5,594.23,31154.33,41654.09,1090.60,4271.28,5137.879755,19.724650
300,5,612.99,33600.51,44686.83,576.55,4971.38,5538.396131,42.808285
300,5,811.62,43606.51,55573.77,1453.86,4484.00,6029.396019,12.298334
300,5,554.03,30374.47,40231.04,404.89,3573.72,5877.970108,42.674117
300,5,853.57,46274.30,58112.88,1751.43,3669.49,6417.655479,23.767623
300,5,534.90,29387.40,38539.16,745.84,3969.25,4436.660902,32.089802
300,5,750.97,41565.78,53009.60,780.82,4699.31,5963.682826,34.799237
300,5,583.82,32232.09,41925.59,489.43,4027.31,5176.759913,43.798753
300,5,687.35,37418.11,47912.10,836.27,4292.30,5365.417838,20.148796
300,5,594.72,31262.80,42037.19,1112.88,4499.03,5162.475514,24.602336
300,5,921.06,45583.48,58099.12,3443.78,3118.67,5953.189184,9.275121
300,5,682.24,37376.65,47265.57,1086.98,4051.80,4750.141049,20.676055
300,5,772.37,40565.95,54461.30,967.47,5821.25,7106.623493,28.264662
300,5,663.16,37131.98,47568.58,696.68,4245.06,5494.851058,33.826268
300,5,652.65,34180.26,45789.85,1747.73,4537.79,5324.058319,11.377054
300,5,820.28,43538.97,55940.22,1394.75,4210.09,6796.401033,14.968045
300,5,561.59,30517.23,40267.94,981.80,3960.42,4808.494046,23.836080
300,5,685.04,37605.07,48714.84,886.01,4249.52,5974.231954,24.170297
300,5,735.76,41569.77,52931.83,502.88,4523.96,6335.226245,43.846824
300,5,704.86,40226.38,50211.38,539.26,4408.47,5037.263946,42.933542
300,5,609.21,32691.23,43619.12,789.46,4651.79,5486.645532,39.564657
300,5,740.42,38083.07,49284.09,1771.12,3717.10,5712.793326,13.144523
300,5,506.94,27327.09,36377.00,387.29,3387.41,5275.209209,41.987403
300,5,861.29,44775.77,57286.58,2659.93,3937.12,5913.750946,10.965338
300,5,891.99,46499.61,58397.00,1950.32,3472.01,6475.068184,11.668229
300,5,704.83,36167.21,47365.95,2113.62,3473.15,5611.972241,9.752646
300,5,589.75,32149.04,42297.62,659.80,3538.17,5950.609434,35.867253
300,5,798.90,43625.51,55374.88,1482.14,4342.81,5924.419536,16.398027
300,5,612.15,33635.54,44430.19,654.36,5009.78,5130.509144,40.109766
300,5,602.95,31992.28,42693.61,754.32,4521.07,5425.937197,23.548805
300,5,705.02,37815.37,50011.86,1243.85,4529.86,6422.782770,13.239355
300,5,650.08,35307.89,46210.81,650.19,4101.54,6151.193340,37.630458
300,5,686.28,36352.68,47341.30,2314.37,3696.35,4977.895460,9.837958
300,5,565.84,30085.99,41107.49,635.79,4888.19,5497.526261,40.525898
300,5,580.70,30345.76,41116.48,1035.12,4249.20,5486.403330,22.519729
300,5,628.71,33452.91,45264.99,688.84,5466.59,5656.661824,44.690548
300,5,704.49,38390.92,50075.76,581.04,5183.51,5920.281113,40.929793
300,5,616.60,33164.51,44499.92,874.02,4521.70,5939.698963,25.618871
300,5,697.13,39096.91,50028.85,543.32,4385.34,6003.282067,44.051166
300,5,681.04,36885.48,48154.21,727.75,3979.01,6561.962193,45.516771
300,5,694.17,38375.13,48637.76,1108.68,3888.42,5265.532315,15.810824
300,5,882.27,45256.25,57854.17,2302.74,4082.54,6212.640771,9.310463
300,5,928.76,49551.28,62696.33,2206.45,4454.71,6483.890802,12.590150
300,5,696.68,37868.65,48613.86,1328.59,3803.39,5613.225099,15.506970
300,5,597.44,32348.21,42878.63,499.82,4093.88,5936.713165,42.686286
300,5,636.43,34560.16,45446.13,536.12,4276.87,6072.984452,41.324115
300,5,669.60,35145.57,46517.66,1529.78,3471.81,6370.501140,12.266880
300,5,863.75,45187.46,56877.30,2536.59,3273.39,5879.855562,9.257542
300,5,802.75,41800.21,54358.21,1811.72,4000.21,6746.081180,11.975452
300,5,642.69,35105.91,45380.15,668.47,3711.56,5894.207033,37.852190
300,5,724.98,38020.44,49116.57,1357.61,3693.40,6045.120292,17.996656
300,5,787.40,41256.80,52966.78,2047.72,3974.51,5687.746768,9.293038
300,5,666.51,35292.63,46468.25,1366.10,4628.11,5181.404716,13.738141
300,5,707.81,36250.54,47275.78,1571.70,3822.70,5630.837848,11.101882
300,5,791.18,40449.27,52690.10,3475.55,3842.60,4922.686306,8.266449
300,5,678.60,36705.83,47795.88,868.93,4365.48,5855.630779,17.943789
300,5,575.73,32134.24,41642.09,474.11,3844.64,5189.102351,41.523760
300,5,668.80,36797.79,47831.30,778.35,4677.91,5577.257016,31.991841
300,5,786.61,41173.56,53237.68,2137.88,4055.61,5870.630807,10.052345
300,5,698.24,38253.41,49188.34,1223.77,3864.49,5846.665642,16.142399
300,5,851.09,43155.97,56097.05,2490.03,4183.36,6267.685604,11.235850
300,5,603.72,31525.93,43986.73,715.02,5064.28,6681.498798,41.222684
300,5,847.50,43998.14,56633.59,2101.09,3981.74,6552.612909,10.174444
300,5,664.76,36321.35,47807.90,590.58,4661.65,6234.325441,40.847854
300,5,614.37,33896.20,43827.06,966.06,4167.84,4796.952543,15.302636
300,5,773.05,42763.65,53967.52,923.68,4109.47,6170.727157,22.643820
300,5,627.90,32502.02,42917.88,1892.91,3246.31,5276.635337,14.439756
300,5,607.86,32886.44,43460.47,1171.19,4370.72,5032.117677,20.026293
300,5,618.77,34128.15,45014.14,636.56,4930.10,5319.333995,30.175963
300,5,579.58,31209.36,42072.21,558.11,3974.95,6329.796547,33.512738
300,6,698.24,37456.86,50393.32,719.76,5687.12,6529.570311,55.034954
300,6,928.76,49689.31,63802.40,1117.80,5761.04,7234.248812,24.656768
300,6,867.46,47108.69,59467.51,962.00,4725.50,6671.326648,28.449613
300,6,720.31,39908.45,52245.12,755.12,5705.70,5875.853101,54.016718
300,6,875.08,46477.35,60395.51,1060.52,4667.30,8190.347141,22.156104
300,6,975.52,51951.90,66159.52,2047.10,5165.33,6995.186345,16.286688
300,6,845.13,45608.38,59476.67,1164.33,4803.25,7900.710796,41.043136
300,6,850.50,45865.56,58326.83,1260.57,4158.49,7042.201953,18.358372
300,6,661.98,34577.47,48011.10,877.23,6209.91,6346.501668,54.418337
300,6,978.01,50256.40,64866.62,2794.09,5161.15,6654.981662,13.205150
300,6,801.60,42258.08,54206.42,1596.49,3754.52,6597.336150,17.454313
300,6,769.61,42062.83,54153.14,1036.69,4797.23,6256.401011,26.383791
300,6,730.68,39619.11,52278.90,747.52,5349.25,6563.013615,53.502320
300,6,823.56,43236.76,57101.74,869.16,5513.74,7482.077300,31.983241
300,6,744.56,38360.44,51084.60,1061.34,4784.06,6878.748601,29.536785
300,6,939.38,49165.41,63540.23,1706.87,5395.64,7272.308790,16.378590
300,6,1036.30,56234.24,70853.27,1449.36,5051.98,8117.689942,28.091109
300,6,603.32,31644.04,43310.67,607.03,4504.67,6554.932415,50.712074
300,6,752.89,40875.46,53706.00,689.45,5572.39,6568.691889,51.148944
300,6,696.03,36991.92,49867.32,590.39,4834.60,7450.401527,54.319894
300,6,749.88,40720.86,53653.45,686.99,5143.22,7102.379811,53.545360
300,6,866.36,47261.57,61078.23,1013.34,6115.46,6687.848435,51.111788
300,6,570.49,29197.56,41122.84,677.11,4959.61,6288.552922,47.786378
300,6,872.74,47813.49,61327.51,963.63,5870.58,6679.817323,31.703117
300,6,1018.91,51526.76,66652.20,2615.74,4992.09,7517.612132,13.154924
300,6,867.40,45765.04,57907.50,1239.39,4029.42,6873.643745,18.888143
300,6,777.73,41538.74,54498.88,687.60,5727.29,6545.253046,52.785585
300,6,746.06,39695.27,52490.02,646.89,4778.83,7369.034311,55.921169
300,6,801.71,43546.11,56583.78,990.30,5132.48,6914.889306,41.909480
300,6,816.14,43040.28,56010.43,1333.70,5109.06,6527.391824,32.069292
300,6,732.56,39305.42,52580.94,754.33,5587.18,6934.013370,51.663367
300,6,783.00,41514.34,53819.25,1258.21,4197.74,6848.962247,17.594108
300,6,740.54,39353.84,53124.41,824.47,5900.10,7046.005161,53.758170
300,6,762.25,41682.27,54456.71,678.89,5340.86,6754.682548,51.733756
300,6,1045.88,54256.12,69053.05,2358.71,5057.57,7380.644392,14.748048
300,6,688.24,37378.85,48491.25,714.92,4792.39,5605.097321,44.252387
300,6,828.81,45285.74,58052.96,971.92,4552.29,7243.008339,34.140908
300,6,847.40,45011.58,57364.32,1186.29,4479.33,6687.112844,17.896439
300,6,858.18,44392.15,57317.83,2217.94,4287.99,6419.747525,16.069374
300,6,672.60,36177.13,47742.76,949.15,4921.72,5694.773056,44.247664
300,6,877.16,46198.57,59140.07,1840.50,5006.71,6094.290876,13.598725
300,6,664.76,36998.51,47884.94,599.77,4677.54,5609.116672,53.522869
300,6,767.76,38967.12,53964.52,771.32,5796.88,8429.197808,50.438302
300,6,705.64,37305.88,50008.13,1217.48,4940.49,6544.287166,27.845452
300,6,784.82,43372.86,55206.24,876.95,4858.30,6098.123256,30.014636
300,6,927.50,49708.93,63130.10,805.49,4878.66,7737.017503,33.052328
300,6,680.58,36487.24,48234.47,780.01,4885.12,6082.108788,44.836755
300,6,820.74,44624.84,57611.72,713.27,5130.59,7143.021860,31.683357
300,6,942.51,52553.12,66319.20,656.57,5381.45,7728.068061,58.360095
300,6,568.92,30518.21,41380.80,633.48,4430.78,5798.323709,50.404156
300,6,822.21,44654.05,58094.39,911.29,5671.98,6857.076867,32.476801
300,6,957.28,50006.13,63786.34,2465.38,4144.14,7170.696157,15.623729
300,6,825.65,44916.09,57690.81,1256.34,4839.16,6679.209468,30.213855
300,6,839.03,44861.42,57713.55,1310.02,4741.31,6800.808285,19.298983
300,6,826.26,45789.76,58914.96,702.52,5372.05,7050.640555,52.865313
300,6,853.59,43893.23,57307.24,2108.95,4827.30,6477.763143,19.304497
300,6,972.47,51624.34,66414.45,2090.15,5292.08,7407.875151,16.618141
300,6,899.64,48078.72,61828.87,1079.47,5349.14,7321.542074,43.302001
300,6,691.22,38086.99,49394.05,529.34,4178.07,6599.645337,48.957865
300,6,762.57,42309.67,55014.73,803.65,5626.48,6274.929812,52.372115
300,6,857.06,44346.40,59212.00,1829.73,5365.88,7669.984215,19.096335
300,6,730.76,40059.46,52520.77,623.26,5065.39,6772.665515,57.154287
300,6,608.90,33307.82,43682.02,835.14,3887.05,5652.003942,53.574322
300,6,767.31,41882.50,53932.06,839.95,4600.25,6609.355940,53.756844
300,6,621.37,33316.24,44606.95,801.81,4293.93,6194.977076,27.695184
300,6,735.39,38732.33,52194.14,726.63,5620.82,7114.353395,52.474688
300,6,887.49,47030.39,60625.39,1312.53,5019.71,7262.750956,21.548083
300,6,801.64,44133.17,56905.60,795.63,4974.14,7002.664214,36.689110
300,6,809.87,43831.68,56988.95,999.11,5031.53,7126.631684,35.735066
300,6,827.36,46050.15,59225.80,702.59,5285.08,7187.985119,54.114487
300,6,714.35,38386.91,50813.11,883.83,5503.38,6038.989938,48.371110
300,6,728.91,38548.65,51295.31,654.84,5213.32,6878.504582,52.757661
300,6,751.58,40311.28,52922.00,583.69,4970.35,7056.677732,54.924251
300,6,898.49,49109.40,62473.85,1092.38,5340.74,6931.331076,25.389276
300,6,717.69,38557.45,50225.78,919.17,4349.96,6399.203572,28.881202
300,6,783.87,41625.61,54553.36,1183.04,4455.21,7289.505462,21.689488
300,6,774.55,41725.36,54149.83,1223.41,4364.27,6836.788978,40.048434
300,6,868.33,46130.48,59866.74,1411.21,5973.98,6351.076363,17.933828
300,6,837.45,44661.21,57966.60,831.75,4890.50,7583.138949,39.829774
300,6,664.13,34755.58,46316.67,679.91,4142.66,6738.524180,50.704129
300,6,763.83,41231.11,53902.30,890.95,4804.69,6975.545940,37.599228
300,6,740.08,39771.33,52130.99,1109.51,4867.75,6382.398204,34.133144
300,6,676.16,36815.44,48733.82,668.03,5409.93,5840.411721,56.085245
300,6,634.67,33266.78,44510.75,576.57,4820.22,5847.189480,54.072548
300,6,519.52,26707.62,37983.24,783.42,5477.75,5014.448936,53.507406
300,6,936.94,48980.97,62875.70,1583.38,4778.40,7532.961130,16.784357
300,6,637.90,34137.48,45847.30,724.18,5185.30,5800.334676,55.203782
300,6,883.62,46845.70,60338.48,1641.97,4885.42,6965.391896,22.239678
300,6,766.81,41747.13,55025.54,733.86,5935.14,6609.397726,52.102614
300,6,988.55,50179.64,63900.78,2591.57,3716.68,7412.891975,15.312484
300,6,882.35,48226.13,60841.55,1138.59,4268.88,7207.941614,21.892939
300,6,816.19,43321.09,57094.86,1480.80,4944.90,7348.069249,32.429386
300,6,742.75,40654.86,53537.70,691.91,5580.65,6610.288953,46.995824
300,6,826.00,45348.99,57735.23,569.62,4643.95,7172.670489,53.033578
300,6,614.41,32224.65,43419.13,1118.83,4288.24,5787.413808,23.512039
300,6,795.05,43437.50,56715.35,697.35,5554.84,7025.652135,58.520978
300,6,702.92,37480.24,49077.20,992.06,4602.00,6002.896258,28.971599
300,6,777.08,41956.54,54541.28,1414.43,5274.96,5895.353018,19.547434
300,6,711.11,38309.55,50964.82,634.55,5326.11,6694.621627,39.597664
300,6,930.14,47815.53,63191.82,2447.08,5407.83,7521.385025,14.697565
300,7,778.51,41297.14,55259.66,734.82,5583.15,7644.558185,63.999057
300,7,985.39,51451.71,67303.83,1442.31,6174.32,8235.493671,28.638837
300,7,714.05,35879.22,50310.14,721.55,5790.11,7919.255390,57.108052
300,7,821.84,45113.27,58139.89,697.96,5446.82,6881.837677,65.461778
300,7,998.81,52933.31,69759.91,761.43,6575.81,9489.355351,70.008260
300,7,755.61,38144.51,53730.84,882.40,6965.96,7737.960446,59.814101
300,7,1055.38,55727.50,72553.33,1935.60,6093.91,8796.329715,26.434721
300,7,1165.12,61462.84,76568.42,2100.76,4774.39,8230.425579,20.986687
300,7,850.54,46429.12,60342.11,863.79,6100.48,6948.728553,63.574044
300,7,774.39,41644.70,54670.31,604.46,5024.67,7396.487546,64.665150
300,7,770.96,41124.38,53648.38,756.73,4486.74,7280.530101,39.368164
300,7,861.57,47410.33,60121.30,793.29,5073.20,6844.482536,36.992137
300,7,888.91,46761.48,60325.78,1184.54,5150.41,7229.354415,52.509146
300,7,803.12,42643.61,56859.65,1017.68,4717.78,8480.580288,37.922029
300,7,788.21,41471.38,55376.82,759.78,5558.33,7587.336856,67.214677
300,7,985.47,52705.86,67529.58,1061.93,5797.45,7964.338846,39.918719
300,7,952.44,51981.27,67465.21,681.29,5666.65,9136.006225,65.845229
300,7,908.54,48627.41,63073.87,923.67,5483.05,8039.751363,50.450272
300,7,721.67,35889.46,51590.86,993.55,7212.77,7495.080586,64.717014
300,7,812.65,42388.83,57529.31,784.65,6417.75,7938.086015,63.478297
300,7,879.97,45015.95,61195.32,865.83,7589.57,7723.963155,65.448652
300,7,870.75,46053.83,60806.25,808.59,5976.63,7967.197348,63.879088
300,7,960.76,53229.38,67421.49,801.38,6118.84,7271.894253,62.682112
300,7,829.57,44145.79,57657.17,600.27,5059.80,7851.307401,65.843135
300,7,887.59,45951.40,63329.35,1159.83,8143.32,8074.798561,70.530863
300,7,939.20,51237.16,66596.59,771.59,6365.12,8222.736155,65.754490
300,7,937.72,50328.47,66460.08,957.48,7309.20,7864.925201,67.606285
300,7,759.79,39428.50,53914.17,781.83,5806.63,7897.214006,65.635013
300,7,849.80,45705.98,59467.85,687.25,5377.68,7696.931064,61.431457
300,7,909.03,49043.05,64365.39,893.59,6813.96,7614.793978,63.829200
300,7,786.16,40523.19,55093.75,1117.44,5933.79,7519.335414,57.846869
300,7,729.64,38868.81,52116.69,656.31,5180.45,7411.108295,64.291684
300,7,829.96,45057.53,58975.03,967.77,5036.91,7912.814925,56.122489
300,7,910.13,49110.87,63091.76,641.43,5376.34,7963.113962,66.362827
300,7,889.53,48097.61,62735.20,723.25,5639.10,8275.249759,67.387032
300,7,830.40,44052.65,58551.83,1084.37,6639.50,6775.313328,34.543432
300,7,908.97,48542.36,63058.81,928.00,5666.82,7921.628034,37.747411
300,7,964.46,52147.37,65945.17,835.87,5039.01,7922.918670,60.500599
300,7,678.00,35960.66,48691.79,658.91,5340.31,6731.907093,63.606404
300,7,765.44,38990.98,52169.37,1422.97,4818.80,6936.628530,29.014117
300,7,802.71,43825.07,56752.64,746.68,5583.20,6597.687709,61.251678
300,7,718.82,39145.54,50873.00,559.71,4847.47,6320.284022,59.007053
300,7,972.67,51106.19,67908.43,827.20,6762.75,9212.285254,62.586318
300,7,1058.87,58798.65,73387.57,953.08,5785.51,7850.322639,41.934174
300,7,731.18,37863.62,51558.39,1001.90,5676.60,7016.274585,46.850072
300,7,999.90,54529.54,69022.14,602.71,4883.30,9006.594974,68.464503
300,7,713.32,36689.47,51080.20,867.51,6481.32,7041.903529,65.944048
300,7,917.82,49507.91,63874.26,923.56,5713.59,7729.200214,47.833242
300,7,862.73,47164.05,61861.90,737.54,5482.32,8477.986348,64.620688
300,7,759.87,39875.69,54151.94,801.91,6243.02,7231.313031,63.318135
300,7,856.91,45331.77,60447.67,789.28,6428.12,7898.505212,65.703617
300,7,841.55,45951.33,59620.31,653.31,5457.46,7558.202547,63.434478
300,7,1002.46,52924.07,67475.60,1566.30,5468.77,7516.450349,19.830401
300,7,898.53,47107.99,61381.90,965.53,5519.01,7789.376361,37.241088
300,7,913.67,48974.36,62633.35,828.32,4481.78,8348.891170,62.504792
300,7,985.60,53074.32,67380.12,1189.87,5595.23,7520.691194,36.397949
300,7,923.89,50321.43,64631.28,995.84,5387.22,7926.783899,41.415337
300,7,1105.56,60200.56,75248.93,717.00,5939.22,8392.145777,70.025086
300,7,990.33,54799.84,69860.06,835.13,6331.05,7894.032673,66.031437
300,7,908.06,48539.24,62557.29,736.32,5934.77,7346.954775,63.324667
300,7,1083.55,58323.81,73739.49,1504.05,5300.39,8611.234996,26.252157
300,7,807.86,41969.77,56943.02,839.20,6327.65,7806.400230,70.371939
300,7,784.24,41829.57,55158.09,1029.70,5706.88,6591.939165,36.297024
300,7,973.63,53039.32,68210.05,952.05,6301.78,7916.905286,41.605611
300,7,782.23,41260.52,55377.96,744.97,5981.52,7390.955073,61.227030
300,7,1037.01,55129.60,72061.27,1440.74,7055.55,8435.378549,40.459236
300,7,1069.43,57838.80,71491.50,535.28,4770.32,8347.100065,66.781882
300,7,1068.48,56565.73,72628.97,1756.90,6219.98,8086.356447,24.515991
300,7,810.44,42537.83,57769.95,769.22,6003.30,8459.606522,62.838567
300,7,837.66,45091.70,58845.45,612.60,4810.76,8330.390943,64.339152
300,7,874.45,47141.48,61590.10,786.55,5960.96,7701.100949,62.687184
300,7,917.12,48689.50,63833.26,803.19,6233.22,8107.346271,61.673601
300,7,944.35,50243.38,65038.96,781.13,6247.78,7766.674021,65.037626
300,7,847.71,45118.40,58090.75,1069.20,4516.65,7386.505171,40.563917
300,7,895.89,49243.14,62532.88,1075.44,5025.31,7188.992039,44.309502
300,7,1007.39,54391.95,69157.11,916.01,6143.14,7706.013752,38.697710
300,7,738.33,38469.59,51761.35,578.32,5179.86,7533.573659,65.965609
300,7,1007.39,54888.28,70115.62,1422.20,6356.43,7448.709485,31.943144
300,7,900.04,46279.92,62615.85,837.31,6510.62,8987.997925,66.378204
300,7,783.95,41724.89,54964.31,671.16,5498.03,7070.223986,59.065602
300,7,999.97,54393.12,68785.57,889.62,5340.83,8161.995426,49.135524
300,7,722.47,37242.45,51616.98,752.11,6183.16,7439.257530,62.253589
300,7,1005.99,55955.88,69556.67,1227.90,5262.51,7110.385243,37.131107
300,7,787.37,41856.83,55670.10,1091.15,6034.21,6687.911773,59.982844
300,7,911.64,49443.99,62425.24,1660.11,5059.75,6261.385757,26.000821
300,7,942.14,49547.01,64529.73,1059.09,5773.90,8149.731021,56.149866
300,7,765.92,41452.06,54584.18,699.45,5872.68,6559.999363,60.752324
300,7,1014.24,54296.91,69359.55,747.38,6233.85,8081.405229,67.044864
300,7,833.25,44409.32,58548.11,725.53,5901.80,7511.454224,63.458556
300,7,752.31,40075.88,53107.39,680.53,4961.52,7389.450913,58.720389
300,7,846.04,45138.97,59095.34,848.81,4954.51,8153.054282,44.275455
300,7,889.16,46950.48,62231.78,687.32,5896.06,8697.905646,63.865840
300,7,871.14,46018.25,60883.60,743.97,6076.90,8044.487367,73.828796
300,7,920.12,48800.07,64593.33,840.28,6586.95,8366.031658,65.995308
300,7,843.18,46020.27,59610.52,714.63,5837.44,7038.179844,59.842859
300,7,920.43,49289.52,64714.95,817.18,6483.77,8124.474574,64.318949
300,7,872.24,47873.94,61513.85,733.90,6272.35,6633.669897,53.630990
300,7,779.54,42029.82,54992.77,723.30,5366.45,6873.196568,62.333178
300,7,871.51,46200.53,60925.27,804.86,5926.00,7993.879884,47.778286
300,7,900.57,47109.34,62099.32,661.74,5965.28,8362.958709,51.098947
300,8,883.60,46895.92,62120.97,1102.33,6180.12,7942.600079,47.233721
300,8,936.08,49660.61,66083.52,904.48,6472.98,9045.451166,71.064546
300,8,864.88,44889.97,60289.39,771.71,6082.69,8545.021732,71.155613
300,8,984.56,52006.03,67508.26,1341.41,6258.54,7902.272164,33.509784
300,8,1042.20,54364.11,72333.67,847.82,7046.61,10075.122425,76.358087
300,8,966.67,50489.45,67427.62,1077.04,6706.09,9155.043101,46.058172
300,8,908.31,47391.46,63714.80,758.59,6032.44,9532.317678,74.383378
300,8,896.00,45465.23,63232.94,960.29,7688.93,9118.493332,71.817072
300,8,977.46,51692.33,68199.49,832.88,7147.75,8526.541079,74.249243
300,8,800.15,40541.51,56328.89,906.52,6344.09,8536.783957,74.518104
300,8,789.84,41130.37,55393.82,741.78,5550.03,7971.636985,77.665483
300,8,779.00,41224.23,56075.33,853.50,6372.97,7624.635150,74.885193
300,8,754.89,37907.16,53412.17,819.12,6317.33,8368.559049,74.317568
300,8,795.36,39078.64,55954.98,890.87,7075.15,8910.312741,70.509644
300,8,966.01,50579.13,66271.09,851.25,6699.38,8141.327798,77.360842
300,8,929.26,48084.41,64120.60,848.34,6652.26,8535.595043,76.053430
300,8,1052.87,55346.06,72995.45,860.61,6809.34,9979.438895,72.248980
300,8,887.96,46324.26,62576.20,861.06,6497.27,8893.613147,73.789302
300,8,967.15,53010.85,68613.95,882.85,6766.68,7953.577105,70.181412
300,8,913.44,47812.48,63539.15,776.85,5862.38,9087.432620,72.012739
300,8,993.27,53268.75,69761.56,847.74,6779.40,8865.675136,77.222581
300,8,924.48,48393.98,64617.60,803.51,6239.53,9180.582618,76.233822
300,8,932.57,49305.81,64617.61,806.84,5842.22,8662.743066,76.950690
300,8,897.24,47078.91,62957.59,843.33,6547.67,8487.680781,75.356566
300,8,981.38,51715.93,67781.60,1074.31,6078.37,8912.982797,42.800839
300,8,1035.17,55649.32,72540.05,937.13,6965.14,8988.451935,81.312375
300,8,1117.63,59543.57,76024.15,842.18,6897.42,8740.977451,79.556058
300,8,814.12,41179.22,57281.89,809.06,6738.86,8554.742345,71.598414
300,8,1067.10,57152.36,75086.23,964.68,7524.16,9445.027764,77.644277
300,8,1058.46,55918.21,72698.68,926.83,7174.29,8679.347981,79.169763
300,8,892.08,46886.72,62745.78,856.73,6358.03,8644.304332,72.547329
300,8,870.40,45795.26,61119.69,750.12,6037.65,8536.650655,74.953110
300,8,1018.66,53959.60,70897.02,928.03,7249.78,8759.610988,76.953950
300,8,983.71,51379.03,67833.41,861.12,6870.37,8722.878975,76.846883
300,8,1108.02,59841.63,76034.39,1423.19,5653.26,9116.306411,41.304935
300,8,840.96,43669.49,59050.63,851.10,7032.35,7497.694746,75.542563
300,8,930.21,49895.09,65815.90,782.30,6091.43,9047.093394,76.944763
300,8,1237.18,66052.59,82194.01,840.39,6459.82,8841.208505,77.528766
300,8,923.30,48771.19,64885.07,876.94,7154.14,8082.801297,75.591366
300,8,983.04,52333.74,67790.72,1118.03,6436.59,7902.358294,46.910099
300,8,647.84,33358.64,45938.44,600.22,4767.44,7212.144728,66.193374
300,8,1053.33,57563.80,72879.28,1140.63,6982.61,7192.235780,43.574547
300,8,1155.51,61290.20,79299.32,860.41,6389.50,10759.206466,78.324423
300,8,981.13,50931.10,67649.75,888.98,7270.88,8558.787298,71.034150
300,8,813.23,42472.31,57103.14,763.84,5770.48,8096.520803,77.552751
300,8,1041.83,54528.73,70269.97,662.55,5336.14,9742.541995,79.317543
300,8,875.49,46696.03,62073.77,827.50,6664.56,7885.674351,75.451595
300,8,894.68,46796.80,62467.03,710.43,5883.69,9076.111118,80.427116
300,8,1142.55,60230.24,78987.76,965.86,7725.63,10066.029780,83.284196
300,8,1009.10,52756.13,69961.89,921.94,7625.34,8658.485267,74.839175
300,8,849.80,42410.50,59695.26,932.13,7574.18,8778.453629,76.666128
300,8,999.47,52781.99,69670.69,957.55,7233.92,8697.229926,78.511473
300,8,914.36,47147.93,64265.82,943.67,7574.69,8599.530876,82.620054
300,8,955.01,50220.06,65074.22,663.90,5763.88,8426.371960,75.666044
300,8,980.88,52831.68,67775.91,678.03,5364.98,8901.229525,83.813992
300,8,1117.25,59909.68,76484.43,848.16,7195.93,8530.655770,79.596775
300,8,871.87,44967.90,61001.53,799.08,6222.86,9011.681153,74.658475
300,8,873.35,43888.67,60927.00,920.16,7204.80,8913.374617,72.924048
300,8,909.77,47270.69,63520.17,797.92,6815.13,8636.435546,80.517494
300,8,1140.43,62289.35,78218.52,827.68,6775.47,8326.029328,76.166196
300,8,974.51,52184.32,67918.76,749.32,5890.17,9094.949204,75.675095
300,8,1003.58,53702.41,69447.51,814.02,6532.57,8398.518375,74.926840
300,8,846.12,44497.87,59848.98,877.15,6900.45,7573.505358,72.760194
300,8,1001.45,52833.20,70139.87,955.78,7374.51,8976.383178,78.139314
300,8,868.74,43568.36,60411.69,960.51,7498.24,8384.577858,77.782302
300,8,1089.66,58373.42,75211.17,810.84,6580.98,9445.936180,79.703987
300,8,917.49,47649.64,64056.60,831.87,6340.06,9235.027595,82.701997
300,8,1253.37,67757.93,85998.32,980.18,7938.82,9321.390681,80.101843
300,8,916.39,48766.42,64376.44,760.80,5811.00,9038.220011,75.465472
300,8,1010.93,53941.27,70691.16,785.91,6581.81,9382.174912,73.061638
300,8,971.57,50115.81,67028.03,951.06,7722.90,8238.252305,75.759445
300,8,852.16,41599.59,59280.60,975.32,7893.65,8812.029806,74.681789
300,8,1087.08,58368.90,75029.94,814.96,6642.74,9203.345828,81.680036
300,8,966.79,49815.23,65786.68,807.13,6532.80,8631.519002,74.885952
300,8,882.91,47525.50,61757.80,610.28,5453.88,8168.138260,79.132964
300,8,908.29,46035.63,63228.40,832.20,6849.84,9510.721441,78.409776
300,8,819.64,42165.14,57010.29,747.89,5690.90,8406.356646,80.579855
300,8,946.98,50164.55,66453.07,908.66,6888.87,8490.980094,77.610276
300,8,1014.98,53066.43,70614.30,784.51,6429.48,10333.882848,79.327370
300,8,885.49,45789.71,61138.30,744.22,5859.76,8744.604115,78.665995
300,8,984.99,52573.88,66928.00,881.81,4852.08,8620.242462,59.683164
300,8,866.36,44416.84,60703.00,919.46,6964.08,8402.626024,74.963949
300,8,814.12,40789.41,57329.69,955.90,7098.23,8486.148194,73.578626
300,8,728.33,37893.54,51337.09,728.96,5590.57,7124.023034,70.100748
300,8,800.51,42219.16,55999.89,773.00,5974.49,7033.240566,71.690808
300,8,1059.12,56574.39,72798.58,811.70,6805.03,8607.465062,78.362244
300,8,859.37,44507.38,59769.85,890.31,6771.74,7600.419337,68.896991
300,8,1167.28,62279.55,79267.90,815.71,7174.16,8998.481721,79.360208
300,8,848.27,43388.87,59568.90,818.55,6534.46,8827.030930,76.905243
300,8,962.22,52226.59,67239.09,710.52,5654.09,8647.885587,78.304336
300,8,967.65,50695.77,67137.00,718.99,6083.14,9639.102225,78.700273
300,8,921.17,46279.83,64109.70,901.29,7078.73,9849.847498,77.869167
300,8,1106.83,58647.10,74256.79,1145.93,5938.68,8525.065595,44.235562
300,8,966.79,47944.24,66363.84,1033.61,7899.35,9486.640590,82.263396
300,8,908.93,48441.79,63297.05,841.90,5981.67,8031.690827,68.130646
300,8,968.63,49359.15,66365.96,874.62,6690.42,9441.784544,77.431903
300,8,857.47,44087.23,60672.80,1043.52,8018.28,7523.758296,65.882851
300,8,992.79,52465.68,67637.23,979.66,6425.89,7766.001252,44.648624
300,8,871.42,44460.61,60359.12,850.94,6433.25,8614.320569,56.618896
300,8,903.43,47274.46,63674.88,853.31,6222.70,9324.413726,69.561169
300,9,1000.26,50678.82,68587.56,965.75,7809.99,9133.001468,84.025932
300,9,903.51,45313.99,62579.92,960.14,6871.04,9434.752238,80.709532
300,9,1163.60,61850.30,78983.43,879.38,6806.25,9447.501336,83.202448
300,9,928.33,47344.78,64391.13,926.31,7057.63,9062.410986,77.572403
300,9,1122.40,56509.03,76247.28,945.61,7731.88,11060.761522,81.658803
300,9,986.28,50709.86,68082.49,821.81,6951.48,9599.339283,77.730105
300,9,1286.47,66413.84,85422.18,848.79,7405.36,10754.202867,92.815074
300,9,942.88,47957.05,65117.32,846.57,6396.25,9917.443797,84.064657
300,9,981.87,51099.11,68097.19,884.78,6828.63,9284.672912,82.706341
300,9,1147.67,59475.41,78019.93,1025.04,7682.08,9837.397770,82.426918
300,9,959.80,49581.74,65507.14,812.85,6170.92,8941.624919,87.626348
300,9,934.29,47943.60,64745.83,940.13,7440.30,8421.795539,82.811111
300,9,1116.50,59518.95,78036.45,1063.32,8183.27,9270.905205,86.043790
300,9,1140.43,56654.75,76165.93,953.29,7893.62,10664.272321,84.171812
300,9,963.48,50129.68,66999.72,897.14,6619.26,9353.645570,81.024084
300,9,957.22,50536.03,66193.64,774.62,5715.28,9167.711422,79.666645
300,9,938.01,46421.45,65017.28,897.28,7220.15,10478.405293,81.487369
300,9,971.20,47552.97,66828.58,1055.73,8441.87,9778.006015,85.933661
300,9,1140.37,60776.48,78023.83,838.87,7037.92,9370.559172,85.411520
300,9,1032.64,53489.53,70621.39,781.99,5862.04,10487.829865,85.233944
300,9,1055.81,54156.98,72396.11,935.41,7664.86,9638.862543,80.697627
300,9,1318.85,69588.45,88828.37,999.08,7993.20,10247.636225,90.231544
300,9,1155.21,62932.63,79506.27,1186.58,6156.74,9230.321778,62.205603
300,9,1038.70,54817.72,71481.76,808.98,6632.03,9223.025894,82.986079
300,9,1100.14,55128.48,73656.15,971.84,7806.98,9748.853502,86.819091
300,9,1122.49,59882.63,78114.64,964.12,7383.56,9884.329163,84.015191
300,9,1012.40,52710.42,69850.39,877.69,6611.77,9650.501638,89.451177
300,9,1240.95,65995.30,84281.52,1351.28,7111.13,9823.803935,55.536957
300,9,1039.37,54414.85,72660.86,917.67,7384.15,9944.179995,82.051338
300,9,1084.72,56470.09,74175.69,848.70,6967.79,9889.102400,87.311739
300,9,922.27,46163.52,63874.82,944.68,7214.78,9551.838452,83.994901
300,9,1034.77,54505.44,72680.76,1023.31,7819.32,9332.700067,81.232765
300,9,998.79,51678.08,69452.59,953.00,7250.92,9570.584425,86.545222
300,9,1012.04,52419.38,69975.20,840.94,6926.10,9788.778249,86.871348
300,9,943.22,48462.40,65929.15,843.06,6639.74,9983.942688,83.983187
300,9,884.75,45505.94,62307.34,904.61,7228.84,8667.951833,85.043083
300,9,1062.28,55387.71,73233.06,903.43,7164.47,9777.448706,85.522744
300,9,824.05,40783.64,57706.45,770.56,6341.73,9810.519371,83.360943
300,9,928.14,47535.73,64595.07,926.85,7469.44,8663.035539,84.419184
300,9,825.89,40927.77,58268.12,875.81,7069.24,9395.295679,83.723287
300,9,1011.30,53009.29,69636.38,872.18,7195.29,8559.625714,82.520203
300,9,942.99,49562.10,65277.45,854.29,6678.27,8182.798503,85.597349
300,9,1151.09,57865.02,79054.37,980.70,8381.44,11827.215623,86.241039
300,9,1048.46,53258.34,70814.14,879.06,6956.12,9720.620054,85.487486
300,9,891.35,45379.61,61671.02,768.15,6312.78,9210.473350,92.054853
300,9,1336.14,68030.08,87312.89,815.16,7427.92,11039.731054,102.435890
300,9,1127.34,58927.67,76544.23,856.12,7413.04,9347.396769,93.064915
300,9,977.09,50710.60,67561.55,822.96,6367.29,9660.694255,91.226038
300,9,1108.23,56836.25,76184.36,898.18,6988.01,11461.927034,88.911658
300,9,1081.68,56110.96,73981.94,1007.90,7262.01,9601.070989,92.471327
300,9,1245.21,68245.96,86220.95,939.42,7701.51,9334.056804,96.623478
300,9,946.92,49331.13,65083.88,705.18,5945.93,9101.639073,87.848056
300,9,1091.29,57678.33,75695.68,952.68,7414.47,9650.190314,92.021572
300,9,1082.70,56594.09,74827.58,875.64,7212.74,10145.109987,86.921566
300,9,1103.27,56514.46,74415.94,863.92,7380.87,9656.699049,86.001350
300,9,1136.38,61593.65,78580.33,860.81,7000.02,9125.852065,88.047249
300,9,931.47,47850.65,65437.91,810.88,6912.16,9864.210198,87.430699
300,9,944.93,47895.60,65261.23,869.92,6673.14,9822.571441,84.968051
300,9,953.18,46576.89,65937.51,1107.58,8121.02,10132.022665,85.999823
300,9,931.47,47725.91,64787.02,809.01,6874.30,9377.798169,86.275330
300,9,1326.94,70150.96,89663.86,969.53,7829.83,10713.537383,85.442407
300,9,1098.21,56108.43,74086.76,984.34,7911.03,9082.964384,87.131239
300,9,782.42,39394.71,55265.36,838.76,6444.64,8587.246676,87.488856
300,9,1234.60,65584.01,84270.20,1019.70,7800.31,9866.180412,98.437864
300,9,1165.44,59661.05,77350.71,1218.34,6842.48,9628.839930,48.058388
300,9,928.74,45435.50,64816.93,1051.65,7783.94,10545.837845,81.523088
300,9,1138.22,60087.51,78160.42,928.69,7339.74,9804.483386,97.327611
300,9,1094.44,56150.15,75911.40,1053.97,8407.42,10299.864466,88.436441
300,9,1243.14,65290.17,84374.74,926.03,8086.27,10072.278743,97.451079
300,9,1116.88,58511.32,77014.51,830.89,6794.40,10877.894519,95.373464
300,9,948.99,48080.37,66169.92,1042.35,7922.89,9124.303291,85.358665
300,9,948.76,47798.27,66080.48,1107.66,7856.69,9317.852122,81.096806
300,9,1119.46,57606.31,76780.43,920.37,8098.59,10155.161074,89.542417
300,9,960.53,48310.21,65741.66,950.34,7074.51,9406.599419,86.694424
300,9,1024.18,52963.09,69656.93,830.23,6809.06,9054.546469,87.523060
300,9,928.22,46102.53,64482.83,950.07,7298.23,10131.988889,86.197673
300,9,1009.34,52758.15,69496.98,912.46,6825.98,9000.389705,88.970476
300,9,1076.05,56564.39,74338.51,945.56,7337.72,9490.833706,90.170549
300,9,1252.14,64437.32,83559.82,868.72,6897.66,11356.128425,94.266078
300,9,1006.52,52393.86,68774.33,733.20,6253.66,9393.601500,90.380093
300,9,887.69,45124.83,61195.87,741.51,5992.54,9336.993910,92.351564
300,9,1072.23,55507.20,74029.03,1056.17,8168.03,9297.635606,96.230393
300,9,1164.83,60624.09,79726.20,1066.46,8724.36,9311.290733,97.492722
300,9,987.39,51335.63,67575.42,837.56,6915.33,8486.909413,88.358321
300,9,914.49,47848.64,63259.26,817.98,6595.48,7997.149900,85.079718
300,9,1159.19,60830.06,78613.18,831.90,6633.06,10318.158611,91.473217
300,9,1012.04,53718.14,70370.03,851.47,7029.11,8771.298067,90.800530
300,9,1109.16,56342.55,75784.98,1031.40,7989.12,10421.923660,91.732044
300,9,1000.26,52245.51,69896.88,953.40,7755.07,8942.894921,85.996494
300,9,1139.32,60339.77,78206.93,867.65,7241.34,9758.158436,100.905182
300,9,1158.82,59462.84,78629.36,1011.22,7589.59,10565.707124,92.539775
300,9,1218.80,64423.47,84289.91,1062.81,8173.49,10630.148039,95.476494
300,9,968.10,50362.28,68080.32,849.76,6863.22,10005.047445,87.990062
300,9,1183.84,62050.70,80491.59,965.87,7634.65,9840.373769,95.978617
300,9,1069.44,55951.22,73245.94,900.50,7504.92,8889.306562,76.697808
300,9,1068.69,56650.84,73179.31,763.97,6156.11,9608.388625,93.682680
300,9,997.30,51964.93,69418.31,1015.35,7882.86,8555.166699,79.565885
300,9,975.98,49927.22,67507.46,959.08,7654.20,8966.966191,85.975607
300,9,1129.96,57703.95,76479.75,975.66,7608.96,10191.176934,71.998374
300,9,984.45,48800.23,67526.40,830.65,7696.05,10199.466111,94.748683
300,10,1103.11,57030.71,74869.74,930.44,7188.30,9720.288968,98.193882
300,10,1084.34,53392.47,74572.35,1163.72,8852.12,11164.044341,93.656641
300,10,1076.84,54425.69,73402.17,942.65,7622.37,10411.456997,100.901133
300,10,1024.86,51497.45,70599.91,1062.74,7897.78,10141.938544,92.167591
300,10,1206.64,57752.75,80956.65,1122.66,9573.04,12508.203778,102.258503
300,10,1055.08,53709.39,72729.28,927.48,7249.49,10842.912512,92.257255
300,10,1214.00,60431.20,79873.40,934.91,8291.44,10215.852500,98.401304
300,10,1074.02,54550.56,72440.31,828.98,6774.14,10286.630586,97.268852
300,10,1134.54,56322.37,78307.61,1224.24,9699.89,11061.105078,113.250134
300,10,929.26,45026.28,64774.25,1020.22,7778.80,10948.947286,98.362618
300,10,1177.58,60001.28,79478.53,1065.08,8180.93,10231.236626,106.559747
300,10,999.53,50819.10,69089.42,977.98,7565.34,9727.003151,117.065765
300,10,1387.27,75023.39,93870.51,980.02,7642.58,10224.524333,116.633068
300,10,1078.25,52578.19,71744.92,861.40,7023.06,11282.269187,109.089422
300,10,1180.77,61171.08,79318.57,884.58,6955.12,10307.796099,111.974600
300,10,1082.67,53835.56,74036.71,1017.82,8156.32,11026.999429,111.267710
300,10,1176.09,60961.21,80103.86,899.16,7054.74,11188.746615,116.247878
300,10,1114.67,55359.08,75837.38,1093.68,8381.69,11002.941394,92.326521
300,10,1244.55,64608.27,86031.04,1275.51,9568.82,10578.440661,100.141722
300,10,1390.30,71768.07,92646.94,1062.04,8708.36,11108.461965,98.564303
300,10,1195.61,58663.07,81098.07,1305.23,9883.10,11246.675471,113.554467
300,10,1243.22,61336.61,83406.25,1147.68,9215.99,11705.977571,114.945018
300,10,1187.15,60268.01,80463.92,1135.40,8760.06,10300.452491,110.264337
300,10,1150.86,56277.15,76569.58,1099.54,8724.59,10468.295991,106.686461
300,10,1204.28,60452.47,80759.76,1028.77,8347.31,10931.208381,116.876609
300,10,1273.97,64962.39,86328.47,1083.20,9344.66,10938.221948,101.432809
300,10,916.02,44591.29,63724.82,1001.43,7471.49,10660.602935,100.177293
300,10,1044.18,51133.90,70274.20,1020.14,8140.44,9979.721125,107.555433
300,10,1120.19,56068.41,76878.97,1133.62,9158.02,10518.912776,125.210798
300,10,1169.79,57339.87,79580.08,1240.95,9879.07,11120.185672,99.112547
300,10,1107.32,57488.70,76017.68,836.34,6965.45,10727.196233,95.121891
300,10,1116.15,56858.11,76501.56,1061.53,8224.15,10357.768566,93.119366
300,10,1195.24,61236.42,81762.69,1051.25,8153.57,11321.463337,114.943004
300,10,1027.49,50397.11,70562.19,1077.42,8391.84,10695.826032,108.043973
300,10,1187.00,61634.95,80479.49,850.32,7180.24,10813.980395,123.747720
300,10,1054.71,54296.53,73154.05,1048.54,8243.97,9565.011470,110.676100
300,10,1308.16,67935.95,87101.52,902.98,7545.88,10716.712017,123.141587
300,10,1177.24,60709.25,80111.19,1093.82,8061.98,10246.144699,103.560003
300,10,1192.67,61631.04,81594.95,1160.83,9036.88,9766.195047,105.746140
300,10,900.57,43227.89,61912.58,1039.96,7910.86,9733.875834,99.808494
300,10,1102.65,57715.86,76220.71,1029.01,8227.13,9248.709259,116.247588
300,10,927.77,45676.63,63992.48,1093.14,7995.28,9227.424343,87.681390
300,10,1453.49,75786.58,96099.10,798.53,6783.71,12730.282816,123.393612
300,10,1005.41,50400.86,69040.58,990.22,7141.90,10507.588927,86.873062
300,10,1159.17,58595.41,79207.58,1133.34,9007.97,10470.858801,121.998680
300,10,1234.24,62782.28,83200.88,1047.81,7868.72,11502.073911,120.487366
300,10,1005.41,49757.06,69920.17,1120.75,8913.20,10129.161368,112.224533
300,10,1113.92,56535.68,76250.33,1023.90,8035.83,10654.924616,113.860465
300,10,1107.68,54209.95,75338.03,971.22,8085.79,12071.066717,112.124371
300,10,988.49,47871.64,67471.43,962.87,8202.81,10434.118331,102.439125
300,10,1380.57,72346.61,92989.48,960.39,8656.83,11025.646803,119.104432
300,10,1324.73,70637.86,88201.24,1210.21,6535.83,9817.342331,64.081521
300,10,1081.57,54064.27,73816.76,1039.06,8028.57,10684.853917,111.769679
300,10,1069.06,53735.89,73171.14,1000.80,7435.11,10999.335638,96.212159
300,10,1212.27,61265.57,82420.64,1152.02,8885.71,11117.339678,100.430651
300,10,1099.22,56127.71,74904.02,973.74,7540.45,10262.126216,97.816299
300,10,1119.09,56812.60,75266.73,843.94,7228.02,10382.165987,122.137371
300,10,1128.29,56784.69,75268.45,933.00,7297.43,10253.320506,111.070929
300,10,1203.33,60902.24,82227.57,1144.54,8714.37,11466.425770,104.445984
300,10,1050.66,53253.37,72054.69,962.46,8180.11,9658.753983,107.614263
300,10,1241.96,60975.44,83705.21,1229.42,9769.88,11730.461639,107.176192
300,10,1059.86,51619.72,72078.87,1154.81,8949.89,10354.448853,112.556182
300,10,1152.10,59280.35,79157.39,1150.75,9146.73,9579.566934,110.409632
300,10,1240.18,64235.28,83775.51,1033.75,7422.64,11083.848182,109.260382
300,10,1044.99,51257.10,72564.77,1076.19,8727.65,11503.824748,101.719312
300,10,1385.80,69920.20,91974.08,1090.54,8975.06,11988.271125,111.792261
300,10,1246.74,64250.25,84336.54,1095.00,8108.06,10883.232912,108.359661
300,10,1060.60,53920.70,72511.81,964.95,7269.84,10356.320177,109.703479
300,10,1205.89,60033.91,81042.50,1103.71,8234.31,11670.562265,113.254852
300,10,1118.72,56712.42,76807.51,968.16,7321.39,11805.546810,104.549944
300,10,1019.88,51808.18,70514.07,949.44,7516.85,10239.603313,108.634563
300,10,1092.60,53437.89,72237.27,924.56,7834.84,10039.966924,110.744826
300,10,1097.19,54692.46,74429.78,1093.87,8241.02,10402.431127,111.458275
300,10,1059.39,54112.43,72901.98,918.28,7511.51,10359.760660,108.384014
300,10,984.08,48994.79,68345.10,947.31,7576.70,10826.297268,112.367129
300,10,1165.81,58576.45,79520.86,1049.66,8410.92,11483.839489,118.928520
300,10,1139.32,57766.35,77787.85,1093.29,8628.59,10299.616072,109.185940
300,10,1162.13,59690.03,78766.99,990.81,7680.39,10405.754422,121.092819
300,10,1371.82,70417.59,91668.29,1022.23,8221.50,12006.964442,126.998426
300,10,1245.64,65071.90,83238.52,866.24,7058.29,10242.087867,130.031258
300,10,1092.35,53945.10,74084.15,994.60,8288.02,10856.425221,142.337857
300,10,1003.58,49530.75,69145.30,1083.49,8277.50,10253.562934,139.862571
300,10,1090.86,55601.92,75226.55,980.33,7748.23,10896.062527,139.257406
300,10,991.44,50529.02,67541.91,834.66,6825.99,9352.245600,137.927438
300,10,871.14,42781.12,60384.30,1013.11,7950.20,8639.867685,126.473729
300,10,1150.36,57571.02,79018.21,1126.36,9098.49,11222.337754,136.395196
300,10,1049.93,54846.15,72249.21,844.40,6613.14,9945.515015,132.522719
300,10,1181.63,60328.75,79458.70,850.79,7228.22,11050.936871,126.340451
300,10,1019.39,51146.15,70696.03,983.11,8073.40,10493.365408,121.061312
300,10,1170.96,58062.44,77216.90,965.44,7565.70,10623.320910,142.014252
300,10,1089.13,55537.63,75748.94,1121.64,8100.62,10989.059332,126.236559
300,10,1248.21,64969.81,84737.45,918.24,7565.98,11283.421699,136.458238
300,10,1143.74,58477.56,78213.17,1154.13,8202.71,10378.766688,111.250435
300,10,1100.33,55053.07,74525.77,993.67,7269.74,11209.280998,135.945115
300,10,1217.68,61222.08,82879.33,1380.04,10151.81,10125.400421,139.222773
300,10,1159.23,57992.38,79065.45,1150.15,8816.14,11106.788157,126.296744
300,10,1037.36,53304.16,71496.99,1033.59,7782.48,9376.767820,132.515932
300,10,1074.73,54093.04,73731.84,1052.07,8173.02,10413.714756,113.473543
300,10,1204.44,60233.11,81448.19,1075.05,8537.66,11602.372191,131.415825
300,10,1436.57,73906.63,94433.88,999.19,8641.25,10886.811936,128.590977
300,11,1233.36,61360.18,82935.24,1195.84,9225.94,11153.284492,122.010634
300,11,1436.94,72577.54,94575.26,1000.50,8773.27,12223.948799,117.278362
300,11,1373.29,68425.47,90091.71,1082.08,8960.63,11623.529003,116.963079
300,11,1277.48,65906.49,86511.14,1045.89,8425.72,11133.037372,116.468638
300,11,1258.52,60009.43,84814.62,1329.49,9699.88,13775.822154,117.423106
300,11,1204.44,60596.82,81715.25,998.04,8368.94,11751.448958,119.200093
300,11,1161.01,55931.22,78276.91,1131.77,8809.08,12404.848491,120.532717
300,11,1138.20,53487.42,77004.60,1328.29,10126.01,12062.872358,112.161390
300,11,1229.74,61738.06,82763.91,1128.53,8488.76,11408.557509,116.616399
300,11,1183.79,59775.40,79364.18,1030.61,7687.52,10870.649367,123.486696
300,11,1144.11,57367.21,77996.57,1142.78,8968.64,10517.943955,113.558390
300,11,1210.88,62241.75,82482.88,1112.84,8218.91,10909.383406,115.855505
300,11,1363.73,70288.84,90531.33,968.92,7868.75,11404.825826,115.917427
300,11,956.49,45117.39,65853.91,959.68,7588.29,12188.552825,105.714358
300,11,1200.76,57898.80,80163.41,1272.01,9511.01,11481.588388,117.580056
300,11,1335.40,65227.16,87274.75,1169.71,9292.21,11585.669587,123.352391
300,11,1361.89,67048.78,88344.70,987.24,7949.92,12358.758094,124.828544
300,11,1255.57,61721.46,82893.70,1100.18,8468.55,11603.511375,105.818768
300,11,1235.18,62566.43,84624.96,1156.00,8986.84,11915.694256,113.388660
300,11,1248.31,61316.05,84063.28,1281.13,9502.40,11963.696524,108.018940
300,11,1270.29,62533.67,85293.85,1176.78,9765.37,11818.029416,121.900078
300,11,1413.02,69474.80,91849.74,1109.17,8626.20,12639.566564,117.842465
300,11,1550.61,77480.02,101877.05,1270.52,10967.87,12158.647098,124.202463
300,11,1180.54,59618.70,79693.71,963.03,7741.60,11370.370092,112.107217
300,11,1272.76,64014.83,84658.29,988.41,7754.62,11900.420752,122.569605
300,11,1386.54,70175.05,93567.03,1367.35,10660.58,11364.053938,118.348087
300,11,1190.83,56668.25,79588.79,1209.59,9619.40,12091.543182,128.563079
300,11,1095.61,51796.78,75317.64,1317.41,10077.47,12125.977205,121.578426
300,11,1026.50,49238.10,71674.72,1226.15,9250.31,11960.161635,101.596366
300,11,1347.91,66850.03,89957.97,1255.40,9665.54,12187.001847,111.349985
300,11,1220.58,60548.36,82204.80,1090.91,8420.17,12145.370150,112.114238
300,11,1034.40,47893.64,71742.95,1577.50,10736.67,11535.141211,110.434405
300,11,1392.79,69569.43,92540.58,1236.36,9663.64,12071.146064,125.919538
300,11,1179.90,59955.66,80516.71,1162.95,8586.66,10811.433097,120.359283
300,11,1398.31,70376.74,91749.16,1049.41,8353.12,11969.892456,130.804199
300,11,929.80,43508.86,64573.79,1270.39,9442.56,10351.968906,110.875608
300,11,1259.99,62635.80,84276.74,1175.06,8759.88,11705.986988,139.009465
300,11,1184.57,59529.34,80396.90,1082.63,8782.12,11002.800256,131.564282
300,11,1015.83,49809.77,70615.97,1116.49,8874.66,10815.049414,127.145314
300,11,1349.38,68728.64,89697.07,1125.81,8726.35,11116.264204,137.496570
300,11,1121.91,56775.03,75182.66,1340.87,7261.39,9805.373547,70.137226
300,11,1076.35,54203.56,73032.10,1101.95,8067.79,9658.814783,108.107590
300,11,1306.34,63723.74,86170.83,922.32,7337.97,14186.798666,110.123874
300,11,1174.66,59411.06,79367.57,959.12,7759.37,11238.024530,105.331923
300,11,1400.52,71334.77,93031.88,1194.12,9367.01,11135.975323,123.909556
300,11,1067.33,51101.60,72838.56,1100.32,8677.34,11959.300008,110.352458
300,11,1225.72,61086.76,82919.25,1139.73,9440.63,11252.122902,121.190648
300,11,1288.68,65176.39,86232.08,1062.81,8502.99,11489.888036,118.346876
300,11,1535.90,77984.68,101365.80,1063.72,8834.12,13483.286508,125.199277
300,11,1198.92,59283.84,81936.08,1224.09,9572.94,11855.199607,109.480260
300,11,1198.87,59879.04,81220.30,1172.84,8634.99,11533.429905,118.491240
300,11,1326.21,67817.57,85831.44,882.89,6716.09,10414.894986,145.697018
300,11,1102.35,55596.10,75953.53,1087.74,8083.65,11186.046679,107.164353
300,11,1271.02,65239.95,86358.16,929.67,8148.31,12040.232262,121.719529
300,11,1177.15,58048.02,80937.44,1273.07,9330.52,12285.834182,117.246555
300,11,930.58,45019.86,64619.14,1031.42,7609.49,10958.376544,97.110382
300,11,1133.42,57124.47,77572.08,1028.07,7971.76,11447.773066,118.141562
300,11,1161.03,56540.94,78744.41,1240.34,9353.94,11609.188598,119.808525
300,11,1350.49,70171.80,89772.24,847.07,7359.68,11393.685375,135.820834
300,11,1129.54,55273.51,75763.29,1132.75,8494.79,10862.246474,123.832954
300,11,1188.23,57786.60,81210.03,1233.94,9559.24,12630.255135,129.742232
300,11,995.93,48350.06,68380.93,1000.24,7837.31,11193.309302,121.619514
300,11,1237.91,63272.78,83644.59,1098.13,8510.09,10763.597617,119.051024
300,11,1314.07,66013.10,86371.38,1007.08,8165.40,11185.789808,121.248415
300,11,1101.64,51915.54,74970.75,1303.26,9509.41,12242.534381,108.683583
300,11,1206.47,59022.52,82053.24,1291.94,9363.17,12375.613407,124.132341
300,11,1331.84,66448.34,87602.52,1015.69,8523.12,11615.371099,143.121125
300,11,1375.85,70831.41,91474.48,1029.93,8238.04,11375.103897,136.881412
300,11,1414.78,70461.17,93153.92,1103.82,9089.92,12499.011459,122.592883
300,11,1270.29,65170.27,86222.08,975.65,7957.24,12118.918984,122.208399
300,11,1328.78,69008.11,90050.76,1062.74,8669.59,11310.319445,124.412244
300,11,1138.95,54433.18,76155.38,1167.61,8636.26,11918.326682,126.114283
300,11,1059.88,51562.28,73647.31,1160.40,8778.54,12146.094245,127.661394
300,11,1152.07,56942.64,77925.52,1098.03,8394.72,11490.128952,121.231372
300,11,1173.90,58168.01,79074.22,1075.97,8595.16,11235.076713,128.247909
300,11,1191.19,59867.52,81013.85,1056.83,8637.26,11452.233729,127.278048
300,11,1151.09,55796.63,76669.40,1150.86,8949.85,10772.055785,114.080606
300,11,1136.75,56311.89,77388.21,1020.75,7898.53,12157.054526,125.165804
300,11,1554.29,78926.78,101576.62,1104.45,9063.42,12481.969948,146.515813
300,11,1142.85,55216.37,76799.83,1159.94,8951.51,11472.006097,120.418942
300,11,1198.05,58576.50,82266.31,1464.28,9819.40,12406.136270,120.612284
300,11,999.90,47398.66,67723.05,1040.66,8208.49,11075.244257,106.887874
300,11,951.80,45042.01,66446.87,1147.58,8738.62,11518.659247,112.107941
300,11,1028.22,50946.00,70343.59,1044.21,8143.46,10209.911259,114.944902
300,11,1089.13,55140.11,74351.40,1077.46,8537.56,9596.267465,121.850273
300,11,1387.21,69709.61,92086.07,1233.16,9202.07,11941.224042,126.778480
300,11,1287.58,65403.37,86881.87,1168.67,9292.25,11017.583894,119.405538
300,11,1121.20,52897.70,76095.09,1259.74,9526.83,12410.817518,112.471041
300,11,1313.10,65875.15,87700.17,1136.85,9405.45,11282.710794,121.420904
300,11,1377.01,70602.77,93170.42,1288.65,9893.42,11385.573469,120.306996
300,11,1338.37,66742.10,89348.24,1258.54,9849.66,11497.947146,117.779304
300,11,1095.91,52529.08,73917.54,990.91,7854.63,12542.919565,123.677130
300,11,1076.28,52984.17,73672.50,1087.09,8749.94,10851.303767,113.791366
300,11,1264.40,61771.45,84973.92,1213.82,9439.06,12549.590273,111.253342
300,11,1282.56,64174.95,85517.80,1143.77,9114.18,11084.892966,111.914569
300,11,1216.21,60180.52,81481.72,1070.68,8304.93,11925.592711,118.432190
300,11,997.32,48755.35,67558.55,1000.31,7736.78,10066.100999,98.636749
300,11,1208.11,61896.55,82471.26,1076.22,8380.95,11117.539280,121.635259
300,11,1289.56,62011.70,84456.68,1221.68,9096.71,12126.592306,90.253894
300,11,1213.58,60627.91,82740.65,1134.42,8772.68,12205.631810,116.021958
300,12,1177.95,55534.01,78226.93,1193.00,9753.83,11746.090086,119.505411
300,12,1447.43,71134.92,94688.71,1143.23,9001.63,13408.933067,127.953390
300,12,1285.21,64110.33,86038.07,1096.07,8273.18,12558.500794,124.843800
300,12,1408.98,69550.08,93707.53,1302.05,10331.99,12523.418760,122.133161
300,12,1398.67,68974.16,93015.61,1193.68,9073.99,13773.781782,129.897715
300,12,1420.75,70312.61,94628.95,1268.10,10159.84,12888.395839,127.872009
300,12,1140.79,53142.62,77879.46,1370.27,10021.93,13344.637188,119.121222
300,12,1323.61,62895.12,87056.93,1316.99,10165.52,12679.304990,121.636133
300,12,1239.50,58903.61,81861.67,1188.18,9295.42,12474.463942,132.977066
300,12,1321.60,66166.80,88782.25,1183.14,9011.53,12420.776571,138.906376
300,12,1103.46,50634.18,75161.32,1439.96,11203.49,11883.695470,118.252496
300,12,1096.12,49903.94,75604.83,1510.83,11314.40,12875.664923,115.350638
300,12,1191.38,59195.68,79962.45,958.36,8107.11,11701.303542,132.427699
300,12,1265.51,60137.71,84607.98,1341.37,9844.11,13284.791185,119.745029
300,12,1264.23,61597.90,85022.98,1208.87,9452.11,12764.090952,123.904415
300,12,1304.87,63818.74,86931.15,1089.24,8938.39,13084.781479,130.276891
300,12,1511.25,76217.42,99422.93,1071.28,9029.77,13104.461474,128.303365
300,12,1280.74,61780.52,85150.58,1188.43,9451.24,12730.399653,115.982797
300,12,1625.87,79499.75,105367.59,1357.90,11277.93,13232.009524,126.742896
300,12,1433.74,71211.06,93575.80,1078.01,8643.97,12642.759153,131.881328
300,12,1290.81,63951.52,86404.29,1005.67,8166.68,13280.420018,130.447026
300,12,1225.85,58381.53,83153.86,1324.47,9945.37,13502.497955,130.495944
300,12,1591.45,78681.94,103204.32,1325.09,9967.20,13230.097048,132.145674
300,12,1332.83,65381.62,88677.47,1198.92,9367.66,12729.272723,122.102359
300,12,1330.62,66009.82,88606.46,1173.97,9135.46,12287.225860,122.530664
300,12,1163.62,57537.83,79674.61,1278.26,9130.62,11727.903355,118.140428
300,12,1531.85,76311.35,100767.95,1292.61,10145.68,13018.317576,130.885058
300,12,1346.81,65226.19,90001.16,1412.77,9841.37,13520.832893,130.886050
300,12,1154.41,55024.10,79380.76,1308.60,10352.38,12695.679560,118.530148
300,12,1485.79,73737.24,98966.95,1335.49,10495.86,13398.361860,131.661625
300,12,1410.82,71099.84,93401.04,1058.93,8774.26,12468.005897,132.939338
300,12,1188.47,57093.69,80626.20,1365.65,10045.80,12121.057381,114.073783
300,12,1409.52,68687.25,93296.10,1236.35,9917.96,13454.551073,139.373552
300,12,1255.28,62029.48,85091.40,1220.41,9810.18,12031.330320,133.493210
300,12,1230.27,60669.97,83565.57,1201.31,9523.57,12170.716614,132.432749
300,12,1407.49,70752.48,94407.78,1339.03,10720.61,11595.664315,124.849101
300,12,1359.31,69229.84,91963.93,1119.50,8922.20,12692.388547,129.833267
300,12,1322.12,64571.12,88226.02,1417.56,10249.61,11987.734538,123.644408
300,12,1019.24,45841.77,70519.43,1510.69,11005.11,12161.860210,115.901548
300,12,1249.42,61755.77,84269.78,1238.52,9693.25,11582.241599,128.840610
300,12,1066.06,52216.68,73412.45,1219.19,8998.11,10978.469153,116.193705
300,12,1173.54,57650.95,78091.07,1162.94,8982.51,10294.657280,117.841257
300,12,1417.44,68693.70,92186.57,998.10,8152.71,14342.060954,134.915165
300,12,1177.44,55726.27,80169.33,1386.23,10592.42,12464.412512,117.249167
300,12,1401.50,70012.22,91417.88,1074.93,8283.78,12046.942303,136.745332
300,12,1549.86,76125.45,99624.20,1214.80,9221.29,13062.663812,147.652174
300,12,1306.70,63865.94,87893.43,1385.64,10520.47,12121.388589,126.829887
300,12,1524.64,75537.92,99526.24,1257.01,9862.64,12868.673637,135.603084
300,12,1292.07,60514.97,86721.67,1317.63,10336.18,14552.897947,125.809257
300,12,1182.40,55588.33,79229.92,1246.89,9468.43,12926.263784,117.263224
300,12,1101.55,52197.48,75719.04,1189.79,9159.06,13172.718083,117.302276
300,12,1207.43,59153.84,81280.00,1188.75,9036.53,11900.879578,119.410330
300,12,1209.09,58906.81,81300.03,1173.17,8605.98,12614.066237,132.388585
300,12,1470.41,72808.32,96352.16,1122.10,9684.30,12737.441972,127.160666
300,12,1212.55,58987.32,81404.21,1137.88,8972.50,12306.501431,131.113102
300,12,1510.88,78007.66,98532.53,974.55,8376.64,11173.678419,132.659975
300,12,1383.96,67583.41,91628.99,1170.96,10023.67,12850.958608,144.539249
300,12,1255.12,60182.34,83913.25,1266.33,9817.22,12647.354735,140.237127
300,12,1325.84,66526.43,89222.37,1131.40,9067.97,12496.561984,156.498158
300,12,1206.04,58487.98,81057.73,1244.76,9079.28,12245.712125,135.541555
300,12,1199.85,57154.23,82017.07,1306.69,9923.61,13632.544282,153.074823
300,12,1223.93,59478.45,81991.87,1121.33,8887.20,12504.890346,137.305784
300,12,1291.62,63266.50,85900.77,1266.30,9216.37,12151.611973,139.275805
300,12,1401.76,69708.42,92958.07,1154.17,9421.59,12673.878251,141.196571
300,12,1175.74,55792.39,78661.77,1169.06,9246.14,12454.175252,138.583151
300,12,1500.75,73483.12,98853.02,1290.54,10564.55,13514.818206,148.648980
300,12,1365.56,65555.43,90719.53,1454.48,10725.24,12984.377383,154.548007
300,12,1343.13,66237.92,89285.54,1286.10,9396.07,12365.458787,131.063481
300,12,1485.50,71625.26,97141.39,1329.69,10722.22,13464.214027,140.405688
300,12,1430.32,70568.89,94799.56,1211.53,9835.35,13183.794417,141.745527
300,12,1224.28,60258.51,82300.31,1063.02,8754.72,12224.069205,154.346087
300,12,1509.10,73624.66,98841.54,1407.70,10808.29,13000.893912,150.642828
300,12,1277.28,62974.64,85960.78,1120.45,8535.00,13330.693161,154.563645
300,12,1352.67,64363.56,89819.44,1451.26,11093.67,12910.938378,131.543052
300,12,1023.43,48438.08,70643.07,1272.42,8925.50,12007.078412,121.842514
300,12,1198.81,57517.58,81764.78,1313.96,9789.25,13143.981561,138.058390
300,12,1302.66,64140.33,87346.23,1240.49,10065.29,11900.124001,147.414692
300,12,1167.49,56487.25,78933.93,1109.96,8617.63,12719.099856,137.253245
300,12,1324.00,62717.94,88184.53,1263.89,10125.28,14077.417032,162.163376
300,12,1183.50,56792.54,78853.99,1186.62,9476.58,11398.261114,131.374920
300,12,1383.61,68185.57,91660.95,1227.05,9620.30,12628.026769,145.655501
300,12,1239.93,59176.84,82296.50,1223.88,9172.68,12723.099622,148.950165
300,12,1212.53,59589.34,81206.55,1139.81,8566.14,11911.260511,136.811080
300,12,1257.41,63145.34,84282.35,1157.38,8695.58,11284.036985,148.295637
300,12,1251.64,61017.07,84287.67,1519.57,10761.32,10989.702784,145.818249
300,12,1168.73,54993.32,79940.05,1412.03,10317.28,13217.432230,130.857323
300,12,1129.82,53899.60,78076.98,1437.51,10557.47,12182.407208,137.302674
300,12,1147.93,53425.74,78765.08,1412.37,10802.41,13124.555077,134.135139
300,12,1405.82,70083.14,93717.97,1223.56,9975.09,12436.184328,148.612988
300,12,1352.97,65489.02,91192.09,1623.92,11905.57,12173.577150,151.287436
300,12,1424.27,69676.48,94221.15,1321.59,10444.64,12778.441756,162.551596
300,12,1327.31,64449.97,88403.89,1099.37,9402.50,13452.052885,145.199071
300,12,1266.63,61193.66,86100.55,1444.95,10767.62,12694.322924,148.191668
300,12,1539.98,76217.18,100926.83,1255.49,10301.58,13152.584756,151.071591
300,12,1247.27,60879.58,84102.97,1264.90,9892.32,12066.161597,132.189001
300,12,1498.99,72940.10,96866.91,1185.96,9766.93,12973.918770,159.781875
300,12,1141.31,56940.10,78692.38,1247.89,9418.33,11086.063644,124.365366
300,12,1403.67,69761.56,91884.16,1128.29,9223.26,11771.042422,147.927810
300,12,1240.80,56683.35,80822.02,1233.59,10116.16,12788.916284,123.692039
300,12,1217.31,56804.21,81555.28,1389.78,10135.46,13225.838161,142.153974
300,13,1380.49,67585.53,92841.62,1344.91,10471.38,13439.795889,155.560429
300,13,1397.21,66382.08,92199.82,1279.67,10420.02,14118.053452,154.583220
300,13,1424.43,69290.49,92659.21,1203.08,8900.65,13264.993035,168.620125
300,13,1597.70,77884.76,103788.55,1399.23,10809.28,13695.278264,159.330881
300,13,1425.39,65160.92,94889.51,1608.37,12361.42,15758.789800,155.520795
300,13,1326.51,62805.69,89573.65,1491.88,10905.60,14370.485028,143.837311
300,13,1435.83,66329.44,94066.41,1576.83,11616.94,14543.211207,150.834236
300,13,1285.04,60173.14,85786.54,1315.52,10445.09,13852.790933,154.314286
300,13,1260.10,58929.63,85262.01,1367.62,10840.50,14124.261519,171.434167
300,13,1285.37,61150.84,86283.56,1261.51,10094.12,13777.093628,161.241044
300,13,1310.39,63198.91,87237.41,1280.98,10200.40,12557.120194,169.082827
300,13,1201.58,53927.73,81667.81,1692.68,12066.17,13981.227129,162.186527
300,13,1330.99,61803.31,86872.61,1337.57,10639.74,13091.987355,168.524439
300,13,1477.04,72138.10,96785.67,1175.65,9463.95,14007.970131,186.592156
300,13,1365.49,64492.28,89344.18,1454.93,10212.24,13184.733801,187.591739
300,13,1393.53,67410.00,92227.15,1148.60,9363.11,14305.440359,183.837719
300,13,1526.41,72872.04,99689.48,1398.04,11326.91,14092.492146,154.139346
300,13,1410.82,67956.46,92471.49,1196.64,10033.12,13285.263457,151.092700
300,13,1787.89,88901.69,113169.35,1093.31,9546.55,13627.801792,180.938828
300,13,1481.82,73013.02,97728.78,1207.11,9664.78,13843.871894,161.091814
300,13,1337.14,64503.09,89102.09,1197.71,9192.69,14208.591493,174.238767
300,13,1532.59,72491.31,99913.34,1358.79,11727.69,14335.545851,175.920723
300,13,1433.99,69440.71,93834.23,1219.72,9525.98,13647.832691,165.910956
300,13,1463.00,71502.05,95923.31,1197.55,10145.82,13077.891216,164.593327
300,13,1270.36,59173.67,84286.96,1361.99,9809.73,13941.567569,171.473857
300,13,1395.66,66441.81,91964.13,1380.81,10652.98,13488.543039,202.759937
300,13,1316.12,60950.54,87682.46,1473.46,10770.99,14487.470426,175.296914
300,13,1208.76,59296.86,81807.49,1102.88,7928.79,13478.963992,182.332400
300,13,1336.99,63374.00,89664.31,1518.13,10880.60,13891.573542,146.870863
300,13,1356.74,63941.87,90297.41,1361.73,10737.34,14256.454644,146.021165
300,13,1336.85,65609.95,89864.81,1183.52,9153.33,13918.012877,156.150213
300,13,1502.40,72228.03,97644.82,1347.88,11028.12,13040.786907,159.488351
300,13,1397.94,65792.48,92930.43,1469.51,11687.43,13981.010949,178.836722
300,13,1553.55,76938.67,101975.81,1290.16,10447.61,13299.373031,177.082893
300,13,1456.92,69919.40,95413.14,1334.12,10782.59,13377.030962,186.821943
300,13,1090.44,51055.84,73738.12,1198.40,9245.71,12238.167101,177.977517
300,13,1346.81,64374.99,90668.77,1454.83,11052.98,13785.962023,198.588078
300,13,1234.97,59037.85,83128.03,1327.33,9628.69,13134.157770,187.009106
300,13,1112.74,52015.85,75696.54,1273.31,9447.37,12960.013482,174.100640
300,13,1233.91,59747.44,83978.96,1306.41,10477.91,12447.198201,174.290880
300,13,1228.04,59371.21,81190.41,1196.38,9580.67,11042.138658,150.268718
300,13,1442.53,69388.12,95693.79,1712.32,12504.05,12089.300864,160.323299
300,13,1504.63,71185.21,97747.09,1208.54,9558.49,15794.854542,179.703808
300,13,1419.71,68873.07,93953.28,1274.95,10338.27,13466.992331,138.628794
300,13,1350.41,65106.05,89519.89,1333.76,10180.51,12899.569120,178.171703
300,13,1669.07,81086.42,107181.26,1362.88,10677.86,14054.100657,185.076242
300,13,1384.33,66066.15,90295.89,1223.87,10075.72,12930.155571,171.945525
300,13,1544.36,75362.97,100704.63,1199.25,10066.39,14076.027758,173.249260
300,13,1380.28,63290.27,90984.80,1396.45,11237.89,15060.186415,178.802660
300,13,1361.46,66384.37,89985.45,1137.01,8951.71,13512.363551,186.599638
300,13,1334.92,63701.62,89788.23,1365.94,10703.60,14017.073097,180.887639
300,13,1394.47,70041.47,92342.06,1109.96,8529.41,12661.224844,192.718084
300,13,1229.09,58438.01,82768.49,1195.27,9041.96,14093.240930,145.110805
300,13,1395.00,67559.65,92106.29,1109.94,9743.60,13693.098334,157.048145
300,13,1198.30,53986.61,80650.48,1442.49,11003.84,14217.546487,138.391309
300,13,1631.55,81070.87,105856.98,1303.87,10403.93,13078.308118,172.384681
300,13,1430.32,70528.98,94880.66,1195.36,9951.04,13205.280077,154.726650
300,13,1343.88,63313.27,87893.35,1364.69,10135.37,13080.027391,161.150350
300,13,1393.53,66337.61,91397.51,1178.43,9560.39,14321.080502,162.635481
300,13,1262.35,59607.04,84445.84,1312.96,10008.69,13517.154974,165.332054
300,13,1428.84,67806.32,94872.15,1450.83,11508.80,14106.202046,182.081816
300,13,1410.43,67822.01,92828.36,1301.30,10348.44,13356.612963,182.135312
300,13,1389.48,69103.35,91745.17,1173.67,9290.82,12177.324322,163.003409
300,13,1675.32,81376.87,107532.00,1244.93,10634.11,14276.088465,179.084234
300,13,1437.77,67101.88,93442.74,1414.73,11219.52,13706.609928,163.769727
300,13,1451.28,68662.76,94124.82,1255.28,9586.52,14620.255808,154.652974
300,13,1610.36,78161.14,103879.37,1339.47,10678.14,13700.613478,190.168068
300,13,1369.87,63968.63,91459.26,1666.14,11731.44,14093.052062,169.978145
300,13,1471.11,72059.00,96341.49,1171.23,8744.20,14367.057210,163.344044
300,13,1452.87,68538.71,93757.62,1218.74,10062.88,13937.291396,158.480462
300,13,1460.85,71020.95,97240.83,1360.40,10952.04,13907.440668,156.816145
300,13,1655.63,79531.09,104498.65,1255.36,10045.54,13666.659751,169.347895
300,13,1414.50,67742.14,92906.59,1315.03,10315.82,13533.594973,174.197002
300,13,1374.77,64495.40,89783.46,1337.17,10195.78,13755.106524,170.784992
300,13,1464.53,70349.65,96362.50,1548.38,11428.21,13036.268412,156.047066
300,13,1489.54,69506.70,96607.67,1428.76,11580.59,14091.610212,167.956318
300,13,1411.67,66711.80,92585.02,1304.33,10777.59,13791.302147,143.427518
300,13,1698.65,82925.79,108661.36,1332.31,10858.90,13544.359624,167.986371
300,13,1689.67,80864.41,107340.54,1257.22,10260.69,14958.219314,190.536165
300,13,1236.30,58097.61,83130.49,1447.11,10480.90,13104.872918,160.965369
300,13,1548.40,75508.75,100746.41,1247.71,10277.10,13712.840156,163.554284
300,13,1230.17,56783.52,83146.57,1511.97,10753.55,14097.534064,156.599514
300,13,1382.20,67063.10,90543.87,1190.42,9215.25,13075.108446,164.323830
300,13,1244.17,60265.41,81972.57,1034.36,8364.88,12307.912484,152.711394
300,13,1408.24,68156.08,92068.98,1308.30,10750.70,11853.896517,161.029212
300,13,1805.55,89151.33,114226.57,1222.81,9793.42,14059.015250,173.717613
300,13,1283.22,60653.37,86816.19,1524.08,11318.26,13320.481499,160.034622
300,13,1603.36,77231.21,103424.96,1442.32,11120.59,13630.835212,156.181877
300,13,1496.53,74407.68,98073.92,1156.56,9070.71,13438.977959,162.295969
300,13,1202.97,56169.37,81091.40,1408.45,10628.33,12885.257358,153.728663
300,13,1488.70,71351.52,98051.74,1594.92,11515.94,13589.356411,160.571539
300,13,1280.18,59150.45,85834.95,1370.12,10607.47,14706.905759,154.705718
300,13,1256.46,58204.55,86069.68,1642.38,12149.44,14073.306938,153.474768
300,13,1505.00,72758.51,99198.13,1373.31,9843.74,15222.562512,165.222358
300,13,1406.40,67264.30,93523.68,1399.95,11240.00,13619.434194,149.984446
300,13,1366.06,62066.75,89366.51,1455.29,11312.63,14531.829869,167.251212
300,13,1302.41,62391.59,86384.93,1339.55,10171.78,12482.009641,118.299496
300,13,1454.96,71870.42,96076.26,1342.39,9916.22,12947.234033,169.196088
300,13,1379.06,64629.09,90839.93,1329.94,10532.51,14348.393200,119.166672
300,13,1469.89,71105.38,96882.36,1382.19,10624.26,13770.518459,157.165122
300,14,1343.09,64606.08,90029.87,1358.70,10098.22,13966.863314,148.119173
300,14,1500.21,69182.95,95815.35,1347.13,11181.57,14103.700913,155.911707
300,14,1596.36,75599.19,103209.63,1413.27,11409.33,14787.834009,160.280288
300,14,1288.97,59634.71,86087.23,1537.55,11055.28,13859.693682,149.247787
300,14,1973.24,90098.12,124478.58,1894.03,15521.39,16965.031822,174.254719
300,14,1664.29,78904.96,103392.63,1047.49,9408.06,14032.129671,185.018592
300,14,1557.85,72425.76,100460.45,1410.25,11510.15,15114.289832,154.307782
300,14,1397.40,64354.43,92689.55,1620.88,12053.43,14660.808981,161.229794
300,14,1645.89,78300.19,104745.57,1362.39,10820.13,14262.862085,186.715034
300,14,1494.43,69735.38,99105.29,1680.30,12512.80,15176.812319,171.714665
300,14,1385.00,65659.09,92763.97,1704.36,12062.69,13337.836051,169.099965
300,14,1530.37,73669.96,99846.74,1394.89,11192.08,13589.809072,167.726102
300,14,1434.63,69207.36,93703.94,1265.01,9651.89,13579.677901,166.715060
300,14,1522.29,71302.28,98763.39,1378.28,11051.56,15031.273852,150.419662
300,14,1612.64,76785.36,103670.94,1452.49,11009.24,14423.838971,166.113490
300,14,1425.53,68095.02,94406.66,1380.01,10523.18,14408.439934,149.361935
300,14,1950.26,94006.22,123440.02,1560.72,12736.83,15136.256706,162.785295
300,14,1165.17,49539.06,78541.89,1819.69,12406.99,14776.142425,140.479640
300,14,1431.95,67583.52,94364.70,1438.83,10813.21,14529.146375,155.258300
300,14,1507.57,70318.35,98986.44,1524.21,11773.62,15370.263134,148.457406
300,14,1443.87,67963.95,95451.52,1352.41,10840.04,15295.122975,179.143824
300,14,1569.20,73395.90,103353.85,1746.16,12648.39,15563.393575,193.318045
300,14,1371.07,63966.08,91115.03,1505.03,11073.80,14570.125553,180.770031
300,14,1404.38,64687.09,93173.03,1657.99,12029.08,14798.875191,177.427160
300,14,1318.48,61430.45,87213.24,1306.15,10010.26,14466.377317,157.090271
300,14,1363.07,62146.59,90155.06,1486.43,12090.63,14431.414313,160.035257
300,14,1287.01,57165.86,85660.43,1544.06,11647.52,15302.995855,156.095744
300,14,1500.79,69880.06,97537.40,1496.90,11733.33,14427.110012,156.206943
300,14,1373.58,62998.37,92725.19,1858.43,12263.66,15604.731750,149.228154
300,14,1294.94,58786.03,86489.72,1446.90,10918.93,15337.866074,149.949542
300,14,1346.71,64369.29,88865.00,1172.82,9142.98,14179.907572,168.562399
300,14,1393.90,64976.45,91301.51,1369.01,11110.85,13845.207571,154.372649
300,14,1389.85,65564.39,91909.65,1367.38,10273.75,14704.124919,169.870510
300,14,1289.57,59611.51,86454.86,1462.64,10817.58,14563.121569,174.701145
300,14,1328.46,62444.18,88673.23,1469.11,10942.15,13817.789385,166.422745
300,14,1192.76,53396.54,81635.21,1811.14,12420.36,14007.165557,159.598294
300,14,1277.65,60396.45,84576.29,1097.20,9178.44,13904.206936,167.879681
300,14,1460.24,67159.87,95134.53,1619.33,12848.06,13507.272902,160.530631
300,14,1234.75,56613.15,82618.45,1385.67,10930.46,13689.166218,142.706607
300,14,1204.82,54074.59,80780.15,1507.88,11747.92,13449.757649,151.647337
300,14,1410.82,66872.86,90141.08,1284.94,9943.91,12039.376187,162.414817
300,14,1226.14,57572.50,81380.97,1412.44,10015.26,12380.773444,141.818468
300,14,1756.04,84757.20,113538.08,1378.97,11233.20,16168.710904,160.555345
300,14,1611.68,79024.93,104367.74,1197.98,9629.55,14515.274993,166.225045
300,14,1437.73,68647.71,95888.12,1549.13,11681.90,14009.382813,174.050009
300,14,1743.86,82389.99,110764.57,1599.29,11853.67,14921.634280,197.880742
300,14,1229.33,54881.23,82180.35,1531.28,11648.90,14118.940613,166.925177
300,14,1648.47,79481.20,105363.75,1207.50,10074.62,14600.432370,209.740046
300,14,1717.26,79876.07,108302.17,1297.50,11225.40,15903.199518,174.976177
300,14,1451.03,67790.74,95386.70,1507.97,11500.60,14587.385229,148.427039
300,14,1485.04,68518.95,98131.59,1633.02,12201.60,15778.023529,160.842444
300,14,1561.65,75857.40,101982.17,1302.66,10918.31,13903.800517,169.959052
300,14,1498.01,70296.08,97456.67,1387.98,11050.41,14722.188961,159.020475
300,14,1506.66,70325.26,96603.70,1277.68,10248.81,14751.947771,170.910011
300,14,1666.43,77194.01,107954.39,1840.08,13747.34,15172.949926,169.718530
300,14,1330.62,62672.03,89460.94,1532.60,10839.67,14416.646833,156.097441
300,14,1483.66,70903.15,97199.07,1328.22,10366.97,14600.732190,167.487098
300,14,1471.73,70531.56,96234.12,1280.81,9939.46,14482.296239,165.349006
300,14,1574.16,76359.34,101673.58,1158.54,9449.13,14706.559871,174.135088
300,14,1382.97,64629.55,92283.09,1603.95,11676.96,14372.633320,171.974825
300,14,1384.33,63596.05,91911.73,1543.34,12043.31,14729.034523,178.107332
300,14,1529.85,73335.99,99444.94,1271.73,10360.96,14476.265570,180.582123
300,14,1315.54,62634.07,88027.47,1296.27,10120.12,13977.011925,153.167580
300,14,1610.79,75327.21,103767.98,1467.20,11990.67,14982.886770,164.759863
300,14,1550.24,73771.37,101272.62,1486.54,11442.89,14571.819698,154.036960
300,14,1718.73,78983.18,109252.93,1619.70,12370.83,16279.220416,178.713020
300,14,1466.00,68688.53,93855.57,1327.56,10255.50,13583.978563,180.157206
300,14,1400.36,67275.49,93367.04,1375.99,10104.80,14610.757167,167.178946
300,14,1375.13,65968.60,91145.51,1133.75,8930.38,15112.784781,165.062165
300,14,1871.40,90125.06,119518.21,1487.89,12717.64,15187.613215,180.396488
300,14,1255.05,55699.80,84948.98,1643.38,11919.59,15686.203985,154.707602
300,14,1649.57,78192.16,105575.16,1334.17,10563.76,15485.076132,164.128577
300,14,1243.15,57441.57,84215.62,1431.26,10875.25,14467.544804,161.976083
300,14,1513.82,71465.07,99000.78,1415.76,11587.40,14532.564117,181.158480
300,14,1429.36,65532.21,94714.17,1784.04,13261.10,14136.817092,157.904328
300,14,1515.64,72262.11,98481.30,1311.55,10708.16,14199.479013,163.711845
300,14,1474.07,69112.90,96904.53,1543.55,11650.54,14597.539853,151.486181
300,14,1521.18,72530.88,98618.16,1198.37,9904.01,14984.893965,208.821298
300,14,1559.84,74659.69,102211.46,1358.73,10650.55,15542.487785,199.134533
300,14,1486.11,69683.29,97194.56,1675.80,12090.55,13744.928708,178.658455
300,14,1366.57,62518.94,91958.19,1605.42,12332.08,15501.743821,155.834992
300,14,1303.76,58585.21,86711.37,1491.52,11356.42,15278.222323,151.993852
300,14,1231.29,57961.78,83268.75,1327.91,10278.55,13700.499030,150.744082
300,14,1418.42,68636.88,94252.06,1393.45,10881.58,13340.152961,153.338462
300,14,1344.71,65524.14,88631.36,1208.65,9563.55,12335.027257,171.714540
300,14,1403.53,64423.11,91143.70,1428.12,10748.33,14544.148005,165.542108
300,14,1555.01,76347.61,101901.51,1292.47,9797.92,14463.517505,172.547302
300,14,1326.72,58580.97,88026.22,1663.39,12033.17,15748.692741,153.203297
300,14,1304.89,58695.35,88204.07,1838.76,12457.72,15212.246586,156.087812
300,14,1314.35,61672.77,88230.38,1498.61,11312.94,13746.065314,164.805416
300,14,1596.23,74848.17,101893.76,1451.24,11641.85,13952.492714,169.725212
300,14,1419.28,64417.48,90254.34,1230.41,9920.47,14685.988289,179.328025
300,14,1421.49,68214.26,93600.34,1288.04,9893.44,14204.595139,157.380145
300,14,1444.66,66791.58,93557.47,1274.20,9825.03,15666.671367,175.197546
300,14,1324.37,61486.39,87661.36,1291.76,10575.62,14307.584953,140.951718
300,14,1544.73,71260.93,99644.07,1486.56,11812.97,15083.595119,166.030700
300,14,1400.87,64526.52,93845.89,1794.09,13213.11,14312.176414,135.619127
300,14,1259.58,59565.69,85197.06,1377.98,10489.02,13764.365508,171.068491
300,14,1746.30,84805.92,112525.13,1355.49,10735.44,15628.274157,139.373525
300,14,1429.71,66223.93,94005.47,1437.62,11447.77,14896.151720,159.857806
