25,4,143.42,1702.88,9915.90,4135.78,1615.56,2461.69,0.0481
25,4,165.68,4543.47,11902.56,3306.11,1586.65,2466.33,0.1539
25,4,152.54,1866.67,10089.18,4415.47,1739.52,2067.52,0.0462
25,4,142.46,2743.22,10579.08,3757.28,1897.42,2181.16,0.1646
25,4,173.66,2802.15,11892.40,4524.92,1962.56,2602.77,0.0501
25,4,161.91,1868.29,11413.07,5051.29,1958.30,2535.19,0.2020
25,4,156.98,2686.81,11447.67,4489.52,1827.28,2444.06,0.0469
25,4,140.97,1791.40,10358.10,4004.28,1618.89,2943.54,0.1885
25,4,154.61,1781.97,10528.53,4453.07,1740.82,2552.66,0.0167
25,4,142.93,2696.92,10310.22,3643.81,1654.54,2314.96,0.0178
25,4,154.53,2300.07,10751.56,4328.35,1698.30,2424.85,0.0182
25,4,141.42,1497.43,10042.30,4465.39,1804.59,2274.88,0.0143
25,4,146.19,3255.58,11482.08,4265.45,2045.13,1915.91,0.0188
25,4,159.86,533.89,11164.45,5293.78,2239.13,3097.65,0.0217
25,4,145.52,2253.20,10684.81,4248.93,1652.47,2530.21,0.0187
25,4,162.35,2512.73,11606.75,4830.24,1804.94,2458.84,0.0127
25,4,159.71,3185.51,11895.12,4272.79,1871.11,2565.72,0.0179
25,4,171.90,2509.60,11875.61,4682.98,2076.61,2606.43,0.0266
25,4,154.80,2542.77,10960.56,4730.87,1913.08,1773.83,0.0318
25,4,138.50,1674.31,10174.07,3933.33,1716.89,2849.55,0.0224
25,4,143.19,1592.91,10127.61,4645.15,1754.86,2134.68,0.0155
25,4,160.65,3255.24,11497.06,3497.81,1831.02,2912.98,0.0152
25,4,164.92,2835.85,10918.76,4128.69,1697.29,2256.93,0.0158
25,4,132.47,1755.65,9795.88,3947.79,1722.47,2369.98,0.0149
25,4,145.77,2068.52,10593.28,3928.23,1851.61,2744.93,0.0176
25,4,148.86,1822.62,10208.90,4356.21,1865.25,2164.83,0.0168
25,4,144.66,2136.21,10440.91,4315.09,1911.97,2077.65,0.0123
25,4,137.62,1811.26,9735.25,3968.87,1614.54,2340.58,0.0170
25,4,164.70,2760.65,11474.78,4317.98,1785.56,2610.59,0.0179
25,4,160.74,3357.49,11583.22,4190.75,1888.94,2146.05,0.0241
25,4,167.70,2353.51,11797.21,4653.39,1975.84,2814.47,0.0225
25,4,157.90,2547.95,10656.67,4235.81,1593.85,2279.06,0.0206
25,4,155.98,1692.12,11191.71,4670.64,1848.01,2980.95,0.0189
25,4,159.89,2453.06,11039.76,4648.54,1893.45,2044.71,0.0130
25,4,151.29,2390.55,11284.01,4065.96,1762.47,3065.03,0.0145
25,4,140.04,3053.10,10628.69,3512.04,1632.33,2431.23,0.0186
25,4,147.33,2894.33,10371.12,4145.62,1610.19,1720.98,0.0170
25,4,146.95,2288.14,11143.32,4231.01,2218.90,2405.27,0.0192
25,4,135.38,1375.54,9981.08,4378.16,1877.57,2349.80,0.0104
25,4,138.81,2161.92,9673.59,3768.86,1644.66,2098.16,0.0101
25,4,143.75,1871.48,10164.64,4189.85,1694.30,2409.01,0.0173
25,4,146.30,2554.12,10512.18,4327.02,1688.01,1943.02,0.0251
25,4,157.70,1689.09,11263.12,4946.58,1823.63,2803.83,0.0135
25,4,164.43,2277.87,11411.48,4888.24,1942.05,2303.32,0.0298
25,4,134.58,983.15,9552.12,4309.48,1794.32,2465.16,0.0169
25,4,166.59,2033.02,11578.09,4721.47,2069.27,2754.32,0.0273
25,4,142.01,1601.66,10023.29,4326.40,1866.07,2229.17,0.0192
25,4,162.98,3439.33,11723.54,3933.17,1709.51,2641.53,0.0198
25,4,157.00,2466.84,11721.44,5282.71,2018.30,1953.60,0.0176
25,4,126.36,817.45,9406.32,4056.90,1782.94,2749.03,0.0196
25,4,164.71,2698.96,11501.62,4469.48,1920.16,2413.02,0.0118
25,4,141.90,2634.12,10466.66,3703.19,1691.20,2438.16,0.0182
25,4,177.06,4106.66,12219.04,4316.22,1705.30,2090.85,0.0146
25,4,156.96,3005.06,11676.56,4413.29,1950.09,2308.12,0.0290
25,4,148.97,1744.27,10434.24,4546.74,1799.90,2343.33,0.0209
25,4,167.58,2550.90,11973.53,4585.30,2104.87,2732.46,0.0227
25,4,132.52,2854.22,9277.11,3172.49,1291.82,1958.58,0.0155
25,4,169.15,2517.21,11449.71,5009.89,1705.37,2217.23,0.0171
25,4,149.82,2447.86,10978.23,4349.47,1857.19,2323.71,0.0198
25,4,137.65,2590.36,9859.00,3567.89,1620.87,2079.88,0.0186
25,4,164.54,1491.97,11337.98,4911.82,1962.05,2972.13,0.0104
25,4,137.98,2478.99,9925.60,3926.96,1605.47,1914.19,0.0213
25,4,160.69,2516.78,10925.04,4613.45,1800.63,1994.18,0.0164
25,4,155.23,3503.34,11060.86,3804.49,1634.12,2118.91,0.0169
25,4,170.12,2853.03,11207.23,4378.11,1665.17,2310.92,0.0160
25,4,152.02,2977.20,11499.12,3737.76,2163.12,2621.03,0.0253
25,4,161.01,2643.88,11648.69,4606.29,1871.86,2526.67,0.0195
25,4,153.93,2362.64,10994.24,4337.32,1986.21,2308.06,0.0189
25,4,153.16,2313.83,11456.24,4308.99,2132.85,2700.57,0.0199
25,4,167.94,3244.21,11820.77,3790.64,1994.75,2791.17,0.0205
25,4,146.88,1788.83,10873.13,4280.20,2004.88,2799.22,0.0206
25,4,147.72,1808.61,10378.62,4132.11,1756.31,2681.59,0.0232
25,4,160.43,2437.88,10410.94,4065.97,1649.82,2257.27,0.0111
25,4,132.28,2384.79,9889.40,3696.18,1554.91,2253.51,0.0131
25,4,159.14,2050.93,11208.98,4716.11,1938.26,2503.68,0.0162
25,4,155.59,2895.55,11286.16,4264.69,1910.22,2215.70,0.0118
25,4,175.89,3506.98,11962.23,4655.47,1886.85,1912.92,0.0204
25,4,146.88,2098.79,10339.92,4116.69,1795.45,2328.99,0.0201
25,4,139.53,2447.41,10687.71,3954.51,1996.10,2289.68,0.0108
25,4,167.06,1683.73,11669.44,5228.29,2136.79,2620.63,0.0189
25,4,151.18,2057.34,10269.88,4160.91,1738.16,2313.47,0.0169
25,4,152.42,740.06,10755.37,5625.78,2075.68,2313.85,0.0162
25,4,166.90,3213.74,11689.07,4574.33,1912.68,1988.31,0.0150
25,4,122.86,1601.60,8543.28,3900.67,1353.29,1687.72,0.0112
25,4,135.62,3751.80,9676.95,3124.72,1219.73,1580.70,0.0159
25,4,157.64,3050.01,11531.65,4279.06,1837.97,2364.62,0.0153
25,4,144.35,1976.88,10093.69,4392.21,1673.27,2051.34,0.0136
25,4,157.28,2778.05,11151.50,4194.38,1763.15,2415.91,0.0193
25,4,160.20,3114.51,11316.10,3984.44,1613.38,2603.76,0.0106
25,4,166.90,3875.04,11863.23,3786.48,1710.92,2490.79,0.0111
25,4,161.03,1825.97,11700.72,4906.49,1970.59,2997.67,0.0140
25,4,161.90,2357.16,11705.59,4702.55,2116.51,2529.37,0.0185
25,4,152.66,1578.20,10560.48,4562.73,1838.66,2580.88,0.0152
25,4,163.74,2807.30,11340.84,4393.23,1965.21,2175.10,0.0173
25,4,138.50,1656.69,10246.25,4510.77,1792.96,2285.83,0.0179
25,4,140.23,2185.27,9606.22,3553.57,1420.53,2446.85,0.0155
25,4,139.46,3083.07,9616.37,3314.90,1459.40,1758.99,0.0152
25,4,139.43,1865.23,9623.48,4211.73,1588.24,1958.28,0.0170
25,4,153.66,1946.53,11291.63,4511.46,1893.25,2940.39,0.0149
25,4,168.87,2261.44,12034.09,4935.57,2004.90,2832.18,0.0119
50,4,199.48,6695.21,15418.36,3923.84,1560.49,3238.83,0.0312
50,4,231.56,8894.46,18143.49,3978.05,1770.66,3500.33,0.0362
50,4,225.27,7986.07,17080.70,3945.49,1802.39,3346.74,0.0263
50,4,197.28,7478.51,15842.53,3783.61,1848.07,2732.35,0.0303
50,4,274.13,10008.49,20555.49,4254.53,2004.65,4287.83,0.0324
50,4,224.15,7676.27,16977.80,3904.92,1866.90,3529.71,0.0232
50,4,250.15,8110.78,18901.64,4966.34,1969.39,3855.14,0.0309
50,4,207.57,6155.83,15814.17,4108.12,1606.00,3944.23,0.0365
50,4,203.34,6906.32,15538.76,3664.43,1608.22,3359.80,0.0344
50,4,224.64,6741.37,16695.55,4512.94,1913.06,3528.18,0.0249
50,4,227.04,8371.66,17216.26,3815.22,1646.13,3383.25,0.0319
50,4,184.47,6809.40,14495.64,3434.77,1615.06,2636.42,0.0271
50,4,237.43,10162.30,19022.70,3781.47,2009.23,3069.70,0.0364
50,4,183.19,5622.56,14962.48,3903.64,1881.34,3554.94,0.0432
50,4,175.78,5990.08,14158.62,3606.53,1657.03,2904.99,0.0319
50,4,241.85,8103.39,17919.54,4467.46,1847.73,3500.95,0.0259
50,4,250.49,9151.91,19551.62,4600.09,1932.11,3867.51,0.0295
50,4,226.49,8346.06,17539.88,3794.75,2045.66,3353.41,0.0323
50,4,253.91,10735.59,19558.68,3943.78,1850.43,3028.87,0.0235
50,4,208.12,5998.20,15412.56,4022.43,1708.39,3683.54,0.0220
50,4,225.48,7693.85,17522.29,4472.14,1794.96,3561.34,0.0239
50,4,230.76,6806.07,17047.06,4405.79,2023.73,3811.47,0.0305
50,4,239.20,7882.23,17495.28,4301.27,1897.69,3414.09,0.0200
50,4,208.57,7091.34,16030.33,3870.08,1758.81,3310.11,0.0239
50,4,207.00,6213.96,15826.37,4217.03,1933.43,3461.96,0.0514
50,4,231.03,7976.23,16940.11,3861.33,1731.56,3370.99,0.0355
50,4,221.70,8702.80,17490.39,3613.57,1845.11,3328.90,0.0228
50,4,208.98,6617.93,15538.93,3766.69,1635.70,3518.62,0.0206
50,4,232.18,9149.92,18255.12,3735.71,1766.75,3602.75,0.0293
50,4,263.91,11195.30,20332.35,3837.44,1903.06,3396.55,0.0209
50,4,222.36,6699.15,16369.04,4309.03,1894.13,3466.72,0.0253
50,4,239.58,8977.36,17735.20,3805.08,1564.84,3387.93,0.0230
50,4,200.24,6700.53,15859.44,3786.28,1578.01,3794.62,0.0226
50,4,220.55,8662.66,17651.07,4044.24,1854.77,3089.39,0.0293
50,4,218.15,7441.18,16852.82,3546.79,1748.91,4115.94,0.0202
50,4,185.97,5552.20,13722.10,3696.61,1657.99,2815.31,0.0248
50,4,247.94,8847.33,17951.00,4291.64,1703.55,3108.48,0.0383
50,4,215.11,7832.55,16711.22,3745.05,2072.96,3060.66,0.0460
50,4,213.93,7222.41,16678.86,4135.12,1859.50,3461.84,0.0361
50,4,214.34,7480.58,15699.42,3610.94,1635.76,2972.13,0.0237
50,4,202.13,7249.21,14908.95,3010.78,1482.31,3166.66,0.0248
50,4,195.04,7184.46,14946.48,3582.68,1513.42,2665.91,0.0241
50,4,243.35,8457.95,18685.01,4175.43,1744.35,4307.28,0.0343
50,4,237.75,7153.15,17451.11,4957.79,2102.41,3237.75,0.0287
50,4,160.78,4511.09,12380.36,3592.55,1623.96,2652.76,0.0324
50,4,240.41,8026.59,18593.73,4307.78,2072.75,4186.61,0.0276
50,4,182.05,6825.79,14671.11,3479.43,1652.66,2713.23,0.0320
50,4,253.54,8670.13,19070.62,4632.43,1907.24,3860.83,0.0262
50,4,257.82,9753.97,19680.40,4603.01,2013.50,3309.93,0.0367
50,4,172.46,4314.48,13212.36,3874.01,1728.31,3295.56,0.0325
50,4,227.51,8692.22,17721.06,3816.72,1791.01,3421.11,0.0349
50,4,217.45,7161.68,16740.16,4287.04,1852.01,3439.43,0.0306
50,4,239.87,10158.19,18286.31,3444.33,1627.91,3055.89,0.0205
50,4,235.02,8181.77,18067.14,4418.26,2039.56,3427.55,0.0368
50,4,206.56,6769.01,16134.15,4267.90,1782.21,3315.02,0.0220
50,4,218.75,7894.38,16908.13,3841.67,1866.51,3305.57,0.0426
50,4,212.75,6620.46,15524.02,3923.73,1593.32,3386.51,0.0250
50,4,247.06,9024.97,18199.75,4074.52,1629.38,3470.88,0.0252
50,4,235.04,8290.81,17873.20,4347.17,1939.61,3295.60,0.0299
50,4,229.49,9397.55,17745.80,3484.90,1633.92,3229.43,0.0212
50,4,233.58,7254.74,17390.10,4108.25,1822.28,4204.83,0.0394
50,4,205.53,8892.84,16508.13,3017.85,1488.33,3109.11,0.0272
50,4,248.84,9569.64,18428.37,4111.34,1676.07,3071.32,0.0258
50,4,232.32,9117.04,18030.84,3920.25,1767.15,3226.40,0.0252
50,4,251.72,9690.31,18693.92,3930.13,1690.96,3382.52,0.0252
50,4,215.29,7803.25,16945.75,3699.44,2156.63,3286.43,0.0376
50,4,244.17,8775.57,18362.02,4239.17,1784.28,3563.00,0.0308
50,4,233.31,8206.73,17362.20,3664.02,1982.23,3509.22,0.0190
50,4,238.82,8023.99,18318.37,4380.68,2223.33,3690.38,0.0266
50,4,223.04,8343.27,17617.11,3369.55,1946.21,3958.09,0.0326
50,4,174.45,4871.44,13695.92,3838.79,1864.80,3120.89,0.0415
50,4,204.63,5553.00,15097.54,4289.90,1861.04,3393.60,0.0289
50,4,232.05,8839.54,17658.99,3623.70,1624.91,3570.85,0.0452
50,4,187.29,7460.35,14388.31,2648.17,1380.53,2899.26,0.0275
50,4,218.86,8793.80,17421.23,3430.67,1744.50,3452.26,0.0253
50,4,240.03,10224.85,19290.09,3599.66,1938.06,3527.51,0.0195
50,4,267.62,10819.29,20172.87,4275.63,1933.33,3144.62,0.0267
50,4,208.87,7382.32,16445.18,4006.18,1800.12,3256.55,0.0331
50,4,200.98,7575.43,16540.98,3609.81,2003.37,3352.37,0.0283
50,4,233.56,9549.05,18478.83,3716.55,1883.46,3329.76,0.0352
50,4,248.10,8192.75,18270.95,4478.72,1869.46,3730.01,0.0209
50,4,232.27,7568.17,17434.36,4648.65,1865.26,3352.28,0.0343
50,4,239.85,10104.00,18249.75,3567.39,1783.50,2794.86,0.0311
50,4,201.48,8080.60,15384.86,3118.53,1272.74,2912.98,0.0229
50,4,213.41,9147.39,16098.92,3223.43,1277.60,2450.50,0.0171
50,4,220.73,7591.71,16713.96,4151.32,1840.21,3130.72,0.0313
50,4,206.26,8075.12,15981.03,3403.71,1559.14,2943.06,0.0285
50,4,239.04,8761.11,18085.39,3924.52,1784.86,3614.91,0.0327
50,4,215.26,7292.20,17042.91,4465.58,1834.33,3450.80,0.0353
50,4,247.61,9122.62,18490.57,3700.93,1868.67,3798.34,0.0295
50,4,241.78,7589.76,17849.44,4408.13,1780.17,4071.38,0.0199
50,4,272.99,9354.07,20330.50,4584.01,2161.30,4231.13,0.0329
50,4,185.19,6764.62,14900.09,3223.21,1644.48,3267.78,0.0219
50,4,231.81,9756.93,18832.05,3843.00,1929.31,3302.81,0.0301
50,4,189.12,5877.05,14380.71,4056.15,1661.31,2786.19,0.0346
50,4,214.71,7356.53,15625.65,3179.17,1373.33,3716.62,0.0329
50,4,218.36,8732.94,16648.87,3382.37,1512.01,3021.54,0.0160
50,4,200.87,7409.59,14583.93,3215.70,1429.49,2529.15,0.0258
50,4,212.72,6737.04,16085.97,3857.94,1716.71,3774.28,0.0209
50,4,264.17,9493.07,19688.87,4029.45,1979.53,4186.82,0.0255
75,4,220.17,9427.69,17632.53,3453.09,1445.04,3306.71,0.0301
75,4,263.56,13050.40,21883.44,3477.01,1667.97,3688.06,0.0431
75,4,254.07,12314.32,20503.02,3102.32,1608.26,3478.12,0.0404
75,4,227.06,10413.56,18818.23,3635.59,1845.24,2923.84,0.0320
75,4,314.31,14247.30,24672.16,3785.23,1950.74,4688.90,0.0307
75,4,261.11,10825.49,19990.51,3590.37,1660.49,3914.15,0.0414
75,4,283.46,11856.64,21546.40,3906.94,1801.26,3981.56,0.0368
75,4,227.64,9952.45,18218.46,2793.88,1323.40,4148.73,0.0376
75,4,225.48,9390.50,17948.87,3535.17,1531.59,3491.61,0.0473
75,4,246.63,11495.11,19898.71,3183.42,1546.81,3673.37,0.0437
75,4,241.24,11727.70,20061.99,3162.77,1483.44,3688.08,0.0430
75,4,216.34,8794.40,17080.62,3725.82,1671.07,2889.34,0.0294
75,4,261.68,13664.58,22899.82,4032.89,2026.71,3175.64,0.0553
75,4,234.89,8169.97,18054.22,3981.83,1882.92,4019.50,0.0508
75,4,216.79,8755.07,17102.73,3660.74,1572.06,3114.86,0.0379
75,4,273.41,12046.46,21365.70,3879.04,1662.18,3778.02,0.0361
75,4,254.13,11932.86,21426.79,3771.25,1797.76,3924.93,0.0349
75,4,255.17,10347.02,20030.08,4043.15,2076.98,3562.92,0.0315
75,4,308.33,15583.93,24490.81,3880.05,1781.46,3245.38,0.0460
75,4,228.85,9100.63,17800.02,3303.08,1519.57,3876.73,0.0286
75,4,261.01,12140.29,21335.89,3638.21,1639.84,3917.56,0.0386
75,4,234.54,8662.86,18763.53,4227.08,2001.53,3872.06,0.0396
75,4,253.19,10697.63,19611.09,3753.67,1760.39,3399.39,0.0387
75,4,231.24,10355.40,18262.05,2854.48,1536.22,3515.95,0.0361
75,4,239.85,10817.91,20056.37,3714.45,1788.78,3735.22,0.0485
75,4,264.67,12287.03,21109.54,3428.95,1610.52,3783.04,0.0321
75,4,284.18,13745.16,22602.03,3334.23,1693.16,3829.49,0.0508
75,4,218.93,9714.35,17777.27,2950.98,1489.41,3622.53,0.0438
75,4,236.88,11140.82,19925.20,3592.79,1702.06,3489.53,0.0385
75,4,294.66,15218.91,24097.00,3362.89,1774.51,3740.70,0.0394
75,4,248.22,8564.86,18627.48,4631.24,1924.87,3506.51,0.0505
75,4,262.58,11765.28,20253.35,3382.71,1466.78,3638.58,0.0321
75,4,220.30,9753.00,18188.90,3093.29,1525.75,3816.87,0.0346
75,4,312.99,13521.78,23638.04,4449.30,1840.89,3826.08,0.0408
75,4,257.60,10352.95,19702.31,3388.74,1662.90,4297.72,0.0326
75,4,187.20,8558.87,16072.41,3146.36,1552.69,2814.48,0.0422
75,4,292.39,13914.43,22996.50,3721.47,1613.58,3747.03,0.0287
75,4,242.99,10908.17,19844.84,3587.23,2039.12,3310.32,0.0422
75,4,228.86,10716.05,18690.08,3011.21,1559.31,3403.51,0.0373
75,4,222.52,10382.72,18093.02,3046.27,1549.86,3114.17,0.0299
75,4,242.07,11090.14,18824.97,2970.97,1413.70,3350.15,0.0505
75,4,224.68,9724.92,18080.07,3925.43,1590.63,2839.09,0.0320
75,4,282.28,13340.09,22855.68,3338.18,1572.27,4605.14,0.0322
75,4,268.68,10615.68,20450.19,4502.14,1931.09,3401.28,0.0356
75,4,200.08,6862.97,15689.15,4143.55,1728.22,2954.40,0.0339
75,4,268.18,10623.62,21046.33,4172.33,2002.23,4248.15,0.0377
75,4,229.91,9966.77,18214.63,3639.68,1634.52,2973.66,0.0327
75,4,301.94,12589.56,22857.84,4233.10,1752.28,4282.89,0.0354
75,4,324.43,16161.54,25654.76,3760.51,1814.66,3918.05,0.0438
75,4,185.78,6893.89,14730.53,2967.78,1623.83,3245.03,0.0408
75,4,267.60,11384.05,20481.69,3764.05,1843.65,3489.94,0.0425
75,4,264.90,11255.24,20312.64,3785.10,1689.94,3582.35,0.0469
75,4,258.37,13516.25,21550.40,3278.60,1613.17,3142.38,0.0383
75,4,284.29,13692.67,23428.56,4084.55,1876.35,3774.98,0.0427
75,4,233.39,10175.86,18484.94,3388.20,1623.63,3297.25,0.0431
75,4,249.56,10634.96,19786.49,3846.86,1929.67,3375.01,0.0349
75,4,270.31,11595.53,20272.64,3324.41,1432.35,3920.34,0.0310
75,4,267.97,13487.07,21754.63,3205.08,1447.36,3615.11,0.0350
75,4,242.42,11593.13,20171.47,3497.85,1723.21,3357.28,0.0559
75,4,258.66,13171.45,20921.40,2733.26,1492.75,3523.93,0.0334
75,4,244.12,9455.70,18987.70,3737.96,1688.44,4105.59,0.0556
75,4,273.66,12128.75,20787.21,3530.94,1594.50,3533.01,0.0390
75,4,246.53,12226.38,20154.12,3424.85,1592.11,2910.77,0.0291
75,4,259.96,12319.61,21305.74,3743.24,1697.30,3545.58,0.0337
75,4,300.03,14294.85,22688.38,3248.73,1500.92,3643.87,0.0398
75,4,224.67,10955.48,19537.22,3184.12,1995.32,3402.30,0.0526
75,4,259.54,12919.78,21625.90,3320.63,1597.57,3787.91,0.0309
75,4,288.93,12645.31,23135.60,4343.17,2024.64,4122.48,0.0307
75,4,277.85,12858.85,22081.96,3382.71,1977.61,3862.80,0.0497
75,4,271.25,12058.17,21950.87,3713.02,1930.02,4249.65,0.0479
75,4,209.98,7860.25,16994.41,3965.37,1805.33,3363.46,0.0599
75,4,225.16,8686.14,18007.82,3991.53,1766.62,3563.53,0.0397
75,4,288.69,13218.15,22103.89,3278.41,1485.43,4121.90,0.0359
75,4,212.34,9224.00,17725.71,3603.25,1528.29,3370.17,0.0356
75,4,231.85,10805.08,19209.66,3248.74,1742.80,3413.03,0.0339
75,4,279.71,13793.01,22277.74,3097.01,1834.45,3553.28,0.0348
75,4,322.84,16393.10,25639.69,3610.41,1828.62,3807.57,0.0296
75,4,255.31,10834.01,19966.33,3837.15,1699.01,3596.15,0.0505
75,4,249.55,11340.54,20862.07,3709.85,1968.53,3843.15,0.0373
75,4,269.74,12679.73,21479.37,3476.06,1762.44,3561.15,0.0300
75,4,294.24,11860.31,21655.35,4048.69,1705.92,4040.43,0.0304
75,4,247.51,10969.16,20475.44,4342.51,1784.30,3379.48,0.0336
75,4,291.26,14901.59,23457.85,3616.71,1731.94,3207.61,0.0338
75,4,218.73,10670.66,17314.62,2483.39,1218.61,2941.95,0.0232
75,4,216.61,11440.11,17930.35,2765.73,1159.88,2564.63,0.0292
75,4,255.25,10911.60,19800.52,3814.46,1690.12,3384.35,0.0394
75,4,252.24,12050.29,19894.33,3039.97,1469.35,3334.73,0.0484
75,4,269.76,11574.12,21103.60,3878.56,1687.90,3963.02,0.0473
75,4,260.74,10948.21,20505.24,4072.07,1718.76,3766.20,0.0542
75,4,290.82,14081.54,23244.02,3331.93,1750.05,4080.50,0.0354
75,4,242.21,10922.30,19849.77,3360.75,1566.45,4000.26,0.0308
75,4,280.56,13163.45,22952.20,3544.20,1956.96,4287.59,0.0376
75,4,226.27,9414.37,17852.63,3217.81,1592.66,3627.79,0.0353
75,4,311.07,14886.13,24990.83,4113.40,1927.98,4063.31,0.0336
75,4,207.32,7374.42,15875.66,4051.91,1715.64,2733.68,0.0302
75,4,242.19,10923.24,18945.66,2916.79,1357.01,3748.61,0.0268
75,4,253.97,12729.57,20070.80,2741.28,1430.46,3169.50,0.0284
75,4,233.63,10955.54,17742.03,2801.69,1311.67,2673.14,0.0364
75,4,251.66,8643.35,18914.40,4462.19,1828.74,3980.12,0.0322
75,4,300.44,13271.81,23576.35,3868.25,1935.34,4500.96,0.0466
100,4,239.21,10394.82,19095.10,3782.90,1527.59,3389.80,0.0507
100,4,305.79,15701.41,24606.75,3427.64,1614.92,3862.78,0.0462
100,4,268.06,14210.49,22045.63,2835.96,1482.13,3517.06,0.0477
100,4,254.03,12749.70,20652.66,3198.25,1745.77,2958.94,0.0613
100,4,316.00,16572.59,25846.62,2869.44,1757.89,4646.70,0.0540
100,4,276.40,13346.54,22640.36,3543.41,1673.42,4076.99,0.0653
100,4,325.75,15955.61,25928.78,3754.16,1750.32,4468.68,0.0505
100,4,241.11,9975.63,18738.62,3281.93,1465.08,4015.98,0.0546
100,4,244.48,12239.94,20455.20,3119.93,1449.58,3645.75,0.0446
100,4,278.77,14703.03,22607.14,2517.88,1412.87,3973.37,0.0468
100,4,263.51,13632.62,21424.09,2790.56,1367.94,3632.97,0.0567
100,4,238.41,12236.32,19617.81,2990.78,1478.56,2912.15,0.0484
100,4,278.32,16048.70,25601.24,4201.22,1986.39,3364.94,0.0593
100,4,242.00,9365.95,19041.39,3969.05,1903.56,3802.83,0.0636
100,4,192.54,8978.45,16850.93,3385.94,1501.76,2984.78,0.0537
100,4,284.52,13894.49,23124.94,3853.05,1662.71,3714.69,0.0613
100,4,318.27,15662.25,26160.73,4336.43,1854.13,4307.91,0.0430
100,4,283.56,13219.81,22826.88,4007.49,1992.13,3607.45,0.0551
100,4,319.75,17836.85,26484.92,3541.45,1703.27,3403.35,0.0629
100,4,227.28,10142.57,18574.93,3046.11,1534.03,3852.22,0.0600
100,4,320.12,14539.06,24586.63,4164.17,1681.10,4202.30,0.0543
100,4,245.00,11401.58,21036.53,3811.60,1863.54,3959.82,0.0478
100,4,297.63,14583.98,23827.05,3898.86,1736.67,3607.53,0.0391
100,4,241.36,10543.97,19208.69,3540.52,1653.87,3470.33,0.0427
100,4,256.90,11316.03,21168.78,4241.88,1869.37,3741.51,0.0470
100,4,269.92,13396.52,22165.91,3589.23,1626.37,3553.79,0.0552
100,4,321.53,15998.71,24709.79,3216.10,1622.26,3872.72,0.0477
100,4,244.97,11861.92,20138.70,3059.91,1522.49,3694.38,0.0385
100,4,265.44,13905.24,22207.15,3031.72,1600.17,3670.02,0.0585
100,4,324.08,18309.87,27469.85,3440.12,1792.45,3927.42,0.0595
100,4,252.64,11606.36,20592.71,3683.65,1773.56,3529.15,0.0435
100,4,286.95,14521.85,22859.76,3198.75,1470.84,3668.32,0.0471
100,4,258.30,11664.10,20811.42,3477.13,1520.62,4149.57,0.0414
100,4,326.89,14107.00,24309.01,4506.22,1883.72,3812.08,0.0540
100,4,265.45,12476.75,21617.96,3188.99,1544.86,4407.37,0.0591
100,4,223.35,10529.78,18503.30,3328.14,1528.18,3117.20,0.0514
100,4,292.28,16354.95,24858.91,3248.98,1477.33,3777.64,0.0418
100,4,230.35,11737.00,19848.36,2967.00,1980.24,3164.12,0.0533
100,4,239.83,12491.68,20321.27,2801.00,1537.92,3490.67,0.0447
100,4,240.08,12904.42,20121.71,2650.23,1401.39,3165.67,0.0577
100,4,266.01,14580.13,21571.58,2190.50,1242.42,3558.52,0.0567
100,4,246.52,12392.16,19943.52,3241.50,1362.44,2947.41,0.0513
100,4,318.15,16327.95,26188.30,3495.94,1525.99,4838.42,0.0560
100,4,258.92,12949.25,21657.16,3613.80,1775.69,3318.42,0.0508
100,4,218.74,8081.22,16938.49,4047.27,1675.04,3134.95,0.0603
100,4,281.71,13306.96,23097.55,3607.77,1802.89,4379.93,0.0469
100,4,250.64,12383.75,20148.60,3218.05,1540.25,3006.55,0.0480
100,4,289.71,12695.28,22882.33,4346.77,1794.57,4045.71,0.0601
100,4,333.92,17832.75,27537.46,4068.49,1880.31,3755.91,0.0437
100,4,177.89,7433.14,15296.31,3179.15,1623.05,3060.97,0.0506
100,4,298.11,14851.40,23821.02,3615.35,1729.22,3625.05,0.0536
100,4,242.72,11368.71,20246.42,3841.35,1719.45,3316.91,0.0437
100,4,287.26,15714.55,23676.90,3233.98,1573.51,3154.86,0.0438
100,4,301.80,15407.51,25220.02,4042.52,1962.23,3807.76,0.0556
100,4,263.07,12521.89,20749.50,3043.46,1564.80,3619.35,0.0384
100,4,253.50,12005.28,20258.61,3199.51,1790.25,3263.58,0.0493
100,4,296.50,14562.80,22860.05,2901.76,1322.11,4073.38,0.0365
100,4,322.87,17049.40,25491.44,3040.17,1383.49,4018.37,0.0406
100,4,258.05,13348.88,21567.60,3149.33,1679.09,3390.30,0.0636
100,4,284.11,14005.82,22570.49,3243.96,1612.41,3708.29,0.0616
100,4,271.09,12194.99,21607.78,3440.90,1626.90,4344.99,0.0404
100,4,264.68,15059.44,22430.89,2512.01,1329.59,3529.85,0.0404
100,4,276.81,13797.05,22392.21,3838.20,1658.26,3098.69,0.0383
100,4,286.48,15061.70,23219.27,2994.90,1560.78,3601.89,0.0398
100,4,327.79,17009.06,25418.66,3116.64,1444.65,3848.31,0.0450
100,4,258.49,13997.11,22328.97,2759.02,1978.71,3594.13,0.0801
100,4,289.56,15184.42,24324.65,3485.74,1590.84,4063.65,0.0529
100,4,310.05,14439.70,24273.20,3867.36,1920.25,4045.89,0.0454
100,4,288.87,14423.30,23652.27,3402.27,1978.87,3847.83,0.0592
100,4,298.67,14320.34,24293.25,3624.26,1838.02,4510.63,0.0646
100,4,202.44,8934.88,17637.94,3667.33,1790.07,3245.65,0.0687
100,4,258.95,11669.59,20457.80,3417.06,1633.57,3737.59,0.0449
100,4,327.67,16680.29,25517.45,2977.08,1451.77,4408.31,0.0730
100,4,227.10,10620.21,18674.62,3242.82,1460.88,3350.72,0.0460
100,4,273.79,14632.04,22669.91,2753.32,1561.40,3723.15,0.0538
100,4,294.25,15458.57,24092.50,3204.96,1815.97,3613.00,0.0421
100,4,371.03,19095.32,28807.30,3936.87,1836.74,3938.38,0.0443
100,4,282.11,14112.19,22464.48,3080.96,1622.01,3649.33,0.0547
100,4,291.88,14563.07,23880.27,3393.10,1904.65,4019.45,0.0504
100,4,290.74,15477.58,24380.28,3269.92,1774.82,3857.95,0.0460
100,4,306.23,14545.95,23968.53,3712.51,1647.69,4062.37,0.0459
100,4,247.31,12905.57,21492.67,3494.69,1656.58,3435.83,0.0535
100,4,311.09,16330.00,25370.39,4017.60,1785.36,3237.42,0.0437
100,4,248.50,14257.98,20997.13,2184.65,1074.55,3479.95,0.0407
100,4,206.99,12878.90,18517.37,2170.13,1083.86,2384.48,0.0472
100,4,289.02,13311.73,22429.73,3854.09,1744.82,3519.10,0.0564
100,4,254.87,13566.96,20866.38,2621.21,1323.26,3354.95,0.0350
100,4,255.97,13873.25,21921.09,2804.34,1522.90,3720.60,0.0459
100,4,288.70,13600.00,22710.10,3567.21,1583.32,3959.57,0.0408
100,4,301.22,15865.63,24688.71,3133.02,1726.76,3963.30,0.0384
100,4,300.87,14090.47,23145.63,3215.71,1534.74,4304.71,0.0505
100,4,273.22,15698.72,24607.88,2898.15,1818.02,4192.99,0.0410
100,4,249.14,12601.87,20623.52,2785.86,1446.13,3789.66,0.0446
100,4,343.66,17586.37,27859.95,4223.70,1961.71,4088.17,0.0627
100,4,199.01,9467.79,16756.96,3202.63,1520.97,2565.57,0.0463
100,4,248.00,13832.05,21110.42,2207.79,1235.92,3834.66,0.0469
100,4,273.31,15579.47,23939.74,3272.49,1533.50,3554.28,0.0370
100,4,254.05,14269.97,20692.52,2350.20,1214.68,2857.68,0.0584
100,4,244.43,9792.92,19636.43,4143.16,1804.71,3895.65,0.0398
100,4,294.13,15125.77,24467.01,3202.47,1788.38,4350.39,0.0525
125,4,249.12,12333.91,20438.18,3346.62,1442.53,3315.12,0.0640
125,4,273.96,14875.86,23454.36,3350.76,1636.54,3591.19,0.0799
125,4,293.20,17072.18,24680.77,2446.88,1347.69,3814.01,0.0584
125,4,232.18,13045.27,20810.69,3215.64,1745.66,2804.12,0.0620
125,4,357.01,18391.87,28762.37,3683.03,1909.18,4778.29,0.0735
125,4,291.89,15054.22,24367.31,3468.76,1606.82,4237.51,0.0524
125,4,340.42,16941.20,26961.44,3914.74,1729.34,4376.16,0.0547
125,4,251.80,11462.85,20198.52,3267.17,1448.49,4020.02,0.0786
125,4,235.48,12383.64,20119.38,2867.99,1364.28,3503.47,0.0586
125,4,290.11,15504.18,24003.75,2975.44,1492.77,4031.37,0.0603
125,4,297.10,15133.74,23404.90,3135.86,1463.11,3672.19,0.0544
125,4,269.01,13875.21,21340.45,2974.24,1495.82,2995.18,0.0514
125,4,318.60,16654.13,26610.89,4462.87,2137.96,3355.94,0.0591
125,4,244.85,11578.99,20861.97,3504.53,1830.37,3948.08,0.0572
125,4,201.60,10431.36,18527.21,3441.74,1529.28,3124.83,0.0628
125,4,316.62,18166.07,26662.24,3068.49,1444.65,3983.03,0.0454
125,4,315.19,16022.99,25643.89,3736.27,1736.35,4148.27,0.0852
125,4,290.48,15205.39,24183.63,3616.46,1913.59,3448.19,0.0642
125,4,335.71,19237.16,28391.92,3977.96,1751.62,3425.18,0.0538
125,4,239.67,10877.24,19669.09,3447.13,1521.78,3822.94,0.0795
125,4,316.22,16785.00,25920.45,3381.74,1544.45,4209.26,0.0904
125,4,253.29,12551.20,22350.34,3893.03,1942.34,3963.78,0.0696
125,4,278.09,15572.04,23763.09,3111.56,1619.89,3459.59,0.0771
125,4,238.59,13103.59,20673.65,2669.88,1468.09,3432.09,0.0672
125,4,272.16,13999.13,22380.00,3051.47,1689.51,3639.89,0.0662
125,4,277.70,15423.13,23475.73,2806.01,1518.35,3728.24,0.0848
125,4,321.49,17476.62,26038.72,2972.62,1645.22,3944.26,0.0648
125,4,269.06,13460.52,22119.32,3183.22,1500.82,3974.76,0.0566
125,4,286.10,15386.75,24456.73,3649.85,1720.56,3699.57,0.0655
125,4,314.20,20716.20,28550.74,2607.45,1574.28,3652.82,0.0719
125,4,279.51,13242.05,23019.95,4142.54,1836.49,3798.87,0.0733
125,4,302.84,16579.10,24053.64,2534.76,1317.13,3622.65,0.0567
125,4,259.78,13590.20,22428.27,3083.67,1492.21,4262.18,0.0809
125,4,317.98,17215.33,26119.49,3424.92,1651.67,3827.57,0.0626
125,4,273.58,13273.75,22780.74,3476.71,1668.37,4361.91,0.0583
125,4,229.11,12751.79,20093.05,2810.46,1439.38,3091.42,0.0547
125,4,330.72,18041.35,27395.19,3926.64,1589.30,3837.90,0.0703
125,4,251.74,13112.43,21624.27,3356.87,2019.75,3135.23,0.0813
125,4,253.65,13238.26,21570.05,3151.84,1649.77,3530.18,0.0578
125,4,269.18,14029.13,21959.82,3197.78,1501.63,3231.28,0.0518
125,4,271.40,14674.51,22299.56,2812.38,1391.78,3420.89,0.0652
125,4,262.19,13435.94,21319.32,3487.35,1440.27,2955.77,0.0509
125,4,321.16,15989.39,26184.91,3939.88,1653.94,4601.71,0.0649
125,4,281.00,14580.27,23168.62,3564.76,1703.94,3319.65,0.0678
125,4,213.18,8394.08,16757.72,3729.42,1680.80,2953.42,0.0770
125,4,300.69,14594.64,24898.99,3869.49,1879.38,4555.48,0.0658
125,4,241.29,13201.39,20463.01,2832.25,1528.76,2900.61,0.0587
125,4,311.82,17466.95,26863.54,3536.64,1597.45,4262.50,0.0686
125,4,368.13,21233.59,30715.01,3755.72,1784.99,3940.71,0.0606
125,4,228.16,9582.91,18315.65,3451.55,1637.46,3643.72,0.0515
125,4,294.76,15391.42,24328.65,3499.78,1704.83,3732.62,0.0655
125,4,260.84,13851.16,22296.31,3324.48,1548.30,3572.37,0.0476
125,4,287.67,17364.91,25436.33,3291.10,1597.08,3183.24,0.0510
125,4,306.08,15738.66,25533.15,4083.24,1978.17,3733.08,0.0608
125,4,258.63,14940.35,22348.36,2514.93,1434.91,3458.17,0.0514
125,4,284.30,14645.36,23080.03,3129.33,1768.56,3536.78,0.0584
125,4,306.59,16451.08,24303.17,2543.55,1260.29,4048.25,0.0545
125,4,297.65,17315.75,24924.75,2632.16,1287.19,3689.65,0.0494
125,4,280.78,15992.97,24228.28,3089.40,1628.20,3517.71,0.0661
125,4,300.17,17583.49,25458.59,2655.23,1467.81,3752.06,0.0609
125,4,293.80,15030.99,23956.16,2853.81,1514.60,4556.76,0.0774
125,4,250.29,14962.06,21971.36,2424.39,1381.52,3203.39,0.0599
125,4,308.92,16357.63,24957.00,3687.62,1708.67,3203.07,0.0663
125,4,287.04,17265.40,24946.79,2536.38,1414.81,3730.21,0.0630
125,4,306.08,17578.50,25335.28,2679.47,1395.98,3681.34,0.0703
125,4,270.59,15284.38,23234.16,2476.34,1979.24,3494.20,0.0728
125,4,274.83,15232.47,23612.01,3133.31,1585.22,3661.01,0.0616
125,4,328.29,16240.52,26298.05,3957.72,1961.31,4138.51,0.0733
125,4,328.20,16854.50,26681.13,3711.21,1993.08,4122.34,0.0841
125,4,305.97,16227.18,25780.80,3226.88,1815.04,4511.70,0.0641
125,4,222.70,10356.73,18838.96,3399.83,1723.28,3359.12,0.0598
125,4,277.42,14145.29,22701.43,3214.02,1560.03,3782.08,0.0662
125,4,331.74,18986.44,27675.82,3022.62,1482.15,4184.61,0.0684
125,4,244.24,13654.28,20492.21,2251.46,1290.57,3295.90,0.0464
125,4,275.89,15357.87,24078.98,3264.38,1664.29,3792.43,0.0618
125,4,309.65,17692.11,26137.66,2915.77,1772.28,3757.50,0.0728
125,4,357.80,21145.23,29584.79,2933.28,1626.59,3879.70,0.0739
125,4,285.41,14774.51,23666.49,3509.70,1677.33,3704.96,0.0649
125,4,293.45,16200.86,24712.24,2787.68,1778.85,3944.85,0.0556
125,4,307.69,16542.64,25597.00,3496.44,1775.20,3782.71,0.0635
125,4,308.26,17270.46,26552.94,3464.90,1567.71,4249.86,0.0536
125,4,243.01,13936.64,22592.82,3563.36,1629.44,3463.38,0.0588
125,4,309.38,18190.10,26928.98,3671.58,1783.98,3283.32,0.0688
125,4,237.91,16363.00,22365.78,1857.48,1018.30,3127.00,0.0602
125,4,192.87,13671.19,19278.48,2110.27,1051.07,2445.95,0.0462
125,4,292.10,15947.91,24434.89,3289.12,1615.10,3582.76,0.0629
125,4,291.50,16131.22,24081.00,3183.52,1452.95,3313.31,0.0703
125,4,274.10,14548.65,23175.53,3194.82,1620.38,3811.68,0.0634
125,4,286.17,15340.42,24791.94,3723.11,1607.32,4121.09,0.0703
125,4,317.57,18272.34,27380.78,3183.86,1687.63,4236.95,0.0676
125,4,308.32,14519.14,23350.61,3218.02,1552.09,4061.36,0.0608
125,4,293.96,18067.66,27451.61,3162.84,1858.82,4362.29,0.0716
125,4,257.20,13412.31,21582.28,2873.99,1488.93,3807.05,0.0648
125,4,352.20,19516.26,29001.58,3578.14,1817.31,4089.87,0.0601
125,4,209.37,10968.25,17804.65,2749.13,1445.97,2641.30,0.0732
125,4,274.47,14894.74,22775.23,2726.75,1342.13,3811.60,0.0562
125,4,307.03,16819.32,25917.21,3889.00,1595.12,3613.77,0.0564
125,4,279.10,16215.96,22573.42,2272.61,1201.76,2883.10,0.0593
125,4,260.92,12237.17,21184.11,3417.80,1684.17,3844.98,0.0491
125,4,311.34,16821.92,26548.08,3495.91,1887.73,4342.52,0.0736
150,4,273.20,12566.49,21112.14,3766.92,1525.76,3252.96,0.0674
150,4,341.60,19084.70,28037.44,3329.71,1598.54,4024.48,0.0647
150,4,309.36,19455.10,26783.96,2198.47,1307.68,3822.71,0.0774
150,4,255.44,14557.29,22463.18,3289.79,1757.54,2858.57,0.0847
150,4,340.26,19321.59,28542.71,2880.64,1746.20,4594.28,0.0651
150,4,303.42,15342.06,25249.38,4029.19,1745.40,4132.73,0.0685
150,4,321.21,19644.51,28402.53,2846.31,1574.45,4337.26,0.0820
150,4,252.57,13236.66,21238.82,2650.89,1280.20,4071.07,0.0829
150,4,253.46,12919.33,21196.68,3314.41,1460.38,3502.56,0.0739
150,4,291.05,16874.51,25232.09,2803.15,1490.41,4064.03,0.0682
150,4,278.73,16704.56,24471.66,2634.34,1328.05,3804.71,0.0589
150,4,251.15,14441.62,21321.43,2568.32,1434.67,2876.82,0.0874
150,4,344.28,20709.97,30031.81,3948.28,1911.14,3462.41,0.0884
150,4,266.76,12641.93,22191.82,3734.53,1821.96,3993.40,0.0958
150,4,210.05,11008.32,18486.66,3058.85,1519.89,2899.60,0.0677
150,4,304.49,17000.19,26089.69,3653.50,1608.01,3827.99,0.0715
150,4,352.80,18877.21,28968.37,3950.90,1784.56,4355.69,0.1025
150,4,282.03,17179.46,25136.83,2642.05,1738.80,3576.52,0.0837
150,4,354.31,21758.72,30176.67,3315.33,1631.31,3471.30,0.0844
150,4,246.27,11843.33,20712.48,3414.45,1561.01,3893.69,0.0786
150,4,304.99,18790.81,27328.87,2903.75,1433.90,4200.40,0.0559
150,4,237.32,13622.28,22502.72,3276.88,1774.77,3828.79,0.0862
150,4,298.55,17423.03,25690.69,3054.40,1588.27,3625.00,0.0716
150,4,240.61,13919.99,21222.53,2379.16,1398.03,3525.35,0.0790
150,4,283.39,15885.41,24225.15,2916.83,1575.86,3847.06,0.1035
150,4,297.18,16626.87,25048.91,3110.33,1551.04,3760.67,0.0836
150,4,341.70,19159.27,28044.07,3294.84,1682.87,3907.09,0.0918
150,4,260.04,14892.16,22582.89,2593.34,1382.85,3714.54,0.0715
150,4,277.37,15747.50,24336.88,3275.79,1693.83,3619.76,0.0795
150,4,308.54,21328.61,29625.47,2775.24,1621.72,3899.89,0.0638
150,4,284.08,15678.85,24214.96,3218.91,1644.30,3672.90,0.0795
150,4,309.00,18552.43,25669.06,2159.78,1264.35,3692.51,0.0700
150,4,248.21,14410.10,22391.88,2610.57,1335.48,4035.73,0.0774
150,4,329.83,19494.90,28004.77,2999.95,1572.72,3937.19,0.0592
150,4,306.40,14523.55,24202.83,3560.82,1635.18,4483.28,0.0580
150,4,217.39,11275.83,18848.05,3145.67,1519.43,2907.12,0.0590
150,4,333.84,23223.87,30794.08,2405.47,1299.65,3865.09,0.0675
150,4,261.07,15316.73,23267.07,2916.09,1927.32,3106.94,0.0980
150,4,240.51,13556.43,21458.30,2990.21,1558.45,3353.20,0.0598
150,4,211.28,13450.34,20552.94,2763.73,1424.73,2914.14,0.0656
150,4,262.72,15929.77,22306.40,1723.87,1178.87,3473.89,0.0757
150,4,224.90,13617.50,20262.66,2669.62,1252.43,2723.10,0.0769
150,4,316.27,16461.01,26342.11,3692.39,1627.67,4561.04,0.0573
150,4,293.93,16618.26,25149.75,3388.90,1631.46,3511.14,0.0895
150,4,212.89,9653.64,17472.86,3380.23,1565.63,2873.36,0.0830
150,4,318.44,16104.54,26541.62,3983.61,1921.91,4531.56,0.0862
150,4,249.92,15112.69,22104.47,2600.62,1476.44,2914.72,0.0745
150,4,333.33,18018.72,27382.18,3436.51,1589.50,4337.45,0.0891
150,4,336.35,21154.46,29788.64,3136.69,1675.70,3821.79,0.0920
150,4,228.82,11519.44,19075.70,2502.72,1466.05,3587.49,0.0971
150,4,330.17,18008.99,27174.33,3533.84,1758.95,3872.54,0.0734
150,4,301.85,17362.44,25318.93,2740.68,1386.17,3829.63,0.1002
150,4,292.22,18885.51,26690.28,3095.29,1550.00,3159.48,0.0710
150,4,340.03,18963.24,27987.76,3453.66,1798.06,3772.80,0.0760
150,4,279.87,16809.03,24202.11,2262.88,1363.56,3766.64,0.0685
150,4,311.41,16326.20,24805.25,3179.64,1748.02,3551.39,0.0875
150,4,309.80,17664.68,25732.16,2705.48,1294.17,4067.83,0.0563
150,4,342.43,20801.80,28950.77,2834.10,1332.18,3982.69,0.0611
150,4,279.43,15911.70,24138.49,3075.12,1632.82,3518.85,0.0763
150,4,289.37,16896.32,25134.38,3064.63,1587.67,3585.77,0.0636
150,4,292.98,16006.83,25064.69,3007.24,1542.49,4508.13,0.0615
150,4,288.73,17682.43,25009.59,2388.96,1336.71,3601.49,0.0577
150,4,283.16,16411.02,24424.16,3326.96,1573.27,3112.91,0.0699
150,4,314.18,19942.63,28135.49,2795.65,1463.05,3934.17,0.0549
150,4,350.96,21405.12,29249.28,2557.98,1320.87,3965.31,0.0661
150,4,265.82,13830.01,22443.50,3147.13,2046.82,3419.53,0.0845
150,4,321.98,17468.18,26485.72,3573.67,1660.03,3783.84,0.0827
150,4,333.41,17632.44,27852.69,4008.05,1910.60,4301.60,0.1074
150,4,294.90,16606.73,25889.24,3482.73,1912.30,3887.48,0.0800
150,4,311.83,16798.60,26803.52,3610.61,1863.07,4531.24,0.0847
150,4,242.14,11100.63,20079.60,3786.27,1818.96,3373.74,0.0909
150,4,256.62,14676.53,22119.02,2540.71,1485.19,3416.58,0.0693
150,4,312.78,19575.09,27332.67,2291.23,1306.29,4160.06,0.0561
150,4,241.70,14942.98,21732.47,2197.34,1257.60,3334.55,0.0718
150,4,288.44,17348.69,24755.38,2369.63,1448.04,3589.03,0.0809
150,4,326.79,19963.21,28976.72,3192.71,1796.60,4024.19,0.0650
150,4,369.83,22312.85,31000.70,3078.83,1699.08,3909.94,0.0644
150,4,266.55,16061.56,24426.62,3154.80,1569.37,3640.89,0.0720
150,4,294.43,16765.79,25738.79,3233.03,1813.04,3926.92,0.0707
150,4,312.24,18026.87,26524.05,3040.35,1712.19,3744.65,0.0616
150,4,346.05,18827.22,27937.09,3237.23,1545.69,4326.95,0.0717
150,4,297.98,15395.93,24900.54,4102.45,1747.58,3654.58,0.0939
150,4,329.59,18838.11,27000.00,3196.27,1723.97,3241.64,0.0728
150,4,265.42,16815.03,23559.48,2321.19,1097.81,3325.45,0.0604
150,4,241.99,16215.13,22242.43,2352.39,1093.85,2581.07,0.0715
150,4,309.78,17811.47,26196.51,3200.75,1583.88,3600.42,0.0620
150,4,290.20,17745.17,25100.45,2507.79,1326.61,3520.87,0.0617
150,4,304.75,16196.25,25560.08,3715.94,1696.83,3951.07,0.0705
150,4,317.14,16932.30,25856.68,3453.77,1521.21,3949.40,0.0663
150,4,322.08,19388.39,28359.21,2916.33,1683.66,4370.84,0.0671
150,4,331.58,16709.68,26058.94,3453.19,1569.56,4326.51,0.0583
150,4,329.79,20220.96,29004.33,2681.13,1723.01,4379.24,0.0583
150,4,290.78,15390.32,24103.23,3085.15,1542.26,4085.51,0.0977
150,4,347.32,21124.97,29510.41,2796.03,1670.72,3918.69,0.0934
150,4,223.21,12037.21,19159.98,2954.56,1440.35,2727.86,0.0617
150,4,263.24,15245.64,22496.77,2338.61,1241.48,3671.03,0.0888
150,4,291.41,18868.30,26728.06,2935.23,1398.07,3526.46,0.0522
150,4,267.50,16761.73,22749.40,1965.95,1111.27,2910.45,0.0706
150,4,265.97,13502.83,22265.47,3236.24,1636.09,3890.32,0.0599
150,4,320.02,17475.17,27296.90,3610.27,1878.86,4332.60,0.0772
175,4,266.69,14731.14,22686.80,3262.46,1379.32,3313.88,0.0842
175,4,320.20,18942.71,27303.72,3037.02,1530.87,3793.12,0.0906
175,4,287.51,17723.10,25360.71,2615.38,1395.00,3627.22,0.0789
175,4,250.57,15115.96,23177.97,3413.75,1761.88,2886.37,0.0807
175,4,350.22,21316.19,30776.33,2950.29,1769.63,4740.23,0.0817
175,4,294.52,17114.09,25593.16,2970.87,1572.91,3935.30,0.0777
175,4,341.23,21053.21,29954.82,3095.33,1643.73,4162.56,0.1117
175,4,274.71,15711.25,23847.00,2559.24,1271.60,4304.91,0.0981
175,4,259.62,16194.89,23672.40,2562.66,1280.44,3634.40,0.0760
175,4,272.84,16822.41,24342.70,2422.74,1412.27,3685.29,0.0723
175,4,316.65,18257.73,25809.38,2446.50,1309.51,3795.63,0.0874
175,4,254.28,15763.46,22186.92,2293.43,1324.87,2805.16,0.0820
175,4,354.27,23230.10,32769.39,3951.35,1880.48,3707.46,0.0945
175,4,268.23,13190.27,22744.93,3755.73,1824.66,3974.26,0.0829
175,4,237.07,13202.62,20749.76,2902.45,1495.55,3149.13,0.0937
175,4,328.08,19122.53,27940.02,3423.25,1547.52,3846.72,0.0737
175,4,362.63,21138.04,30562.76,3263.46,1665.35,4495.90,0.0954
175,4,299.97,17678.77,26211.49,3157.37,1850.61,3524.74,0.1100
175,4,373.61,22532.50,30981.37,3305.86,1650.65,3492.36,0.0951
175,4,265.89,13398.66,22266.26,3391.57,1522.45,3953.58,0.0800
175,4,341.23,20429.46,29229.80,3085.45,1460.05,4254.84,0.0786
175,4,283.71,15950.19,25077.41,3214.56,1774.38,4138.28,0.1189
175,4,288.44,17762.83,25309.01,2535.04,1539.00,3472.14,0.0697
175,4,275.47,17294.35,24631.82,2227.78,1375.02,3734.67,0.1003
175,4,307.66,16821.60,25707.77,3363.26,1718.90,3804.02,0.0957
175,4,282.29,17725.78,25250.63,2473.16,1451.58,3600.10,0.0852
175,4,349.16,20655.54,29551.09,3195.04,1625.47,4075.05,0.0781
175,4,259.32,15918.71,23408.70,2311.06,1373.54,3805.38,0.0915
175,4,281.96,18018.91,25754.13,2528.65,1498.05,3708.52,0.1018
175,4,368.31,23808.56,32648.71,3024.28,1681.62,4134.26,0.0943
175,4,302.03,16419.53,25296.39,3565.65,1724.67,3586.54,0.1255
175,4,326.25,20210.11,28268.97,2795.02,1350.00,3913.84,0.0792
175,4,250.26,15254.02,23048.98,2432.97,1308.08,4053.92,0.0851
175,4,325.36,19582.42,28073.12,3274.93,1637.62,3578.15,0.0943
175,4,311.21,16827.20,25680.88,2806.40,1472.71,4574.57,0.0880
175,4,222.26,13093.22,20288.38,2700.34,1469.96,3024.87,0.0981
175,4,386.09,24633.58,32869.29,2746.61,1380.89,4108.20,0.0827
175,4,281.29,15143.80,24021.02,3582.84,2095.34,3199.05,0.0876
175,4,222.99,14464.99,21564.00,2368.29,1468.98,3261.73,0.0802
175,4,247.33,14405.67,21702.95,2824.72,1428.61,3043.95,0.0798
175,4,270.62,17395.89,24145.94,1955.93,1231.58,3562.54,0.0813
175,4,238.85,15466.13,21837.53,2321.87,1236.65,2812.88,0.0747
175,4,350.08,18819.91,28712.11,3616.73,1581.84,4693.63,0.0823
175,4,284.24,16415.31,25517.83,3841.25,1709.73,3551.54,0.0874
175,4,217.21,10138.22,17743.02,3293.95,1548.98,2761.87,0.0907
175,4,286.11,15916.46,25944.72,3796.36,1854.07,4377.82,0.1196
175,4,252.76,15973.94,22895.58,2532.39,1420.89,2968.36,0.0945
175,4,331.07,20518.27,28932.75,2646.34,1433.40,4334.74,0.0920
175,4,384.27,24183.20,32862.76,2957.10,1581.84,4140.61,0.1082
175,4,202.75,10585.04,18329.53,2884.37,1510.31,3349.81,0.0845
175,4,301.83,17965.80,26244.29,2998.66,1630.02,3649.81,0.0889
175,4,310.29,16938.49,26003.62,3521.20,1614.79,3929.15,0.0854
175,4,303.31,21773.22,28730.43,2372.50,1416.99,3167.71,0.0783
175,4,331.42,18946.17,28804.26,4104.86,1910.77,3842.45,0.0933
175,4,291.73,16911.08,24488.83,2614.00,1422.94,3540.81,0.0924
175,4,307.50,17290.95,25940.29,3289.15,1750.29,3609.90,0.1032
175,4,300.97,20348.91,27026.83,1488.69,1049.44,4139.78,0.0773
175,4,345.14,21274.25,29372.89,2768.27,1321.59,4008.77,0.0878
175,4,293.61,18061.33,25885.11,2683.29,1507.00,3633.50,0.0791
175,4,256.03,18398.30,25514.49,2247.31,1424.84,3444.03,0.0801
175,4,280.73,16995.51,25508.52,2637.02,1423.80,4452.19,0.1213
175,4,280.77,18548.10,25462.35,2082.01,1275.43,3556.80,0.0961
175,4,284.95,19685.25,26379.00,2279.58,1322.95,3091.22,0.0832
175,4,314.64,19054.88,27047.17,2888.91,1505.09,3598.29,0.0869
175,4,334.99,22242.73,29783.84,2414.19,1264.77,3862.16,0.0814
175,4,316.47,18369.31,26346.97,2398.98,1871.04,3707.64,0.1314
175,4,306.94,19285.68,27559.71,2889.18,1501.34,3883.51,0.1033
175,4,375.20,20043.00,29792.87,3504.33,1797.67,4447.87,0.0731
175,4,294.65,17621.96,26344.85,3016.95,1892.45,3813.50,0.0825
175,4,298.02,18263.54,27120.77,2839.02,1708.80,4309.41,0.0978
175,4,246.68,13220.73,21627.54,3200.90,1641.29,3564.62,0.0867
175,4,276.49,15777.70,23884.69,2966.43,1503.89,3636.68,0.0795
175,4,310.29,21149.92,27889.79,1519.37,1168.20,4052.31,0.0777
175,4,241.08,14378.96,21288.85,2404.61,1306.95,3198.32,0.0919
175,4,256.70,16429.81,24181.81,2704.70,1584.78,3462.52,0.1089
175,4,320.09,19879.41,28179.12,2735.19,1712.97,3851.56,0.1175
175,4,354.97,22886.26,31311.32,2991.57,1656.36,3777.14,0.1025
175,4,281.69,16995.63,25024.39,2945.53,1526.13,3557.10,0.0767
175,4,325.48,19561.56,28914.57,3374.23,1794.87,4183.92,0.0943
175,4,300.66,18231.34,26175.99,2683.40,1643.50,3617.75,0.0839
175,4,357.07,19897.95,29440.67,3538.15,1597.60,4406.98,0.0731
175,4,275.04,16653.55,25535.35,3695.09,1669.13,3517.58,0.0827
175,4,343.89,21934.52,29655.05,2799.57,1638.44,3282.52,0.0778
175,4,251.45,18011.97,24174.44,1894.79,975.18,3292.50,0.0857
175,4,252.83,17897.10,23845.95,2170.19,1036.09,2742.58,0.0820
175,4,325.58,18253.10,26743.31,3301.93,1591.02,3597.26,0.0739
175,4,292.76,19360.30,26119.84,2135.46,1252.48,3371.61,0.0793
175,4,310.80,18466.97,27088.46,3181.13,1537.28,3903.08,0.1027
175,4,292.19,15956.98,24186.26,3150.92,1532.59,3545.77,0.1108
175,4,333.99,20635.49,29459.61,2969.70,1668.49,4185.92,0.0789
175,4,331.36,18171.90,27063.31,3018.22,1529.37,4343.81,0.0849
175,4,307.48,20248.02,29173.39,2865.37,1786.29,4273.70,0.0996
175,4,296.64,16427.67,24715.01,2871.02,1469.73,3946.60,0.0673
175,4,382.46,23043.25,32528.39,3512.26,1807.65,4165.23,0.1152
175,4,210.98,13230.67,19927.71,2533.05,1380.05,2783.94,0.0702
175,4,312.52,18092.95,25780.87,2137.71,1173.88,4376.34,0.0889
175,4,296.26,20484.46,27718.00,2443.36,1308.22,3481.95,0.0751
175,4,286.07,18254.74,24355.67,1984.29,1126.43,2990.22,0.0765
175,4,268.90,14486.92,22888.84,3017.76,1631.35,3752.81,0.0683
175,4,325.85,20696.89,29496.12,2666.12,1703.66,4429.46,0.0809
200,4,281.16,16188.06,24270.06,3129.46,1389.07,3563.48,0.1218
200,4,329.26,19961.94,28568.94,3115.07,1569.99,3921.94,0.1039
200,4,311.18,20113.69,27415.24,2290.66,1291.59,3719.31,0.0938
200,4,273.70,16960.00,24426.41,2871.62,1692.44,2902.35,0.1249
200,4,396.59,23815.31,33350.41,2826.24,1748.53,4960.33,0.0837
200,4,307.80,18648.23,27218.39,2931.17,1479.92,4159.08,0.1046
200,4,335.53,20248.75,29354.75,3345.62,1660.87,4099.51,0.1380
200,4,249.54,14790.75,21877.19,2063.62,1200.63,3822.18,0.1056
200,4,262.75,17619.86,24706.66,2131.83,1182.78,3772.20,0.0955
200,4,278.14,17885.70,25713.03,2737.80,1416.34,3673.19,0.1337
200,4,319.76,18868.41,26814.92,2834.69,1395.26,3716.56,0.0852
200,4,273.07,16572.06,23579.01,2585.01,1381.51,3040.43,0.1197
200,4,338.66,20726.95,29543.29,3582.68,1915.70,3317.96,0.1446
200,4,266.19,13663.26,23157.30,3796.84,1857.54,3839.66,0.0915
200,4,238.78,14085.26,21353.77,2755.99,1412.33,3100.19,0.1004
200,4,349.17,20824.36,29771.42,3436.96,1549.03,3961.06,0.0954
200,4,362.17,22407.09,31552.58,3091.93,1632.84,4420.72,0.1301
200,4,292.71,18135.46,26018.51,2663.27,1713.29,3506.48,0.1198
200,4,379.73,24624.60,32312.48,2658.16,1504.83,3524.89,0.1120
200,4,251.18,14643.79,22808.88,2773.60,1402.08,3989.40,0.1371
200,4,369.95,21457.67,30469.81,3187.68,1471.53,4352.92,0.1002
200,4,315.12,17615.26,26740.84,3142.07,1783.53,4199.98,0.0934
200,4,270.07,18512.22,25697.55,2372.24,1502.82,3310.26,0.0759
200,4,260.92,17725.31,24537.84,1966.11,1269.00,3577.42,0.1030
200,4,314.00,17122.83,26351.56,3710.17,1760.16,3758.40,0.1197
200,4,326.38,19748.44,27987.46,2864.30,1501.73,3872.99,0.0811
200,4,327.48,19651.63,27634.44,2756.86,1592.00,3633.96,0.0776
200,4,251.09,16188.07,22996.57,1974.60,1257.05,3576.85,0.0717
200,4,303.55,20150.46,28187.24,2707.93,1512.56,3816.29,0.1241
200,4,337.80,23099.76,31019.49,2619.20,1614.77,3685.75,0.1120
200,4,283.43,16454.59,25296.45,3445.71,1748.70,3647.44,0.1005
200,4,336.30,21753.24,29407.36,2434.62,1212.57,4006.93,0.0850
200,4,246.71,14550.11,22625.55,2805.24,1415.59,3854.61,0.1111
200,4,325.27,21430.82,29368.45,2715.23,1491.92,3730.48,0.1063
200,4,317.37,18012.96,27405.96,3126.53,1568.10,4698.37,0.1242
200,4,226.62,13489.86,20564.94,2637.21,1437.21,3000.65,0.1279
200,4,360.64,25410.55,33198.23,2474.93,1309.40,4003.36,0.0909
200,4,244.68,15761.41,23732.37,2934.51,1990.75,3045.70,0.1365
200,4,263.90,15779.09,23856.34,2935.40,1520.22,3621.64,0.1115
200,4,279.39,16969.95,24274.49,2570.86,1417.39,3316.29,0.1120
200,4,275.39,18540.70,24840.24,1628.23,1128.46,3542.85,0.1389
200,4,231.52,16104.73,22260.62,2174.39,1205.45,2776.05,0.0885
200,4,349.32,21590.46,30546.69,2712.08,1413.26,4830.90,0.0970
200,4,281.42,18683.55,26541.76,2866.61,1610.14,3381.45,0.0949
200,4,228.15,13143.77,20114.02,2587.17,1347.43,3035.65,0.1171
200,4,311.65,16486.55,26574.98,3823.86,1902.49,4362.08,0.1121
200,4,255.38,16135.55,23345.43,2715.28,1508.84,2985.75,0.0879
200,4,342.22,21914.75,30190.80,2437.95,1410.68,4427.42,0.0830
200,4,374.16,23678.37,32391.82,3120.76,1618.05,3974.63,0.0916
200,4,229.38,12320.70,19674.79,2426.44,1397.70,3529.95,0.0976
200,4,341.27,19459.28,28217.10,3298.08,1675.57,3784.16,0.1065
200,4,259.62,17412.99,24732.69,2296.39,1360.71,3662.61,0.1065
200,4,320.39,21281.84,28681.21,2698.71,1478.77,3221.88,0.0805
200,4,356.67,20162.89,30580.41,4437.73,2052.98,3926.81,0.1243
200,4,290.36,19240.43,26095.51,1823.77,1252.91,3778.40,0.0919
200,4,284.85,17588.48,24894.35,2341.18,1605.38,3359.31,0.1179
200,4,301.69,20121.08,27033.55,1887.36,1114.76,3910.34,0.0900
200,4,379.85,23275.65,31597.33,2944.31,1320.53,4056.83,0.1049
200,4,309.15,18807.52,26971.07,2955.46,1657.08,3551.01,0.1022
200,4,283.07,18923.97,26058.04,2225.62,1443.47,3464.98,0.1050
200,4,311.79,17462.79,26125.96,2781.24,1478.46,4403.46,0.1097
200,4,287.59,20603.32,27271.08,1872.54,1267.21,3528.01,0.0971
200,4,325.01,21874.38,28661.78,2239.29,1313.31,3234.80,0.0948
200,4,310.17,20923.33,28269.29,2341.67,1391.31,3612.98,0.1165
200,4,308.90,20567.67,27742.21,2278.22,1276.26,3620.06,0.0860
200,4,302.61,18432.33,26161.96,2313.37,1933.41,3482.86,0.1201
200,4,324.72,20003.37,28417.40,2899.06,1531.35,3983.61,0.1145
200,4,338.64,20238.47,29283.75,3061.33,1726.03,4257.92,0.1060
200,4,348.80,20924.04,30524.39,3348.53,1947.73,4304.08,0.1131
200,4,319.05,18559.73,28210.54,3312.91,1863.25,4474.66,0.1094
200,4,236.53,13616.46,21562.61,2882.30,1647.76,3416.08,0.1033
200,4,295.56,16794.59,25042.40,2989.33,1549.24,3709.25,0.1059
200,4,299.49,21000.46,28082.73,1941.94,1250.13,3890.20,0.1009
200,4,260.56,17144.16,24124.15,2231.35,1252.46,3496.18,0.0927
200,4,292.99,18957.32,26606.92,2401.73,1509.66,3738.20,0.1054
200,4,345.73,21496.53,29987.54,2877.63,1711.14,3902.24,0.1254
200,4,382.95,24464.38,33244.89,3158.96,1685.74,3935.81,0.1051
200,4,287.87,16000.39,24279.69,3244.77,1585.73,3448.80,0.1090
200,4,309.97,19309.34,28480.26,3274.40,1875.83,4020.70,0.1483
200,4,329.81,20710.77,28980.83,2854.83,1645.21,3770.02,0.0918
200,4,338.82,21418.00,29774.06,2695.17,1423.70,4237.19,0.0964
200,4,269.03,15487.34,23906.58,3545.56,1641.41,3232.27,0.1048
200,4,367.44,22899.23,31044.74,3243.42,1639.42,3262.68,0.0956
200,4,275.85,19205.95,25709.79,2041.84,1050.13,3411.87,0.0871
200,4,210.37,16592.17,21578.93,1580.54,925.18,2481.04,0.0958
200,4,315.31,18668.24,26663.47,2928.13,1571.33,3495.77,0.0959
200,4,322.37,20762.00,28256.91,2491.48,1280.27,3723.16,0.0845
200,4,317.23,19148.37,28044.18,3304.37,1606.05,3985.40,0.1159
200,4,324.33,20564.69,28289.57,2545.43,1353.80,3825.66,0.1154
200,4,335.98,22342.62,30436.48,2371.30,1588.14,4134.42,0.1168
200,4,317.47,18216.73,26999.04,3078.94,1509.89,4193.48,0.1043
200,4,323.40,21656.98,30663.92,2784.15,1761.59,4461.20,0.1379
200,4,280.54,17110.90,24672.90,2341.03,1386.01,3834.97,0.0971
200,4,353.61,22036.30,31237.27,3543.51,1800.50,3856.97,0.1045
200,4,214.85,14271.28,20188.96,1994.71,1268.22,2654.75,0.0981
200,4,290.45,17397.10,24486.58,2035.06,1158.36,3896.06,0.0705
200,4,316.58,22775.98,30183.82,2421.96,1331.57,3654.31,0.0831
200,4,294.93,19198.77,25526.90,2213.88,1166.04,2948.21,0.0887
200,4,253.18,13965.82,21969.68,2721.53,1570.86,3711.46,0.0966
200,4,342.70,23354.46,32014.66,2431.21,1634.68,4594.31,0.1008
225,4,299.14,17138.40,25322.61,3173.37,1388.64,3622.20,0.1004
225,4,326.37,20449.60,28494.24,2701.06,1531.42,3812.16,0.1184
225,4,317.57,19070.09,26832.31,2663.23,1424.93,3674.06,0.0880
225,4,279.48,18190.36,25912.98,3027.08,1701.81,2993.73,0.1220
225,4,376.84,24498.76,34105.16,2975.99,1701.32,4929.09,0.0995
225,4,309.75,19083.15,27220.58,2704.44,1472.42,3960.57,0.1144
225,4,340.99,23161.11,31675.91,2677.30,1544.18,4293.32,0.1527
225,4,242.56,15266.58,22681.59,2097.76,1192.77,4124.49,0.1016
225,4,255.05,16175.18,23566.23,2594.65,1310.01,3486.39,0.1055
225,4,315.50,19603.20,27804.91,2684.27,1448.12,4069.32,0.1132
225,4,318.45,19227.04,26893.03,2611.47,1336.27,3718.26,0.1199
225,4,250.45,17192.30,23522.65,2133.67,1294.83,2901.85,0.1274
225,4,325.44,21786.44,30550.24,3524.38,1865.62,3373.79,0.1605
225,4,278.02,15691.41,24436.91,3097.61,1695.95,3951.93,0.1077
225,4,232.16,14199.98,21057.24,2409.99,1416.37,3030.92,0.1137
225,4,352.43,21604.87,30869.03,3631.52,1586.45,4046.19,0.0949
225,4,352.06,21092.80,30783.72,3676.60,1738.81,4275.50,0.1266
225,4,305.82,17853.58,26606.51,3245.95,1902.41,3604.57,0.1014
225,4,344.26,24153.38,32152.35,3044.46,1605.93,3348.58,0.0988
225,4,245.45,13867.06,22226.43,2998.58,1497.54,3863.26,0.0932
225,4,370.85,23281.26,31945.69,2840.82,1381.62,4441.98,0.1006
225,4,294.07,16972.50,26226.23,3419.50,1800.07,4034.16,0.1365
225,4,298.63,20533.22,28112.30,2487.94,1456.93,3634.21,0.1116
225,4,286.61,18698.06,26369.62,2399.88,1430.97,3840.71,0.1061
225,4,301.76,19422.48,27419.81,2524.01,1564.81,3908.52,0.1292
225,4,296.69,19014.47,26667.53,2503.83,1484.35,3664.87,0.1074
225,4,339.80,22417.37,30343.56,2552.36,1542.52,3831.31,0.1354
225,4,256.62,17777.58,24001.65,1586.05,1195.50,3442.52,0.1179
225,4,281.83,19416.28,26442.22,2058.93,1408.49,3558.51,0.1087
225,4,324.80,23522.90,30708.52,2131.27,1515.42,3538.92,0.1074
225,4,257.18,16043.67,23942.91,2811.95,1621.79,3465.51,0.1429
225,4,343.87,22288.02,29799.16,2380.60,1263.74,3866.80,0.1176
225,4,273.85,17436.22,25367.76,2553.50,1321.29,4056.75,0.1328
225,4,350.10,22545.38,30904.76,3083.29,1560.29,3715.80,0.1103
225,4,295.47,18063.54,26486.72,2593.87,1458.69,4370.62,0.1247
225,4,248.83,15199.05,22343.12,2621.61,1399.31,3123.16,0.1206
225,4,386.80,26956.62,34897.64,2508.29,1299.99,4132.75,0.0874
225,4,312.01,19122.04,27639.75,3144.84,1949.97,3422.90,0.1334
225,4,290.36,15850.58,24535.43,3387.08,1668.24,3629.52,0.1480
225,4,261.85,16748.56,23714.58,2545.33,1382.94,3037.74,0.1176
225,4,267.83,18965.30,25225.39,1592.87,1160.60,3506.62,0.1330
225,4,295.41,18024.53,25342.87,2932.33,1319.54,3066.47,0.1254
225,4,363.48,21636.50,30856.20,3022.85,1447.49,4749.36,0.1100
225,4,293.98,18465.44,26588.47,3060.77,1553.87,3508.39,0.1069
225,4,208.89,12177.34,19219.85,2768.27,1429.26,2844.99,0.1155
225,4,337.93,19888.36,29931.15,3631.17,1790.31,4621.31,0.1154
225,4,266.35,17715.40,24639.67,2442.00,1422.98,3059.28,0.1189
225,4,292.11,19337.20,27467.39,2675.00,1438.46,4016.73,0.0929
225,4,357.74,25243.87,33746.84,2869.14,1622.80,4011.04,0.1291
225,4,223.17,13704.64,20810.20,2226.64,1435.57,3443.34,0.0999
225,4,316.98,19684.06,28246.86,3203.98,1630.64,3728.19,0.1474
225,4,282.00,18195.92,25572.63,2404.63,1343.67,3628.41,0.1231
225,4,304.19,21485.73,28436.41,2465.76,1432.08,3052.83,0.1091
225,4,336.62,21226.57,30509.18,3600.02,1813.59,3868.99,0.1226
225,4,301.13,19137.98,26516.46,2315.05,1347.02,3716.41,0.1257
225,4,304.78,19120.70,27495.63,3105.19,1709.44,3560.31,0.1575
225,4,360.31,21795.20,29716.81,2442.64,1188.70,4290.27,0.1430
225,4,341.81,24801.44,32150.70,2055.99,1143.06,4150.21,0.0970
225,4,309.96,19361.38,27143.88,2642.06,1607.87,3532.56,0.1254
225,4,311.82,21068.47,28577.58,2297.41,1458.32,3753.37,0.1039
225,4,325.01,18575.01,27759.87,3175.98,1527.45,4481.42,0.1116
225,4,290.20,21506.92,28184.40,1906.63,1259.32,3511.53,0.1086
225,4,303.62,20394.60,27352.77,2535.93,1419.94,3002.30,0.1023
225,4,306.72,21065.31,28581.19,2407.72,1373.12,3735.05,0.1051
225,4,358.68,23849.66,31435.70,2404.95,1312.18,3868.91,0.1033
225,4,277.76,17977.13,24936.61,1833.97,1854.64,3270.88,0.1497
225,4,327.67,20454.81,28849.39,2965.20,1506.12,3923.26,0.0978
225,4,390.32,23175.69,33222.65,3749.52,1775.53,4521.91,0.1444
225,4,324.74,20032.01,28988.62,3054.40,1875.52,4026.70,0.1164
225,4,339.78,20168.64,29300.61,2893.13,1789.47,4449.37,0.1332
225,4,239.95,14399.88,22455.86,2898.85,1668.84,3488.30,0.1154
225,4,310.37,18368.81,26163.74,2562.31,1479.75,3752.87,0.1284
225,4,320.43,22539.60,29778.22,2029.57,1263.89,3945.16,0.1032
225,4,248.71,15463.78,22270.02,2338.71,1281.39,3186.14,0.1224
225,4,280.85,18447.53,25541.51,2170.58,1453.40,3470.00,0.1207
225,4,353.84,23493.45,31393.02,2357.00,1654.96,3887.60,0.1234
225,4,399.35,25717.22,33961.19,2762.12,1621.71,3860.15,0.1319
225,4,290.81,18831.31,26284.77,2418.34,1434.31,3600.81,0.1234
225,4,328.92,19333.45,29196.60,3792.51,1974.83,4095.81,0.1226
225,4,301.32,20481.63,28415.85,2727.15,1630.60,3576.47,0.1040
225,4,360.36,22720.07,31704.92,3140.77,1482.80,4361.29,0.1049
225,4,306.99,19091.02,27932.80,3577.95,1618.89,3644.94,0.1158
225,4,349.70,22411.82,30508.79,3163.79,1726.79,3206.39,0.1226
225,4,269.92,19777.35,25913.33,1821.80,1007.06,3307.12,0.0867
225,4,217.73,16961.94,21931.70,1537.01,948.66,2484.08,0.1452
225,4,271.88,18144.38,25698.18,2704.70,1477.95,3371.14,0.1262
225,4,311.21,20353.21,27109.85,2106.37,1220.48,3429.79,0.0885
225,4,298.92,20025.03,28094.68,2602.29,1457.54,4009.83,0.1303
225,4,343.08,20840.26,29142.93,2777.67,1438.34,4086.66,0.1238
225,4,336.44,23012.27,31029.80,2257.23,1572.65,4187.65,0.1405
225,4,370.52,22014.99,31246.52,3186.24,1475.89,4569.41,0.1194
225,4,320.83,22011.99,30055.27,2302.93,1695.30,4045.05,0.1232
225,4,293.97,18755.22,26433.02,2265.11,1393.85,4018.84,0.1197
225,4,415.14,26650.22,35721.41,3128.65,1688.55,4253.99,0.1323
225,4,249.04,14300.37,21454.12,2883.26,1430.25,2840.26,0.1007
225,4,298.33,19903.19,26901.76,1790.43,1079.60,4128.54,0.1322
225,4,268.27,20655.58,27267.83,2005.38,1255.63,3351.24,0.0828
225,4,276.64,19094.19,24876.83,1794.29,1076.80,2911.56,0.1107
225,4,258.53,15464.36,23589.63,2845.47,1503.33,3776.48,0.0864
225,4,380.21,24012.98,33255.48,2679.43,1692.99,4870.08,0.0957
250,4,286.80,17534.60,24849.88,2613.75,1327.26,3374.27,0.1374
250,4,353.23,23677.18,32421.75,3106.98,1475.15,4162.45,0.1425
250,4,333.23,23597.70,30765.76,2021.12,1239.84,3907.11,0.1434
250,4,277.89,17624.19,25939.46,3546.41,1805.15,2963.71,0.1319
250,4,414.98,26076.89,35641.12,2804.38,1697.33,5062.52,0.1400
250,4,339.87,21078.54,29536.10,2735.09,1474.22,4248.25,0.1257
250,4,335.94,23254.87,30763.90,1950.01,1483.02,4076.00,0.1243
250,4,293.35,17606.47,25677.93,2559.32,1206.28,4305.86,0.1144
250,4,256.82,17594.67,24667.82,2299.45,1246.72,3526.98,0.1282
250,4,280.94,18813.44,26422.94,2388.15,1393.98,3827.36,0.1092
250,4,304.88,19621.29,27382.67,2777.86,1408.02,3575.50,0.1191
250,4,254.67,16820.01,23158.29,2186.05,1358.91,2793.32,0.1269
250,4,341.84,23583.56,32509.78,3627.45,1892.85,3405.92,0.1598
250,4,295.07,16232.69,25428.94,3485.23,1782.07,3928.94,0.1323
250,4,246.84,16484.47,23257.78,2236.91,1281.52,3254.87,0.1615
250,4,329.69,20497.32,28718.30,2968.65,1449.81,3802.51,0.1079
250,4,386.61,22453.97,31479.22,3058.42,1648.75,4318.08,0.1664
250,4,339.00,20917.87,29996.26,3426.07,1855.17,3797.16,0.1341
250,4,414.31,29228.04,37439.78,3024.88,1518.58,3668.28,0.1215
250,4,263.07,15207.89,23481.28,2932.87,1442.06,3898.45,0.1363
250,4,355.61,23270.55,31558.24,2618.85,1337.04,4331.79,0.1525
250,4,262.27,17778.19,25721.94,2554.51,1607.12,3782.13,0.1358
250,4,299.75,20510.64,27827.77,2429.99,1452.11,3435.03,0.1631
250,4,261.58,18131.81,24705.72,1884.85,1291.33,3397.74,0.1431
250,4,310.68,20385.29,27471.53,1903.06,1421.65,3761.54,0.1318
250,4,294.77,20149.25,27230.55,2022.39,1390.86,3668.05,0.1550
250,4,346.33,24639.43,31836.70,2024.72,1404.38,3768.18,0.1204
250,4,236.19,17496.86,23345.43,1304.29,1132.67,3411.61,0.1469
250,4,313.40,21828.16,28867.23,1948.88,1354.91,3735.29,0.1374
250,4,346.48,25014.23,32998.70,2590.85,1594.43,3799.18,0.1166
250,4,298.25,18111.88,26426.98,3039.31,1681.38,3594.41,0.1466
250,4,322.18,22918.24,29606.55,1769.88,1152.09,3766.34,0.1243
250,4,269.86,17813.72,25156.04,1933.60,1262.33,4146.39,0.1435
250,4,362.32,22361.57,31289.91,3503.30,1727.84,3697.20,0.1082
250,4,322.52,18877.65,27390.62,2622.35,1463.66,4426.96,0.1337
250,4,242.21,14825.63,21818.50,2492.83,1436.49,3063.54,0.1321
250,4,377.51,28210.90,36111.87,2543.24,1320.38,4037.36,0.1040
250,4,274.82,17030.01,24948.33,2775.97,1956.50,3185.85,0.1379
250,4,276.89,17050.63,25119.12,2968.71,1534.21,3565.57,0.1115
250,4,266.07,18735.04,25432.06,2172.57,1303.21,3221.25,0.1117
250,4,300.56,20722.00,27552.98,1999.16,1203.63,3628.18,0.1242
250,4,251.22,15966.91,23287.95,3129.90,1396.52,2794.62,0.1523
250,4,355.80,22107.33,31016.66,2822.51,1378.76,4708.07,0.1222
250,4,297.68,20287.93,28240.91,2936.16,1597.41,3419.41,0.1650
250,4,213.90,12877.24,19973.85,2715.78,1412.34,2968.49,0.1441
250,4,330.12,18385.26,28567.74,3817.96,1870.66,4493.86,0.1431
250,4,265.77,17911.84,24448.15,2252.43,1400.22,2883.66,0.1185
250,4,338.41,21622.82,30639.24,3213.58,1570.38,4232.47,0.1232
250,4,392.49,26162.22,35080.24,3256.38,1695.54,3966.11,0.1499
250,4,221.97,12350.17,19939.81,2683.25,1583.60,3322.79,0.1210
250,4,344.65,21989.27,30187.64,2791.75,1575.51,3831.11,0.1274
250,4,290.74,19450.86,27361.40,2679.55,1425.41,3805.58,0.1566
250,4,309.05,22579.22,29722.02,2611.17,1389.14,3142.49,0.1052
250,4,349.53,22732.84,32015.55,3666.24,1808.57,3807.90,0.1534
250,4,303.52,19247.64,26618.52,2394.99,1339.66,3636.23,0.1425
250,4,322.74,19825.68,27770.96,2698.68,1646.29,3600.32,0.1310
250,4,297.60,21590.51,28299.22,1778.67,1099.50,3830.54,0.1063
250,4,349.65,24666.10,32100.12,2136.03,1155.55,4142.44,0.1278
250,4,294.44,19790.53,27314.16,2510.20,1554.51,3458.92,0.1400
250,4,340.73,21672.35,29107.29,2433.42,1407.33,3594.19,0.1411
250,4,323.53,19919.17,28161.11,2346.03,1348.18,4547.73,0.1264
250,4,313.31,22999.16,29431.29,1630.46,1162.98,3638.68,0.1345
250,4,329.45,21729.33,29577.50,3035.21,1507.81,3305.16,0.1394
250,4,307.55,21580.29,29115.16,2414.89,1385.65,3734.33,0.1200
250,4,359.22,25003.99,32155.95,2030.48,1280.88,3840.60,0.1133
250,4,301.72,20500.38,27606.41,1796.72,1830.37,3478.93,0.1415
250,4,333.57,22112.91,29950.19,2577.14,1455.36,3804.77,0.1624
250,4,339.78,22735.50,31446.58,2872.34,1599.40,4239.35,0.1332
250,4,344.94,21184.57,30352.46,3204.33,1931.81,4031.75,0.1302
250,4,337.14,22582.12,31376.66,2547.36,1648.39,4598.79,0.1600
250,4,237.53,14239.47,22107.43,2930.90,1660.53,3276.54,0.1324
250,4,310.38,19072.88,26939.08,2574.54,1505.70,3785.95,0.1076
250,4,327.63,23631.01,30492.78,1647.82,1189.80,4024.15,0.1413
250,4,272.35,17487.84,24238.07,2140.80,1238.53,3370.90,0.1349
250,4,306.95,20979.62,28016.42,2072.96,1441.63,3522.22,0.1274
250,4,367.60,24766.12,32807.34,2398.14,1628.37,4014.71,0.1489
250,4,373.55,26045.18,34155.54,2667.92,1585.78,3856.65,0.1608
250,4,309.24,19266.30,27810.63,3142.87,1599.38,3802.08,0.1167
250,4,339.58,22556.16,31167.47,2739.60,1711.77,4159.94,0.1484
250,4,339.95,22162.11,30152.96,2602.97,1620.67,3767.20,0.1307
250,4,348.12,21742.18,30476.30,3038.01,1486.05,4210.07,0.1393
250,4,332.03,20324.12,29500.28,3794.30,1668.28,3713.59,0.1256
250,4,380.08,25175.62,32693.02,2614.02,1557.91,3345.46,0.1082
250,4,272.79,18911.74,25337.00,2118.63,1055.27,3251.36,0.0915
250,4,240.66,18938.44,24484.65,1909.80,992.45,2643.97,0.1120
250,4,313.81,19492.60,27359.50,2884.38,1529.36,3453.16,0.1463
250,4,307.94,20571.90,27293.04,2161.22,1253.11,3306.81,0.1226
250,4,298.87,20466.19,28405.68,2764.27,1510.57,3664.67,0.1507
250,4,329.44,21377.12,29321.58,2663.12,1385.87,3895.46,0.1152
250,4,348.11,24328.90,32760.27,2591.64,1609.94,4229.79,0.1223
250,4,333.12,20150.78,28710.49,2857.67,1478.97,4223.07,0.1366
250,4,311.44,23236.87,31237.56,2061.35,1696.08,4243.27,0.1310
250,4,286.92,18089.77,25618.07,2289.82,1429.50,3808.98,0.1343
250,4,393.28,26357.19,34796.34,2857.02,1659.20,3922.93,0.1536
250,4,227.94,14940.64,21446.68,2417.52,1398.57,2689.96,0.1094
250,4,319.05,20774.38,28106.15,2088.26,1171.84,4071.67,0.1275
250,4,303.38,22296.72,29196.66,2259.23,1277.29,3363.43,0.1047
250,4,275.39,19335.34,25108.14,1808.53,1085.28,2878.99,0.1380
250,4,285.02,15577.42,24270.50,3289.90,1646.25,3756.92,0.0905
250,4,341.29,23672.46,32840.98,2973.14,1726.02,4469.37,0.0965
275,4,267.13,17542.68,24293.15,2206.29,1257.72,3286.45,0.1543
275,4,347.74,22872.05,30903.26,2632.68,1446.23,3952.31,0.1352
275,4,301.87,22211.90,28606.40,1652.37,1192.71,3549.41,0.1731
275,4,262.28,18580.00,25644.20,2561.94,1627.58,2874.67,0.1942
275,4,375.69,25885.71,35136.28,2674.01,1667.12,4909.44,0.1764
275,4,330.38,20063.48,27873.86,2391.67,1448.76,3969.94,0.1215
275,4,335.56,24724.90,32695.20,2165.22,1451.35,4353.73,0.1843
275,4,238.52,16654.75,23931.82,2117.74,1194.67,3964.66,0.1295
275,4,253.46,19190.68,25790.21,1870.12,1139.35,3590.06,0.1629
275,4,305.18,20782.81,28547.92,2498.29,1363.20,3903.62,0.1414
275,4,321.58,20407.53,28117.68,2592.50,1354.46,3763.19,0.1504
275,4,265.60,17645.50,24332.10,2453.58,1365.77,2867.25,0.1611
275,4,348.93,23693.70,32654.59,3787.40,1922.86,3250.63,0.1825
275,4,287.72,16083.30,25358.82,3497.52,1785.03,3992.97,0.1486
275,4,240.98,14843.28,22046.66,2656.33,1412.42,3134.64,0.1525
275,4,337.48,22157.26,31011.33,3465.72,1532.12,3856.23,0.1493
275,4,367.26,23210.36,32887.04,3568.55,1717.77,4390.35,0.1667
275,4,289.78,18863.12,26687.96,2722.60,1781.44,3320.79,0.1467
275,4,370.69,26593.65,34535.05,2983.70,1561.48,3396.22,0.1346
275,4,258.18,16611.91,24293.40,2420.31,1325.93,3935.25,0.1632
275,4,392.36,25752.72,34037.01,2642.84,1334.79,4306.66,0.1184
275,4,282.09,17942.10,26585.29,2920.28,1720.76,4002.16,0.1696
275,4,324.57,22094.26,29787.78,2603.97,1488.51,3601.05,0.1361
275,4,275.24,20042.29,26851.45,1815.75,1260.97,3732.44,0.1263
275,4,292.08,18645.45,26709.74,2707.62,1600.89,3755.78,0.1558
275,4,310.06,21930.47,29010.57,2022.76,1350.94,3706.39,0.1364
275,4,358.40,24516.23,32290.50,2488.53,1474.87,3810.87,0.1364
275,4,245.65,16845.80,23374.77,1857.34,1294.77,3376.87,0.1487
275,4,326.71,23458.66,30808.65,2079.33,1442.14,3828.53,0.1615
275,4,341.03,24791.00,32385.10,2263.34,1560.84,3769.91,0.1660
275,4,295.17,17818.59,26173.34,3202.53,1655.97,3496.25,0.1655
275,4,287.11,20565.10,27542.58,2272.43,1274.57,3430.48,0.1678
275,4,261.61,16312.00,23441.81,2171.93,1290.60,3667.28,0.1491
275,4,355.84,24606.40,32928.97,2878.27,1501.87,3942.44,0.1556
275,4,329.27,20714.51,28855.39,2318.73,1405.68,4416.48,0.1476
275,4,249.62,15823.75,22690.50,2474.51,1419.35,2972.89,0.1471
275,4,360.19,27591.25,35685.54,2698.07,1308.41,4087.81,0.1512
275,4,307.17,19510.86,27382.18,2744.51,1908.52,3218.28,0.1600
275,4,265.01,18656.82,25888.78,2315.00,1392.43,3524.54,0.1445
275,4,278.07,19160.46,26039.66,2365.18,1329.39,3184.63,0.1388
275,4,317.30,22289.36,28989.42,1743.59,1147.96,3808.51,0.1451
275,4,257.17,18109.65,24970.25,2598.53,1302.47,2959.60,0.1593
275,4,376.72,23990.19,33309.71,3059.55,1425.78,4834.18,0.1499
275,4,304.86,19804.63,28043.03,3168.63,1618.47,3451.29,0.1383
275,4,218.31,13550.25,20167.57,2432.65,1345.28,2839.40,0.1581
275,4,324.16,20996.06,30037.69,2867.86,1729.78,4444.00,0.1639
275,4,270.40,18864.26,25539.64,2340.73,1433.55,2901.10,0.1522
275,4,341.82,22013.25,30904.01,3178.26,1541.75,4170.75,0.1583
275,4,368.83,25387.89,33543.65,2803.37,1599.11,3753.27,0.1741
275,4,226.52,13821.57,21283.31,2585.25,1479.14,3397.36,0.1532
275,4,331.93,21917.86,29887.99,2681.19,1582.53,3706.41,0.1940
275,4,304.20,20297.03,27941.61,2521.42,1346.85,3776.31,0.1216
275,4,299.27,22643.72,29404.89,2401.04,1362.29,2997.84,0.1434
275,4,332.10,20756.58,29659.30,3481.01,1828.78,3592.93,0.1772
275,4,300.10,20320.53,27623.17,2330.62,1353.95,3618.07,0.1758
275,4,333.32,20722.72,28537.67,2560.34,1608.14,3646.47,0.1314
275,4,312.05,23183.71,29876.47,1731.96,1076.45,3884.36,0.1354
275,4,342.50,24661.97,31879.85,2067.83,1194.37,3955.69,0.1172
275,4,305.38,20630.39,28239.92,2471.46,1550.91,3587.15,0.1628
275,4,312.42,22748.94,29972.68,2238.10,1388.97,3596.67,0.1519
275,4,319.36,19051.65,27442.94,2686.78,1450.13,4254.38,0.1573
275,4,290.98,22599.30,28754.43,1502.66,1150.62,3501.86,0.1422
275,4,303.38,21672.02,28791.90,2584.07,1424.63,3111.18,0.1462
275,4,357.24,25188.59,32557.20,2084.91,1320.40,3963.30,0.1801
275,4,350.57,24571.04,31641.87,2105.73,1221.31,3743.79,0.1445
275,4,290.53,19514.60,27194.95,2341.73,1900.26,3438.35,0.1846
275,4,319.69,22713.55,30540.38,2495.64,1434.94,3896.25,0.1591
275,4,360.11,24170.07,32457.84,2437.89,1585.61,4264.27,0.1298
275,4,328.24,21460.11,30312.02,3175.38,1872.61,3803.93,0.1982
275,4,285.02,20195.53,28171.74,2201.02,1646.69,4128.50,0.1447
275,4,245.20,15534.51,23177.41,2659.81,1601.21,3381.88,0.1613
275,4,287.54,18253.37,25558.39,2338.64,1454.47,3511.92,0.1450
275,4,324.05,25583.67,32383.97,1432.29,1126.65,4241.37,0.1357
275,4,236.34,16816.13,22681.16,1598.74,1142.28,3124.01,0.1493
275,4,291.23,20084.69,27127.41,2188.48,1491.33,3362.91,0.1587
275,4,354.34,25334.31,33362.73,2429.46,1596.06,4002.90,0.1265
275,4,408.76,29073.71,37642.10,2861.42,1567.41,4139.56,0.1434
275,4,285.09,18639.36,26510.62,2748.27,1525.78,3597.22,0.1325
275,4,323.20,22464.73,30440.32,2403.98,1656.68,3914.93,0.1539
275,4,336.26,22996.38,30706.48,2394.21,1601.71,3714.18,0.1475
275,4,318.12,22541.34,30882.40,2741.18,1426.87,4173.01,0.1691
275,4,313.29,19295.94,28057.48,3578.17,1611.20,3572.16,0.1242
275,4,350.39,23951.35,31786.55,2947.57,1597.55,3290.07,0.1424
275,4,264.09,20153.37,26116.71,1750.05,951.77,3261.52,0.1062
275,4,214.99,17578.50,22895.20,1892.34,985.71,2438.65,0.1335
275,4,314.70,20972.63,28492.59,2581.85,1484.72,3453.39,0.1790
275,4,323.78,23226.90,29228.88,1561.63,1137.21,3303.14,0.1244
275,4,309.72,22199.12,30023.92,2508.85,1448.48,3867.47,0.1817
275,4,327.75,21072.51,28777.30,2544.20,1413.06,3747.54,0.1394
275,4,337.18,25305.74,33572.66,2424.58,1545.92,4296.42,0.1675
275,4,362.57,22593.23,31147.80,2763.53,1413.12,4377.92,0.1273
275,4,356.92,24560.82,33336.93,2601.78,1741.57,4432.75,0.1506
275,4,256.27,18371.45,25011.06,1697.55,1288.72,3653.34,0.1659
275,4,371.80,27747.98,35313.10,2041.69,1470.66,4052.77,0.1601
275,4,231.06,15072.38,21574.33,2448.88,1326.17,2726.90,0.1351
275,4,320.87,21229.73,28840.90,2157.80,1139.36,4314.00,0.1336
275,4,296.53,23672.84,30396.21,2087.60,1218.87,3416.89,0.1151
275,4,302.11,21378.81,27101.78,1710.99,1063.34,2948.64,0.1205
275,4,293.88,17020.67,25758.55,3219.31,1603.02,3915.55,0.1070
275,4,364.08,24847.38,34389.75,3091.68,1752.95,4697.75,0.1520
300,4,302.78,19191.51,26758.53,2802.09,1345.58,3419.35,0.1406
300,4,320.07,22319.87,29998.45,2471.17,1469.33,3738.09,0.1695
300,4,312.29,24098.04,30503.71,1449.08,1157.76,3798.83,0.1431
300,4,251.64,18515.96,25572.14,2519.13,1656.07,2880.98,0.1846
300,4,388.42,26841.24,35354.40,2185.20,1607.48,4720.49,0.1481
300,4,335.79,21630.29,29442.39,2257.71,1440.51,4113.88,0.1496
300,4,350.27,23916.87,32320.92,2705.34,1568.08,4130.62,0.1879
300,4,250.10,18100.43,24609.25,1474.46,1092.62,3941.74,0.1650
300,4,265.31,19587.25,26158.50,1830.36,1193.62,3547.27,0.1750
300,4,310.19,21046.51,28702.00,2459.45,1350.04,3845.99,0.1689
300,4,344.88,22529.70,30521.47,2755.73,1429.63,3806.41,0.1340
300,4,279.42,19829.41,26038.06,2025.76,1303.21,2879.68,0.1549
300,4,377.36,27522.74,36110.43,3232.96,1784.49,3570.25,0.1792
300,4,270.37,16665.45,24895.05,2748.20,1644.89,3836.51,0.2011
300,4,238.12,14880.39,22082.67,2778.76,1465.20,2958.33,0.2127
300,4,350.50,23242.32,31370.22,2741.98,1424.64,3961.28,0.1766
300,4,371.55,24685.81,33843.76,3183.19,1637.26,4337.50,0.1921
300,4,273.24,18905.37,26275.34,2469.25,1732.56,3168.16,0.1714
300,4,381.83,27521.88,35298.09,2766.51,1531.85,3477.85,0.1742
300,4,272.26,17612.84,25101.45,2232.66,1314.75,3941.20,0.1627
300,4,365.40,25285.70,34072.27,2918.42,1423.08,4445.07,0.1524
300,4,308.23,19250.99,28341.07,3181.32,1744.91,4163.85,0.1708
300,4,301.42,22184.39,29486.99,2310.45,1491.11,3501.04,0.1369
300,4,281.12,21541.29,28229.85,1832.31,1287.71,3568.55,0.1474
300,4,304.50,19162.17,27596.79,2949.52,1645.02,3840.08,0.1513
300,4,300.76,21076.89,27843.96,1838.61,1341.87,3586.59,0.1496
300,4,358.79,24475.88,32306.21,2534.32,1523.68,3772.33,0.1713
300,4,282.42,18689.64,25940.91,2263.34,1277.68,3710.25,0.1366
300,4,311.56,23609.94,30856.01,2032.06,1399.84,3814.18,0.1713
300,4,362.68,25919.81,33697.09,2391.66,1592.13,3793.49,0.1224
300,4,299.16,19324.94,26991.52,2629.64,1536.28,3500.66,0.2199
300,4,328.19,22225.96,29190.21,2186.71,1219.47,3558.06,0.1382
300,4,301.18,19241.69,26631.96,2110.78,1244.82,4034.67,0.1780
300,4,364.58,22589.97,31561.05,3607.33,1718.82,3644.94,0.1578
300,4,314.09,20947.14,28940.34,2172.20,1339.62,4481.38,0.1511
300,4,227.27,15413.68,21744.75,2155.76,1347.87,2827.43,0.1720
300,4,400.67,28882.29,37329.06,2967.34,1387.76,4091.67,0.1406
300,4,296.60,19079.48,27451.55,3122.88,1962.60,3286.59,0.1539
300,4,241.17,18325.31,24794.44,1825.35,1285.15,3358.63,0.1438
300,4,259.99,19570.33,25460.10,1675.30,1190.29,3024.19,0.1181
300,4,320.31,21356.89,28673.23,2246.68,1226.31,3843.35,0.1465
300,4,252.87,17888.92,24501.41,2529.41,1256.52,2826.57,0.1584
300,4,350.08,22998.12,31561.17,2705.60,1403.08,4454.38,0.1375
300,4,336.06,21980.61,30046.75,2968.07,1587.35,3510.71,0.1395
300,4,223.63,14731.43,21006.90,2019.73,1284.91,2970.83,0.1868
300,4,326.06,20941.49,29821.17,2860.97,1710.56,4308.15,0.1532
300,4,272.92,18426.72,25369.67,2541.10,1506.70,2895.14,0.1638
300,4,347.74,23021.85,31457.03,2894.94,1438.36,4101.88,0.1560
300,4,384.39,26840.66,35373.18,3023.39,1633.86,3875.27,0.1825
300,4,233.58,15006.31,22163.85,2264.53,1401.36,3491.65,0.1584
300,4,337.05,21691.25,29758.94,2802.76,1594.54,3670.38,0.1331
300,4,306.51,19651.29,27434.13,2701.10,1418.26,3663.47,0.1800
300,4,302.83,23010.50,29678.50,2229.84,1393.35,3044.81,0.1486
300,4,352.02,22736.67,31702.38,3395.53,1782.77,3787.40,0.1723
300,4,310.55,20277.11,27285.64,2034.71,1340.47,3633.35,0.1927
300,4,315.43,21510.36,28756.37,2217.15,1552.96,3475.89,0.1636
300,4,335.44,24079.82,30791.62,1590.73,1070.19,4050.88,0.1502
300,4,369.61,25756.90,33739.68,2684.93,1269.64,4028.20,0.1242
300,4,312.62,21590.82,28972.20,2302.92,1510.08,3568.39,0.1663
300,4,288.68,20958.90,27805.64,1999.64,1388.23,3458.87,0.1608
300,4,317.75,20230.94,28088.87,2080.57,1358.13,4419.22,0.1645
300,4,313.92,22804.20,29264.66,1697.32,1199.16,3563.97,0.1541
300,4,332.08,23757.92,30910.03,2533.20,1363.54,3255.37,0.1746
300,4,330.17,23582.58,31081.98,2352.57,1402.13,3744.69,0.1808
300,4,341.02,24412.61,31831.98,2408.40,1262.04,3748.92,0.1516
300,4,306.88,21116.05,28934.41,2436.94,1907.84,3473.58,0.2290
300,4,366.28,24094.67,32281.61,2780.33,1473.23,3933.37,0.1569
300,4,401.56,26153.69,34068.30,2081.90,1508.53,4324.18,0.1959
300,4,355.82,22517.37,32013.57,3483.99,1955.11,4057.10,0.1900
300,4,306.54,20533.16,28666.21,2267.99,1656.21,4208.84,0.1681
300,4,242.73,16023.64,23557.59,2603.31,1566.39,3364.26,0.1636
300,4,275.38,18556.71,25124.99,1840.66,1379.69,3347.93,0.1701
300,4,319.70,24316.62,31194.04,1733.67,1172.22,3971.53,0.2008
300,4,260.67,18290.62,25204.43,2281.49,1245.28,3387.04,0.1931
300,4,317.57,23350.12,30146.93,1708.84,1365.56,3722.41,0.1300
300,4,358.97,24702.72,32517.69,2303.95,1650.82,3860.20,0.1669
300,4,405.06,28944.96,36947.23,2410.31,1514.05,4077.92,0.1524
300,4,317.79,21628.87,29466.28,2615.85,1444.01,3777.55,0.1354
300,4,364.29,23829.95,32911.91,3177.61,1776.64,4127.71,0.1579
300,4,331.04,24598.58,31841.54,2098.46,1506.84,3637.66,0.1660
300,4,303.07,22839.54,30448.01,2197.20,1301.88,4109.39,0.1465
300,4,309.04,19887.57,28968.31,3835.69,1654.73,3590.31,0.1675
300,4,327.93,23832.37,31324.39,2760.13,1606.94,3124.96,0.1859
300,4,267.80,20172.57,26048.18,1565.16,978.21,3332.25,0.1321
300,4,219.58,18999.52,23566.80,1215.12,894.89,2457.27,0.1508
300,4,315.27,22548.81,29558.16,2135.25,1389.03,3485.08,0.1890
300,4,298.02,21808.04,27650.58,1538.31,1157.13,3147.10,0.1451
300,4,298.51,19983.41,27780.46,2738.87,1587.02,3471.16,0.1665
300,4,338.52,23564.00,31644.13,2659.34,1383.52,4037.28,0.1846
300,4,315.19,23265.21,31265.87,2484.36,1559.54,3956.76,0.1409
300,4,361.36,23059.64,31211.27,2590.18,1386.37,4175.08,0.1658
300,4,315.05,24513.99,32871.36,2480.13,1667.79,4209.44,0.1656
300,4,287.53,19128.81,26442.71,2199.49,1357.50,3756.91,0.1647
300,4,440.63,30577.01,38581.07,2196.98,1500.12,4306.96,0.1949
300,4,235.22,13963.02,21328.78,3173.73,1483.08,2708.95,0.1627
300,4,294.27,20239.25,27140.76,1866.53,1116.87,3918.11,0.1302
300,4,309.35,24794.70,31872.65,2302.71,1267.44,3507.80,0.1082
300,4,294.69,22543.13,28192.76,1600.56,1017.22,3031.85,0.1271
300,4,284.71,17879.96,26196.53,2866.90,1540.21,3909.46,0.1131
300,4,369.60,25314.40,35273.10,3441.30,1822.74,4694.65,0.1134
325,4,301.58,19617.03,27203.13,2719.54,1293.42,3573.13,0.1591
325,4,344.93,24218.72,32203.41,2616.28,1494.66,3873.74,0.1462
325,4,338.21,24225.01,31528.75,2167.52,1330.19,3806.03,0.1450
325,4,281.97,20864.04,27807.93,2409.97,1592.63,2941.29,0.1777
325,4,391.70,27260.35,35543.38,1987.25,1583.95,4711.82,0.1783
325,4,310.55,21934.93,28966.72,1680.71,1332.64,4018.43,0.1623
325,4,369.34,25521.64,34467.42,2954.31,1615.38,4376.09,0.1581
325,4,250.83,16766.76,23826.78,2001.87,1214.64,3843.51,0.1595
325,4,264.91,21114.34,27636.74,1718.97,1099.10,3704.33,0.1303
325,4,299.66,21968.45,28953.70,1953.43,1298.48,3733.33,0.2037
325,4,309.62,21042.89,28924.27,2799.82,1430.50,3651.06,0.1728
325,4,285.01,20017.99,25837.07,1762.94,1252.18,2803.97,0.1718
325,4,381.10,26055.23,35100.11,3549.46,1891.66,3603.76,0.2254
325,4,295.49,19136.01,27464.23,2641.97,1647.19,4039.07,0.2227
325,4,253.01,15796.33,23339.02,2917.18,1452.38,3173.13,0.1610
325,4,347.56,24126.87,32564.46,2951.20,1462.99,4023.40,0.2047
325,4,376.21,24909.70,33436.86,2669.75,1574.34,4283.07,0.2168
325,4,297.52,20546.30,27959.03,2370.26,1686.98,3355.49,0.1904
325,4,370.81,28365.66,36080.50,2744.45,1544.92,3425.47,0.1693
325,4,287.04,18262.35,25662.70,2090.86,1310.35,3999.13,0.1848
325,4,394.45,26716.53,35447.82,2922.26,1413.76,4395.27,0.1392
325,4,289.95,19655.94,27810.29,2603.03,1608.09,3943.23,0.2106
325,4,322.19,24318.42,31140.58,1974.08,1361.75,3486.33,0.1721
325,4,291.49,21050.31,27906.32,1948.46,1299.43,3608.12,0.1692
325,4,318.22,20991.90,29479.27,2938.80,1647.06,3901.51,0.1817
325,4,346.07,22684.91,30337.68,2375.82,1407.72,3869.24,0.1600
325,4,370.01,26062.21,33321.72,2058.49,1426.85,3774.18,0.1981
325,4,270.15,19429.79,26327.08,1922.72,1251.93,3722.64,0.1758
325,4,303.55,23193.27,30158.63,1930.64,1389.81,3644.91,0.2373
325,4,394.34,29094.71,36734.32,2148.88,1482.49,4008.24,0.1718
325,4,309.93,20499.03,28678.48,2864.38,1644.87,3670.20,0.1923
325,4,312.02,24232.40,31091.97,1957.20,1161.97,3740.40,0.1587
325,4,246.87,17306.77,24029.06,1732.41,1247.56,3742.33,0.1775
325,4,331.37,23730.58,31257.16,2422.17,1497.33,3607.09,0.1662
325,4,327.27,22731.38,30536.07,1921.49,1301.94,4581.26,0.1831
325,4,255.45,16606.39,23667.45,2568.56,1445.68,3046.82,0.1597
325,4,412.36,31834.03,39764.56,2449.50,1261.07,4219.96,0.1301
325,4,315.29,21299.29,29534.63,2938.79,1928.36,3368.20,0.2175
325,4,281.09,18603.07,25931.41,2495.45,1422.58,3410.30,0.1758
325,4,264.86,19332.78,25516.91,1885.38,1250.38,3048.36,0.1603
325,4,319.67,22245.30,29118.69,2035.74,1180.69,3656.96,0.1862
325,4,265.35,18344.39,24811.14,2382.20,1267.01,2817.54,0.1636
325,4,359.13,22810.78,31556.95,2824.37,1444.06,4477.74,0.1762
325,4,321.39,22546.39,30122.76,2600.58,1481.24,3494.54,0.1585
325,4,233.61,15574.78,21965.20,2155.66,1260.80,2973.96,0.1798
325,4,318.05,21343.66,30240.16,2755.59,1685.52,4455.39,0.2064
325,4,259.54,18167.78,24534.41,2107.49,1419.29,2839.86,0.1656
325,4,347.62,24374.05,32513.39,2424.12,1401.04,4314.18,0.1643
325,4,399.29,28153.01,36042.15,2469.12,1496.14,3923.88,0.1775
325,4,211.34,13484.37,20125.09,2073.68,1446.05,3120.98,0.1889
325,4,338.96,21793.13,30494.81,3322.32,1699.45,3679.90,0.1945
325,4,290.63,21566.73,28627.52,2044.68,1256.74,3759.38,0.1341
325,4,309.50,24192.90,30980.36,2201.21,1385.05,3201.20,0.1578
325,4,347.91,24187.13,33127.63,3300.36,1701.95,3938.19,0.2023
325,4,303.52,21430.19,28087.37,1788.82,1291.16,3577.20,0.1548
325,4,286.51,21076.71,28047.95,2056.19,1568.69,3346.36,0.2111
325,4,340.93,26885.53,33188.36,1135.05,925.30,4242.48,0.1665
325,4,387.56,27544.61,35427.55,2407.38,1195.77,4279.79,0.1266
325,4,293.32,21144.93,28032.67,2064.37,1484.87,3338.51,0.2194
325,4,307.36,23024.47,30159.26,2153.35,1370.27,3611.16,0.1688
325,4,338.18,23449.71,30933.09,1623.69,1239.09,4620.58,0.1904
325,4,298.07,23056.60,29438.92,1666.70,1227.22,3488.41,0.1430
325,4,314.62,24439.32,30855.56,2031.43,1272.02,3112.78,0.1770
325,4,343.12,25677.89,32953.51,2079.48,1302.95,3893.19,0.1761
325,4,338.59,25036.13,31827.01,1941.09,1251.22,3598.58,0.1650
325,4,319.78,21351.00,29704.21,2806.29,2002.24,3544.68,0.2227
325,4,322.04,23008.62,30631.83,2517.63,1438.83,3666.75,0.1699
325,4,355.17,24665.68,32670.04,2329.49,1577.45,4097.42,0.2261
325,4,382.77,23928.56,33153.70,3145.48,1926.85,4152.81,0.2047
325,4,330.71,22783.64,31376.43,2529.18,1729.65,4333.95,0.1948
325,4,241.40,15903.78,23225.93,2567.69,1507.15,3247.31,0.1503
325,4,291.52,20682.66,27218.62,1624.34,1286.42,3625.19,0.1968
325,4,365.19,27090.30,34290.33,1764.06,1186.87,4249.10,0.1481
325,4,262.81,18084.19,24881.49,2253.09,1301.67,3242.54,0.1646
325,4,317.83,23621.09,30883.66,2001.33,1414.91,3846.33,0.1983
325,4,369.50,25645.57,33522.89,2355.36,1633.31,3888.66,0.2006
325,4,372.37,28853.66,36412.61,2176.86,1490.51,3891.57,0.1804
325,4,304.99,19798.85,27050.44,2385.14,1417.77,3448.67,0.1894
325,4,318.30,22503.89,30991.99,2785.60,1782.24,3920.26,0.2430
325,4,327.70,23314.96,30540.28,2096.83,1567.75,3560.73,0.1873
325,4,350.72,24642.82,32707.46,2446.44,1338.50,4279.71,0.1770
325,4,334.92,20974.81,31029.07,4577.17,1826.70,3650.40,0.1898
325,4,362.44,25780.86,33015.46,2475.64,1531.23,3227.72,0.2398
325,4,243.98,21152.95,26233.22,1103.84,896.85,3079.58,0.1535
325,4,232.73,19580.75,24417.13,1433.23,903.09,2500.06,0.1711
325,4,327.32,23516.46,30314.89,1853.71,1353.69,3591.03,0.1742
325,4,327.16,24069.79,30161.89,1600.11,1137.89,3354.10,0.1529
325,4,349.67,24204.67,32414.78,2679.09,1466.06,4064.96,0.1730
325,4,324.10,24046.25,31182.55,2021.65,1310.86,3803.80,0.1966
325,4,354.27,25905.14,34169.13,2445.66,1547.84,4270.49,0.1789
325,4,355.32,22918.06,31239.55,2582.32,1404.07,4335.10,0.2020
325,4,337.55,26346.51,34079.05,1819.71,1564.49,4348.33,0.1692
325,4,318.61,20718.72,28430.16,2376.90,1405.03,3929.51,0.1849
325,4,472.71,31199.56,39620.46,2458.55,1496.35,4466.01,0.1874
325,4,250.96,16002.18,22665.40,2565.39,1362.90,2734.93,0.1845
325,4,301.08,21940.85,28995.64,1943.04,1088.68,4023.07,0.1593
325,4,329.73,24790.09,32433.38,2771.77,1387.45,3484.08,0.1199
325,4,286.06,21237.13,26883.80,1713.65,1064.12,2868.90,0.1909
325,4,275.26,18482.03,25938.83,2220.15,1414.82,3821.83,0.1225
325,4,396.49,26044.82,35726.86,3052.70,1750.86,4878.48,0.2214
350,4,291.74,19928.39,26719.84,2256.93,1233.02,3301.50,0.1695
350,4,355.67,26317.41,33918.46,2256.54,1407.81,3936.71,0.1945
350,4,308.38,23527.11,30480.73,2009.52,1295.20,3648.91,0.1812
350,4,279.94,19582.41,27032.24,2900.94,1670.80,2878.09,0.2174
350,4,374.33,28555.17,36704.46,1862.34,1534.91,4752.04,0.1915
350,4,328.35,21849.06,30089.82,2729.75,1526.55,3984.46,0.1550
350,4,362.49,26431.33,34896.66,2605.32,1536.26,4323.75,0.1739
350,4,296.80,18695.84,26605.76,2421.78,1257.13,4231.00,0.1811
350,4,261.97,20447.39,27259.68,2058.81,1198.86,3554.62,0.1924
350,4,312.06,22169.07,29692.12,2198.71,1375.06,3949.29,0.1683
350,4,325.78,21073.49,29274.15,2980.79,1429.22,3790.65,0.1502
350,4,316.84,22978.40,29674.02,2191.72,1304.95,3198.95,0.1958
350,4,332.84,26046.06,33876.12,2804.70,1792.69,3232.66,0.2177
350,4,276.38,17928.52,26222.25,2787.14,1691.58,3815.02,0.2073
350,4,274.81,17892.28,24912.34,2457.97,1357.95,3204.14,0.1710
350,4,342.58,22301.60,30932.53,3323.18,1557.29,3750.46,0.1917
350,4,386.17,26754.61,35268.86,2561.50,1560.88,4391.86,0.1725
350,4,318.28,22512.71,29686.06,2038.21,1612.67,3522.47,0.2000
350,4,407.98,30169.21,37854.21,2635.49,1501.85,3547.66,0.1986
350,4,257.52,18395.07,25341.67,1818.19,1231.80,3896.60,0.1851
350,4,389.94,27369.52,35655.53,2492.47,1370.99,4422.56,0.1758
350,4,299.24,20779.36,29207.31,2707.32,1630.58,4090.04,0.1849
350,4,312.74,24288.94,30752.53,1722.06,1371.97,3369.57,0.1580
350,4,278.91,20151.00,26690.66,1920.81,1311.36,3307.49,0.1787
350,4,321.76,22243.19,30085.98,2430.66,1639.85,3772.27,0.2371
350,4,330.67,24110.78,31480.88,2066.41,1375.29,3928.40,0.1770
350,4,375.47,25517.01,33234.43,2511.69,1497.21,3708.52,0.1712
350,4,277.60,19299.32,25990.92,1804.72,1228.85,3658.04,0.1661
350,4,323.32,22946.91,30697.48,2409.17,1485.35,3856.05,0.1804
350,4,370.33,28698.43,36046.34,1966.04,1488.59,3893.28,0.1617
350,4,282.94,19501.60,26996.53,2519.76,1566.00,3409.17,0.2119
350,4,326.83,23347.47,30319.13,1994.95,1186.61,3790.09,0.1708
350,4,275.72,18077.05,24971.49,1864.82,1293.10,3736.52,0.2080
350,4,328.57,24834.15,31871.90,1995.27,1422.34,3620.14,0.1921
350,4,308.75,20648.65,28571.20,2271.06,1425.72,4225.77,0.1777
350,4,252.80,17589.54,24283.24,2283.29,1367.79,3042.63,0.2029
350,4,418.30,32157.00,39413.57,1974.71,1152.75,4129.12,0.1976
350,4,284.83,19898.49,27670.13,2660.10,1889.65,3221.88,0.2435
350,4,283.21,19893.20,27174.09,2423.69,1388.29,3468.92,0.2019
350,4,277.95,21326.69,27922.84,2068.50,1259.10,3268.54,0.1658
350,4,294.38,22185.48,28012.52,1150.63,1098.17,3578.24,0.2188
350,4,257.00,18968.54,25130.29,2202.81,1183.72,2775.23,0.1442
350,4,377.74,25569.31,34478.69,2750.96,1424.85,4733.58,0.1773
350,4,289.60,22199.01,29513.38,2437.54,1414.71,3462.12,0.1690
350,4,236.07,14731.83,21615.10,2637.57,1367.51,2878.19,0.1603
350,4,340.88,20719.08,30238.55,3391.37,1789.64,4338.46,0.2093
350,4,244.15,18329.98,24421.51,2021.41,1390.32,2679.80,0.2062
350,4,357.13,24722.52,32861.39,2596.52,1386.64,4155.70,0.2059
350,4,387.84,27821.88,35996.50,2777.77,1596.81,3800.04,0.2220
350,4,240.39,14709.47,21563.94,2103.21,1466.87,3284.39,0.1869
350,4,360.78,24678.74,32716.94,2714.07,1532.48,3791.64,0.2148
350,4,282.09,21759.54,28700.71,2024.67,1236.83,3679.67,0.1604
350,4,335.65,26811.69,33718.09,2287.49,1360.95,3257.96,0.1454
350,4,361.52,24677.76,33575.82,3254.99,1756.25,3886.83,0.2247
350,4,300.78,20848.00,27721.30,2026.49,1311.78,3535.02,0.1652
350,4,339.26,24615.71,31691.87,1972.25,1502.17,3601.74,0.1711
350,4,333.64,24344.86,31017.32,1791.96,1119.40,3761.10,0.1692
350,4,308.33,24766.20,31402.62,1747.20,1106.01,3783.21,0.1458
350,4,308.20,22306.52,29518.91,2262.34,1516.04,3434.01,0.1536
350,4,324.55,24704.80,31906.34,2141.98,1378.62,3680.95,0.1905
350,4,294.95,21428.62,28955.91,1909.58,1273.59,4344.11,0.1942
350,4,307.24,24573.94,30825.53,1535.74,1165.63,3550.22,0.1801
350,4,336.03,25270.12,31621.99,1919.58,1222.47,3209.82,0.2063
350,4,331.40,24878.04,31992.89,2033.82,1319.96,3761.07,0.1768
350,4,355.58,26116.32,32615.13,1709.66,1147.55,3641.60,0.1535
350,4,281.27,19457.17,27312.97,2602.42,1953.94,3299.44,0.2332
350,4,317.41,23676.33,31070.17,2243.38,1394.15,3756.32,0.1968
350,4,411.28,26308.17,34646.64,2506.53,1628.37,4203.56,0.2161
350,4,363.16,26698.17,35738.56,3071.18,1822.66,4146.55,0.2128
350,4,339.57,23282.12,31361.93,1976.10,1647.01,4456.71,0.1970
350,4,266.50,17659.22,25147.88,2514.95,1509.87,3463.84,0.1972
350,4,292.89,20190.57,27247.59,2216.92,1386.57,3453.54,0.1584
350,4,356.86,28182.73,35260.33,1601.76,1143.47,4332.37,0.1784
350,4,245.65,17539.60,23848.38,2066.01,1218.57,3024.21,0.1602
350,4,327.41,23379.94,30543.12,1969.17,1403.21,3790.79,0.1872
350,4,380.47,26760.50,35006.29,2648.68,1691.02,3906.09,0.1871
350,4,403.51,29298.97,37393.78,2598.21,1553.85,3942.75,0.1859
350,4,315.27,22274.17,29862.02,2472.89,1389.59,3725.37,0.1905
350,4,325.83,23644.91,31472.50,2280.64,1676.16,3870.78,0.2218
350,4,310.11,23361.10,30567.33,2111.26,1581.50,3513.46,0.1925
350,4,352.78,26071.04,33665.64,2027.43,1267.27,4299.90,0.1916
350,4,317.42,21510.77,30272.06,3525.28,1596.52,3639.50,0.2455
350,4,357.01,25943.17,33183.51,2555.89,1508.76,3175.69,0.2024
350,4,237.91,21538.94,26455.85,969.39,874.67,3072.86,0.1547
350,4,246.40,19931.28,25196.82,1669.60,976.32,2619.62,0.1997
350,4,336.79,23064.63,30413.43,2408.22,1471.84,3468.74,0.1844
350,4,283.87,23128.09,28279.99,1051.25,1030.52,3070.13,0.1929
350,4,333.39,24754.33,32705.08,2552.31,1444.81,3953.62,0.1756
350,4,339.69,23461.66,30941.89,2305.51,1372.15,3802.57,0.1694
350,4,332.54,25174.82,32756.14,2113.64,1523.51,3944.17,0.1877
350,4,360.59,23006.78,31337.71,2782.61,1433.85,4114.48,0.2049
350,4,335.60,27909.60,35923.37,1984.29,1572.13,4457.35,0.2004
350,4,288.62,21598.29,28657.80,1942.90,1294.48,3822.14,0.2127
350,4,412.25,29953.39,37919.23,2480.98,1546.78,3938.08,0.2327
350,4,243.10,14839.71,21709.92,2940.79,1477.40,2452.01,0.1836
350,4,313.05,23122.94,29716.35,1535.74,1056.71,4000.96,0.2234
350,4,348.08,26965.53,34647.54,2711.66,1354.88,3615.47,0.1486
350,4,272.02,20931.35,26194.96,1438.48,1041.64,2783.49,0.1529
350,4,287.06,18527.15,26352.50,2579.67,1451.65,3794.03,0.1289
350,4,399.67,26479.90,35779.35,2931.04,1737.55,4630.86,0.2223
375,4,293.37,19298.09,26495.80,2524.64,1297.58,3375.48,0.2086
375,4,343.56,26368.01,33795.03,2077.74,1340.47,4008.81,0.1725
375,4,347.21,25949.98,32976.41,1931.54,1250.31,3844.58,0.1861
375,4,275.53,19762.13,27008.26,2707.43,1658.77,2879.93,0.2410
375,4,436.00,30972.49,39162.82,1645.67,1470.27,5074.40,0.1887
375,4,306.10,21732.94,28845.44,1925.20,1403.10,3784.19,0.1733
375,4,374.95,26997.31,35677.16,2749.75,1514.55,4415.55,0.1875
375,4,272.23,17389.59,25033.58,2379.71,1261.90,4002.38,0.2683
375,4,265.09,21614.19,27541.26,1308.36,1045.36,3573.35,0.1732
375,4,289.89,21726.81,28337.16,1742.42,1282.43,3585.48,0.1807
375,4,360.30,24222.35,31467.76,2218.54,1281.00,3745.87,0.2154
375,4,267.38,19069.76,25163.94,2124.16,1313.00,2657.02,0.1841
375,4,367.96,26556.67,35098.74,3363.69,1874.85,3303.54,0.2270
375,4,293.68,18621.03,27166.17,2977.50,1666.78,3900.86,0.2396
375,4,245.43,17419.28,23517.97,1745.92,1235.26,3117.51,0.1792
375,4,343.34,24031.40,32319.15,2926.77,1445.70,3915.28,0.1902
375,4,395.66,26371.26,35408.76,2952.57,1659.52,4425.40,0.2164
375,4,321.50,22175.62,29625.79,2201.44,1695.30,3553.45,0.2092
375,4,372.51,29561.77,37102.35,2582.54,1493.01,3465.03,0.2040
375,4,245.99,18641.93,25236.26,1607.54,1197.49,3789.29,0.2011
375,4,386.09,28299.33,36237.08,2323.97,1303.32,4310.46,0.1843
375,4,327.15,21501.98,29934.66,2630.63,1663.80,4138.25,0.1684
375,4,309.18,24140.96,30800.45,1856.71,1365.40,3437.39,0.1719
375,4,298.18,23056.67,30145.48,2051.82,1365.11,3671.88,0.1837
375,4,326.98,23152.94,30741.89,2288.03,1536.05,3764.87,0.1833
375,4,300.63,23036.59,29471.86,1646.67,1261.22,3527.38,0.2245
375,4,368.66,26927.35,33891.58,1908.78,1398.24,3657.20,0.2294
375,4,265.25,20262.25,26617.34,1711.17,1214.28,3429.64,0.1408
375,4,315.95,23963.75,31612.34,2396.90,1450.13,3801.56,0.1617
375,4,381.14,28731.07,36383.85,2231.89,1504.03,3916.87,0.2229
375,4,303.21,20377.84,28461.71,2874.38,1633.59,3575.90,0.2096
375,4,338.68,25489.45,32721.54,2177.07,1207.35,3847.67,0.2201
375,4,294.68,20367.94,27774.45,1999.64,1259.92,4146.96,0.2350
375,4,325.21,24091.87,31762.21,2632.97,1541.41,3495.95,0.2002
375,4,350.32,23577.18,31912.52,2279.41,1420.79,4635.14,0.1960
375,4,239.40,17863.86,24220.96,1988.20,1322.89,3046.01,0.1678
375,4,365.20,31145.51,38423.48,2156.19,1248.07,3873.71,0.1873
375,4,301.23,20935.74,28525.48,2379.70,1873.60,3336.44,0.2359
375,4,296.20,20831.40,28216.60,2438.07,1443.22,3503.90,0.2127
375,4,274.12,20920.60,27529.16,2145.86,1277.14,3185.56,0.1801
375,4,302.38,23084.72,28867.17,1160.48,1052.64,3569.33,0.2030
375,4,265.57,20339.47,26572.99,2244.31,1158.31,2830.89,0.1793
375,4,396.55,25821.15,35045.91,3073.14,1456.41,4695.21,0.1775
375,4,310.55,21427.50,28873.22,2711.32,1511.64,3222.75,0.2158
375,4,226.94,15516.14,21678.12,2011.19,1261.74,2889.04,0.2025
375,4,341.90,22250.34,31306.90,2966.03,1672.85,4417.67,0.2574
375,4,255.69,19870.78,25727.46,1758.28,1323.89,2774.52,0.1765
375,4,376.58,26401.17,35162.88,2845.89,1469.96,4445.86,0.2135
375,4,439.99,28146.04,37893.50,3921.59,1816.73,4009.14,0.2286
375,4,238.93,16209.58,22714.79,1706.18,1333.54,3465.49,0.2337
375,4,333.47,23850.44,31439.42,2458.16,1537.63,3593.19,0.2123
375,4,304.56,22465.68,29335.18,1861.57,1240.92,3767.02,0.2067
375,4,308.53,25192.09,31860.07,2182.87,1339.03,3146.08,0.2170
375,4,417.21,27900.24,37651.42,3684.39,1796.84,4269.95,0.2212
375,4,329.32,22874.69,30165.79,2089.44,1324.07,3877.60,0.2119
375,4,294.45,21553.18,28643.10,2135.95,1582.18,3371.79,0.2029
375,4,312.65,25366.18,31677.11,1473.77,1056.69,3780.48,0.1781
375,4,349.26,26851.04,33558.00,1703.30,1086.55,3917.12,0.1603
375,4,345.75,24738.67,31942.07,2142.70,1452.13,3608.56,0.1858
375,4,309.45,23560.94,30397.46,1909.84,1385.15,3541.52,0.2097
375,4,364.72,23784.69,32261.67,2348.94,1361.91,4766.13,0.2379
375,4,286.07,24591.77,30301.32,1207.64,1126.73,3375.19,0.2094
375,4,309.24,24254.28,30684.42,2012.65,1270.69,3146.80,0.2084
375,4,332.84,27199.28,34185.09,1886.05,1246.00,3853.76,0.1713
375,4,345.73,27639.63,34244.53,1692.51,1170.49,3741.90,0.1994
375,4,304.89,21136.58,29294.62,2710.35,1975.85,3471.84,0.2926
375,4,331.36,25226.98,32596.74,2126.64,1370.04,3873.08,0.2263
375,4,367.96,25747.20,34184.55,2535.08,1628.37,4273.90,0.1790
375,4,369.54,25572.83,34357.45,2899.20,1852.50,4032.92,0.2133
375,4,335.17,23043.35,31503.25,2463.51,1669.98,4326.41,0.2226
375,4,258.73,16952.85,24624.94,2748.16,1608.81,3315.12,0.2040
375,4,295.16,22011.26,28837.18,1861.72,1276.41,3687.80,0.2039
375,4,367.31,30043.84,36840.12,1331.01,1120.46,4344.81,0.1833
375,4,253.88,18701.65,25270.02,2076.45,1265.79,3226.14,0.2142
375,4,332.13,24420.34,31806.68,2198.60,1427.14,3760.61,0.2105
375,4,376.29,26650.78,34912.49,2605.73,1668.06,3987.92,0.1661
375,4,413.80,31294.61,39643.12,2748.10,1560.71,4039.70,0.1796
375,4,327.32,23066.49,30498.94,2293.21,1390.97,3748.27,0.1988
375,4,375.54,25662.42,34521.28,2790.57,1745.30,4322.99,0.2437
375,4,347.58,24938.01,32990.44,2680.53,1693.65,3678.25,0.2469
375,4,316.37,22948.42,30572.87,2295.89,1392.33,3936.23,0.2135
375,4,312.09,22054.71,30450.76,3307.85,1551.08,3537.11,0.2301
375,4,379.29,28460.25,35358.65,2168.97,1462.03,3267.40,0.2636
375,4,260.85,23778.23,28965.98,1044.62,898.08,3245.04,0.1483
375,4,225.99,19256.90,24325.99,1668.49,962.47,2438.13,0.1754
375,4,302.07,22242.33,28758.36,1862.85,1408.30,3244.88,0.1891
375,4,318.89,25470.43,31336.12,1360.96,1073.45,3431.29,0.1483
375,4,327.03,24458.72,32057.93,2335.51,1447.81,3815.88,0.2046
375,4,334.24,24105.91,31453.00,2252.06,1329.37,3765.65,0.1716
375,4,345.94,26778.19,33939.91,1707.60,1444.96,4009.15,0.1862
375,4,338.01,23308.93,30820.54,1932.39,1272.15,4307.08,0.1875
375,4,318.97,26635.11,34614.87,2017.76,1630.95,4331.04,0.2138
375,4,310.46,21722.52,28783.51,1921.04,1300.94,3839.01,0.2072
375,4,420.46,31882.13,40091.17,2419.41,1548.32,4241.31,0.2076
375,4,233.47,17644.27,23657.63,1992.28,1275.70,2745.38,0.1825
375,4,316.26,24213.97,30715.54,1331.30,1003.00,4167.28,0.1979
375,4,341.26,26456.57,34457.70,2887.54,1369.15,3744.44,0.1390
375,4,282.88,23442.72,28497.72,1225.60,994.09,2835.30,0.1446
375,4,296.29,18283.70,26993.79,3239.87,1593.38,3876.84,0.1364
375,4,380.49,28058.16,36903.39,2597.37,1681.31,4566.55,0.1575
400,4,298.24,20417.68,27806.28,2685.40,1325.03,3378.18,0.2430
400,4,357.66,24877.36,32517.72,2352.93,1447.12,3840.30,0.1956
400,4,351.38,24930.65,32416.83,2369.38,1337.51,3779.29,0.1717
400,4,262.46,20384.01,27086.27,2303.87,1555.02,2843.37,0.2036
400,4,378.64,28374.26,36535.66,1896.31,1544.69,4720.39,0.2459
400,4,296.51,23008.74,29807.25,1623.85,1266.35,3908.31,0.1550
400,4,368.55,26301.15,34763.92,2707.34,1523.93,4231.50,0.2332
400,4,267.87,18584.87,25422.83,1777.45,1136.24,3924.26,0.2472
400,4,282.20,22219.53,28147.98,1318.09,1044.63,3565.73,0.2219
400,4,333.32,23306.39,30581.54,2020.46,1280.61,3974.08,0.2032
400,4,356.38,25390.82,32689.51,2136.00,1286.35,3876.34,0.2385
400,4,256.86,20023.45,25857.78,1760.24,1232.84,2841.25,0.2392
400,4,339.86,26470.96,35135.79,3490.45,1878.92,3295.46,0.2861
400,4,268.64,17189.40,25746.58,3158.99,1730.77,3667.43,0.2372
400,4,265.37,18239.25,24766.04,2080.01,1272.17,3174.62,0.2576
400,4,383.48,25802.71,33675.09,2621.97,1416.43,3833.99,0.2058
400,4,395.79,25618.24,34632.93,3072.16,1640.11,4302.42,0.2290
400,4,309.69,21340.43,28813.08,2400.69,1683.10,3388.85,0.2405
400,4,436.90,33662.65,41091.65,2332.73,1412.94,3683.33,0.1994
400,4,234.04,16635.12,22906.56,1701.28,1268.75,3301.42,0.2226
400,4,364.32,29323.96,36468.84,1688.78,1187.46,4268.63,0.2034
400,4,286.19,19792.06,27573.46,2441.37,1640.15,3699.88,0.2065
400,4,293.61,23519.49,29903.81,1730.52,1362.52,3291.28,0.2035
400,4,287.74,21636.12,28079.56,1753.01,1312.80,3377.62,0.1808
400,4,323.64,23662.00,31286.74,2332.90,1562.52,3729.31,0.2172
400,4,319.61,23592.63,30655.43,2055.94,1343.90,3662.96,0.2248
400,4,352.98,26205.33,33351.33,1951.56,1410.35,3784.09,0.2113
400,4,305.15,23747.54,29965.07,1319.06,1109.47,3789.00,0.1876
400,4,320.92,25660.20,32717.46,1950.13,1353.31,3753.82,0.2180
400,4,340.22,27680.16,34441.16,1710.25,1432.71,3618.03,0.2417
400,4,280.91,20708.82,28188.83,2443.11,1533.85,3503.05,0.2381
400,4,331.14,25145.94,31806.26,1807.71,1154.54,3698.07,0.1662
400,4,300.05,20841.75,27923.77,1795.59,1251.02,4035.40,0.2042
400,4,324.89,24693.45,32330.54,2652.39,1488.51,3496.19,0.2033
400,4,347.20,23320.86,31924.16,2596.66,1422.98,4583.66,0.2111
400,4,233.47,17654.90,23850.41,1941.83,1333.65,2920.03,0.2250
400,4,412.92,32970.82,40621.59,2360.38,1269.21,4021.18,0.1673
400,4,294.92,19379.59,27560.55,3026.59,2022.59,3131.78,0.2534
400,4,276.71,21100.24,27943.27,2047.40,1353.50,3442.12,0.1873
400,4,278.65,20579.15,26857.32,1895.12,1285.30,3097.76,0.2089
400,4,296.29,23116.90,28819.77,1087.81,1029.16,3585.90,0.2255
400,4,243.52,18376.37,24540.23,2288.53,1241.63,2633.71,0.2185
400,4,378.33,25400.07,34363.30,2896.79,1430.04,4636.41,0.1854
400,4,308.17,22989.74,30428.12,2584.84,1509.61,3343.93,0.2208
400,4,222.88,14941.13,21062.73,2050.07,1259.26,2812.27,0.1892
400,4,319.22,21607.66,30264.97,2841.90,1690.20,4125.21,0.2598
400,4,269.11,20561.03,26917.85,2080.92,1338.36,2937.54,0.2193
400,4,352.71,25606.30,33882.59,2571.81,1434.82,4269.66,0.2082
400,4,422.18,31749.99,40086.43,2649.12,1603.71,4083.62,0.2409
400,4,237.36,15210.50,22265.98,2304.46,1482.72,3268.29,0.2305
400,4,365.25,25429.05,33539.38,2723.76,1567.86,3818.71,0.2235
400,4,297.05,22663.92,29187.79,1610.38,1201.62,3711.87,0.1951
400,4,320.27,25539.52,32451.90,2346.60,1424.81,3140.97,0.2056
400,4,375.37,25670.95,34504.26,3179.01,1735.84,3918.46,0.2573
400,4,313.75,22289.00,29337.44,2122.20,1307.52,3618.72,0.2333
400,4,312.84,21434.71,28789.12,2383.42,1598.50,3372.49,0.1893
400,4,366.08,29378.77,35813.26,1130.23,928.31,4375.96,0.1730
400,4,356.32,27263.32,34206.48,1842.23,1120.31,3980.61,0.1687
400,4,301.92,21744.08,28912.05,2318.70,1557.55,3291.73,0.2274
400,4,299.77,23784.50,30163.75,1560.20,1317.73,3501.32,0.2337
400,4,317.55,21479.47,28982.19,1921.27,1311.19,4270.26,0.2477
400,4,314.23,24742.36,30940.84,1371.42,1201.72,3625.34,0.2099
400,4,297.87,25423.20,31630.82,1845.94,1265.20,3096.49,0.2069
400,4,354.20,27433.71,34804.65,2142.58,1342.13,3886.22,0.2165
400,4,352.59,26561.06,33269.95,1910.18,1234.67,3564.03,0.1923
400,4,341.43,24202.48,31762.99,2035.12,1887.31,3638.08,0.2518
400,4,339.51,24219.41,31996.63,2607.33,1426.78,3743.11,0.2417
400,4,368.95,26375.85,34333.86,2224.41,1554.56,4179.04,0.2531
400,4,348.67,24294.30,32810.29,2807.94,1857.01,3851.04,0.2430
400,4,341.91,24439.06,32610.53,2205.88,1614.67,4350.92,0.2332
400,4,270.44,17490.53,24725.19,2362.73,1551.67,3320.26,0.2271
400,4,291.64,20850.76,27372.04,1729.74,1287.76,3503.78,0.2298
400,4,337.00,27650.02,34231.96,1389.44,1116.87,4075.63,0.2427
400,4,288.95,21018.92,26947.52,1405.58,1089.31,3433.71,0.2115
400,4,302.73,22822.82,30029.11,2096.00,1445.31,3664.99,0.2182
400,4,393.98,27351.77,35459.57,2535.62,1643.85,3928.33,0.1940
400,4,436.46,32577.81,40062.15,2014.47,1413.75,4056.12,0.2133
400,4,325.42,23558.65,30845.56,2103.26,1379.05,3804.60,0.1860
400,4,367.32,27749.28,35190.44,1689.06,1535.90,4216.20,0.2509
400,4,337.30,24162.19,32059.08,2618.71,1632.50,3645.69,0.2722
400,4,367.46,26821.02,34567.16,2108.26,1294.71,4343.17,0.1724
400,4,327.51,22527.56,31065.48,3458.12,1544.73,3535.07,0.1870
400,4,344.52,26279.12,32884.95,2154.54,1486.02,2965.26,0.2191
400,4,279.68,22131.25,27897.40,1574.21,970.61,3221.33,0.1935
400,4,215.17,20419.03,25027.13,1252.60,858.15,2497.35,0.1981
400,4,332.08,22499.35,29754.67,2423.58,1452.97,3378.78,0.2444
400,4,295.90,23961.26,29201.99,1070.45,1059.46,3110.82,0.2152
400,4,338.09,23050.75,31026.82,2666.96,1498.88,3810.24,0.2759
400,4,338.67,24950.83,32412.20,2296.52,1315.84,3849.01,0.1984
400,4,336.42,25794.88,33253.47,2030.92,1520.09,3907.59,0.1638
400,4,363.96,25222.19,33163.30,2217.83,1349.03,4374.26,0.2368
400,4,330.44,25576.86,33066.07,1787.68,1578.39,4123.14,0.2466
400,4,289.78,22164.63,28817.11,1607.07,1219.16,3826.25,0.2286
400,4,460.92,33325.94,42035.08,2847.22,1632.44,4229.48,0.2592
400,4,237.68,17018.72,23270.54,2156.82,1286.46,2808.54,0.2111
400,4,303.00,23553.69,30249.74,1608.85,1053.24,4033.95,0.2061
400,4,340.92,26633.55,33756.43,2309.91,1304.09,3508.87,0.1595
400,4,268.47,21365.24,26734.81,1569.70,1055.15,2744.71,0.2142
400,4,288.97,19310.68,27137.63,2536.37,1413.71,3876.86,0.1460
400,4,392.24,29038.02,38132.46,2639.78,1690.65,4764.01,0.1583
