300,1,243.90,12777.06,15192.56,440.98,849.41,1125.107381,20.066616
300,1,316.38,16035.20,18919.72,723.31,561.70,1599.511600,20.454439
300,1,366.04,19137.17,22283.00,404.05,892.05,1849.723987,21.052810
300,1,231.03,12135.56,13893.82,121.07,620.05,1017.139559,19.933816
300,1,294.67,15040.59,17958.15,165.25,1225.47,1526.836523,19.950751
300,1,420.85,22266.36,25002.20,245.41,513.65,1976.780749,21.680738
300,1,330.72,16578.67,19761.37,508.85,843.71,1830.142865,20.222575
300,1,347.65,18102.59,21130.51,406.70,799.71,1821.505415,20.257981
300,1,244.27,12767.36,15124.33,201.25,872.82,1282.893441,19.493614
300,1,270.39,13344.46,16217.67,376.28,965.64,1531.285674,20.256498
300,1,291.13,14900.57,17392.95,424.55,477.29,1590.528822,19.993943
300,1,289.52,15346.93,17432.75,126.93,727.12,1231.775316,19.566993
300,1,259.36,12678.90,15625.61,588.47,679.84,1678.396231,19.315595
300,1,311.96,15788.48,18781.20,617.18,656.08,1719.457218,19.514290
300,1,242.43,12679.37,14739.69,441.12,560.21,1058.991578,18.744751
300,1,426.00,22257.21,25260.72,386.80,666.56,1950.140622,20.009094
300,1,431.89,22812.97,26135.36,147.91,1154.00,2020.483616,20.488824
300,1,302.40,14951.16,17653.06,397.73,370.84,1933.334009,19.524039
300,1,318.22,16310.04,19226.22,656.27,535.67,1724.234755,19.628129
300,1,350.22,18077.76,21134.95,407.55,757.21,1892.426810,20.539663
300,1,363.83,18838.17,21961.99,421.54,810.34,1891.946506,19.555534
300,1,253.84,12241.09,15302.24,658.79,828.42,1573.937704,19.129267
300,1,339.92,17486.60,20264.15,447.63,644.63,1685.288573,20.113919
300,1,372.66,19062.24,22100.16,585.73,591.71,1860.475864,20.560406
300,1,379.28,19292.54,22387.60,444.41,703.52,1947.128721,19.950242
300,1,253.47,13224.21,15291.68,259.94,712.69,1094.841583,19.454678
300,1,355.74,17904.83,21397.97,443.84,1237.42,1811.885609,20.457152
300,1,306.44,15861.81,18473.70,232.85,460.85,1918.199087,19.329655
300,1,267.45,14265.99,16505.27,170.98,795.39,1272.909293,19.853290
300,1,263.40,13002.58,15773.10,516.90,502.75,1750.878988,19.398992
300,1,362.36,18543.78,21724.23,432.03,820.75,1927.656433,19.616613
300,1,245.74,12884.39,15122.95,143.93,1053.90,1040.729572,19.270784
300,1,356.84,17990.19,21368.14,567.65,912.36,1897.945245,19.635400
300,1,256.78,13508.93,15797.32,157.80,844.34,1286.238968,19.090133
300,1,366.54,18702.52,22249.57,433.78,1526.18,1587.093149,20.966940
300,1,245.74,12946.98,14826.34,170.57,648.96,1059.823301,19.208574
300,1,282.90,14898.04,17181.78,68.04,497.36,1718.333601,19.301971
300,1,303.87,15664.77,18078.89,271.22,760.89,1382.013393,20.036495
300,1,360.15,19232.77,21473.00,178.63,593.74,1467.856633,20.077140
300,1,357.21,18191.58,21111.01,575.17,700.33,1643.927350,19.881463
300,1,286.58,14510.06,17334.60,698.47,633.71,1492.367640,19.045883
300,1,217.55,11215.95,13310.11,208.43,864.79,1020.936287,19.160393
300,1,413.86,21759.84,24922.18,219.05,1142.10,1801.182956,20.349245
300,1,228.09,12049.63,14022.95,124.50,793.00,1055.815814,19.576250
300,1,231.40,12103.94,14057.90,96.70,673.67,1183.594248,19.379037
300,1,328.52,16572.36,19771.97,475.39,915.54,1808.687415,19.893725
300,1,268.18,13953.99,16719.52,477.08,1059.89,1228.560255,19.835509
300,1,402.09,21138.92,24369.12,223.96,1153.85,1852.385054,21.164632
300,1,342.86,17788.17,20790.05,402.87,1015.09,1583.915638,19.629242
300,1,213.37,10574.97,13065.73,614.86,716.46,1159.435996,19.386076
300,1,353.16,18240.31,21215.93,312.56,1004.13,1658.932515,19.814245
300,1,372.66,19663.52,21928.42,72.22,658.82,1533.857176,19.765689
300,1,259.72,13608.03,15815.95,167.32,964.13,1076.466657,19.622040
300,1,306.44,15370.69,18645.94,447.80,838.01,1989.442782,19.313816
300,1,275.17,13099.45,16916.69,583.43,1259.23,1974.581704,19.136903
300,1,304.24,15658.46,18424.31,424.80,805.73,1535.322359,19.920790
300,1,391.42,20510.03,23344.47,72.46,773.45,1988.528979,20.271392
300,1,406.14,21035.48,23928.26,377.61,604.75,1910.420131,19.944670
300,1,285.47,14942.88,17254.39,237.99,546.69,1526.832659,19.295449
300,1,222.20,11922.57,13898.80,178.19,750.70,1047.335321,19.332008
300,1,328.88,17087.96,20127.77,345.76,1082.39,1611.660111,20.011484
300,1,269.29,13719.91,16079.63,416.04,526.99,1416.703015,19.556694
300,1,286.95,14880.20,17112.62,259.05,645.12,1328.252200,19.877180
300,1,293.57,15184.99,17558.75,255.49,834.10,1284.173054,19.404270
300,1,333.67,17194.63,19982.49,364.35,638.79,1784.719406,19.438415
300,1,331.83,16641.66,20102.39,623.56,1206.42,1630.748725,20.198204
300,1,342.13,17217.21,20396.36,363.80,918.21,1897.144443,20.068084
300,1,347.65,17802.63,20973.27,289.31,1010.65,1870.676011,19.961046
300,1,199.76,10271.24,12249.79,342.60,594.59,1041.366782,18.793144
300,1,306.44,14709.54,18349.89,428.65,1175.46,2036.237857,19.383764
300,1,291.13,15472.09,17611.32,303.57,430.53,1405.130335,19.656168
300,1,255.68,13293.06,15452.38,224.61,782.53,1152.176261,19.823990
300,1,311.23,15850.61,18845.01,476.96,778.01,1739.432017,19.622516
300,1,218.15,11232.31,13493.13,354.28,746.12,1160.415721,18.929963
300,1,206.38,10264.85,12723.98,480.45,936.70,1041.982666,18.973688
300,1,367.88,18992.19,21919.02,244.41,736.33,1946.095182,19.327986
300,1,339.55,16813.18,20350.26,659.25,995.57,1882.261960,20.044982
300,1,316.74,16933.88,19427.64,266.70,575.77,1651.289540,20.365343
300,1,286.95,15130.21,17619.17,140.83,998.93,1349.196561,20.016736
300,1,276.04,13668.12,16791.43,689.52,713.94,1719.854173,19.283964
300,1,310.86,16080.74,18762.39,397.96,829.33,1454.361200,19.678214
300,1,247.95,12709.94,14840.37,138.43,652.89,1339.109736,18.609350
300,1,228.09,11774.87,13893.71,286.06,784.25,1048.525958,18.965954
300,1,292.46,14897.12,17223.04,302.03,652.19,1371.699344,19.320867
300,1,249.05,12933.27,15106.19,490.66,588.94,1093.329246,18.601674
300,1,349.12,18433.65,21270.65,298.47,681.39,1857.141844,20.051782
300,1,334.03,17494.77,20020.96,96.10,891.15,1538.939254,20.044815
300,1,272.23,14668.83,16750.25,207.50,553.95,1319.983354,19.006158
300,1,363.10,18738.83,22014.13,274.98,1260.61,1739.714807,20.534394
300,1,279.59,13974.74,16981.10,489.57,877.19,1639.594977,19.744440
300,1,317.85,16519.01,19576.72,418.96,1045.79,1592.953173,19.658714
300,1,391.06,20345.00,23042.67,227.00,642.64,1828.027923,20.103434
300,1,296.14,15779.53,17984.18,191.54,718.18,1294.923352,18.917890
300,1,296.88,15061.88,17808.36,405.37,975.56,1365.553718,19.104882
300,1,233.60,12464.90,13997.71,125.99,348.24,1058.572709,18.908106
300,1,384.07,20035.69,23065.83,403.73,880.97,1745.440879,19.508805
300,1,270.39,14420.36,16253.69,173.94,582.78,1076.612540,18.700054
300,1,250.16,13339.96,15450.74,362.01,587.26,1161.508835,18.882984
300,1,373.03,19566.31,22345.25,286.94,618.41,1873.592378,18.802811
300,1,424.90,21979.93,25253.02,151.64,1098.00,2023.455575,20.376509
300,2,557.53,28573.45,33650.87,840.28,1284.71,2952.427969,25.310317
300,2,386.62,19170.51,23744.43,380.82,1462.44,2730.667211,25.865653
300,2,595.38,30478.05,35844.07,587.01,1468.30,3310.702159,25.040606
300,2,372.47,18125.84,22639.54,928.75,1210.78,2374.160932,23.979129
300,2,506.97,25614.86,30908.88,329.74,1497.61,3466.681481,25.633406
300,2,464.96,23473.72,28415.80,428.03,1420.24,3093.809550,25.314742
300,2,704.83,36532.14,42197.25,625.69,1605.99,3433.432530,25.495692
300,2,494.36,24511.22,30141.38,680.03,1634.50,3315.631256,25.766479
300,2,449.90,22473.64,27482.79,614.20,1363.65,3031.296047,24.698463
300,2,511.10,25073.92,30569.62,913.55,1372.92,3209.221765,24.713888
300,2,350.67,16850.06,21659.23,893.36,1282.89,2632.916953,23.536932
300,2,346.04,17225.56,21330.06,705.50,959.56,2439.442485,24.163591
300,2,416.74,20354.59,25073.72,820.61,1120.04,2778.490532,24.416596
300,2,435.90,21994.35,26511.20,383.12,1428.82,2704.912785,25.865947
300,2,366.72,18485.12,22376.00,375.08,1426.11,2089.690746,24.350544
300,2,553.04,27990.56,33237.44,527.79,1678.43,3040.657239,26.059329
300,2,586.84,29651.93,35447.24,439.92,1547.86,3807.533378,26.081378
300,2,459.42,22896.33,27754.87,754.43,1238.79,2865.318791,25.911363
300,2,457.82,23183.06,28203.80,985.98,1230.29,2804.485919,25.364980
300,2,605.08,30604.29,35775.11,524.70,1203.78,3442.338788,25.717749
300,2,542.54,27614.91,33014.81,556.51,1487.73,3355.667553,25.904808
300,2,531.84,26746.87,31838.37,560.53,1392.35,3138.619636,25.640770
300,2,417.85,20594.00,25316.29,425.75,1379.52,2917.015502,25.145221
300,2,609.01,31199.51,36298.61,563.59,1511.60,3023.901445,26.206325
300,2,510.23,25431.36,30533.48,834.19,1328.33,2939.602535,26.130198
300,2,407.94,21042.06,25191.75,340.28,1440.87,2368.538632,24.496232
300,2,632.13,31935.27,37551.35,802.15,1328.21,3485.714142,25.908478
300,2,471.61,23819.23,28716.73,641.17,1416.34,2839.980923,26.190869
300,2,470.15,23636.06,28784.21,629.87,1647.60,2870.666300,24.159921
300,2,451.15,22631.52,27261.67,381.54,1396.52,2852.087493,25.381150
300,2,443.66,21452.31,27015.11,1068.64,1323.21,3170.948093,25.110953
300,2,477.85,24048.75,28755.72,619.55,1270.70,2816.710476,24.847693
300,2,531.33,25741.93,31635.61,932.41,1562.02,3399.252446,25.982943
300,2,465.44,22746.32,27949.51,650.41,1630.60,2922.171942,24.970745
300,2,621.06,31978.03,37328.68,489.44,1527.75,3333.450835,25.836817
300,2,462.06,23913.21,27852.72,438.37,1215.73,2285.405253,24.553804
300,2,428.95,21959.23,26574.15,376.97,1364.49,2873.458006,24.690476
300,2,495.53,24653.29,29592.70,861.36,1084.69,2993.362340,24.494237
300,2,501.21,25322.76,30032.48,680.83,1391.38,2637.510289,24.669482
300,2,510.29,25432.08,30177.57,997.82,1131.46,2616.213780,25.011290
300,2,436.38,22255.18,26752.50,320.29,1376.39,2800.634526,25.070137
300,2,455.84,22975.97,27312.84,864.69,1069.38,2402.798138,23.753772
300,2,508.06,25104.04,30745.89,436.61,1506.81,3698.438982,25.278920
300,2,480.87,24753.19,29429.28,647.06,1372.27,2656.760701,25.075212
300,2,389.29,19375.91,23739.85,583.13,1177.93,2602.876592,24.225672
300,2,602.53,30283.36,35912.39,473.39,1875.73,3279.912680,26.894592
300,2,405.79,20694.30,24737.80,366.63,1137.91,2538.962860,24.694746
300,2,565.25,27776.20,33746.41,920.61,1330.17,3719.433508,26.336326
300,2,693.89,36407.52,41889.01,384.45,1754.84,3342.201437,26.446449
300,2,471.25,23821.79,28170.91,738.67,1230.54,2379.922650,24.227546
300,2,545.38,28152.63,33149.41,640.28,1240.33,3116.158827,25.945241
300,2,400.44,19132.83,24377.96,953.97,1459.33,2831.827352,24.903917
300,2,490.03,24972.32,29345.48,426.76,1247.62,2698.770891,23.834921
300,2,537.14,26595.24,32275.02,1122.67,1142.47,3414.639220,25.305709
300,2,546.78,26709.35,32332.34,869.05,1153.12,3600.829865,26.540493
300,2,516.58,25460.73,30560.16,750.61,1042.04,3306.773580,24.310217
300,2,516.15,25589.80,31091.05,721.29,1579.27,3200.695175,25.681324
300,2,587.90,30849.24,35791.96,435.32,1431.62,3075.784387,26.842385
300,2,451.20,23723.67,27904.29,276.73,1326.76,2577.136028,25.607226
300,2,563.08,29479.27,33888.40,391.59,1159.12,2858.418528,25.755994
300,2,464.19,23397.08,28702.08,617.24,1409.07,3278.687368,25.176101
300,2,416.32,20834.45,25101.70,533.88,1313.91,2419.451569,26.350361
300,2,553.08,28593.16,32983.59,783.86,1292.17,2314.406695,26.257209
300,2,454.89,22202.57,27538.57,819.85,1493.07,3023.078764,25.145795
300,2,468.69,23939.61,28610.64,526.18,1394.11,2750.740224,26.399431
300,2,496.74,24712.20,29735.38,748.18,1271.93,3003.070982,25.847794
300,2,616.70,31338.56,36458.84,639.94,1144.26,3336.085968,26.499073
300,2,600.69,30102.49,35964.67,759.92,1495.91,3606.345960,26.330561
300,2,421.96,21421.12,25588.51,509.06,1431.41,2226.913662,24.911504
300,2,606.61,30921.50,36899.92,709.32,1437.28,3831.815635,25.921701
300,2,453.88,23871.52,27914.16,430.41,1195.64,2416.593461,25.442404
300,2,384.32,18597.26,23481.26,407.74,1727.82,2748.439266,24.691730
300,2,652.86,34378.27,39647.03,293.96,1501.59,3473.207116,26.833687
300,2,477.72,24569.19,29044.06,653.25,1341.91,2479.718744,25.853791
300,2,389.69,19487.83,24057.36,692.22,1316.85,2560.456450,23.424351
300,2,528.20,27229.80,32128.78,532.35,1288.43,3078.195711,25.836896
300,2,668.97,33987.57,39544.72,627.61,1450.89,3478.658979,26.174069
300,2,500.93,25747.46,30225.42,493.14,1329.12,2655.697313,26.031556
300,2,522.94,27166.87,32173.22,375.12,1533.55,3097.677096,25.350800
300,2,549.93,27723.14,32834.18,522.92,1469.51,3118.604097,25.956915
300,2,536.14,26974.72,31687.91,485.58,1492.63,2734.980516,25.589160
300,2,373.80,17642.04,22539.11,1053.72,1045.01,2798.340248,24.230400
300,2,412.43,20379.73,24901.89,801.48,1218.27,2502.410184,23.869969
300,2,532.09,26207.87,31176.03,892.40,1341.68,2734.071287,25.701750
300,2,440.97,22829.11,26856.82,519.23,971.00,2537.484927,25.234866
300,2,512.40,26387.88,31186.03,608.96,1330.67,2858.520889,25.938696
300,2,564.75,28913.87,33656.23,408.09,1493.42,2840.852899,25.598462
300,2,510.75,26582.51,30971.06,441.49,1323.03,2624.034177,24.714341
300,2,506.49,24502.41,30475.50,1083.42,1284.36,3605.310638,25.245561
300,2,514.64,26047.43,30904.69,516.25,1386.00,2955.006446,25.290644
300,2,656.01,34072.15,39089.17,340.07,1399.91,3277.044504,26.049717
300,2,601.21,30529.32,35956.42,286.95,1604.23,3535.917419,25.427983
300,2,409.27,20563.88,25422.50,505.27,1527.78,2825.566532,24.978125
300,2,517.86,26584.27,31323.04,300.76,1474.01,2964.002407,25.242560
300,2,353.13,17646.87,21629.08,677.97,1170.37,2133.874349,23.959708
300,2,597.86,30481.97,36001.34,630.60,1311.99,3576.782931,26.625767
300,2,465.00,23839.49,28278.27,566.44,1312.72,2559.620201,25.216523
300,2,367.90,18169.73,22139.24,797.46,1098.58,2073.467769,24.444766
300,2,514.70,25534.80,30690.98,730.05,1364.07,3062.058302,23.914386
300,2,565.93,27972.49,33842.07,584.58,1500.30,3784.698792,25.848196
300,3,617.63,30931.87,37520.65,813.99,1935.80,3839.002691,31.749346
300,3,675.57,34056.37,40944.99,847.57,1729.62,4311.431966,32.114803
300,3,780.21,39648.15,47139.66,1060.29,1742.49,4688.725759,32.373751
300,3,525.79,26619.62,31941.38,524.64,1536.54,3260.575962,29.857583
300,3,735.72,37181.41,44678.35,513.90,1759.68,5223.359646,32.279046
300,3,723.02,36546.58,43469.88,571.99,1712.37,4638.936476,32.814592
300,3,828.48,41296.58,49259.63,792.92,2122.74,5047.389982,33.513289
300,3,692.71,34472.77,41630.94,578.97,1965.50,4613.704558,32.413644
300,3,578.71,28211.90,35205.22,950.86,1666.05,4376.414357,30.208804
300,3,592.19,28223.89,35449.41,1093.23,1546.20,4586.090795,30.987358
300,3,742.03,37714.20,43930.41,545.36,1878.73,3792.113212,30.762763
300,3,473.58,22905.21,28953.47,604.11,2006.71,3437.434694,29.641101
300,3,596.59,29687.27,35883.66,688.10,1845.09,3663.208736,30.524091
300,3,710.03,35097.11,42367.90,597.56,2141.69,4531.535611,30.746799
300,3,423.66,20703.83,26441.06,581.08,1806.02,3350.131835,29.514780
300,3,790.62,40234.07,47280.30,638.57,1733.96,4673.695150,30.851857
300,3,751.30,37941.88,45588.28,557.73,1801.29,5287.377484,31.885428
300,3,602.41,30328.87,36479.72,657.29,1700.51,3793.044254,32.001590
300,3,538.86,27527.91,33321.35,488.13,1519.93,3785.385704,31.761606
300,3,774.48,39251.85,46545.84,537.51,1934.73,4821.744121,32.467791
300,3,753.84,37325.29,45037.78,720.75,2078.05,4913.686032,32.160617
300,3,789.23,39584.44,46838.69,676.73,2090.02,4487.506268,30.238301
300,3,735.44,37647.02,44247.40,620.41,1759.69,4220.277426,30.210285
300,3,613.74,29953.14,36695.70,766.09,1768.51,4207.969554,28.715960
300,3,728.37,36135.60,43324.70,810.77,2116.56,4261.759204,32.224980
300,3,743.50,37448.08,44204.59,988.51,1859.84,3908.167157,30.209215
300,3,721.62,35764.59,42547.11,670.55,1707.06,4404.911702,31.585420
300,3,718.45,36720.01,43396.70,503.34,1992.77,4180.581462,31.035499
300,3,735.78,37845.89,44594.50,415.70,1974.07,4358.834881,30.840884
300,3,677.84,33298.03,40262.19,792.62,1713.59,4457.952890,31.312472
300,3,588.18,29204.71,35959.02,707.18,1819.82,4227.301660,31.806293
300,3,691.72,34338.21,41588.35,1043.93,1741.01,4465.192250,30.938468
300,3,787.97,38992.29,46672.32,1265.13,1795.27,4619.617092,31.494418
300,3,699.97,34942.49,41590.88,646.03,1590.38,4411.980606,31.710428
300,3,796.57,41122.98,48570.77,742.44,1969.01,4736.341701,32.396977
300,3,632.36,32673.81,38398.39,771.30,1778.84,3174.444935,29.509306
300,3,589.81,29043.72,35957.79,515.35,1985.81,4412.901570,31.266538
300,3,650.66,32972.32,39590.61,922.02,1760.17,3936.102677,30.667763
300,3,578.96,28692.61,35319.64,740.84,1614.36,4271.831536,30.717954
300,3,616.29,31327.35,36991.03,515.99,1469.37,3678.333449,31.048859
300,3,493.22,23398.96,30169.81,1308.03,1526.76,3936.066912,29.013769
300,3,504.40,25588.08,31208.71,558.28,1701.26,3361.096768,30.461005
300,3,632.91,30562.66,38445.58,622.92,1807.34,5452.657949,31.435139
300,3,651.08,34053.50,39633.58,396.18,1720.77,3463.136673,30.678394
300,3,524.60,26174.33,32097.01,765.81,1673.83,3483.027078,30.115587
300,3,775.44,38651.05,46457.53,854.98,1965.41,4986.095189,31.138515
300,3,530.16,27959.77,33807.33,857.21,1570.53,3419.815851,30.846077
300,3,618.09,30624.63,37548.86,731.21,1584.57,4608.457309,31.170730
300,3,618.92,31242.53,38028.70,468.78,1999.24,4318.150601,30.864327
300,3,510.49,25150.61,31086.30,698.22,1776.40,3461.070994,29.940561
300,3,721.52,37485.41,43523.87,470.33,1577.78,3990.344117,31.339552
300,3,861.30,43519.64,50612.46,735.30,2086.51,4271.000161,32.506074
300,3,556.99,27516.42,34178.89,639.11,1826.00,4197.362294,30.426402
300,3,554.57,26755.98,33901.55,1023.90,1649.09,4472.583961,31.237199
300,3,672.69,33078.30,40473.44,731.58,1764.11,4899.438778,33.040125
300,3,744.37,36858.93,44183.79,951.70,2038.46,4334.699660,31.768030
300,3,589.82,30238.03,37320.71,450.13,1680.31,4952.246901,31.492920
300,3,692.71,34474.12,41539.97,741.40,1691.77,4632.676453,31.475684
300,3,785.07,40306.10,46917.98,772.57,1767.08,4072.223810,30.652639
300,3,635.57,33364.17,39589.97,674.15,1539.69,4011.961795,30.236163
300,3,619.68,30227.01,37600.96,536.10,1926.06,4911.804564,30.134423
300,3,736.75,37863.09,44382.29,463.74,1742.67,4312.794144,31.118975
300,3,583.34,29527.39,35103.96,341.09,1776.45,3459.030931,30.047220
300,3,603.87,30236.85,36942.71,797.02,1825.70,4083.141260,30.459461
300,3,758.72,37667.32,44603.84,712.74,1948.58,4275.206535,31.262100
300,3,797.33,40540.98,47482.37,513.54,2093.33,4334.523249,33.572134
300,3,706.13,35430.40,42334.28,695.97,1953.78,4254.132818,31.897161
300,3,780.62,38207.25,46026.21,1063.48,1665.10,5090.374491,31.546872
300,3,650.62,32407.43,38767.04,579.07,1931.51,3849.026708,29.479120
300,3,732.83,36370.30,44133.08,633.22,1860.73,5268.831244,31.377613
300,3,475.96,23458.13,29816.13,922.59,1687.08,3748.329124,30.197055
300,3,637.85,31778.62,38481.25,621.71,1757.75,4323.155898,31.347894
300,3,956.86,48317.06,56198.60,876.74,2038.92,4965.879179,32.611810
300,3,637.33,31966.40,38269.46,492.92,1934.22,3875.924110,31.051442
300,3,627.67,31843.11,38095.09,484.26,1701.61,4066.114700,29.309125
300,3,658.90,32396.77,39452.79,646.84,2044.27,4364.917539,31.705638
300,3,674.71,34325.04,41227.32,467.21,1618.52,4816.550677,31.810730
300,3,720.28,36556.65,43401.90,710.14,1602.80,4532.299265,30.874193
300,3,710.60,35469.67,42775.18,532.93,2119.94,4652.640619,31.016218
300,3,803.50,40873.79,47730.48,670.15,1951.66,4234.872446,33.021116
300,3,593.71,28820.82,35705.26,783.77,1655.35,4445.317584,29.499207
300,3,744.39,38417.28,44684.31,474.48,1764.41,4028.134276,31.902892
300,3,612.94,30638.98,36667.13,952.60,1611.97,3463.572123,28.975193
300,3,651.93,32227.85,38733.63,1047.72,1442.34,4015.726007,30.542983
300,3,503.47,24084.89,29949.42,1320.95,1174.30,3369.279112,29.741704
300,3,751.17,38287.70,45183.93,569.91,2194.23,4132.099377,32.307344
300,3,592.91,29922.71,35953.51,758.36,1605.74,3666.703048,30.722320
300,3,650.14,32345.37,39425.37,840.23,2070.88,4168.875822,29.592670
300,3,583.22,27292.16,35199.44,1004.66,2089.60,4813.018047,30.511350
300,3,745.01,37033.60,44455.08,696.32,2016.58,4708.581607,30.292547
300,3,779.64,39965.47,47320.47,524.77,1796.01,5034.214868,31.778192
300,3,714.28,34105.17,42122.03,605.92,2239.60,5171.332978,31.534396
300,3,666.98,33745.87,40678.65,633.78,1872.78,4426.223502,29.759227
300,3,698.32,35120.44,42321.35,746.27,1741.70,4712.937838,31.736662
300,3,566.74,29488.66,34808.62,547.90,1641.72,3130.345529,28.117723
300,3,824.63,42032.49,49422.61,579.69,1496.79,5313.644197,32.302404
300,3,636.11,32080.32,38554.28,869.70,1325.64,4278.625994,26.818922
300,3,497.95,24730.47,30383.13,609.18,1685.33,3358.150018,30.060461
300,3,646.99,32246.25,39536.95,934.56,1677.49,4678.644375,25.466988
300,3,623.77,30242.20,37950.23,582.93,1863.38,5261.708708,30.296581
300,4,683.37,33808.42,41738.20,1077.78,1806.36,5045.648119,38.098434
300,4,841.95,41289.35,50622.94,1176.21,2381.70,5775.679100,39.537724
300,4,862.44,43167.21,52003.26,897.46,2323.41,5615.181665,39.399542
300,4,759.21,38402.64,45868.23,906.56,2255.62,4303.412006,39.703601
300,4,957.58,47912.04,57882.74,695.32,2434.30,6841.074309,39.677323
300,4,806.11,39910.13,49095.80,972.31,2244.87,5968.490046,41.394290
300,4,929.59,45416.75,55282.03,954.46,2475.23,6435.596671,40.271925
300,4,721.45,35091.78,44236.19,896.08,1897.28,6351.054012,39.557221
300,4,713.67,35621.95,43737.52,673.30,1863.20,5579.078112,36.338866
300,4,790.17,39136.70,47381.26,562.28,2032.73,5649.546590,38.345912
300,4,760.67,39171.27,47276.12,829.57,1873.60,5401.683015,39.643432
300,4,712.70,35647.17,43003.83,774.64,2136.32,4445.696224,38.273647
300,4,967.68,48992.83,57085.91,591.64,2523.66,4977.782191,40.119676
300,4,679.88,31641.62,41009.94,995.45,2438.57,5934.296913,34.833126
300,4,622.41,30228.26,38200.76,1026.08,2189.44,4756.979943,34.763795
300,4,868.64,42586.65,51658.05,707.76,2340.96,6022.690956,38.071700
300,4,915.25,45535.78,55382.96,957.56,2573.54,6316.079042,40.095127
300,4,854.15,41909.55,50402.33,718.55,2420.74,5353.487183,40.842034
300,4,1048.42,53742.18,62195.83,647.82,2514.72,5291.108467,37.414853
300,4,662.04,31197.80,40035.74,1073.68,1983.68,5780.578076,39.900445
300,4,927.10,46230.78,55515.81,881.07,2165.49,6238.475954,38.048123
300,4,773.75,36909.19,46257.25,576.90,2614.04,6157.104365,38.532304
300,4,819.79,41579.41,49566.52,786.98,1956.19,5243.934706,39.425782
300,4,763.29,36761.37,45212.97,704.33,2391.26,5356.009506,37.973388
300,4,735.73,35657.91,43872.57,631.73,2180.36,5402.579188,36.188179
300,4,804.02,39542.29,48462.02,965.02,2321.18,5633.528094,35.664272
300,4,886.13,43620.87,52902.58,1172.84,2413.14,5695.722201,39.368413
300,4,703.42,33610.35,42139.98,1054.59,1878.25,5596.782689,38.365538
300,4,917.01,45247.47,54387.20,866.96,2496.24,5776.531568,38.378598
300,4,999.56,49158.70,58638.50,800.76,2668.80,6010.250027,39.691990
300,4,736.39,35427.47,44391.94,1016.29,2547.08,5401.105621,36.660937
300,4,836.64,42092.44,50756.80,1007.75,1999.61,5657.001258,37.728033
300,4,697.82,33839.19,42720.26,851.53,2117.68,5911.855782,35.958016
300,4,945.85,46761.34,56396.82,1265.60,2580.51,5789.360466,39.957387
300,4,744.50,35653.22,45164.11,785.79,2309.28,6415.815057,37.726566
300,4,632.15,31941.47,39133.89,772.64,1909.58,4510.190242,36.915395
300,4,1049.02,52527.73,61517.08,801.79,2170.71,6016.853081,36.023722
300,4,750.96,36468.38,44657.18,697.13,2653.36,4838.306331,37.510584
300,4,691.19,34327.45,42615.71,1107.65,2019.93,5160.687004,36.674404
300,4,735.17,36519.92,44581.59,914.03,2250.02,4897.622459,39.180124
300,4,772.70,37889.81,46274.34,1015.74,2053.37,5315.432874,38.345395
300,4,729.30,37095.16,44187.15,864.63,1968.05,4259.308378,39.052570
300,4,885.09,42547.92,52984.83,1002.95,2409.50,7024.458962,37.367838
300,4,810.46,40275.77,48653.81,954.42,2347.72,5075.900116,38.573223
300,4,626.08,30274.11,37959.33,1067.25,2173.94,4444.024048,36.928006
300,4,793.01,38043.01,47685.49,869.75,2297.14,6475.598423,37.732068
300,4,720.88,35563.33,43018.41,866.03,2166.89,4422.162705,36.961702
300,4,867.48,43720.53,52819.24,742.49,2208.76,6147.446838,39.242532
300,4,1087.21,54180.70,64050.05,1095.94,2767.35,6006.063827,38.391600
300,4,565.67,26730.40,34503.76,845.45,1874.78,5053.133503,34.541966
300,4,845.81,42477.53,51208.32,773.31,2569.50,5387.980229,38.318351
300,4,768.80,37724.29,46224.73,704.32,2260.87,5535.258377,36.689805
300,4,955.61,47212.53,56162.53,898.11,2739.19,5312.695323,39.759281
300,4,900.89,44865.61,53275.48,675.29,2226.41,5508.179924,40.255345
300,4,788.02,37851.74,47149.56,1167.96,2478.34,5651.520685,38.094528
300,4,784.22,38448.08,46874.47,719.35,2460.36,5246.684795,38.256346
300,4,887.79,43900.81,53666.11,1317.01,2035.61,6412.666901,38.903910
300,4,947.76,46766.90,56203.57,1330.39,2134.23,5972.051624,39.548489
300,4,793.06,39287.81,47709.61,838.24,2347.39,5236.165728,38.401909
300,4,843.10,43428.05,51318.61,755.31,1905.00,5230.248100,38.260322
300,4,746.35,35513.47,44954.88,814.31,2244.52,6382.578027,35.809063
300,4,857.24,41792.65,50796.17,1216.46,2189.65,5597.398365,36.914444
300,4,834.85,41908.85,49887.30,991.62,2239.98,4746.852618,37.439613
300,4,882.49,44114.95,52885.89,1087.78,1945.49,5737.670657,36.994890
300,4,886.96,43949.79,52988.99,1102.94,2193.38,5742.885716,38.335060
300,4,797.21,38589.50,47751.89,800.55,2931.24,5430.599918,37.976424
300,4,892.61,43833.64,52815.45,930.47,2148.02,5903.320856,40.140308
300,4,907.22,45315.75,54371.05,707.50,2284.23,6063.559425,39.317938
300,4,825.02,41855.17,50137.95,532.52,2145.63,5604.633239,38.037701
300,4,814.45,39947.73,49574.39,830.53,2377.09,6419.039709,38.582431
300,4,597.81,28821.32,36871.56,868.51,2229.49,4952.245926,37.618791
300,4,780.39,36667.11,45807.40,1043.03,2374.16,5723.095675,36.255661
300,4,913.01,44791.92,53822.70,772.64,2044.34,6213.802359,38.550023
300,4,740.77,35640.83,44491.18,1262.00,2387.25,5201.097436,35.330940
300,4,846.49,40790.42,50235.93,1058.24,2654.39,5732.874814,35.425019
300,4,923.12,45853.30,55340.03,1117.13,2656.50,5713.101805,38.547353
300,4,1024.40,50332.71,60672.21,1261.05,2962.39,6116.053982,41.244698
300,4,772.75,38559.26,47089.32,757.20,2376.72,5396.133422,38.679508
300,4,885.66,43758.87,53316.35,774.41,2730.71,6052.359325,38.789686
300,4,867.18,42503.10,52149.20,934.87,2928.60,5782.640670,37.914333
300,4,888.10,43563.77,52527.95,878.13,2055.87,6030.171421,34.767957
300,4,831.48,41318.97,49314.12,767.85,2051.69,5175.613399,39.657043
300,4,879.33,44315.61,52503.92,1109.70,2261.16,4817.454143,37.980479
300,4,809.85,39808.75,47976.44,1312.69,1613.24,5241.752010,37.689828
300,4,785.03,40002.76,47164.78,1090.83,1781.23,4289.956142,36.516474
300,4,826.52,40523.14,49363.59,1087.61,2501.49,5251.357539,38.635947
300,4,867.79,43048.80,51628.32,813.67,2377.66,5388.192516,37.889024
300,4,826.86,42053.93,50286.29,677.15,2028.25,5526.954902,35.847151
300,4,800.81,39782.47,48212.98,655.90,2197.61,5577.010171,39.619118
300,4,910.15,44733.11,54182.48,709.56,2520.68,6219.130561,33.049773
300,4,852.13,41602.57,51413.84,1078.79,2534.46,6198.029588,37.760988
300,4,995.89,48321.47,58263.39,751.99,2630.33,6559.613501,38.735636
300,4,794.45,39251.85,48513.83,764.39,2432.54,6065.051143,37.452423
300,4,1055.25,52214.71,61717.45,580.35,2829.25,6093.136103,38.182405
300,4,647.23,31795.42,39442.48,1163.01,2161.85,4322.206451,34.535299
300,4,840.28,40500.91,50197.24,1499.07,1979.51,6217.755537,37.730415
300,4,887.36,44977.60,53239.54,981.87,1985.10,5294.971930,29.313763
300,4,776.28,39547.92,46595.95,752.45,1832.38,4463.208377,35.208982
300,4,669.77,32098.78,40551.36,710.08,2100.92,5641.585043,26.683939
300,4,913.95,44590.28,54463.06,848.83,2363.39,6660.557649,28.570051
300,5,1099.60,55681.36,66152.63,990.94,2846.46,6633.864986,45.511699
300,5,1191.52,59163.98,70246.78,1032.25,2673.32,7377.224540,49.050537
300,5,951.35,46142.76,56452.86,814.11,2790.18,6705.810390,47.351243
300,5,698.72,33415.54,42247.36,1002.85,2453.58,5375.397155,45.890365
300,5,813.74,37564.83,49728.59,1083.65,2747.09,8333.023040,44.701111
300,5,832.29,39597.16,50513.22,1130.68,2551.23,7234.146204,47.970140
300,5,986.36,47494.02,59037.44,1327.49,2363.84,7852.094364,45.016699
300,5,1177.80,58182.20,70041.76,1209.80,3206.85,7442.903471,50.355707
300,5,962.37,47538.41,58259.61,1017.46,2845.90,6857.840116,44.401718
300,5,881.28,41961.65,52370.20,922.03,2777.62,6708.900206,45.002974
300,5,941.81,45304.48,56001.31,939.03,2861.51,6896.291965,44.712555
300,5,884.31,43579.82,53051.46,889.76,2804.84,5777.032637,42.873362
300,5,922.25,44059.44,54835.98,1130.91,3149.21,6496.430191,43.461507
300,5,828.67,39616.30,50326.75,954.81,2271.77,7483.858392,43.335038
300,5,1068.21,52259.34,62947.77,1179.84,3060.29,6448.302575,42.215926
300,5,1136.57,55845.23,67203.26,1087.29,2995.23,7275.504333,47.412680
300,5,1110.01,55117.99,66251.49,1196.46,2347.59,7589.455071,42.009994
300,5,741.56,34718.89,44978.18,844.83,2575.50,6838.963960,41.645079
300,5,938.56,46045.89,56709.22,1179.79,2969.81,6513.734391,41.232483
300,5,1096.00,52943.37,64515.20,1309.94,2827.60,7434.287129,44.482416
300,5,1121.12,55157.28,66303.96,958.37,2926.76,7261.552335,44.502647
300,5,941.89,46842.60,57137.11,1041.84,2284.76,6967.913275,43.018343
300,5,816.99,39753.42,49727.44,805.57,2190.70,6977.760252,43.154614
300,5,953.95,46906.87,57112.93,942.77,2661.90,6601.400295,45.010497
300,5,951.90,45240.38,56356.74,1173.03,2913.14,7030.182934,42.975715
300,5,955.28,46037.85,57004.96,1424.55,2804.16,6738.399836,42.205925
300,5,848.86,40014.84,50899.53,1047.58,2776.02,7061.091356,44.196082
300,5,1037.53,50688.61,61735.38,856.47,2931.59,7258.701534,45.806449
300,5,1100.90,54003.73,64885.48,943.94,2800.02,7137.785968,45.763962
300,5,1010.49,49866.98,60687.43,881.36,2700.49,7238.596236,45.921865
300,5,854.15,39810.71,51041.57,1631.87,3273.35,6325.642749,46.653959
300,5,891.42,42485.62,53640.40,1186.01,3247.40,6721.373474,42.465585
300,5,1074.17,53327.64,63933.17,919.56,2734.89,6951.077450,47.130356
300,5,777.41,36491.13,47237.90,1054.04,2449.77,7242.957733,41.392637
300,5,1108.58,55073.21,66238.97,1020.65,2521.61,7623.499315,44.225088
300,5,748.61,37688.49,46291.33,1021.59,2253.41,5327.837636,43.440886
300,5,1003.73,49538.87,60508.03,996.00,2893.70,7079.466139,44.869984
300,5,848.61,40596.88,50681.30,994.84,2752.20,6337.381636,38.030592
300,5,925.56,45818.23,55511.53,870.52,2604.59,6218.184341,42.901085
300,5,837.31,40385.50,49941.96,776.00,2654.64,6125.818119,45.612194
300,5,1074.44,53285.59,62977.81,1153.64,2266.69,6271.883757,45.825111
300,5,950.93,47492.48,56450.00,718.21,2703.61,5535.692915,42.414248
300,5,1093.45,51373.21,64844.02,1214.35,3693.82,8562.632871,46.007203
300,5,942.10,46957.91,56956.93,940.90,2497.78,6560.338344,41.489363
300,5,886.84,43530.13,53683.17,1011.80,2965.54,6175.708765,43.352693
300,5,1090.50,52656.35,64448.05,1151.47,2848.38,7791.856166,42.262581
300,5,787.71,38258.04,47422.96,892.01,2606.79,5666.123956,40.241874
300,5,976.13,47468.78,58716.29,997.55,2895.37,7354.596390,43.388594
300,5,1062.60,51568.71,63356.01,929.18,3215.99,7642.140760,41.727530
300,5,985.03,49168.39,58956.08,1110.91,2661.09,6015.692367,42.650665
300,5,872.37,41456.51,52327.63,1115.58,3048.12,6707.415045,46.168708
300,5,952.63,45733.30,56449.62,1489.71,2658.52,6568.088997,47.834325
300,5,693.79,33953.52,43386.21,646.28,2159.46,6626.947243,40.869776
300,5,1084.22,54947.65,64887.98,936.88,2458.60,6544.844470,51.071371
300,5,1140.56,54278.73,66431.87,1706.34,3029.79,7417.011423,45.799234
300,5,871.50,41657.61,52258.30,1470.99,2634.79,6494.902175,42.216264
300,5,833.37,39124.53,50112.33,1082.86,2523.21,7381.742148,40.228490
300,5,1119.88,54889.85,65881.44,952.86,3002.56,7036.165170,46.437785
300,5,910.61,44292.16,54684.79,968.87,3127.17,6296.584534,44.106936
300,5,814.29,39716.95,49540.18,768.85,2670.97,6383.402171,42.808432
300,5,1012.24,48233.70,60018.31,904.34,3242.27,7637.993756,46.390116
300,5,860.36,42229.07,52209.82,806.13,2252.65,6921.964062,45.567661
300,5,888.28,44888.12,54187.31,1116.32,2528.16,5654.711948,40.085755
300,5,827.87,38774.04,49498.29,988.80,3090.20,6645.250437,42.015821
300,5,825.53,38457.63,49292.98,1166.76,2976.51,6692.086057,42.601521
300,5,919.95,43924.00,55049.19,984.96,3233.66,6906.563841,45.253039
300,5,1005.00,48143.05,59562.29,1284.59,3036.47,7098.180174,47.469691
300,5,886.99,42035.74,52835.93,970.29,2723.29,7106.622823,45.418919
300,5,1008.18,49449.78,60322.72,1103.71,2657.78,7111.451773,39.428573
300,5,937.03,46233.25,57252.66,676.64,2342.69,8000.083165,45.679613
300,5,916.66,46727.55,56189.48,1047.08,2372.77,6042.081343,43.688728
300,5,1107.58,53728.03,65276.74,1346.78,3150.27,7051.662169,47.580390
300,5,1160.74,59463.37,69790.31,762.95,2407.48,7156.508238,45.729633
300,5,908.87,46451.48,56014.87,1039.93,2146.07,6377.384050,41.475893
300,5,792.82,38601.49,48667.70,925.57,2174.53,6966.101284,38.271376
300,5,915.47,43004.75,54284.58,989.44,2959.79,7330.602309,43.358705
300,5,842.57,41249.52,51892.10,1068.03,2255.47,7319.086304,44.448607
300,5,1041.96,52183.29,62108.40,923.27,2508.21,6493.637018,44.603749
300,5,1033.17,50653.02,62042.84,1080.89,2610.53,7698.400571,47.478196
300,5,896.56,42196.80,53199.03,1127.54,2701.51,7173.177819,43.974539
300,5,919.59,44455.83,55128.37,1510.71,2310.13,6851.701495,43.620190
300,5,1020.02,50067.21,60064.24,778.56,2933.85,6284.624009,46.751182
300,5,912.80,45518.72,54875.07,652.54,2664.03,6039.771154,42.387045
300,5,921.59,45087.77,54890.00,1039.06,2371.53,6391.634867,42.341867
300,5,967.49,48847.61,57471.08,947.35,2479.33,5196.798495,45.738102
300,5,933.94,45548.24,55853.29,662.59,2605.68,7036.773527,42.973377
300,5,798.53,38906.80,48766.14,1191.76,2391.05,6276.527664,44.809940
300,5,946.95,46457.12,56744.34,928.07,2821.40,6537.751932,48.764538
300,5,999.05,48898.27,60173.37,1663.94,2921.60,6689.567580,45.127796
300,5,971.25,47023.13,57890.09,919.88,2895.82,7051.266204,42.836621
300,5,1040.03,50446.27,62140.51,1689.48,2868.38,7136.388859,46.817681
300,5,877.03,40500.78,52418.19,1007.73,2993.70,7915.971199,46.473448
300,5,1049.35,52254.49,63059.35,814.36,2710.28,7280.230174,44.609897
300,5,976.87,46190.85,57795.00,1079.09,3009.66,7515.402813,41.610020
300,5,868.86,43112.18,52349.89,1147.09,2502.85,5587.781134,34.079182
300,5,1078.41,52446.00,63412.08,801.41,2862.05,7302.614458,44.665368
300,5,824.02,39754.87,49085.01,1199.50,2143.33,5987.304293,43.916211
300,5,866.14,42674.04,51982.03,731.84,2735.48,5840.664148,41.868481
300,5,941.97,44844.45,55683.01,978.77,3363.49,6496.296059,33.717132
300,5,843.25,38088.60,50040.25,1359.26,2778.91,7813.482928,44.370170
300,6,986.92,47976.52,59974.92,1075.28,3108.23,7814.897779,51.866987
300,6,1244.12,59880.70,72851.91,1131.50,3420.18,8419.539604,57.987223
300,6,1165.69,56318.41,68487.55,1192.81,2965.70,8010.625221,51.587405
300,6,1059.46,51344.78,63574.60,1105.47,3959.77,7164.573287,56.770720
300,6,1143.26,53783.63,68263.08,1503.73,3339.89,9635.824943,51.827098
300,6,1296.70,62656.66,75753.86,1489.38,3529.95,8077.865339,61.011590
300,6,1154.39,54681.48,68554.31,1238.59,3363.89,9270.361109,53.991812
300,6,1168.87,55824.38,68647.14,1383.57,2950.21,8488.971510,58.569613
300,6,943.20,44743.92,57122.21,1173.06,3572.12,7633.118016,46.915391
300,6,1259.03,62271.39,74157.57,1092.18,3282.93,7511.065646,55.442130
300,6,1024.57,48893.77,60665.02,1225.29,2729.44,7816.505584,49.477680
300,6,1055.12,51235.69,63119.35,1212.68,3278.53,7392.446978,50.136905
300,6,1044.53,50099.05,62041.28,1073.23,2942.29,7926.712519,50.732480
300,6,1139.39,54545.35,68111.35,1103.47,3328.58,9133.950082,51.387085
300,6,984.60,47332.38,59878.69,1341.34,3105.73,8099.232946,50.895488
300,6,1257.18,60565.19,73652.09,1014.96,3638.78,8433.149402,52.959819
300,6,1353.58,66733.04,80506.88,1156.30,3312.10,9305.439962,57.042232
300,6,854.94,38889.64,51714.74,1626.29,3119.24,8079.572944,47.761886
300,6,1060.52,50957.85,63191.47,1201.05,3271.96,7760.598727,46.864627
300,6,922.55,42482.34,55713.94,1493.78,2989.15,8748.664138,54.241324
300,6,1051.57,50856.46,63438.28,1068.14,3072.88,8440.810067,50.970377
300,6,1245.17,60164.38,73190.18,1178.91,3778.66,8068.230190,55.119448
300,6,825.98,37698.95,49917.41,1097.76,3297.69,7823.006722,49.828579
300,6,1243.99,60715.23,73204.33,1113.87,3481.53,7893.710884,54.288278
300,6,1238.52,60122.01,73192.16,1530.75,3203.61,8335.785314,54.870645
300,6,1109.95,53320.02,65639.99,1476.02,2855.51,7988.438755,50.917347
300,6,1107.94,52296.94,65329.92,1300.13,3746.06,7986.794154,55.228624
300,6,1007.91,48158.22,61140.32,1282.77,2868.28,8831.054917,48.928515
300,6,1070.19,52702.73,64621.04,1176.22,2763.23,7978.864578,49.151509
300,6,1133.37,53116.56,66676.81,1935.51,3640.19,7984.549156,50.082211
300,6,1032.13,49006.70,62169.05,1491.90,3363.82,8306.630832,51.131627
300,6,1026.94,49939.99,61679.40,1355.67,2485.31,7898.423930,53.047207
300,6,1056.36,50156.73,63149.44,1038.43,3470.08,8484.199021,56.090494
300,6,1076.56,52425.55,64869.48,1058.08,3237.63,8148.221196,52.160254
300,6,1317.17,63780.74,77350.52,1510.49,3707.03,8352.259951,54.655667
300,6,937.13,46342.89,57008.04,1201.89,2797.76,6665.495696,49.424984
300,6,1128.75,54856.96,67280.82,1011.88,2865.91,8546.071734,51.267469
300,6,1112.75,54659.26,66596.82,1288.07,2790.11,7859.378068,54.346801
300,6,1112.92,54261.41,65772.35,1303.02,2783.11,7424.813098,51.004162
300,6,978.23,46084.37,58079.33,1361.86,3609.92,7023.184532,54.742209
300,6,1153.16,56156.18,68064.90,1389.09,3420.67,7098.969757,52.846091
300,6,941.28,45482.99,56128.24,1138.48,2764.63,6742.140131,46.206056
300,6,1036.49,48156.07,61904.04,939.56,3060.14,9748.277278,52.211032
300,6,997.31,47803.41,60217.72,1147.98,3319.87,7946.458378,47.218215
300,6,1085.21,52743.30,64876.95,1705.87,3225.25,7202.524942,48.883805
300,6,1186.82,58470.58,71924.16,1282.08,2838.87,9332.634797,51.159028
300,6,976.48,46757.33,58453.45,1116.06,3169.26,7410.803265,49.796181
300,6,1102.57,53988.84,66497.55,1188.07,2878.88,8441.751603,47.964927
300,6,1319.58,64586.24,78224.86,1007.61,3388.09,9242.916738,51.593927
300,6,832.68,38225.06,49968.64,1341.29,3192.64,7209.647523,51.526738
300,6,1157.43,55817.36,68928.89,1270.31,3679.68,8161.546272,53.268470
300,6,1217.92,59538.69,72074.07,1625.62,2779.38,8130.386278,55.338697
300,6,1142.22,54842.82,66954.66,1295.19,2919.12,7897.537304,50.369558
300,6,1135.42,55469.31,67685.37,1047.77,3115.26,8053.026812,52.408488
300,6,1192.52,57773.46,70801.01,1250.81,3258.30,8518.439658,50.967986
300,6,1128.65,55713.06,67114.24,965.11,2848.72,7587.343320,54.322504
300,6,1297.84,63114.47,76663.72,946.89,3960.44,8641.905598,54.904025
300,6,1226.25,58954.21,71847.12,1030.99,3275.29,8586.619312,50.529446
300,6,960.19,46598.26,58701.62,1246.24,2929.67,7927.454825,50.927931
300,6,1089.67,53354.11,65105.75,974.25,3367.68,7409.709260,52.413766
300,6,1119.00,53627.88,67256.59,1413.93,3255.52,8959.256824,53.972647
300,6,1057.68,50494.35,63194.47,1158.97,3458.83,8082.320493,51.256850
300,6,826.99,39075.67,49981.38,1342.03,2591.14,6972.538918,48.303376
300,6,1104.97,52177.66,64705.23,1368.79,3287.68,7871.098863,49.240404
300,6,883.72,40678.16,52520.45,1090.51,3175.75,7576.035458,52.616052
300,6,1017.45,48585.60,61065.52,1095.99,2937.20,8446.732463,51.919759
300,6,1217.46,57588.36,71643.39,1905.44,3560.20,8589.382927,54.940185
300,6,1114.36,54053.88,66479.39,1080.23,3052.12,8293.144951,54.640162
300,6,1144.35,55293.70,67876.09,979.21,3208.00,8395.190709,49.001248
300,6,1250.34,58875.52,73156.29,1531.97,3924.05,8824.751744,50.814045
300,6,1016.48,48312.88,60374.11,1040.18,3740.01,7281.042150,49.933897
300,6,1027.77,48132.38,61373.97,1401.75,3367.82,8472.026580,46.939430
300,6,986.38,46912.75,60197.66,1944.22,3032.50,8308.187276,56.199134
300,6,1253.76,60319.02,73265.68,1273.72,3638.76,8034.179058,48.311536
300,6,983.38,46445.68,58901.23,1732.32,3049.18,7674.047158,48.699366
300,6,1046.13,49622.92,62525.57,1417.35,2961.58,8523.721332,51.809923
300,6,1047.48,50141.33,62718.61,1707.99,2827.48,8041.813227,52.462597
300,6,1198.74,57827.60,70809.58,1230.99,4143.68,7607.313746,56.231361
300,6,1147.24,54137.15,67842.95,1294.84,3281.03,9129.924837,53.274351
300,6,937.11,44563.17,57105.66,1247.11,2966.00,8329.368031,50.855858
300,6,1061.80,49464.24,62643.67,1569.15,3163.94,8446.339840,53.877473
300,6,1031.56,49267.27,61203.22,1159.08,3180.11,7596.762769,46.371717
300,6,989.83,47511.00,59060.95,1120.55,3353.45,7075.953985,48.357018
300,6,872.58,41154.88,52526.49,1370.71,2940.28,7060.610296,52.576975
300,6,739.86,35375.71,45316.25,978.41,2944.85,6017.279965,47.389129
300,6,1209.39,58024.53,71000.24,1400.59,2933.25,8641.875419,49.231827
300,6,904.50,43119.96,54706.70,1459.26,3147.03,6980.454647,46.650754
300,6,1130.57,54846.35,67753.10,1695.28,3194.20,8017.266699,50.410862
300,6,1097.37,53358.20,65452.36,862.34,3350.29,7881.536350,51.976205
300,6,1191.55,57244.70,69623.79,1343.76,2766.76,8268.567677,53.628589
300,6,1198.41,57067.81,70961.25,1898.07,3290.82,8704.554019,49.411141
300,6,1171.11,54902.56,69038.70,1403.84,3653.74,9078.562294,50.089266
300,6,1080.71,52047.39,65084.51,1282.87,3543.38,8210.872785,48.421568
300,6,1133.06,54040.75,67041.08,1507.34,3003.34,8489.648373,52.060532
300,6,826.82,39378.69,50155.36,1240.49,2803.15,6733.025893,45.239788
300,6,1091.58,52536.48,65277.54,1183.05,3088.50,8469.507864,52.890251
300,6,979.90,46164.15,58029.79,1505.39,3231.37,7128.892182,47.781014
300,6,1085.68,52186.35,63960.11,1275.22,3683.40,6815.147279,50.712633
300,6,1041.37,49344.79,61970.34,1036.48,3423.02,8166.053375,48.163350
300,6,1229.44,58711.89,72614.63,1408.42,3828.55,8665.760230,49.430341
300,7,1082.33,51031.50,65576.14,1681.80,3600.35,9262.491860,58.193611
300,7,1331.33,63901.19,78790.34,1232.04,3799.28,9857.831345,68.006036
300,7,962.91,43208.21,57803.29,1442.15,3777.12,9375.812917,60.165864
300,7,1166.90,55454.24,69694.52,1987.00,3744.99,8508.296746,65.758889
300,7,1355.14,64253.49,80785.36,1257.57,3930.70,11343.605849,59.362083
300,7,1076.93,49305.58,64298.05,1227.35,4293.80,9471.319535,67.091649
300,7,1411.33,66476.97,82560.79,1658.92,4230.63,10194.270180,62.529493
300,7,1444.51,70649.15,84600.36,1327.59,3218.70,9404.915781,70.144966
300,7,1236.12,59293.57,73267.83,1311.69,4035.35,8627.221875,56.843962
300,7,1068.95,49958.31,63430.76,1553.24,2992.13,8927.075369,57.999434
300,7,1059.66,49359.88,62739.89,1371.02,3201.52,8807.470371,52.785365
300,7,1175.88,57790.49,70493.72,1422.72,3085.30,8195.207948,57.809580
300,7,1197.26,56784.97,70207.08,1273.33,3293.57,8855.210001,55.766588
300,7,1122.78,52496.08,67291.58,1628.50,2958.56,10208.444028,53.845035
300,7,1078.64,50521.01,64535.06,1626.72,3514.97,8872.366620,52.871374
300,7,1306.67,61406.27,76370.91,1895.04,3632.09,9437.512262,58.759837
300,7,1260.36,61622.85,76537.34,1325.87,2933.68,10654.944610,59.882087
300,7,1264.53,58892.64,73495.00,1328.49,3627.00,9646.865544,56.432657
300,7,988.19,45215.00,59514.53,1467.29,4065.51,8766.729030,53.017797
300,7,1134.09,52247.63,67235.45,1507.52,3864.33,9615.972411,55.634328
300,7,1215.64,57323.21,72056.39,1473.59,4039.24,9220.351640,61.443175
300,7,1198.66,56603.68,70733.19,1198.04,3482.14,9449.329943,54.327005
300,7,1329.01,63861.56,78106.91,1388.71,4050.04,8806.601915,56.413139
300,7,1078.38,51585.96,64856.64,1241.09,2887.66,9141.928437,56.645439
300,7,1274.41,59722.51,75036.61,1334.40,4506.86,9472.849829,61.804417
300,7,1312.89,62754.34,77494.55,1247.95,3844.28,9647.967269,56.405717
300,7,1348.31,64632.90,79393.26,1114.14,4194.06,9452.162519,57.471049
300,7,1077.43,49858.58,64395.01,1389.19,3491.12,9656.120028,57.008756
300,7,1163.64,54895.37,69746.95,1667.20,3768.27,9416.100078,54.178962
300,7,1289.33,61203.86,75517.76,1256.92,4011.04,9045.932158,64.573182
300,7,1078.10,50546.71,64691.78,1455.68,3648.40,9040.988114,60.278804
300,7,1053.83,48340.91,62767.89,1557.63,3668.99,9200.364560,58.491140
300,7,1116.55,54214.14,67973.57,1467.11,3088.38,9203.936992,56.677201
300,7,1226.40,58675.21,72508.84,1437.61,2981.83,9414.186363,55.205756
300,7,1202.11,59275.00,73431.16,1326.80,2952.84,9876.520213,58.241483
300,7,1171.19,56300.93,69594.91,1242.43,3873.62,8177.925713,55.201648
300,7,1257.37,59056.28,74410.94,1817.87,3821.57,9715.230765,59.105066
300,7,1319.39,62627.36,77042.13,1637.51,3433.03,9344.221657,59.983746
300,7,955.04,44084.73,57235.31,1320.75,3549.30,8280.531395,58.920971
300,7,1001.36,46668.80,59992.33,1437.61,3491.93,8393.993855,59.558126
300,7,1135.42,54615.86,67691.34,1387.65,3548.38,8139.450482,58.680370
300,7,968.50,46798.77,58370.98,1203.09,2747.61,7621.502822,58.927889
300,7,1345.44,62452.29,79091.06,1234.04,4365.67,11039.061823,62.044270
300,7,1444.77,71804.15,86003.60,1141.79,3780.90,9276.762458,61.811086
300,7,1030.93,47999.43,62380.50,1771.49,3882.72,8726.854982,54.017404
300,7,1327.76,62835.43,78837.54,1830.96,3172.63,10998.524516,60.536592
300,7,995.87,47283.83,60237.45,1102.99,3343.43,8507.200927,55.006837
300,7,1264.58,59949.77,74396.39,1885.08,3343.50,9218.032326,59.262548
300,7,1251.45,58744.62,74765.85,1477.66,3922.72,10620.842255,56.224242
300,7,1038.38,48081.89,62159.84,1741.76,3764.80,8571.391880,57.481000
300,7,1196.26,55806.54,70894.94,1183.17,4286.37,9618.861124,58.816746
300,7,1203.30,56865.35,71116.42,1296.18,3683.75,9271.143403,57.446084
300,7,1271.71,62159.64,75551.55,1424.07,3471.88,8495.962043,63.791275
300,7,1210.19,56185.51,70096.03,1179.50,3697.83,9033.195290,56.393496
300,7,1125.02,53430.32,67846.78,1889.87,2880.11,9646.471335,59.405604
300,7,1321.67,63615.03,77787.59,1257.53,3897.02,9018.007642,54.976103
300,7,1251.90,59765.87,74485.22,1478.24,3536.09,9705.020890,56.260905
300,7,1407.26,69985.64,83764.92,1228.35,3043.93,9506.995037,63.020389
300,7,1413.01,68458.09,82811.91,1078.13,3894.43,9381.265812,63.721225
300,7,1217.74,59061.51,72840.07,1234.18,3672.00,8872.376888,64.586106
300,7,1402.98,67329.23,82475.00,1826.07,3409.67,9910.025948,59.444035
300,7,1103.48,52017.23,65767.02,1282.27,3441.97,9025.547665,55.989493
300,7,1101.71,52512.82,65244.45,1223.59,3608.14,7899.898905,61.533817
300,7,1357.17,66037.58,80624.40,1281.20,3813.58,9492.041597,62.812530
300,7,1086.29,51018.77,64857.82,1468.22,3611.12,8759.702766,64.519920
300,7,1448.07,68536.69,84890.66,1291.70,4946.17,10116.105841,62.456776
300,7,1394.71,65917.04,81580.62,2069.48,3488.46,10105.644612,61.995004
300,7,1446.45,69312.04,84491.33,1236.78,4302.87,9639.643009,59.754441
300,7,1132.39,51986.57,67313.43,1363.32,3864.87,10098.678275,55.077413
300,7,1144.68,52949.05,68232.95,1989.35,3484.01,9810.531824,62.707140
300,7,1197.56,57138.08,71382.11,1400.35,3797.65,9046.031473,60.186039
300,7,1277.54,59295.21,74826.27,1605.82,4105.21,9820.026432,60.602836
300,7,1287.49,61112.68,76274.12,1813.60,3972.37,9375.470827,63.489158
300,7,1152.73,53293.23,67961.79,1987.49,3455.51,9225.553259,62.908810
300,7,1225.99,60639.33,73774.14,1436.86,3056.92,8641.037972,62.715373
300,7,1366.03,64581.71,80150.56,1902.07,4266.65,9400.130401,64.775600
300,7,1032.67,46846.29,61696.56,1796.00,3616.68,9437.586416,59.644833
300,7,1393.00,68882.81,83133.61,1410.19,3948.90,8891.707498,66.377700
300,7,1178.74,55829.00,71566.47,1665.42,3406.75,10665.301307,62.752892
300,7,1130.92,52411.03,67071.16,1654.97,3907.19,9097.978168,63.350735
300,7,1363.70,64499.47,79297.60,1557.36,3515.88,9724.905906,61.385509
300,7,993.22,46924.45,60309.28,1218.98,3304.26,8861.589452,59.146952
300,7,1373.16,68244.23,81485.81,1267.89,3493.19,8480.501075,57.286480
300,7,1124.53,53354.37,66308.40,1309.28,3631.18,8013.574432,55.364634
300,7,1231.35,61468.49,73566.74,1341.63,3276.35,7480.270704,63.365723
300,7,1291.24,60720.90,75513.08,1273.43,3765.41,9753.333293,62.373536
300,7,1056.46,51182.81,64053.27,1597.32,3363.32,7909.820390,61.213989
300,7,1338.91,65645.76,79859.54,1272.36,3517.97,9423.444031,59.212651
300,7,1111.16,53122.90,67080.27,1516.72,3486.69,8953.960548,58.644103
300,7,1054.21,48997.37,63729.01,2126.97,3288.33,9316.345862,65.769121
300,7,1147.61,54820.07,69219.37,1213.83,3193.60,9991.867212,56.117390
300,7,1203.75,56648.57,71321.55,1358.47,3347.10,9967.409874,58.804363
300,7,1151.34,55191.55,69533.90,1379.30,3475.80,9487.247731,53.281910
300,7,1297.52,60634.53,75968.75,1255.08,4102.67,9976.477804,54.677429
300,7,1179.97,57269.07,70089.38,1071.89,3492.34,8256.077362,63.198796
300,7,1273.26,60927.44,75684.94,1436.29,3540.50,9780.715272,62.623696
300,7,1266.82,61748.09,75251.01,1389.87,3908.44,8204.618540,52.192115
300,7,1070.19,51898.93,64652.62,1232.31,3370.01,8151.369759,60.052062
300,7,1199.23,57266.50,71292.55,1089.11,3428.89,9508.050891,42.747184
300,7,1204.97,55467.79,70889.47,1656.19,3676.64,10088.851982,52.306061
300,8,1260.99,59224.39,74941.79,1524.87,4292.49,9900.038423,66.077747
300,8,1271.48,59603.21,75957.11,1839.06,3820.83,10694.003145,75.598586
300,8,1191.93,55929.57,71312.16,1399.59,3446.23,10536.761508,68.258690
300,8,1317.60,63192.28,78404.56,1940.21,3897.59,9374.487854,74.989158
300,8,1456.11,66483.69,84899.46,1428.27,4733.05,12254.457365,70.511574
300,8,1338.91,62720.80,78992.41,1367.55,3876.76,11027.293799,77.392798
300,8,1226.36,55902.46,73395.13,1991.33,4060.46,11440.873869,69.781905
300,8,1235.85,57160.89,74082.59,1643.13,4303.50,10975.064138,74.740150
300,8,1321.94,62699.99,78359.49,1578.51,4009.62,10071.370834,62.210753
300,8,1088.66,49245.49,65306.31,1829.94,4055.13,10175.756002,63.145553
300,8,1076.27,49848.20,64325.64,1511.70,3395.44,9570.304703,60.597653
300,8,1091.66,51223.43,65877.84,1655.25,3835.17,9163.983786,58.273948
300,8,1018.19,46798.27,62125.07,1558.07,3522.91,10245.819096,61.033967
300,8,1136.74,49221.68,67526.59,2159.45,4831.03,11314.432796,61.750963
300,8,1287.85,61325.93,76778.47,1762.16,3846.59,9843.783985,62.590367
300,8,1273.25,58635.67,74900.76,1406.07,4364.92,10494.103614,66.091959
300,8,1414.36,65523.56,83748.23,1735.28,4550.93,11938.460194,69.551167
300,8,1246.30,57067.24,73610.70,1612.39,4099.60,10831.471489,66.419210
300,8,1392.22,66320.55,82454.65,1800.77,4510.53,9822.804364,73.923153
300,8,1242.27,56372.72,73868.52,2177.14,4205.97,11112.703235,71.313401
300,8,1356.60,63962.32,79955.71,1628.11,3948.66,10416.611953,63.770292
300,8,1277.20,59684.56,76202.12,1558.29,3851.71,11107.555622,66.744051
300,8,1277.47,58900.31,75047.17,1783.03,4073.61,10290.215184,64.599526
300,8,1240.22,57834.75,73949.46,1733.68,4163.14,10217.901132,65.900478
300,8,1338.77,62194.73,78302.73,1405.63,4086.25,10616.117656,67.001993
300,8,1403.88,67034.08,83091.93,1610.14,3954.37,10493.333205,62.921223
300,8,1453.93,70033.06,86343.92,2023.43,4234.39,10053.035233,66.820383
300,8,1117.47,51015.41,66839.41,1627.61,3927.13,10269.264850,66.795818
300,8,1457.93,70504.45,86317.93,1033.08,3862.36,10918.047264,66.776801
300,8,1457.60,68426.59,85174.83,1548.85,4624.74,10574.647117,61.457658
300,8,1239.77,57572.19,73758.53,1652.60,3903.49,10630.244481,64.587300
300,8,1154.43,54703.32,70399.63,1860.50,3635.06,10200.754641,64.815876
300,8,1405.43,66126.30,82759.00,1509.57,4714.43,10408.702990,66.867551
300,8,1313.12,62314.22,77594.53,1224.90,3827.88,10227.541811,62.463868
300,8,1512.59,70667.67,89002.03,2994.04,4203.45,11136.870877,67.623199
300,8,1178.35,55686.20,69670.87,1257.25,3806.19,8921.236219,61.667853
300,8,1251.27,59389.20,75234.45,1661.42,3494.41,10689.408133,61.341300
300,8,1609.32,77185.92,93125.97,1499.31,4013.67,10427.062689,62.171027
300,8,1303.35,60968.61,76499.29,1546.17,4366.49,9618.024612,64.058084
300,8,1327.65,62706.70,78536.73,1789.54,4327.28,9713.205091,65.977012
300,8,872.08,39873.58,53544.98,1660.41,2998.81,9012.186779,63.126327
300,8,1443.89,70699.72,85464.73,1681.49,4438.99,8644.526537,67.112113
300,8,1512.75,71962.11,89567.67,1544.14,3539.51,12521.908690,72.077058
300,8,1327.73,62393.94,78355.95,1444.21,4310.62,10207.176649,67.642840
300,8,1136.83,52733.36,68521.49,1833.95,4056.56,9897.618707,60.563493
300,8,1329.42,61588.18,79261.94,1864.02,3777.98,12031.756962,64.983748
300,8,1251.95,59128.25,75514.69,1955.39,4544.46,9886.599739,62.420311
300,8,1184.23,55308.76,71838.29,1690.13,3829.54,11009.848916,61.257185
300,8,1563.33,72764.56,91025.73,1696.36,4598.82,11965.995075,64.527950
300,8,1380.85,64351.88,81441.63,1568.89,5177.55,10343.315924,61.171631
300,8,1135.05,52091.64,67844.05,1691.38,3876.93,10184.098649,61.969376
300,8,1408.15,65681.64,82052.37,1345.83,4675.66,10349.237306,64.402525
300,8,1268.57,59008.91,74848.65,1489.46,4180.67,10169.612703,61.234463
300,8,1286.11,59332.03,75739.86,2107.44,3849.37,10451.023562,62.552753
300,8,1361.15,61980.71,78902.11,2289.35,3799.17,10832.882875,66.400338
300,8,1486.73,72282.33,87400.49,1323.60,3740.13,10054.443322,68.150280
300,8,1152.32,53792.20,69803.04,1568.48,3759.11,10683.242749,65.338312
300,8,1193.10,54363.12,70601.40,1645.50,4110.18,10482.596813,63.880658
300,8,1279.58,59094.84,75958.86,1687.60,4449.89,10726.537111,61.141167
300,8,1561.61,75498.99,91790.61,1534.50,4725.44,10031.678397,66.440743
300,8,1363.53,62583.81,80490.68,2471.78,4183.09,11251.998550,65.738792
300,8,1313.11,63001.92,78574.91,1957.94,3941.52,9673.536771,62.878119
300,8,1114.95,53565.29,67917.86,1744.94,3824.28,8783.343282,59.612217
300,8,1353.56,63947.78,80151.49,1745.49,4092.72,10365.512469,62.548743
300,8,1200.77,54292.44,70578.12,1637.68,4399.85,10248.148601,60.300956
300,8,1492.50,69848.34,87915.36,2064.29,4477.93,11524.806162,63.427692
300,8,1228.95,57680.05,73596.42,1727.55,3282.64,10906.185092,59.566564
300,8,1660.78,81039.21,97872.32,1586.85,4350.96,10895.296796,68.872456
300,8,1270.68,59157.75,75621.55,1785.95,3799.70,10878.150212,63.689813
300,8,1415.68,65327.64,83197.13,1915.04,4453.78,11500.673157,67.719067
300,8,1326.36,62163.43,78258.74,1305.29,4874.65,9915.370034,64.922681
300,8,1151.55,51497.10,67933.14,1470.66,4632.15,10333.232245,63.263075
300,8,1455.00,69420.47,85757.87,1580.82,3988.22,10768.360341,67.593136
300,8,1267.42,59204.32,74825.75,1678.11,3825.62,10117.689941,61.833946
300,8,1187.59,56270.72,71625.75,2039.33,3412.90,9902.798900,64.942345
300,8,1230.32,56287.77,73236.14,1721.62,4037.16,11189.596567,63.690048
300,8,1114.96,52033.66,67671.56,1888.62,3379.13,10370.155694,66.296876
300,8,1306.63,62274.50,78207.97,1583.70,4114.78,10234.991387,62.944580
300,8,1302.27,60872.18,78331.12,1725.95,3564.02,12168.979757,61.637266
300,8,1186.23,54334.84,70214.16,1740.84,3653.51,10484.973454,62.069256
300,8,1357.27,62864.24,79458.98,1863.70,3844.01,10887.035792,60.308850
300,8,1198.45,55294.45,71491.06,1572.84,4268.59,10355.184138,58.737573
300,8,1146.42,52089.40,67848.65,1359.91,4112.67,10286.667589,61.497776
300,8,1008.44,46450.56,60423.44,1890.33,3363.27,8719.276464,62.868965
300,8,1045.08,49745.44,63443.83,1974.51,3494.19,8229.679020,60.920902
300,8,1428.16,68367.28,84819.51,1476.77,4320.88,10654.586201,62.860104
300,8,1139.24,54207.38,68619.93,1667.16,3802.65,8942.737952,62.087988
300,8,1551.60,73980.46,90385.08,1681.23,4159.82,10563.562571,62.420685
300,8,1149.27,53428.12,69544.14,1551.67,3967.40,10596.957963,62.765777
300,8,1303.78,61596.90,77871.53,2144.48,3613.47,10516.674375,63.779856
300,8,1254.72,59694.14,75990.82,1382.65,3409.26,11504.764361,61.755430
300,8,1239.57,55965.14,73400.69,1670.42,4287.91,11477.230773,63.337480
300,8,1439.38,68299.65,84522.44,1990.13,3919.27,10313.382342,63.706526
300,8,1296.77,58612.70,76148.90,1592.79,4749.49,11193.922732,60.751567
300,8,1245.09,59241.78,74132.85,1449.01,3750.19,9691.870519,62.740969
300,8,1284.56,58765.50,75628.31,1671.20,4005.01,11186.598774,65.758337
300,8,1195.53,55774.22,71178.52,1737.12,4680.62,8986.561422,68.245802
300,8,1308.75,62569.57,77508.11,1693.22,3895.34,9349.974541,61.064605
300,8,1203.68,54552.21,71703.20,2030.42,4301.96,10818.612965,50.628979
300,8,1245.33,57283.03,73909.25,1691.92,3840.98,11093.323936,70.969559
300,9,1295.30,61381.62,78676.67,2029.59,4438.93,10826.521150,86.226021
300,9,1270.59,55930.81,75004.51,2223.07,4939.53,11911.102865,86.311744
300,9,1553.76,71953.70,90016.19,2078.25,4737.63,11246.609238,94.246981
300,9,1245.25,56830.30,73846.10,1963.02,4264.70,10788.085844,85.367459
300,9,1455.87,65469.42,86090.26,2214.94,5276.27,13129.633375,91.460919
300,9,1360.96,62617.44,80766.99,1811.23,4245.57,12092.743977,88.090983
300,9,1641.17,76950.54,95425.83,1919.78,4351.99,12203.518039,90.998153
300,9,1187.84,54341.65,72232.19,2262.73,3589.04,12038.771920,86.517516
300,9,1296.06,61055.77,78483.15,1998.61,4364.28,11064.493891,76.415981
300,9,1502.83,70492.10,87305.70,1578.76,4126.23,11108.605519,78.728841
300,9,1269.72,58564.84,75249.02,1913.29,3984.06,10786.824814,79.933065
300,9,1271.28,58936.56,75830.29,1843.54,4696.92,10353.273035,76.061616
300,9,1571.13,74124.19,92583.34,2048.08,5019.57,11391.492015,84.717785
300,9,1466.82,66585.95,86275.64,2014.96,4839.05,12835.667542,81.758707
300,9,1310.20,61538.85,78818.61,1621.29,4070.49,11587.977956,79.098324
300,9,1308.41,60258.84,77520.05,1850.30,4003.11,11407.802008,84.025924
300,9,1265.65,55914.47,75084.53,1942.39,4519.28,12708.387495,83.075287
300,9,1303.07,58339.88,76546.36,1727.50,4753.08,11725.911218,83.181080
300,9,1478.96,70512.07,87563.31,1977.73,4098.18,10975.324918,83.292379
300,9,1302.37,59137.00,77434.96,2462.69,3642.74,12192.533862,83.337080
300,9,1429.44,64940.62,83954.21,2098.51,5014.22,11900.857708,81.674932
300,9,1728.97,81628.91,99792.81,1491.93,4774.05,11897.919698,80.163443
300,9,1545.28,73159.37,91446.70,3024.96,3810.44,11451.928801,81.712633
300,9,1368.64,63972.03,81438.77,2302.38,4119.78,11044.579717,81.031832
300,9,1449.13,66352.22,85543.62,1952.95,5158.65,12079.805131,85.438925
300,9,1493.89,70976.80,88768.40,1788.92,4523.48,11479.202238,81.428993
300,9,1338.89,63559.54,80853.63,1759.24,3983.86,11550.994416,82.513851
300,9,1699.27,79577.33,98031.47,1715.88,4976.68,11761.581393,87.354680
300,9,1427.37,66214.14,84870.06,1746.52,4876.99,12032.407309,83.540018
300,9,1420.20,66015.03,84061.26,1983.53,4417.23,11645.481258,85.799049
300,9,1204.00,56371.94,73542.21,1616.36,4006.91,11547.001248,84.774817
300,9,1452.29,68270.15,85927.37,1762.18,4567.63,11327.409682,87.012654
300,9,1369.17,62909.05,81191.63,2011.32,4562.10,11709.160408,79.012080
300,9,1365.69,63023.63,80558.46,1785.21,4126.14,11623.482307,76.461490
300,9,1280.15,58603.34,77035.30,1801.70,4398.76,12231.498022,76.776439
300,9,1219.93,56424.65,73321.75,2136.11,4166.76,10594.222445,71.587224
300,9,1434.94,66667.93,84196.26,1553.75,4358.33,11616.237009,80.291650
300,9,1092.40,49053.36,66270.87,1788.23,3637.75,11791.535061,74.719820
300,9,1264.22,57635.43,74791.90,2015.06,4689.51,10451.901219,80.065295
300,9,1099.49,50903.82,67277.02,1483.49,3645.29,11244.413031,77.830883
300,9,1358.82,63900.85,79516.70,1322.12,4283.58,10010.146254,81.790973
300,9,1209.09,58706.31,73560.69,1779.14,3567.81,9507.427512,80.929371
300,9,1504.48,68789.01,89070.96,1693.97,4706.83,13881.157338,83.756144
300,9,1365.36,62796.42,79985.91,1792.61,4308.15,11088.726063,78.259416
300,9,1144.81,52386.39,69660.72,2455.79,3876.84,10941.702739,63.163414
300,9,1619.18,76143.83,94819.36,2052.27,4258.28,12364.991046,74.764544
300,9,1417.71,68299.55,84919.34,1848.54,3875.84,10895.413881,70.009408
300,9,1306.26,60688.88,78039.51,1724.95,4010.25,11615.434215,74.007643
300,9,1458.42,67174.58,86729.39,1724.96,4270.66,13559.184068,74.615651
300,9,1426.90,66956.98,84441.11,1846.28,4434.08,11203.767738,69.844233
300,9,1756.29,83082.21,102020.89,2237.58,5216.02,11485.077560,79.142945
300,9,1237.62,57223.43,74199.04,2029.74,3958.63,10987.231308,78.228925
300,9,1518.41,70037.80,89245.29,2038.00,5355.09,11814.399172,79.207734
300,9,1465.36,67888.19,86504.55,1980.33,4345.46,12290.577828,79.792409
300,9,1501.25,68946.37,87983.95,2147.38,4919.33,11970.880077,87.671241
300,9,1552.71,73167.38,91785.92,2722.89,4553.70,11341.950584,84.582534
300,9,1262.37,56826.19,75523.28,2530.07,4235.39,11931.638781,75.078704
300,9,1261.68,57664.53,75240.53,2081.34,3733.00,11761.654993,75.537129
300,9,1247.09,56366.30,74463.96,1694.47,4670.02,11733.173542,78.318511
300,9,1204.10,56544.34,74131.09,2392.73,3934.68,11259.340281,77.443593
300,9,1711.23,80542.84,99697.45,2073.79,4653.69,12427.129853,89.088966
300,9,1412.18,65986.30,83097.77,1934.95,4646.26,10530.261028,81.387581
300,9,1001.19,45462.83,61572.51,2347.65,3629.75,10132.280982,65.202909
300,9,1615.44,77604.41,95763.20,1725.40,4638.90,11794.497267,72.232625
300,9,1526.90,70822.03,89286.58,1915.62,4916.60,11632.329110,82.128954
300,9,1275.92,55863.21,76144.52,2098.04,5088.71,13094.561009,77.573999
300,9,1558.61,72931.99,91260.09,2094.22,4237.71,11996.179526,83.725742
300,9,1471.49,67960.34,87073.83,1833.80,5052.46,12227.221203,80.111245
300,9,1656.18,78642.49,96953.53,1840.90,4565.50,11904.641064,76.719797
300,9,1472.54,68701.63,87789.20,1988.76,4137.36,12961.442656,80.910063
300,9,1284.45,58573.36,75712.50,1704.21,4621.98,10812.951257,77.212465
300,9,1303.72,58855.18,77217.99,2003.89,4997.18,11361.745983,79.730981
300,9,1477.83,68944.06,87135.67,1893.77,4602.49,11695.344685,87.252367
300,9,1268.44,57127.25,75003.69,2117.19,4612.66,11146.592690,75.649271
300,9,1352.55,62068.38,80366.62,2733.13,4390.86,11174.250758,71.413590
300,9,1236.19,55369.50,73847.34,2033.42,4368.75,12075.658658,69.495586
300,9,1342.76,62632.70,79665.67,1689.07,4299.45,11044.454040,73.422494
300,9,1485.05,69725.41,88163.75,1618.68,5074.60,11745.063227,73.378545
300,9,1630.31,75860.86,95106.62,1676.44,4362.82,13206.495978,76.874668
300,9,1318.89,60655.93,78350.07,2206.77,4043.26,11444.107294,69.762584
300,9,1171.23,53106.13,70418.32,2091.16,3612.43,11608.600772,63.962529
300,9,1448.59,67880.08,85377.31,2009.21,4428.54,11059.483647,66.162484
300,9,1589.56,74432.44,92313.92,1513.40,5235.11,11132.961107,67.198128
300,9,1323.39,61995.66,78511.05,1892.30,4373.87,10249.226855,73.531572
300,9,1221.59,58313.47,73019.70,1531.37,3636.15,9538.705650,71.042979
300,9,1491.44,69304.70,87644.89,2018.86,4332.67,11988.653650,78.668729
300,9,1384.31,66097.29,82718.11,1668.62,4247.65,10704.546336,76.501446
300,9,1437.55,67020.44,85513.34,1929.66,4575.34,11987.910249,72.917385
300,9,1433.70,65825.48,84869.21,2339.99,5410.61,11293.126947,79.067384
300,9,1533.65,72318.72,90723.16,1916.04,4695.59,11792.807319,76.468462
300,9,1489.61,69875.24,88551.86,1968.90,4357.60,12350.116684,74.360394
300,9,1677.58,77913.62,97708.44,2026.67,5109.90,12658.251039,80.882916
300,9,1275.45,59013.67,76881.25,1752.32,4184.02,11931.244557,64.824304
300,9,1616.84,75700.40,94741.28,1912.30,4985.09,12143.501357,72.871558
300,9,1441.68,68001.34,85197.62,1857.29,4806.38,10532.607799,71.354844
300,9,1454.19,67514.01,85127.33,1785.47,4141.50,11686.344500,76.795403
300,9,1351.82,62926.86,79806.63,2084.67,4670.04,10125.065855,73.923343
300,9,1333.18,61145.55,78936.76,2254.27,4695.89,10841.051581,69.513515
300,9,1485.58,68943.35,87521.90,1813.13,4543.95,12221.472541,69.513481
300,9,1304.07,58806.96,76904.83,1792.59,4234.14,12071.143472,70.578474
300,10,1426.25,66272.51,84812.82,2083.91,4768.03,11688.364879,97.950197
300,10,1414.17,64000.37,84615.99,2220.56,5065.62,13329.433501,94.335572
300,10,1406.43,63838.02,83682.21,2480.36,4863.16,12500.669229,96.179834
300,10,1337.03,61744.28,79728.52,1634.43,4551.98,11797.829097,90.861032
300,10,1524.54,68775.95,90270.77,1894.18,5266.67,14333.977847,95.795703
300,10,1379.75,62604.69,81511.55,1843.11,4477.80,12585.952199,98.627824
300,10,1603.62,72862.97,93911.90,2637.65,5426.40,12984.882963,102.337798
300,10,1408.84,64759.11,84039.93,1973.57,4588.25,12718.997955,99.591635
300,10,1478.43,68746.06,88234.97,1583.10,5021.08,12884.737205,100.793172
300,10,1237.05,54069.28,74032.71,2414.40,4591.64,12957.391472,98.726099
300,10,1506.03,70749.99,88733.52,1863.76,4344.45,11775.325690,103.085538
300,10,1351.08,62248.15,81147.04,2185.24,4708.18,12005.468273,95.951236
300,10,1867.69,88603.37,108902.73,2134.09,5484.94,12680.323782,102.020284
300,10,1396.63,61641.15,82378.85,2653.06,4346.56,13738.074508,97.568797
300,10,1543.81,70812.32,90522.50,2117.64,5092.84,12499.698464,105.882796
300,10,1410.41,63960.47,83662.13,2061.67,4704.83,12935.165012,106.670603
300,10,1555.63,72050.74,92676.67,2479.25,4502.58,13644.093953,105.172812
300,10,1481.74,67197.37,87291.70,1997.77,4961.08,13135.474267,93.941261
300,10,1693.74,78746.81,99565.95,2045.24,6077.21,12696.681446,100.959874
300,10,1786.04,83101.04,103459.55,2284.36,5039.37,13034.785163,106.530340
300,10,1555.02,71200.51,91373.87,1819.13,5391.05,12963.180638,104.765370
300,10,1575.74,72024.00,92134.63,1916.74,4989.76,13204.131320,101.696941
300,10,1585.60,72365.08,92469.53,2121.71,5665.86,12316.881005,102.892165
300,10,1421.02,65445.70,84090.84,2068.48,4643.72,11932.937543,109.181896
300,10,1597.55,72068.78,93235.19,2382.71,5525.94,13257.755167,102.431540
300,10,1641.78,76654.00,96195.43,1784.22,5148.08,12609.141032,100.676530
300,10,1235.32,53595.10,73951.20,2465.37,4901.85,12988.883632,113.893554
300,10,1368.80,61696.02,81102.83,2038.56,5069.39,12298.857827,107.268061
300,10,1474.77,68223.96,87981.78,2192.35,5093.25,12472.222966,95.167770
300,10,1525.00,68672.06,88761.97,1812.83,5431.62,12845.457441,90.114894
300,10,1475.39,67220.45,86631.14,2086.01,4677.23,12647.454443,98.986079
300,10,1484.49,68837.73,88222.01,2177.54,4936.23,12270.498071,100.486046
300,10,1585.91,73074.36,94048.78,2220.97,5322.56,13430.885335,102.310996
300,10,1384.81,62196.95,81531.53,1977.76,4523.60,12833.206800,96.008914
300,10,1519.81,72656.12,91857.26,2097.57,4291.59,12811.991872,108.179745
300,10,1416.12,65527.88,84211.72,2283.22,4897.54,11503.082978,102.219244
300,10,1653.50,77736.06,96827.56,2018.11,4504.42,12568.972630,103.156706
300,10,1587.26,72223.55,92049.02,2222.31,5309.10,12294.057299,103.274954
300,10,1594.70,74535.14,93715.99,2244.72,5388.64,11547.489487,114.910832
300,10,1184.45,52305.44,70839.68,2016.23,4734.06,11783.953274,104.676585
300,10,1454.38,67631.74,86164.17,2714.23,4852.15,10966.053893,100.127091
300,10,1187.57,54775.69,71324.06,1606.61,4266.77,10674.992469,84.903678
300,10,1744.21,82194.47,103892.29,2354.82,4365.86,14977.135313,100.466887
300,10,1287.52,57812.16,77081.90,2270.15,4594.55,12405.031551,97.751043
300,10,1511.98,69849.99,89209.69,2153.51,5042.46,12163.737190,80.604713
300,10,1642.35,75444.34,96296.15,1928.01,5079.31,13844.491836,85.170107
300,10,1370.48,62000.29,81374.95,1814.63,5235.48,12324.552578,85.939918
300,10,1482.11,67849.43,88048.48,1935.65,5237.09,13026.304615,100.409810
300,10,1392.67,63133.41,84287.54,2417.47,4618.44,14118.224507,91.986979
300,10,1273.31,56912.40,76432.48,2345.67,4668.32,12506.086172,94.927484
300,10,1783.87,83933.36,104523.32,2438.72,5204.42,12946.815454,107.741410
300,10,1750.12,81671.42,101044.77,2951.49,4688.67,11733.194827,110.760523
300,10,1439.17,64239.30,84546.76,2125.57,5329.06,12852.825716,97.999448
300,10,1384.96,62931.63,82223.42,1994.02,4373.07,12924.710412,93.741917
300,10,1603.89,74102.30,93383.78,1803.92,4768.00,12709.555064,99.866104
300,10,1481.81,67047.13,86848.94,2241.80,4954.91,12605.109301,98.162228
300,10,1470.32,67061.73,87013.59,2193.02,5088.37,12670.469033,93.008449
300,10,1459.76,64932.80,85483.67,2970.92,4669.97,12909.982994,96.571324
300,10,1531.51,71064.83,91617.70,2100.54,5026.28,13426.047687,90.316033
300,10,1396.21,64647.40,83730.91,2479.41,4683.78,11920.308295,98.742278
300,10,1638.91,74335.64,95804.12,1975.59,5599.84,13893.044406,101.271918
300,10,1335.00,61344.07,79210.61,1831.13,4517.05,11518.359987,100.356101
300,10,1549.26,72303.19,91262.69,2092.88,5460.81,11405.811545,91.654508
300,10,1569.82,72749.00,92483.22,1914.33,4720.21,13099.672013,96.717236
300,10,1369.62,62568.68,82378.14,1877.24,4360.68,13571.547574,89.736807
300,10,1768.87,81809.05,103147.86,2058.43,5346.67,13933.704368,101.005097
300,10,1655.30,76257.62,96225.33,2155.40,5036.41,12775.901980,104.956018
300,10,1404.54,62903.46,83413.84,2623.64,5023.49,12863.256994,103.570336
300,10,1484.79,68597.15,88351.48,1858.13,4443.08,13453.109120,87.125745
300,10,1463.47,65946.75,86387.98,2010.90,4534.53,13895.797992,99.044885
300,10,1305.80,59680.04,78998.67,2815.80,4359.77,12143.052922,89.158886
300,10,1404.65,63111.12,82820.13,2422.86,4959.47,12326.678658,94.005071
300,10,1408.15,63205.98,83595.71,2531.20,5484.28,12374.255321,98.306887
300,10,1416.98,64664.16,83618.42,2137.19,4577.57,12239.498740,100.047340
300,10,1283.26,58300.31,76961.63,1832.93,4260.46,12567.935011,71.673503
300,10,1512.21,68386.78,88963.63,2163.86,5115.81,13297.171383,71.466712
300,10,1489.49,68662.73,87131.55,1775.11,4858.48,11835.241294,83.244776
300,10,1572.19,72733.38,92877.56,2118.15,5023.63,13002.389779,85.508398
300,10,1753.43,81546.83,102670.16,1820.45,5156.24,14146.648863,86.320147
300,10,1624.40,75848.59,94987.49,1846.50,4763.76,12528.637741,86.881167
300,10,1428.21,65093.45,84344.35,1879.64,4521.76,12849.506367,113.839691
300,10,1338.59,59851.60,79476.46,2465.96,4954.03,12204.878202,105.637271
300,10,1452.22,66153.07,85827.36,1891.37,4857.30,12925.619934,68.510976
300,10,1284.39,59463.82,76885.03,2090.34,4171.04,11159.832921,121.910138
300,10,1141.51,52433.05,69253.73,1916.93,4525.91,10377.839337,123.804642
300,10,1540.54,69939.76,90633.81,1960.25,5380.27,13353.528795,128.943028
300,10,1345.33,63513.14,81778.92,2548.08,3876.46,11841.239993,111.166264
300,10,1486.66,68570.85,88465.84,2382.49,4431.90,13080.604827,122.799783
300,10,1377.98,62021.90,82066.84,2070.76,5127.74,12846.446836,126.613805
300,10,1471.71,67903.14,86706.40,1835.30,4499.24,12468.718047,123.393653
300,10,1441.59,65740.74,85862.22,2141.31,4907.57,13072.599342,124.772260
300,10,1638.14,74628.55,95422.98,2380.86,4739.05,13674.519192,136.308314
300,10,1520.11,69407.05,89301.22,1925.57,5533.26,12435.344550,105.345921
300,10,1472.11,65788.79,86704.27,1956.87,5218.43,13740.182375,109.651756
300,10,1598.55,74455.89,93605.79,1835.06,5623.04,11691.802344,90.501473
300,10,1553.82,70261.85,90762.47,1990.62,5173.06,13336.943392,114.330956
300,10,1381.66,63594.11,81911.62,2328.28,4634.31,11354.918417,93.636819
300,10,1368.49,63206.12,82307.66,2258.10,4866.55,11976.890126,115.371607
300,10,1573.52,72735.61,92589.89,1786.84,4681.45,13385.986828,94.490048
300,10,1833.86,86801.59,106451.35,2026.74,4855.65,12767.359133,135.755831
300,11,1596.10,72545.69,93569.73,2183.12,5777.51,13063.411503,112.359777
300,11,1806.29,82765.59,105629.25,2496.11,5740.54,14627.014043,119.697502
300,11,1715.72,76851.66,99502.73,2901.47,6120.92,13628.686601,116.763960
300,11,1668.53,77551.49,97794.69,2451.75,4866.88,12924.564926,115.170901
300,11,1588.85,70398.36,93648.36,2126.17,5425.06,15698.775817,113.660160
300,11,1546.55,70017.25,91068.85,2331.09,4813.68,13906.832912,118.203288
300,11,1439.43,64269.11,86221.09,2634.04,4947.39,14370.547514,112.209897
300,11,1438.56,63786.74,85479.14,2354.56,5529.60,13808.244986,114.942974
300,11,1559.73,71853.17,93281.73,2319.78,5504.59,13604.178782,87.738053
300,11,1513.39,68259.20,89564.76,3073.27,5027.31,13204.969451,88.979090
300,11,1506.14,68833.63,89246.86,2416.55,5241.69,12754.994151,89.173051
300,11,1572.87,72595.60,93054.24,2387.06,5143.79,12927.789317,90.429583
300,11,1757.97,81775.17,103459.74,2701.36,5365.98,13617.240941,105.177719
300,11,1235.19,52195.46,74240.98,2731.14,4470.77,14843.608853,96.222184
300,11,1552.77,68867.98,90375.83,2197.17,5743.72,13566.961602,107.534393
300,11,1701.17,76795.52,98358.55,2138.64,5608.43,13815.946529,108.082424
300,11,1618.81,74559.65,94952.75,2255.12,4363.46,13774.526609,112.080922
300,11,1590.36,72033.24,93004.32,2330.97,5082.99,13557.121932,108.918982
300,11,1575.34,73659.22,94317.99,2023.56,4897.60,13737.613790,107.542171
300,11,1627.34,73291.26,94884.65,2068.17,5459.18,14066.045074,118.674191
300,11,1625.89,73044.71,95024.02,2267.46,5696.15,14015.697327,97.008825
300,11,1753.16,79532.22,101311.26,2085.46,5285.86,14407.709303,100.484519
300,11,1938.50,91111.65,112638.42,2004.78,5541.59,13980.393301,106.469062
300,11,1416.57,65956.40,86092.10,2604.12,4234.42,13297.158874,93.596976
300,11,1591.78,72655.54,93990.58,2468.06,4783.83,14083.158309,108.262520
300,11,1826.17,84218.89,105922.85,2278.47,6154.32,13271.174118,108.619030
300,11,1491.05,66113.58,88422.41,2490.22,5738.93,14079.684278,114.371185
300,11,1423.48,63016.50,85059.21,2107.00,5669.69,14266.017944,104.488128
300,11,1324.55,58945.22,80310.79,2268.21,5257.56,13839.799103,104.511233
300,11,1720.93,78283.06,100907.69,2529.76,5674.12,14420.753534,109.540714
300,11,1564.41,70385.16,92204.99,2422.91,5054.77,14342.149526,111.536468
300,11,1358.26,60324.55,80798.67,1857.92,5254.20,13361.995103,112.698222
300,11,1817.73,82511.42,104767.37,1893.99,6165.90,14196.060305,91.969318
300,11,1599.82,72561.19,93899.10,2507.23,5516.07,13314.613103,81.573879
300,11,1715.01,80179.88,100291.64,1991.44,4663.89,13456.440087,81.639268
300,11,1234.56,53336.75,74000.76,2117.19,6153.07,12393.748105,78.448124
300,11,1554.89,72879.81,93174.27,2388.07,4537.89,13368.502489,82.859513
300,11,1514.15,70508.41,90436.63,2235.11,4633.72,13059.383161,83.536574
300,11,1336.29,59428.52,79639.79,2601.50,5070.33,12539.446108,91.573022
300,11,1719.83,80112.90,100512.50,2217.26,5158.94,13023.412458,84.759174
300,11,1475.52,67442.62,86775.35,2596.49,4851.76,11884.489205,104.120167
300,11,1404.42,64240.03,82752.30,2305.44,4877.98,11328.839663,102.133107
300,11,1575.02,70665.72,94120.63,2485.81,4439.82,16529.279602,110.868458
300,11,1515.54,68274.92,89249.34,2789.79,5033.28,13151.349136,113.315844
300,11,1799.57,84179.54,104361.98,1748.29,5600.78,12833.368759,95.285777
300,11,1422.56,61669.93,84206.76,2360.19,5273.49,14903.148436,102.053487
300,11,1561.49,72259.56,93266.43,2398.44,5479.89,13128.549432,91.136622
300,11,1667.73,76016.54,98075.50,2639.98,5551.90,13867.080039,100.935299
300,11,1901.45,88176.16,111297.94,2521.89,5451.77,15148.120591,106.146813
300,11,1521.36,69942.42,91179.74,2135.74,5467.84,13633.742262,95.248722
300,11,1603.35,71816.28,93721.86,2364.36,5701.65,13839.578628,111.497610
300,11,1701.25,78247.21,99284.95,3254.96,4758.07,13024.712179,110.926493
300,11,1468.43,65926.88,88523.00,3171.24,5539.63,13885.250036,106.454465
300,11,1622.73,74691.83,95496.85,2200.27,4685.54,13919.205191,109.972291
300,11,1544.21,70295.16,91667.93,1899.16,5156.24,14317.376487,110.828470
300,11,1251.83,53167.68,74677.61,2521.06,5207.72,13781.151642,118.645094
300,11,1486.14,67646.94,88721.80,2498.14,4772.82,13803.902207,90.792052
300,11,1547.39,68102.10,89885.52,2145.61,5739.32,13898.489488,95.954402
300,11,1729.16,79969.32,102090.96,3292.93,5013.70,13815.011528,91.580385
300,11,1422.08,63631.28,84517.38,2604.63,5329.02,12952.452965,96.296424
300,11,1540.78,69130.76,91727.09,2148.61,5603.68,14844.046882,98.673030
300,11,1242.68,55792.53,75716.29,2300.76,4512.26,13110.739528,88.546428
300,11,1588.43,74318.16,94261.89,2127.64,5102.77,12713.316613,92.388358
300,11,1631.38,75284.60,96181.42,2668.13,4965.81,13262.872085,96.939237
300,11,1407.10,62471.72,83924.96,2201.25,4985.31,14266.679244,89.317661
300,11,1601.90,71588.60,94499.11,2379.96,5662.42,14868.128843,95.015387
300,11,1613.86,75908.69,96528.56,2571.51,4564.46,13483.892139,104.105582
300,11,1741.87,80406.87,101891.70,2568.39,5219.27,13697.164640,99.894183
300,11,1766.64,80911.74,102950.88,2330.61,5431.06,14277.470342,90.097230
300,11,1626.74,74928.71,97019.99,2755.85,4758.56,14576.881899,90.915703
300,11,1707.54,80096.39,101015.12,2313.55,5294.47,13310.708772,91.604750
300,11,1463.94,64093.75,85991.94,2303.65,5439.57,14154.977927,97.409451
300,11,1393.67,62092.58,83308.48,2008.94,4873.23,14333.726867,94.599123
300,11,1494.80,67017.94,88472.46,2588.76,5286.18,13579.576608,79.888210
300,11,1454.28,68321.65,87871.55,2055.07,4637.97,12856.861119,77.235055
300,11,1589.61,70618.20,93078.54,2711.91,5767.47,13980.955132,81.873575
300,11,1464.13,65621.71,86241.91,2328.22,5501.19,12790.787083,88.948248
300,11,1474.33,66966.11,88302.07,2133.03,4495.62,14707.306116,94.220310
300,11,1909.77,89400.48,112385.06,2867.92,5454.27,14662.385655,97.996611
300,11,1428.72,65128.79,85584.99,2224.68,4832.58,13398.942857,90.682275
300,11,1584.57,70347.53,92764.78,2064.58,5808.07,14544.603360,96.778887
300,11,1283.22,56917.00,77471.76,2077.47,5100.36,13376.943547,89.124455
300,11,1255.70,55318.97,76039.23,2128.50,4753.23,13838.526863,85.093185
300,11,1335.40,60765.88,79882.71,2238.51,4763.81,12114.516113,83.410984
300,11,1395.95,65662.82,83382.58,2062.63,4548.55,11108.571581,73.522496
300,11,1751.82,80993.38,102633.25,2401.06,5427.28,13811.531180,82.934939
300,11,1643.94,76261.73,96598.15,2122.09,5395.41,12818.910185,93.447274
300,11,1435.43,62235.53,85144.44,2387.95,5935.38,14585.586780,91.691784
300,11,1699.27,78082.20,99774.35,2385.78,5681.56,13624.811763,94.598468
300,11,1803.86,83689.05,104641.77,2194.62,5650.93,13107.170686,99.866608
300,11,1730.14,78591.68,100872.76,2353.74,6183.33,13744.008331,101.494103
300,11,1407.53,60544.15,82853.38,2509.06,4881.27,14918.902549,92.352244
300,11,1428.43,63699.52,85199.15,2913.08,5283.17,13303.378300,92.628633
300,11,1598.25,72473.61,94500.65,2194.96,5314.88,14517.208344,94.506349
300,11,1647.20,76484.21,96272.89,2171.26,5154.80,12462.617214,80.744271
300,11,1592.25,70927.43,92734.36,2055.25,5351.03,14400.649668,85.383538
300,11,1302.91,57470.73,77587.39,2683.33,4925.37,12507.959169,70.916263
300,11,1560.35,71627.38,91969.22,2352.26,5165.85,12823.746486,87.339235
300,11,1608.88,71729.49,93723.60,2069.13,5804.14,14120.850528,84.773876
300,11,1596.34,71396.37,93720.76,2280.87,5424.33,14619.192328,99.343338
300,12,1488.40,66400.82,88879.46,2744.85,5528.69,14205.098907,128.218801
300,12,1828.72,83875.58,107155.56,2198.17,5386.24,15695.580610,133.520538
300,12,1599.88,72118.83,94492.55,2355.81,5320.33,14697.577119,128.610788
300,12,1777.11,81325.51,103970.85,1995.96,6103.38,14546.000578,126.156911
300,12,1742.15,78131.20,103329.56,2731.36,5979.53,16487.473476,128.587754
300,12,1787.72,81623.05,104590.40,2255.46,5688.22,15023.668210,137.440759
300,12,1487.83,63777.30,88564.14,2491.91,6116.84,16178.078764,126.970452
300,12,1611.46,71806.78,94626.50,2232.64,6096.08,14491.004423,133.744747
300,12,1552.84,69762.21,92683.95,2762.49,5116.24,15043.005128,122.891863
300,12,1670.32,75043.92,98420.91,3058.96,5715.63,14602.403131,139.508475
300,12,1428.05,61735.41,83897.08,2355.77,6021.59,13784.305656,130.724480
300,12,1391.01,61051.70,83976.05,2314.93,5805.41,14803.996246,119.614914
300,12,1524.52,67703.98,89681.12,2664.00,5188.75,14124.397958,116.548360
300,12,1653.39,70748.04,96811.08,3135.56,6662.64,16264.839707,121.842120
300,12,1619.21,72206.21,94733.73,2169.93,5480.06,14877.544250,116.380152
300,12,1600.39,72962.76,95277.48,2386.55,4873.66,15054.493532,116.537577
300,12,1858.04,86235.13,109435.94,2775.60,5088.59,15336.625888,129.682258
300,12,1596.48,70332.31,94417.64,2971.39,5948.21,15165.726289,126.181551
300,12,1957.51,91147.91,114093.44,2082.26,5908.65,14954.611947,129.588369
300,12,1807.36,81319.05,103488.24,2100.01,5232.74,14836.435342,131.142048
300,12,1608.68,73291.16,96430.35,2528.97,4868.17,15742.049073,132.261607
300,12,1579.15,69805.38,93493.39,2040.15,5628.30,16019.564997,136.648374
300,12,1929.94,90992.23,113490.84,1963.00,5362.95,15172.669919,135.358861
300,12,1609.75,73695.00,96172.77,2707.41,5183.67,14586.690411,127.150795
300,12,1758.08,79036.75,102895.60,2926.55,5607.27,15325.024128,128.848277
300,12,1504.58,67104.50,89982.35,2916.77,5759.36,14201.728787,122.855653
300,12,1948.34,88088.34,112575.45,2685.89,6366.02,15435.194719,123.359825
300,12,1670.44,75765.12,98509.49,2202.50,5202.01,15339.855748,114.233269
300,12,1528.85,66821.89,90484.06,2440.54,5996.80,15224.834112,120.274109
300,12,1887.75,85293.51,110137.15,2744.79,6162.51,15936.332263,119.395409
300,12,1755.77,80853.05,103222.83,2579.78,5186.48,14603.529781,122.336284
300,12,1502.44,67398.12,89555.73,2413.18,5764.63,13979.793890,132.510544
300,12,1743.11,78877.28,102022.45,2634.17,5240.12,15270.878353,128.572547
300,12,1650.16,73874.66,96937.22,2949.95,5724.19,14388.424345,139.452068
300,12,1536.24,70449.50,93353.27,2807.51,5626.76,14469.502511,134.012806
300,12,1791.53,82923.70,105098.66,2720.24,5873.23,13581.485469,124.136575
300,12,1738.64,80001.27,103336.16,2951.72,5423.60,14959.561916,131.619885
300,12,1708.60,76730.47,99504.91,2301.55,6229.63,14243.259315,123.513964
300,12,1325.59,56624.08,79265.24,2228.42,6211.89,14200.856027,116.648044
300,12,1607.40,74020.78,95638.05,2324.57,5534.05,13758.657377,120.685060
300,12,1417.09,63466.54,84768.15,2472.36,5496.89,13332.365944,122.545227
300,12,1496.39,67928.88,89158.58,3126.10,5716.01,12387.586193,116.853681
300,12,1722.15,76921.50,101482.84,2702.39,4917.64,16941.319669,128.458635
300,12,1551.49,66835.93,91057.94,2708.63,6724.78,14788.599981,121.982019
300,12,1710.12,79548.67,100423.29,2131.45,5137.01,13606.161256,117.808655
300,12,1912.05,86285.04,110260.23,2572.38,5928.08,15474.727541,142.269021
300,12,1682.95,75339.84,98119.80,2390.55,6274.80,14114.604280,126.571170
300,12,1880.49,86441.93,109789.14,2453.22,5977.07,14916.916097,137.884280
300,12,1600.80,71149.19,95988.85,2341.89,5522.38,16975.378764,123.098473
300,12,1470.63,64153.49,87123.07,2590.09,5465.86,14913.627344,117.124334
300,12,1410.51,61550.93,84730.71,2573.15,5066.75,15539.875933,119.233059
300,12,1553.77,69511.75,91633.66,2422.09,5478.20,14221.620169,116.015358
300,12,1511.46,67212.73,90182.19,2790.00,5274.00,14905.460228,116.040711
300,12,1810.48,83017.10,106173.42,2588.33,5848.93,14719.059131,132.094109
300,12,1572.44,69368.07,93295.87,3495.54,5473.32,14958.946223,125.877449
300,12,1937.20,90222.87,112367.17,3001.22,5500.42,13642.662312,132.094513
300,12,1741.98,78208.58,101978.02,2508.18,6157.14,15104.106334,129.423639
300,12,1552.66,69474.31,92286.53,2515.05,5721.42,14575.750647,132.980593
300,12,1733.29,79132.94,102682.51,2885.50,5459.08,15204.990750,128.413765
300,12,1516.48,67443.82,90157.50,2749.73,5579.65,14384.305517,141.258984
300,12,1545.19,67421.55,91645.52,2555.81,5706.94,15961.228792,173.097282
300,12,1498.87,67408.59,89564.89,2396.56,5196.42,14563.316814,120.850342
300,12,1595.97,72572.53,94061.60,2509.61,5076.42,13903.035691,124.949356
300,12,1746.28,79426.27,102793.70,2923.56,5684.06,14759.819488,131.399629
300,12,1491.98,65413.73,88794.42,2798.28,5505.87,15076.546276,124.582288
300,12,1928.59,86787.20,111087.73,1927.30,6411.48,15961.752413,151.649045
300,12,1717.00,77685.26,101120.57,2401.56,6095.65,14938.100128,184.704873
300,12,1713.16,77885.03,101035.55,2417.03,5938.16,14795.320327,133.741521
300,12,1834.89,82037.36,107038.42,2770.30,6584.32,15646.445990,120.977502
300,12,1806.96,82776.54,107060.64,2527.49,5921.72,15834.894816,127.574365
300,12,1546.68,68788.11,91868.98,3227.09,5264.36,14589.418165,116.772296
300,12,1920.44,86452.86,110705.63,2454.96,6432.41,15365.402941,150.335728
300,12,1588.03,71395.70,95358.26,2976.62,5322.61,15663.330933,170.177966
300,12,1708.65,77135.62,99715.08,2289.39,5701.66,14588.406812,119.428661
300,12,1311.19,58750.05,79874.04,2349.75,4736.97,14037.266656,117.299155
300,12,1509.71,67361.98,90636.57,2486.53,5563.84,15224.221878,128.211073
300,12,1701.23,74880.30,98148.03,2936.05,6190.93,14140.751768,126.948725
300,12,1489.74,65931.90,89008.44,2512.15,5207.09,15357.288852,143.101753
300,12,1592.43,72426.17,95210.24,2122.31,4848.16,15813.595606,180.128951
300,12,1484.57,65617.67,88730.50,3267.40,5859.27,13986.159759,128.118786
300,12,1795.82,79846.70,103528.18,2511.16,6125.55,15044.771898,125.912685
300,12,1558.20,69036.89,91966.76,2752.56,5348.01,14829.303345,111.055250
300,12,1558.25,70427.41,92425.40,2302.47,5265.44,14430.077083,114.698899
300,12,1615.45,73922.64,95544.02,2959.83,5254.30,13407.257579,128.137874
300,12,1592.39,73943.01,93935.68,2032.58,5405.53,12554.556783,120.930075
300,12,1477.75,65103.36,88386.42,2399.99,5529.68,15353.389606,120.707339
300,12,1432.16,64215.92,85767.36,2356.12,5345.73,13849.591996,124.529787
300,12,1496.84,64012.94,88631.69,2619.39,6474.17,15525.202070,121.661759
300,12,1738.36,80489.70,103092.66,2769.11,5555.56,14278.291758,130.489386
300,12,1746.51,79452.11,101828.95,2151.41,6349.70,13875.737183,120.486732
300,12,1770.68,81811.22,104559.29,2461.14,5709.49,14577.434511,122.799027
300,12,1653.32,73691.70,98172.75,2491.15,5623.20,16366.693673,127.570843
300,12,1614.52,72502.15,96062.03,2470.06,6367.66,14722.162202,116.834013
300,12,1964.56,89456.40,114205.13,2696.25,6300.77,15751.702254,133.839749
300,12,1579.13,71996.04,93814.38,2456.61,5466.84,13894.887139,122.555967
300,12,1860.54,84797.02,108167.18,2569.06,5716.00,15085.100623,137.683118
300,12,1558.48,68792.61,91547.95,2807.34,6296.28,13651.731128,123.446431
300,12,1740.77,79236.76,101407.63,2808.55,5648.12,13714.195087,130.594584
300,12,1536.62,68090.19,90836.46,2714.45,5019.30,15012.522795,121.072578
300,12,1522.91,66176.75,89977.91,2760.74,5714.29,15326.131027,117.174380
300,13,1773.92,80261.32,104611.11,2463.36,5998.42,15888.007933,154.722967
300,13,1737.04,77363.92,102868.00,2686.87,6057.62,16759.597758,155.077245
300,13,1759.42,79106.55,102679.14,3054.20,5283.61,15234.784880,158.915484
300,13,1931.23,88615.10,112899.31,2411.34,6249.51,15623.348611,153.555352
300,13,1793.19,76989.51,104707.09,2515.25,7075.52,18126.807205,162.382207
300,13,1649.73,72673.05,97503.89,2703.42,5573.11,16554.308127,158.151887
300,13,1786.42,77298.88,103745.63,2822.95,6804.38,16819.412625,163.583708
300,13,1590.75,71006.36,94587.95,2127.54,5442.83,16011.218662,160.615577
300,13,1610.05,69529.24,95642.60,2598.90,6723.38,16791.070953,134.389550
300,13,1608.75,71073.21,95975.36,2680.29,6031.53,16190.323847,147.832130
300,13,1660.64,73539.06,96772.91,2651.74,5920.42,14661.701187,146.745793
300,13,1496.81,64769.82,89603.12,2464.08,6472.61,15896.616907,154.517461
300,13,1617.25,72160.25,96035.73,2701.55,5687.28,15486.652260,176.826606
300,13,1885.55,84063.43,110162.24,3191.48,6135.15,16772.174350,183.415020
300,13,1714.06,76498.81,100302.63,2203.81,6142.81,15457.188669,168.166041
300,13,1692.32,76707.26,101041.57,2352.19,5530.04,16452.085548,143.895515
300,13,1828.66,83496.78,108650.11,2990.03,6040.24,16123.059354,148.201011
300,13,1736.54,77181.26,101669.28,2781.13,6214.12,15492.761727,146.343771
300,13,2124.77,99517.88,123716.95,2735.33,5732.37,15731.375017,152.467329
300,13,1885.25,84218.30,109701.15,2516.64,6365.64,16600.566659,162.786472
300,13,1706.62,74332.06,100505.59,3162.87,6174.85,16835.812917,145.326421
300,13,1877.03,83816.99,108797.36,2518.81,6126.69,16334.878495,154.051633
300,13,1768.47,79336.82,103607.34,2669.19,5606.76,15994.578215,150.992938
300,13,1818.95,81545.46,106147.91,2905.65,6548.97,15147.834509,165.140935
300,13,1619.94,69657.71,95193.93,2849.41,5905.47,16781.335459,185.033516
300,13,1717.17,76707.33,100573.97,2417.34,6134.84,15314.469544,187.102480
300,13,1617.81,71565.79,95893.98,2459.68,5466.47,16402.037902,181.280412
300,13,1502.77,66210.23,90346.89,3317.41,4887.18,15932.067439,142.949631
300,13,1690.59,73897.80,100238.62,3013.41,7056.63,16270.783177,147.005891
300,13,1699.92,75332.11,100248.35,2518.16,5719.91,16678.167639,144.658974
300,13,1621.17,73638.58,96990.63,2519.25,5029.09,15803.725241,146.310678
300,13,1843.64,84643.86,108105.38,2290.74,6023.56,15147.217493,155.142848
300,13,1740.02,76883.87,102738.05,2677.27,6844.41,16332.501721,121.033777
300,13,1916.88,88265.23,112686.67,2681.36,6123.46,15616.610410,124.809915
300,13,1789.75,80028.76,104929.27,2935.55,6651.55,15313.418995,117.803389
300,13,1382.06,60151.13,83158.70,3016.09,5361.99,14629.496676,116.134824
300,13,1654.05,75702.63,99596.03,2271.14,5812.48,15809.768987,170.491461
300,13,1569.00,68613.04,92814.00,2538.52,6210.00,15452.441539,162.143636
300,13,1379.87,59947.76,83094.86,2636.01,5411.19,15099.904594,162.404847
300,13,1578.90,70895.61,94292.94,2755.08,5929.93,14712.322265,135.374280
300,13,1562.98,69217.36,92169.16,3392.90,6157.00,13401.887401,138.250868
300,13,1770.72,80891.99,103357.08,2703.40,6264.57,13497.111347,136.990069
300,13,1789.52,78016.77,104696.55,2739.36,5620.09,18320.333682,141.021200
300,13,1819.72,80175.71,106071.77,3025.94,6964.05,15906.070786,155.108141
300,13,1680.25,76916.34,99410.82,2069.97,5506.62,14917.882693,142.599545
300,13,2025.60,92455.21,117531.10,2620.83,5996.19,16458.875920,152.447276
300,13,1708.61,76059.83,100141.18,2893.33,5891.61,15296.415640,144.645686
300,13,1895.21,85079.13,110782.09,2996.32,6158.60,16548.041983,171.912647
300,13,1694.09,74348.18,100822.68,2733.00,6308.20,17433.298600,183.374951
300,13,1664.18,75190.15,99306.59,2291.48,5767.11,16057.848017,174.037636
300,13,1702.83,74917.13,100552.79,2626.92,6432.20,16576.545186,175.068756
300,13,1783.34,80627.63,104434.61,3192.70,5497.72,15116.561576,151.267024
300,13,1507.78,66796.62,90461.69,2290.28,5081.22,16293.568551,135.549128
300,13,1733.42,77626.81,101558.31,2584.97,5421.67,15924.857865,149.690310
300,13,1467.69,63914.46,88290.87,2595.34,5541.58,16239.492129,148.127240
300,13,1915.95,90838.47,113856.67,2977.61,5347.91,14692.670554,161.438757
300,13,1780.65,80265.66,105019.05,3343.01,5976.63,15433.760627,151.552731
300,13,1674.02,73316.01,97259.73,2972.17,5553.61,15417.941288,136.874910
300,13,1637.76,74157.51,98122.45,2705.18,4892.47,16367.301616,129.173673
300,13,1584.86,69152.35,93743.49,2706.38,6082.48,15802.276022,123.758994
300,13,1801.90,79346.56,105294.61,2728.09,6698.44,16521.518568,126.454756
300,13,1770.19,79007.70,103412.62,2979.70,6042.22,15382.994787,132.484776
300,13,1676.05,76356.79,99833.34,3439.94,5435.68,14600.932092,121.450404
300,13,1985.42,91802.33,116338.07,2514.53,5854.00,16167.211016,131.388131
300,13,1750.57,76502.56,102659.27,3449.54,6944.13,15763.042789,134.176422
300,13,1759.37,77276.25,103531.71,3246.17,5643.28,17366.008124,148.851006
300,13,1963.72,90164.16,113971.68,2573.44,5727.00,15507.081562,156.635246
300,13,1713.18,75072.72,100161.00,2534.90,6474.38,16078.999353,150.021272
300,13,1808.49,81417.74,105972.81,2575.96,5662.25,16316.865010,139.865424
300,13,1761.87,78446.66,103678.65,2903.11,6047.99,16280.886618,154.211028
300,13,1791.68,82103.26,106349.44,2588.20,5717.16,15940.819353,140.317052
300,13,2010.79,90241.28,115876.40,2373.33,6704.12,16557.672913,155.584848
300,13,1771.47,78009.49,103381.00,3004.14,6561.80,15805.575180,157.987902
300,13,1635.56,74603.74,97871.78,2414.46,5363.61,15489.967816,140.268489
300,13,1798.47,82239.09,105715.37,2267.36,6219.39,14989.527902,146.090542
300,13,1800.63,80058.48,105553.36,2838.15,6533.33,16123.401932,151.026828
300,13,1757.14,77549.24,101656.11,2313.57,6047.65,15745.656159,151.172319
300,13,2073.79,94605.43,120614.51,3023.19,6803.99,16181.907240,155.317425
300,13,1965.01,90356.74,115496.27,2446.14,5796.78,16896.610946,157.884005
300,13,1521.87,67685.14,91084.99,2585.54,5884.59,14929.724918,146.046183
300,13,1900.53,85161.86,110101.75,2675.04,6283.02,15981.833872,143.895829
300,13,1562.45,66956.68,92324.52,2676.51,6401.17,16290.159846,131.345653
300,13,1724.55,76097.26,100747.29,3175.72,5969.82,15504.480474,131.952469
300,13,1527.18,68509.33,91020.26,2799.32,5228.69,14482.918708,112.775124
300,13,1705.69,79668.02,100745.08,2120.25,5535.87,13420.940574,124.404580
300,13,2035.03,96949.72,120782.18,2655.40,5341.11,15835.940124,133.541941
300,13,1585.07,71944.26,95566.21,2448.50,5800.13,15373.319425,138.152431
300,13,1987.63,88933.84,115639.90,3231.04,7198.23,16276.786978,142.365718
300,13,1856.93,84527.03,108485.61,2674.69,5578.12,15705.763691,141.669496
300,13,1541.29,67400.33,91277.64,2668.53,5996.68,15212.090466,135.781086
300,13,1874.98,84301.24,108941.49,2534.79,6483.35,15622.103955,143.909419
300,13,1564.29,66831.42,93161.96,3124.78,6242.21,16963.553546,135.307696
300,13,1616.36,70512.61,96066.21,2573.08,6599.13,16381.390040,129.318451
300,13,1834.18,81927.14,107180.23,2494.12,5593.19,17165.784959,132.451226
300,13,1711.87,78300.04,101961.50,2704.92,5571.85,15384.695765,102.047383
300,13,1655.62,71266.04,96768.36,2990.45,6013.58,16498.294924,115.614651
300,13,1647.10,73117.24,96549.88,2710.29,6097.74,14624.602989,113.799319
300,13,1815.53,83421.04,106814.81,2755.18,5642.53,14996.062491,129.845836
300,13,1689.53,75187.47,99958.29,2542.57,5750.19,16478.062047,111.295627
300,13,1867.85,82584.86,108013.41,3110.50,6185.37,16132.673812,144.678281
300,14,1660.52,74120.88,99552.55,3044.85,6012.78,16374.042415,156.927867
300,14,1814.29,81205.60,107139.34,2543.40,6543.51,16846.827832,209.828334
300,14,1903.82,84767.31,111075.23,3073.30,6297.63,16936.997750,153.877221
300,14,1597.96,69659.22,95117.28,2896.98,6325.04,16236.037559,197.858726
300,14,2296.06,103444.03,132458.72,2307.17,7797.27,18910.250257,168.951240
300,14,1929.72,88868.00,114100.35,3198.48,5367.11,16666.754250,208.686815
300,14,1911.84,83608.20,111170.02,3083.81,7038.04,17439.976988,164.470897
300,14,1687.63,75154.38,100799.26,2637.62,6290.91,16716.347422,209.726760
300,14,1968.65,87619.66,114627.60,3585.60,6751.84,16670.498691,156.075224
300,14,1867.06,82321.74,109109.01,2340.87,6916.11,17530.288559,157.044370
300,14,1755.85,77631.52,102886.18,2502.00,7152.30,15600.361968,160.981981
300,14,1898.69,85492.39,111327.56,2966.19,6906.23,15962.755273,169.501678
300,14,1747.91,79104.48,104408.66,2885.51,6093.97,16324.699112,140.393360
300,14,1807.60,80756.91,107568.56,2662.61,6450.47,17698.566589,150.776789
300,14,1956.18,88271.16,113171.08,2529.61,5985.41,16384.902824,141.654479
300,14,1774.84,77785.91,104796.43,3503.26,6464.69,17042.570359,150.245889
300,14,2272.21,105807.48,132206.09,2540.24,6753.40,17104.986871,164.638900
300,14,1472.68,60629.13,87127.07,2731.13,6640.94,17125.862738,143.153721
300,14,1789.59,79261.17,105578.66,2778.30,6248.18,17291.022058,148.834208
300,14,1816.03,81361.93,108076.00,3080.07,6034.47,17599.533191,154.168017
300,14,1757.31,75393.67,103469.63,3325.66,6795.96,17954.348148,138.993141
300,14,1931.95,85531.90,113115.47,2969.39,6657.51,17956.669642,137.159773
300,14,1650.97,73090.19,98709.14,2982.51,6096.74,16539.698125,128.242346
300,14,1751.34,76130.46,102441.68,2314.51,7030.94,16965.771278,131.849093
300,14,1651.85,69933.46,97381.96,3649.56,6191.68,17607.263675,120.688279
300,14,1672.98,72588.28,98742.79,2714.33,6803.35,16636.831034,126.332602
300,14,1527.31,65763.72,92268.24,3130.92,6137.60,17235.998625,129.088099
300,14,1849.91,80899.73,108410.72,3397.95,6896.78,17216.264482,145.034749
300,14,1742.12,74899.16,102747.91,2585.75,7126.10,18136.897538,140.286177
300,14,1586.25,67745.45,94208.51,2918.53,5826.54,17717.992599,136.871822
300,14,1600.75,72362.33,97258.84,2874.41,5421.40,16600.688883,143.791505
300,14,1691.77,75146.93,100108.61,2905.67,5998.99,16057.014119,150.901128
300,14,1729.36,74715.44,101823.16,3368.45,6419.14,17320.122550,155.824530
300,14,1568.40,69809.34,94935.55,3031.87,5348.90,16745.439589,150.108232
300,14,1694.65,73886.62,99940.40,2903.34,6689.74,16460.691659,159.938188
300,14,1527.50,65253.43,91143.33,2625.18,6809.56,16455.162001,157.557379
300,14,1575.60,70174.96,94498.58,2818.06,5177.04,16328.523797,131.976812
300,14,1804.83,79381.28,104799.19,2417.65,7326.55,15673.708975,151.258466
300,14,1526.10,65911.19,90984.89,2868.93,6316.85,15887.918209,138.090959
300,14,1538.21,65857.36,91063.38,2643.64,6553.48,16008.887843,141.345568
300,14,1695.03,75585.66,99813.56,3503.24,6346.26,14378.414824,140.578256
300,14,1473.70,65934.82,88418.22,2667.92,5595.83,14219.656670,131.554660
300,14,2187.56,96406.70,126175.15,3167.00,7178.69,19422.760399,152.586949
300,14,1940.41,86978.68,113167.07,3298.13,6295.16,16595.087981,143.864181
300,14,1828.55,81503.82,107427.53,2731.71,6720.26,16471.734546,149.033164
300,14,2099.31,94414.75,120703.30,2490.74,6709.87,17087.945482,163.599388
300,14,1525.65,64063.78,90402.08,3254.80,6643.43,16440.064883,140.499343
300,14,1949.94,89547.12,115965.83,3347.37,5811.41,17259.929673,160.636932
300,14,2019.41,90083.01,117672.92,3045.20,6181.47,18363.236074,140.856010
300,14,1778.50,78749.05,105588.93,3113.86,6620.62,17105.413464,131.364848
300,14,1805.87,78692.33,105554.19,2701.25,6437.50,17723.112398,134.178752
300,14,1958.20,86838.72,113799.01,3154.24,7301.47,16504.583173,147.407085
300,14,1790.85,78901.77,105690.08,3387.48,6554.20,16846.635247,139.240298
300,14,1747.77,79601.40,104339.86,2657.23,5650.21,16431.018589,150.487696
300,14,2046.03,91255.00,118495.52,2674.44,7073.81,17492.270016,165.847277
300,14,1634.73,72883.02,97203.98,2454.21,5436.32,16430.434637,149.611587
300,14,1777.35,80209.97,106252.14,3227.88,5828.74,16985.553940,141.089053
300,14,1786.68,80457.51,105469.99,2951.23,5550.26,16510.993229,141.596169
300,14,1907.86,85124.74,111455.47,3216.98,5910.10,17203.658133,141.428635
300,14,1736.53,76947.42,103212.96,2410.35,6940.81,16914.389249,156.310634
300,14,1776.82,75955.22,104365.32,3002.42,7599.45,17808.216838,143.607596
300,14,1828.29,82581.22,107614.05,2770.12,5814.33,16448.383258,133.486110
300,14,1610.05,71138.36,95899.58,2984.87,5661.37,16114.989033,129.735666
300,14,1901.73,84953.91,111198.94,2784.41,6488.21,16972.402845,139.613573
300,14,1933.26,85503.24,113901.70,3202.75,7512.42,17683.286322,147.486824
300,14,2034.16,89625.52,117405.01,2780.76,6742.94,18255.790216,155.228355
300,14,1800.20,78715.66,105666.53,3512.17,6720.39,16718.306685,157.996205
300,14,1733.96,77035.43,102483.85,2642.18,6017.44,16788.810606,158.636543
300,14,1652.19,72954.57,99457.06,3577.89,5271.74,17652.859376,129.824213
300,14,2251.23,103431.75,130715.75,2788.94,7044.30,17450.766309,166.291992
300,14,1549.13,65926.76,92007.48,2365.74,6155.25,17559.728694,139.308737
300,14,1961.49,87886.28,115714.93,3280.29,6374.28,18174.092366,161.014277
300,14,1598.74,67013.64,94705.38,3479.86,6757.31,17454.565643,161.323173
300,14,1832.23,81838.55,107233.48,2757.10,6293.16,16344.663492,154.929707
300,14,1772.81,78426.30,104165.39,2469.23,7042.17,16227.692683,136.394017
300,14,1895.75,83629.84,110931.30,2969.32,7047.07,17285.076857,145.876917
300,14,1817.11,79361.39,106598.21,3280.22,6998.13,16958.467478,148.421585
300,14,1796.78,81570.08,107551.74,3085.81,5730.60,17165.255711,152.783601
300,14,1842.08,82232.12,110459.75,3847.34,6268.10,18112.184569,149.992378
300,14,1830.84,81523.21,107332.15,2919.31,6971.73,15917.894839,153.968069
300,14,1688.20,73710.88,100100.87,2385.64,6332.51,17671.842918,132.424074
300,14,1619.94,68838.40,96207.63,3242.43,6282.88,17843.914679,136.925078
300,14,1546.82,66040.50,91487.00,2939.69,6251.35,16255.451416,124.152901
300,14,1782.74,78368.77,104230.26,3123.01,7011.50,15726.982450,130.600522
300,14,1623.27,74742.83,96682.53,3045.61,4929.52,13964.572667,126.651145
300,14,1671.08,75001.64,100024.28,2712.01,5498.75,16811.877896,138.746139
300,14,1842.40,85411.67,109774.19,2698.11,5314.67,16349.737809,124.201981
300,14,1604.50,68221.94,95581.93,2964.23,6473.52,17922.238851,120.254099
300,14,1615.83,69782.83,96239.48,2472.01,6575.70,17408.931456,129.561654
300,14,1675.16,73384.68,99221.45,2778.83,6813.75,16244.185990,127.457274
300,14,1898.21,85093.69,111183.20,3198.82,6661.36,16229.325730,143.899686
300,14,1731.05,73869.41,101329.90,3526.79,6140.83,17792.871335,141.586558
300,14,1764.53,77406.45,103785.93,3081.65,6433.29,16864.535449,128.251966
300,14,1701.59,74260.74,100612.25,2987.72,5448.25,17915.542692,125.730771
300,14,1581.30,70389.22,95165.68,2826.09,5457.60,16492.766759,110.447350
300,14,1855.41,81857.69,108562.07,3077.82,6331.56,17294.992043,124.672921
300,14,1753.14,76704.05,102483.79,2805.00,6629.82,16344.923245,114.437698
300,14,1589.69,69963.80,95141.81,2777.84,6274.00,16126.171655,124.696378
300,14,2006.51,91767.68,117487.70,2903.08,5869.43,16947.504679,104.143966
300,14,1759.33,76615.16,103693.82,3073.62,6802.66,17202.377883,130.268867
