25,4,207.10,6560.57,11742.89,336.19,2045.62,2800.51,3.8365
25,4,245.19,7650.29,13599.72,414.89,2732.22,2802.32,6.2057
25,4,260.46,8260.87,14389.71,351.14,2661.51,3116.18,3.4100
25,4,231.48,6751.97,12828.25,406.36,2965.77,2704.16,5.1158
25,4,273.33,7957.26,15013.63,463.51,3258.98,3333.88,2.3318
25,4,226.11,6663.06,12592.11,377.49,2580.65,2970.91,5.4362
25,4,268.61,8211.46,14997.03,483.27,2956.59,3345.71,3.2754
25,4,247.58,7602.61,13946.53,375.81,2289.10,3679.01,6.5347
25,4,220.08,6696.08,12296.90,334.53,2313.62,2952.67,1.4671
25,4,240.96,7372.97,13312.10,345.50,2550.77,3042.86,1.5257
25,4,227.39,6704.92,12319.08,386.64,2305.74,2921.78,1.7838
25,4,223.48,7130.29,12709.03,381.31,2611.78,2585.66,1.7177
25,4,269.85,8365.83,14985.48,589.11,3396.47,2634.07,1.7744
25,4,231.23,6460.86,13308.67,409.27,2729.40,3709.14,1.7671
25,4,227.02,6998.34,13072.11,461.97,2559.26,3052.54,1.6856
25,4,252.21,7997.25,14164.64,427.53,2638.12,3101.73,1.4974
25,4,272.69,8017.00,14974.78,536.82,3074.27,3346.69,1.4512
25,4,247.03,6978.80,13591.27,413.00,3082.34,3117.13,1.5980
25,4,266.10,8813.02,14576.74,441.20,2825.31,2497.21,1.5604
25,4,245.74,6943.14,13898.40,415.55,2784.74,3754.96,2.9861
25,4,218.09,6627.96,11979.26,383.82,2431.58,2535.90,1.5443
25,4,252.37,6974.25,14095.26,476.46,3025.97,3618.59,1.4889
25,4,241.76,7635.12,13406.19,358.65,2584.71,2827.71,1.7090
25,4,233.97,7100.76,13040.54,342.50,2459.93,3137.36,1.7398
25,4,241.73,6773.76,13447.20,469.33,2798.89,3405.22,2.0530
25,4,248.26,7621.46,13457.55,391.49,2491.60,2953.00,1.8408
25,4,267.02,8662.82,15185.60,453.54,2934.08,3135.16,1.6209
25,4,243.54,7902.90,14158.40,339.81,2523.57,3392.12,1.5831
25,4,254.61,7579.84,14210.01,413.31,2981.84,3235.02,1.7582
25,4,246.11,7960.82,13828.09,393.66,2922.77,2550.84,1.5471
25,4,225.51,5978.19,12522.09,460.42,2895.61,3187.86,1.7375
25,4,249.05,8247.54,13785.12,346.01,2349.50,2842.07,3.0935
25,4,218.85,6172.62,12192.33,379.73,2325.32,3314.67,1.7101
25,4,264.51,8370.51,14373.77,407.65,2904.29,2691.32,1.5771
25,4,251.24,7291.53,14272.72,431.30,2623.49,3926.40,1.6188
25,4,210.53,6400.53,12169.97,434.88,2442.20,2892.36,1.7552
25,4,265.68,9061.95,14725.45,389.12,2585.01,2689.38,1.8543
25,4,254.02,7183.39,14412.10,591.95,3458.35,3178.41,1.7452
25,4,229.73,7012.84,12809.00,369.36,2430.43,2996.37,1.7081
25,4,233.68,7380.72,13036.62,377.57,2552.73,2725.60,1.6412
25,4,256.04,7939.48,14131.91,391.01,2464.19,3337.23,1.6551
25,4,254.57,8572.70,14126.58,360.88,2608.85,2584.15,1.5717
25,4,268.46,8125.99,15026.69,457.73,2621.38,3821.59,1.5949
25,4,232.97,7264.57,12999.15,413.40,2674.30,2646.88,3.4798
25,4,216.31,6628.06,12393.14,371.98,2447.90,2945.21,1.6488
25,4,269.20,7301.03,14575.54,488.62,3072.44,3713.46,1.4358
25,4,244.13,7282.65,13628.43,428.30,2930.21,2987.27,1.9188
25,4,266.34,8184.79,14585.70,390.92,2709.62,3300.37,1.5509
25,4,228.63,7107.69,12693.90,466.76,2781.81,2337.64,2.0554
25,4,214.11,5663.75,12122.48,433.17,2659.60,3365.96,2.0427
25,4,242.08,7588.13,13648.77,447.14,2748.68,2864.82,1.5978
25,4,261.49,7845.53,14430.34,437.23,2813.28,3334.30,1.4873
25,4,218.98,7043.27,12404.07,443.37,2598.79,2318.65,1.7899
25,4,249.20,7354.20,13734.62,502.44,3079.40,2798.57,1.6290
25,4,245.19,7460.59,13533.71,397.64,2542.32,3133.16,1.6877
25,4,235.81,7216.92,13692.23,473.64,3010.96,2990.72,2.4692
25,4,189.94,5978.43,10643.32,307.75,1727.51,2629.63,1.9341
25,4,262.36,8991.27,14561.79,374.15,2292.25,2904.11,1.7531
25,4,248.13,7545.20,13882.90,461.69,2925.20,2950.81,1.9623
25,4,221.09,7483.07,12497.42,352.65,2345.15,2316.55,4.2129
25,4,240.44,6610.32,13384.98,411.91,2776.67,3586.08,1.4559
25,4,263.07,8730.58,14471.31,315.42,2465.73,2959.59,1.7719
25,4,227.35,7677.46,12681.05,398.83,2402.08,2202.67,1.8585
25,4,259.49,8759.14,14652.40,386.11,2606.85,2900.30,1.8680
25,4,269.29,8741.64,14571.60,337.46,2450.05,3042.44,2.2467
25,4,266.69,6950.14,14755.22,647.09,3579.28,3578.71,4.1040
25,4,265.01,8264.40,14752.66,400.46,2828.35,3259.45,1.6719
25,4,265.20,8174.65,14700.39,441.23,2960.47,3124.04,1.9163
25,4,253.49,7104.57,14200.75,558.30,3165.66,3372.21,1.7200
25,4,251.26,6639.00,13715.95,501.24,3110.79,3464.92,1.7509
25,4,225.35,6163.69,12632.65,431.85,2718.76,3318.35,1.9054
25,4,248.69,7601.97,14115.90,394.61,2478.25,3641.07,2.5877
25,4,240.96,7329.55,13204.21,347.53,2234.87,3292.26,1.5537
25,4,219.62,6979.59,12371.89,335.59,2383.56,2673.14,2.1248
25,4,251.30,7830.44,14067.61,372.17,2760.84,3104.16,1.7806
25,4,271.50,8139.92,14701.97,442.86,3026.72,3092.47,1.6011
25,4,216.60,7141.10,12243.25,443.03,2601.09,2058.03,2.1511
25,4,246.85,6937.87,13352.75,431.16,2969.97,3013.75,2.9030
25,4,252.11,7114.74,13965.58,493.06,3224.11,3133.67,1.3802
25,4,259.11,7468.96,14196.73,452.89,3060.53,3214.35,1.9816
25,4,252.44,7792.23,13807.11,366.09,2631.15,3017.63,1.5856
25,4,260.45,8168.31,14572.96,418.67,2868.59,3117.39,1.5325
25,4,264.17,8536.70,14539.57,439.05,3023.79,2540.03,1.6077
25,4,207.17,7162.03,11410.79,255.25,1750.25,2243.27,1.7700
25,4,202.97,6908.24,11135.32,356.34,2162.12,1708.62,1.6405
25,4,262.02,8570.66,14822.08,435.67,2697.07,3118.68,1.4357
25,4,252.78,8387.26,13847.24,310.44,2301.88,2847.67,1.7162
25,4,247.75,7472.19,13847.76,449.55,2865.56,3060.45,1.5872
25,4,228.30,6853.06,12680.60,381.84,2484.89,2960.81,1.6562
25,4,254.57,7490.07,13917.72,465.49,3023.27,2938.88,1.7265
25,4,259.72,7740.54,14751.88,441.92,2780.65,3788.77,1.5883
25,4,260.46,7699.40,14462.45,402.39,3063.11,3297.54,1.3706
25,4,256.49,7662.38,14290.76,357.53,2720.02,3550.82,1.6774
25,4,245.18,7206.95,13446.73,475.29,2990.56,2773.94,1.6165
25,4,218.63,6708.32,12214.91,410.50,2349.93,2746.15,1.5259
25,4,253.84,7948.42,13783.04,324.22,2259.63,3250.77,1.8578
25,4,206.01,6705.57,11426.24,327.56,2278.17,2114.94,1.6443
25,4,217.78,7395.48,12108.48,316.80,2185.92,2210.28,1.8819
25,4,248.72,7165.13,14032.19,442.95,2703.18,3720.93,1.2749
25,4,246.77,6353.96,13302.85,500.75,3072.06,3376.08,1.9246
50,4,314.71,12311.65,19227.22,389.94,2771.33,3754.29,3.4829
50,4,412.76,15629.23,23720.65,415.53,3260.64,4415.25,3.5247
50,4,407.61,16480.32,23792.80,332.71,2660.54,4319.22,3.5378
50,4,334.03,13778.96,20244.46,403.50,3008.85,3053.15,3.4318
50,4,424.74,15099.42,23641.85,419.62,3321.63,4801.18,3.7381
50,4,380.02,13981.19,22405.84,456.06,3297.73,4670.85,3.6506
50,4,410.94,16403.10,25014.53,495.84,3256.17,4859.43,3.5953
50,4,328.88,12405.19,19524.09,373.49,2397.89,4347.52,3.5935
50,4,336.59,13039.13,20455.19,379.01,2935.57,4101.48,3.5391
50,4,360.52,14198.09,21855.93,338.91,3021.00,4297.93,3.6262
50,4,370.82,15305.82,22462.85,354.58,2654.67,4147.77,3.9033
50,4,320.42,13103.04,19682.29,377.55,2836.30,3365.40,3.2523
50,4,447.03,17056.94,25641.48,583.58,4037.62,3963.34,5.5102
50,4,329.31,12170.09,20343.72,430.87,3153.10,4589.66,4.2303
50,4,305.28,12163.66,19134.72,463.69,2889.14,3618.22,3.9959
50,4,392.68,15602.89,23251.84,416.80,2931.23,4300.91,4.2123
50,4,438.22,16688.29,25788.90,539.96,3693.74,4866.91,3.9885
50,4,394.73,15054.93,23395.59,444.51,3696.88,4199.28,3.7767
50,4,439.28,17020.42,24248.94,418.80,3288.46,3521.26,3.7264
50,4,321.53,12483.26,19893.46,409.02,2660.42,4340.75,3.3822
50,4,440.72,17294.46,25580.90,399.06,3104.06,4783.33,3.9084
50,4,359.09,13157.65,21630.49,451.94,3323.54,4697.36,3.3152
50,4,386.64,15216.18,22691.14,385.74,3050.70,4038.52,3.6987
50,4,326.31,11209.88,18750.26,388.22,3164.54,3987.62,3.4415
50,4,328.59,11841.61,19685.70,448.43,3312.37,4083.28,5.4959
50,4,386.64,15459.99,23075.47,377.14,2911.82,4326.51,4.3759
50,4,418.65,16508.09,24558.09,399.73,3262.95,4387.33,4.3489
50,4,344.70,13282.57,21101.76,349.32,3056.16,4413.72,4.2444
50,4,394.00,15220.91,23114.74,426.63,3281.59,4185.60,4.3729
50,4,448.08,17438.00,25766.33,431.12,3539.11,4358.11,4.2109
50,4,352.80,12304.88,20879.62,544.31,3841.53,4188.90,3.4496
50,4,390.69,15312.16,22708.24,368.43,2921.90,4105.75,3.7267
50,4,353.90,13261.01,21282.81,407.84,2968.94,4645.01,3.7158
50,4,398.78,15912.44,23086.99,389.19,3062.17,3723.19,3.8416
50,4,365.30,13575.51,22080.45,430.35,3017.42,5057.18,3.6487
50,4,292.87,11636.75,18003.65,419.38,2679.69,3267.83,3.2291
50,4,457.01,17711.52,25507.00,423.43,3012.88,4359.17,6.4622
50,4,352.80,13165.44,21799.52,590.44,4166.11,3877.53,3.9172
50,4,341.53,13981.27,21213.23,408.41,2818.43,4005.12,4.1965
50,4,340.29,12965.54,19772.99,362.50,2810.97,3633.97,4.2136
50,4,351.01,14173.90,21083.67,343.36,2563.82,4002.59,3.8605
50,4,349.85,15077.94,20974.72,320.91,2365.21,3210.66,3.4780
50,4,428.21,15871.82,25043.72,456.98,3179.24,5535.69,3.5566
50,4,375.97,15612.21,23121.00,415.60,3199.82,3893.38,4.1123
50,4,273.33,10587.46,17069.65,418.37,2799.16,3264.66,3.5445
50,4,400.25,13927.94,23414.68,522.27,3911.38,5053.09,3.5656
50,4,329.62,13493.08,20005.61,395.49,2661.90,3455.14,3.4244
50,4,413.13,15894.42,24355.53,435.34,3218.64,4807.13,3.8651
50,4,469.05,18730.73,26567.57,478.05,3324.35,4034.44,6.1256
50,4,276.89,10062.35,17177.41,415.69,2894.11,3805.26,4.0065
50,4,393.63,15736.65,23647.42,457.33,3325.22,4128.22,4.2151
50,4,355.00,13958.23,21348.66,381.09,2930.71,4078.63,3.7495
50,4,413.13,16956.39,24151.72,398.79,3054.51,3742.03,4.1909
50,4,401.72,14711.30,23012.49,478.72,3567.66,4254.80,3.9044
50,4,316.74,12298.04,18893.87,403.13,2815.58,3377.12,3.4171
50,4,357.58,13561.28,21642.73,487.45,3489.63,4104.37,3.5646
50,4,411.29,16435.12,23889.07,304.82,2386.22,4762.91,3.9318
50,4,426.00,17025.29,24252.81,372.00,2642.35,4213.17,3.7605
50,4,373.28,14688.04,22704.10,485.95,3476.04,4054.08,3.6691
50,4,389.43,15952.31,23032.29,370.51,2946.92,3762.55,3.8977
50,4,363.41,13528.71,21724.57,383.64,2811.85,5000.36,3.3231
50,4,384.43,15783.28,22740.84,327.05,2634.75,3995.75,3.7676
50,4,401.36,16228.66,23100.40,365.64,2953.22,3552.89,3.7401
50,4,395.91,15748.17,22939.36,354.88,2817.55,4018.75,3.6959
50,4,404.74,16880.60,23937.57,321.63,2664.49,4070.86,4.0002
50,4,363.10,13247.23,22358.21,625.09,4212.71,4273.17,3.8389
50,4,353.12,14171.38,20766.11,375.29,2652.63,3566.81,3.9421
50,4,409.43,15788.45,23951.55,395.75,3302.51,4464.85,3.7549
50,4,382.23,13480.63,22154.86,526.37,3747.79,4400.06,3.6878
50,4,399.52,14819.28,24068.52,474.05,3823.18,4952.02,3.7805
50,4,288.01,10872.23,18387.39,448.71,3169.98,3896.47,3.2321
50,4,330.26,12436.92,19761.64,391.35,2706.83,4226.55,3.7160
50,4,410.94,16246.83,24332.56,370.65,2956.69,4758.39,3.9032
50,4,355.37,13199.17,20138.90,344.10,2843.60,3752.03,3.5332
50,4,377.44,14576.61,21956.82,361.37,3009.71,4009.14,3.6342
50,4,436.67,16519.28,25333.24,451.30,3999.09,4363.57,3.6085
50,4,492.59,19493.11,27981.89,421.55,3704.03,4363.21,3.7225
50,4,364.94,14110.16,22167.40,426.12,3560.71,4070.42,3.2664
50,4,419.32,15825.96,24866.64,490.32,3818.87,4731.49,3.7837
50,4,396.19,15496.88,23747.46,443.55,3537.73,4269.30,3.5413
50,4,412.70,16343.84,24424.96,386.81,3116.24,4578.06,4.1840
50,4,386.27,15192.00,22782.03,426.10,3170.14,3993.78,3.8350
50,4,416.81,16510.06,23821.95,428.31,3338.31,3545.27,3.7284
50,4,384.43,16853.58,23126.13,479.78,1983.16,3809.61,3.5519
50,4,359.42,16114.36,22105.89,308.10,2528.62,3154.82,3.7706
50,4,384.80,15711.08,23283.72,425.37,3090.81,4056.46,3.4412
50,4,372.29,13676.36,20688.82,340.25,2838.92,3833.28,3.7364
50,4,387.89,15781.90,23257.44,405.08,2818.15,4252.32,3.6222
50,4,387.74,15129.33,23137.87,400.98,3032.07,4575.49,3.6782
50,4,421.22,15370.97,24097.02,449.04,3555.46,4721.55,4.2869
50,4,383.70,14192.18,22450.83,450.88,2993.91,4813.87,3.6942
50,4,436.67,16121.67,25298.88,409.98,3715.29,5051.95,3.3570
50,4,371.93,14455.24,22446.98,368.53,3061.32,4561.89,3.8285
50,4,451.02,16918.54,25746.97,499.71,3744.95,4583.77,3.7484
50,4,310.86,11765.50,18802.59,444.11,3209.57,3383.42,3.3815
50,4,385.54,15104.77,22653.62,341.22,2738.68,4468.96,3.8036
50,4,363.10,14958.10,20756.77,307.99,2264.46,3226.21,3.1656
50,4,338.83,14250.67,19824.19,298.91,2180.86,3093.76,4.0743
50,4,325.94,11813.04,19651.53,465.21,3079.20,4294.08,3.0594
50,4,439.25,16162.77,25753.76,483.48,3938.69,5168.82,3.7021
75,4,367.51,15644.37,22609.64,378.02,2706.37,3880.87,5.1297
75,4,442.93,20377.71,28644.59,413.77,3366.38,4486.73,5.8285
75,4,468.31,20782.36,28493.86,321.80,2834.89,4554.81,5.3296
75,4,391.06,17493.83,24639.55,423.26,3244.27,3478.18,5.2864
75,4,516.13,22073.16,31627.22,433.57,3577.04,5543.44,5.5558
75,4,424.90,18785.07,27405.55,393.92,3400.72,4825.84,5.7488
75,4,458.39,20493.94,28955.37,440.70,3086.00,4934.73,5.2999
75,4,380.39,16198.22,24428.74,374.97,2740.17,5115.38,5.4358
75,4,349.89,14965.24,22473.82,392.71,2926.61,4189.26,5.5014
75,4,411.27,18766.66,26740.55,367.13,3135.32,4471.44,5.4303
75,4,413.13,18678.31,26448.99,403.44,2969.44,4397.79,5.4661
75,4,361.26,16539.52,23447.90,371.18,3080.50,3456.71,5.4473
75,4,494.43,22289.14,30916.52,591.67,4056.76,3978.94,5.5425
75,4,343.97,14415.03,22832.40,476.50,3289.20,4651.67,4.8758
75,4,326.90,14606.59,21961.85,492.17,3077.83,3785.26,5.1029
75,4,448.45,20301.67,28506.97,428.40,3089.98,4686.92,5.3580
75,4,474.93,21302.46,30358.64,535.07,3477.87,5043.24,5.3923
75,4,439.98,18706.38,27328.61,478.71,3894.64,4248.89,5.5499
75,4,531.59,22337.03,29591.38,388.05,3159.13,3707.18,5.4062
75,4,358.97,15203.24,23155.54,385.74,3048.40,4518.16,5.0944
75,4,501.42,22442.70,31084.95,394.85,3155.54,5091.86,5.8720
75,4,377.13,16237.39,24662.41,437.79,3266.62,4720.61,4.7762
75,4,445.50,20379.70,28104.28,366.65,3051.39,4306.54,5.3913
75,4,380.76,16804.10,24601.32,358.84,3167.87,4270.51,5.8246
75,4,381.86,16512.49,24628.53,443.85,3330.11,4342.08,5.3012
75,4,422.94,18840.09,26456.69,361.37,2832.45,4422.78,5.6834
75,4,443.56,20382.04,28503.25,398.38,3167.69,4555.14,5.8096
75,4,374.13,16718.50,24040.95,303.91,2520.61,4497.94,5.8685
75,4,476.40,20481.65,28764.71,412.93,3329.26,4540.87,5.7378
75,4,521.53,22151.22,31159.21,423.78,3817.17,4767.04,5.6668
75,4,379.44,16079.95,24706.56,532.77,3659.54,4434.31,5.2773
75,4,443.66,19337.40,27051.86,358.08,2940.50,4415.89,5.6327
75,4,385.54,16136.31,24162.19,387.03,2825.64,4813.21,5.1359
75,4,492.59,21980.08,30275.25,422.40,3347.68,4525.08,5.9435
75,4,388.23,16608.14,25366.11,420.82,3251.96,5085.18,5.1683
75,4,331.46,14662.25,21595.61,428.44,3029.22,3475.71,5.4215
75,4,555.48,24166.22,32809.01,435.56,3414.18,4793.05,5.9602
75,4,367.96,15991.96,24395.66,567.53,3948.38,3887.79,4.8578
75,4,376.34,17136.67,24883.84,427.13,3175.37,4144.66,5.5160
75,4,379.65,17116.88,24289.08,340.29,3014.25,3817.66,5.3033
75,4,407.61,17659.06,25092.80,385.12,2904.18,4144.44,5.5700
75,4,381.98,18058.23,24440.56,376.61,2639.96,3365.76,4.9560
75,4,481.55,20511.18,29922.07,425.73,3256.44,5728.73,5.1634
75,4,414.92,18122.94,26310.86,477.39,3682.35,4028.18,5.5884
75,4,306.09,13572.44,20119.30,396.24,2778.26,3372.37,5.2609
75,4,439.42,18528.47,28203.32,527.62,3824.14,5323.09,5.6756
75,4,349.85,15684.92,22357.09,352.80,2850.37,3469.00,5.0204
75,4,447.34,19388.31,28189.52,450.81,3345.79,5004.62,6.5729
75,4,547.60,24500.28,32960.79,473.66,3501.50,4485.34,5.6982
75,4,310.86,12801.42,20373.77,401.75,3097.80,4072.80,5.3924
75,4,428.40,19124.24,27305.28,450.17,3472.20,4258.66,5.6574
75,4,406.51,18340.49,26374.71,424.42,3204.43,4405.37,5.8003
75,4,476.48,20530.49,28364.62,433.44,3431.44,3969.25,5.7211
75,4,454.22,20616.38,29226.70,491.23,3593.40,4525.69,5.4839
75,4,410.13,18668.65,26570.70,417.42,3160.02,4324.61,5.5352
75,4,411.18,17664.68,25502.95,478.13,3254.87,4105.26,5.4466
75,4,465.00,19566.06,27250.32,310.94,2520.53,4852.79,6.2714
75,4,496.27,21378.41,29224.29,422.27,3155.62,4267.99,6.3328
75,4,409.31,18589.27,26308.91,469.94,3231.54,4018.15,5.5056
75,4,419.56,18869.24,26469.69,369.18,3050.23,4181.03,5.6713
75,4,398.78,17096.75,25867.61,410.06,3218.76,5142.04,5.2514
75,4,446.24,21119.24,28607.32,354.79,2878.25,4255.04,5.4964
75,4,437.78,20883.76,27862.34,330.02,2913.71,3734.86,5.5972
75,4,481.92,20867.93,29070.15,363.10,3131.90,4707.21,6.7534
75,4,476.40,22294.64,30320.65,380.01,3074.87,4571.13,6.3307
75,4,395.53,16986.93,26036.55,629.03,4020.90,4399.69,5.4750
75,4,444.03,19203.10,26755.13,378.17,2831.24,4342.63,5.7130
75,4,466.84,20904.40,29818.36,428.18,3660.29,4825.48,5.9623
75,4,442.99,19394.95,28327.22,511.93,3806.81,4613.53,5.6712
75,4,459.58,20184.00,29300.50,447.99,3493.68,5174.83,5.7366
75,4,306.63,13074.17,20817.35,450.52,3407.68,3884.98,5.0058
75,4,381.49,16473.69,23978.44,366.15,2793.60,4345.00,5.1980
75,4,464.26,20168.62,28239.48,344.47,2831.75,4894.64,5.7023
75,4,386.27,17356.83,24246.73,332.01,2730.40,3827.49,5.3451
75,4,446.97,18966.90,27054.31,362.12,3249.37,4475.92,5.8288
75,4,493.33,21825.14,30844.51,469.55,3779.18,4770.65,5.2559
75,4,557.71,25287.08,34339.04,445.86,3880.19,4725.90,5.9995
75,4,409.93,18395.76,26328.35,421.64,3212.52,4298.42,5.2766
75,4,457.66,20193.09,29142.08,470.42,3706.35,4772.22,5.0695
75,4,438.43,19849.82,28511.52,471.15,3660.81,4529.74,5.4229
75,4,467.21,20904.40,29015.35,364.09,2942.58,4804.27,6.0352
75,4,427.48,19639.31,27401.34,418.09,3213.71,4130.22,5.0149
75,4,475.67,22111.67,30100.95,412.51,3677.09,3899.68,5.9616
75,4,443.87,19413.23,25822.51,523.18,1920.67,3965.43,3.1867
75,4,408.35,19640.64,25968.58,344.51,2748.27,3235.16,5.7995
75,4,405.94,18928.54,26552.76,418.02,3173.72,4032.47,5.5468
75,4,453.60,19832.47,27120.88,319.49,2767.78,4201.14,5.8209
75,4,440.72,19394.40,27930.78,444.67,3564.10,4527.60,5.6095
75,4,420.85,18144.18,26523.45,474.77,3239.86,4664.63,5.9726
75,4,449.81,20344.24,28705.11,434.91,3070.72,4855.23,5.9058
75,4,417.25,18038.73,26821.98,461.01,3236.24,5085.99,5.6152
75,4,485.97,21128.24,30342.77,416.38,3606.09,5192.06,5.5094
75,4,408.71,18008.05,26221.87,373.63,3138.71,4701.48,5.5776
75,4,525.79,22898.22,32287.10,548.53,4012.78,4827.57,6.1838
75,4,333.30,15417.61,21965.77,367.08,2759.39,3421.68,4.9264
75,4,432.22,18340.90,25865.88,348.04,2545.53,4631.40,6.1636
75,4,442.67,20536.41,27633.80,323.61,2596.97,4176.82,6.9432
75,4,437.41,19057.71,25363.04,314.55,2605.74,3385.05,5.7568
75,4,356.92,14880.73,23241.85,463.35,3354.77,4543.00,4.7984
75,4,498.84,21287.23,30850.05,490.35,3549.44,5523.03,5.9821
100,4,367.12,17801.84,24588.17,366.95,2425.49,3993.89,7.3607
100,4,498.84,23717.58,31997.63,438.29,3212.98,4628.78,7.4476
100,4,494.80,23590.24,31837.57,383.57,3283.92,4579.86,7.8807
100,4,409.45,20268.02,27451.52,408.31,3318.52,3456.68,7.4535
100,4,533.43,25131.24,34982.90,455.30,3879.67,5516.70,7.9949
100,4,458.01,20881.23,29446.51,413.89,3406.57,4744.82,7.3950
100,4,497.74,23914.63,33044.24,450.82,3455.37,5223.42,7.8292
100,4,420.49,19213.97,27497.39,376.19,2797.31,5109.93,8.1682
100,4,381.12,18157.23,25822.49,363.65,2989.35,4312.26,7.4640
100,4,442.56,21186.59,29310.67,340.40,3211.39,4572.29,8.0392
100,4,452.97,21098.69,28721.42,387.92,2972.58,4262.23,7.8838
100,4,394.73,19286.97,26272.66,387.30,3103.80,3494.59,7.3211
100,4,527.91,25857.15,34260.51,531.59,3835.08,4036.68,7.6569
100,4,362.67,16263.28,24975.89,493.41,3524.41,4694.78,7.8087
100,4,327.78,15858.82,22891.92,467.19,2933.53,3632.38,7.1970
100,4,461.24,22508.38,31011.80,432.53,3349.88,4721.01,7.4861
100,4,522.39,24749.77,34341.98,552.54,3832.53,5207.15,7.5051
100,4,463.90,21980.62,30432.28,451.50,3714.77,4285.39,7.5829
100,4,574.63,28055.52,36086.65,437.58,3378.31,4215.25,7.5997
100,4,370.61,17504.30,25672.61,450.21,3009.39,4708.70,7.6188
100,4,516.87,25613.89,34055.41,400.32,3007.71,5033.49,7.9963
100,4,419.75,19465.33,28462.50,481.10,3597.32,4918.76,7.1479
100,4,467.94,22662.69,30687.16,368.88,3322.20,4333.38,7.7996
100,4,403.93,19147.43,26995.82,385.56,3192.18,4270.65,7.7659
100,4,398.05,18635.63,26731.55,440.30,3254.45,4401.17,7.3490
100,4,447.71,21724.92,29646.97,378.13,3005.42,4538.51,8.1576
100,4,496.35,23561.24,32283.83,633.91,3461.45,4627.23,4.1951
100,4,408.71,19441.88,27103.50,305.88,2691.89,4663.84,7.4293
100,4,486.70,23324.61,31524.82,424.17,3280.91,4495.14,8.0653
100,4,551.24,27233.45,36017.32,425.85,3508.99,4849.03,7.9868
100,4,401.95,18097.76,26870.64,546.05,3865.56,4361.27,7.1985
100,4,465.74,22565.33,30477.66,362.06,2963.56,4586.72,7.8844
100,4,393.33,18436.87,26425.49,404.43,2791.97,4792.23,7.4748
100,4,533.43,26031.09,34158.78,419.26,3220.94,4487.50,7.7881
100,4,422.33,18914.49,27950.13,453.61,3377.89,5204.14,7.8870
100,4,340.36,16773.06,23477.89,407.25,2771.70,3525.87,7.0984
100,4,586.77,28696.20,37134.28,365.48,3277.57,4795.05,7.8978
100,4,380.10,17697.77,25981.18,567.18,3911.34,3804.90,7.0767
100,4,405.04,19389.73,26902.18,399.24,2876.63,4236.59,7.3369
100,4,398.78,19175.26,26382.78,346.76,2981.74,3879.01,7.3690
100,4,413.13,20567.05,27863.53,325.36,2787.88,4183.24,7.0769
100,4,389.22,20011.15,26606.91,344.69,2879.14,3371.92,7.2854
100,4,498.11,23249.43,32782.51,462.20,3382.71,5688.17,7.1648
100,4,433.73,21572.54,29333.20,422.22,3356.97,3981.47,7.3133
100,4,316.22,15073.44,21835.15,422.34,2891.79,3447.59,7.4410
100,4,450.65,20741.52,30311.60,504.69,3778.40,5286.99,7.3971
100,4,385.91,18695.38,25710.66,395.04,3054.23,3566.02,7.6171
100,4,488.91,22577.40,31226.21,422.60,3259.66,4966.55,8.0876
100,4,591.18,29175.93,38062.61,486.00,3713.81,4686.87,8.5175
100,4,321.16,14669.73,21963.13,440.98,2895.27,3957.16,7.9484
100,4,465.74,22681.96,31196.03,463.55,3728.60,4321.93,7.7790
100,4,413.50,20683.30,28400.92,392.21,2977.18,4348.23,7.2541
100,4,462.38,23351.27,30880.26,409.41,3116.34,4003.23,7.7633
100,4,474.56,23074.87,31592.63,473.96,3586.37,4457.43,7.6771
100,4,434.83,20950.99,29198.32,422.65,3333.21,4491.48,7.5837
100,4,425.27,19792.50,28609.43,510.74,3850.88,4455.31,7.7808
100,4,501.53,24533.34,32419.59,302.85,2357.64,5225.76,8.4528
100,4,523.39,26218.21,34209.15,411.08,2819.72,4760.13,8.7894
100,4,437.78,21081.81,29025.01,441.89,3316.50,4184.80,7.3822
100,4,498.84,23521.45,31227.42,356.27,3064.74,4284.96,8.6395
100,4,428.58,19655.36,28597.78,408.48,3233.26,5300.66,7.3278
100,4,464.63,23871.20,30990.06,317.43,2527.28,4274.16,7.8539
100,4,455.80,22905.83,30427.26,427.73,3245.48,3848.22,7.8370
100,4,503.99,24309.61,32215.23,371.24,2918.24,4616.14,8.5490
100,4,497.37,24830.44,32316.22,322.13,2669.45,4494.20,7.9161
100,4,412.13,19401.54,28413.81,597.64,4036.29,4378.34,7.3228
100,4,480.82,23840.78,31849.86,354.73,2919.08,4735.27,7.9811
100,4,495.53,22966.46,31629.89,439.57,3481.19,4742.66,8.4227
100,4,463.90,21648.58,30453.74,498.29,3693.15,4613.73,7.6737
100,4,477.14,22035.27,31456.85,446.38,3800.88,5174.32,8.3828
100,4,333.74,14927.46,22842.65,485.32,3360.18,4069.70,7.1009
100,4,413.86,19631.46,27798.23,395.93,3178.62,4592.23,7.5091
100,4,514.30,24320.21,32729.76,372.46,3035.94,5001.15,7.9813
100,4,399.15,18893.39,26183.96,373.27,3050.95,3866.35,7.4946
100,4,482.29,22801.10,30876.19,366.30,3135.05,4573.74,8.1626
100,4,513.93,24202.83,33330.80,449.85,4050.19,4627.93,7.8677
100,4,572.79,28911.07,37489.92,410.32,3418.49,4750.05,8.1401
100,4,416.44,19416.29,27663.51,406.38,3460.86,4379.98,7.4072
100,4,496.27,23547.62,32704.68,514.82,3794.83,4847.41,7.3663
100,4,482.50,22329.20,31462.13,479.77,3922.98,4730.19,7.7575
100,4,487.07,22857.26,31435.81,382.21,3329.04,4867.30,8.3698
100,4,447.71,22573.75,29799.08,369.83,2715.62,4139.88,7.7364
100,4,483.76,24631.94,32393.15,429.64,3467.98,3863.59,7.6510
100,4,479.71,23901.02,30416.47,253.38,2144.42,4117.66,8.5276
100,4,458.75,23622.45,29705.79,288.86,2385.38,3409.10,7.4979
100,4,445.87,21934.70,29529.96,403.73,3024.93,4166.60,7.2646
100,4,488.99,23096.49,30758.13,340.10,3005.86,4315.68,7.9568
100,4,448.08,22019.90,30143.01,425.05,3169.85,4528.21,7.9889
100,4,434.47,20438.30,28853.85,432.16,3285.59,4697.80,7.5400
100,4,495.53,23964.01,32612.31,465.32,3249.68,4933.30,8.1519
100,4,454.33,20203.71,29338.40,473.02,3628.42,5033.26,8.2122
100,4,537.84,24921.50,34235.26,404.56,3738.15,5171.04,8.1760
100,4,426.00,20077.09,28413.92,392.63,3199.67,4744.54,7.8733
100,4,566.57,26868.09,36381.82,492.22,4103.61,4917.89,8.3056
100,4,359.79,16690.23,23829.96,418.13,3310.61,3411.00,7.0454
100,4,493.77,22777.45,30649.14,354.34,2644.73,4872.62,7.6134
100,4,495.90,25239.74,32633.99,326.99,2704.76,4362.49,7.9887
100,4,465.00,22520.43,29302.38,352.39,2953.26,3476.30,7.6389
100,4,379.28,16588.05,25023.08,450.95,3404.42,4579.66,6.5005
100,4,521.65,23729.04,33514.15,476.05,3891.62,5417.44,8.8450
125,4,400.25,20159.04,27084.85,376.49,2607.71,3941.61,9.9198
125,4,501.79,25351.50,34000.00,455.40,3503.46,4689.64,9.9693
125,4,502.16,25084.86,33076.83,433.73,2851.47,4706.76,7.9019
125,4,444.45,21956.44,29112.77,407.29,3232.29,3516.75,9.2565
125,4,572.05,28955.81,38622.82,435.00,3569.89,5662.13,9.7878
125,4,471.25,23484.20,32408.47,422.04,3580.13,4922.10,10.0728
125,4,517.61,26072.15,35019.70,424.59,3372.08,5150.87,10.0407
125,4,449.55,21974.05,30367.48,383.36,2803.67,5206.41,10.2754
125,4,408.71,20217.67,27932.77,367.27,2858.44,4489.38,10.0200
125,4,452.49,23529.75,31402.24,353.98,2906.04,4612.47,10.3934
125,4,466.84,22594.87,30422.18,389.62,3002.88,4434.80,10.7194
125,4,403.56,20016.77,27053.93,366.07,3090.14,3580.94,9.1983
125,4,530.11,27031.45,36025.11,553.77,4273.24,4166.65,9.8208
125,4,387.38,18439.77,26864.47,446.33,3296.16,4682.21,10.0976
125,4,352.79,17502.94,24766.89,476.52,3071.98,3715.45,9.6312
125,4,483.76,24572.73,32820.58,398.65,3115.69,4733.51,9.5982
125,4,530.48,26735.67,36024.16,536.19,3685.21,5067.10,9.7628
125,4,479.71,23921.47,32971.34,464.90,4199.31,4385.66,9.6079
125,4,597.80,31060.58,39219.67,447.33,3463.36,4248.41,9.8589
125,4,379.18,18345.73,26583.15,416.80,3175.76,4644.85,10.4109
125,4,565.06,29003.07,37412.11,374.84,2866.82,5167.38,10.9952
125,4,431.15,20557.82,29891.27,502.91,3891.45,4939.10,9.6052
125,4,494.06,24903.69,33098.88,378.78,3487.18,4329.23,10.7827
125,4,421.59,21083.48,28790.73,371.56,3035.10,4300.58,10.4320
125,4,419.75,20821.87,29119.72,453.14,3422.25,4422.45,10.1686
125,4,466.47,23706.99,31885.68,397.38,3132.33,4648.98,11.1375
125,4,500.68,25600.92,34179.92,398.93,3493.11,4686.95,10.3069
125,4,423.80,21075.93,28775.05,339.72,2720.62,4638.78,10.5827
125,4,506.57,25413.64,33741.29,394.07,3367.14,4566.43,10.2671
125,4,584.56,29422.73,38513.08,405.46,3787.74,4897.15,11.1090
125,4,422.75,20685.95,29247.30,535.55,3628.20,4397.60,10.0705
125,4,503.97,25541.29,33462.30,511.17,2826.93,4582.91,5.7073
125,4,424.05,21013.10,29007.98,362.54,2726.38,4905.96,9.9179
125,4,551.08,28247.06,36475.52,389.31,3221.79,4617.36,10.4313
125,4,438.51,21159.33,30181.82,422.34,3373.87,5226.29,9.5512
125,4,371.93,18886.39,25928.47,424.41,3012.07,3605.59,9.7581
125,4,611.78,32208.52,40838.37,384.43,3380.30,4865.13,10.6324
125,4,427.48,20936.58,29883.37,577.51,4343.74,4025.54,9.6949
125,4,421.34,21660.61,29396.57,396.44,3085.65,4253.86,10.1737
125,4,408.96,21024.84,28180.05,539.20,2806.52,3809.48,8.0452
125,4,466.47,22892.34,30744.95,380.39,3184.63,4287.59,9.8555
125,4,415.70,22249.05,28654.81,354.44,2655.75,3395.57,9.4172
125,4,527.91,25555.50,35223.25,457.84,3420.25,5789.67,9.6068
125,4,441.09,22953.24,30641.34,411.52,3312.35,3964.23,10.3053
125,4,353.53,16741.78,23757.84,415.16,3021.36,3579.55,9.1900
125,4,464.63,22137.94,31930.38,514.55,3940.25,5337.64,10.2384
125,4,391.79,19953.40,27143.97,410.07,3192.91,3587.60,10.5913
125,4,498.65,25679.51,34347.76,442.53,3275.68,4950.04,10.4743
125,4,612.63,32195.58,40974.20,473.31,3631.34,4673.98,10.5773
125,4,342.61,16215.56,23859.34,426.06,3082.29,4135.43,10.1830
125,4,456.17,23444.09,31585.37,434.73,3396.73,4309.81,10.8855
125,4,457.64,23094.64,31568.76,418.57,3435.89,4619.67,9.9338
125,4,544.46,27363.09,35566.15,409.63,3579.89,4213.55,9.9162
125,4,513.19,25850.48,34727.32,493.38,3799.60,4583.86,10.4223
125,4,473.09,23318.18,31237.78,382.38,3012.82,4524.41,9.8507
125,4,444.40,21535.42,30245.08,513.78,3910.24,4285.64,10.5109
125,4,516.13,26628.30,34673.52,299.17,2612.36,5133.69,11.4046
125,4,530.98,27503.64,35885.31,421.86,3131.43,4828.38,11.2185
125,4,474.20,23769.05,32018.37,475.14,3477.20,4296.98,11.2267
125,4,508.78,25055.25,32819.87,373.02,3175.05,4216.54,11.0699
125,4,448.81,21734.59,30853.21,382.84,3374.60,5361.18,10.0495
125,4,497.37,25228.22,32908.42,314.55,2986.52,4379.13,10.2245
125,4,479.54,25029.69,32444.58,571.11,3017.68,3826.09,7.5316
125,4,518.71,26554.65,34651.28,335.07,3093.00,4668.56,10.8470
125,4,513.19,24868.95,33216.18,540.55,3263.16,4543.52,6.4882
125,4,425.24,20776.60,29994.93,644.77,4235.25,4338.31,10.3537
125,4,536.00,26486.66,34773.47,396.78,3206.89,4683.13,11.7541
125,4,533.79,26848.83,35870.09,415.90,3620.81,4984.54,10.5086
125,4,496.27,24231.75,33375.53,536.84,3918.26,4688.68,10.0471
125,4,489.65,23660.63,33169.75,463.61,3791.05,5254.45,10.4509
125,4,343.44,16376.73,24175.17,448.14,3371.55,3978.76,9.1991
125,4,438.88,21329.39,29469.95,394.31,3037.60,4708.65,10.1235
125,4,534.90,26858.01,35187.63,335.29,2905.51,5088.81,10.4424
125,4,408.71,21356.30,28579.69,390.68,2853.73,3978.98,9.6366
125,4,484.50,24197.21,32313.79,375.27,3224.15,4517.16,9.8051
125,4,532.80,26409.94,35123.09,409.53,3538.87,4764.74,9.9029
125,4,580.28,29880.01,38364.50,615.38,3140.68,4728.43,9.0635
125,4,431.50,21901.22,30181.60,437.65,3465.58,4377.15,10.3570
125,4,493.69,24304.00,33775.29,493.29,4079.29,4898.71,10.1538
125,4,476.77,23985.51,32689.13,447.15,3693.03,4563.44,9.8859
125,4,497.29,26035.52,34525.30,399.67,3230.90,4859.21,10.9030
125,4,468.81,24459.31,32237.38,620.97,2930.52,4226.58,7.4787
125,4,511.72,26444.32,34498.57,451.72,3620.38,3982.15,10.1488
125,4,489.63,25327.18,32235.90,557.94,2156.21,4194.57,7.8791
125,4,464.88,24565.22,31180.57,480.39,2695.59,3439.37,6.0565
125,4,456.54,23541.44,31337.75,426.82,3212.96,4156.52,9.4658
125,4,505.10,25750.87,33347.49,352.02,2969.07,4275.53,9.8957
125,4,485.23,24382.50,32680.61,402.26,3271.95,4623.90,10.6607
125,4,468.89,23597.40,31682.39,414.79,3023.79,4646.41,9.8048
125,4,526.80,26132.03,35136.81,459.71,3642.92,4902.16,10.7302
125,4,488.30,23870.42,32813.89,465.92,3429.95,5047.61,11.2600
125,4,547.40,27318.52,36970.97,421.99,3995.60,5234.85,10.3150
125,4,444.03,21147.08,29391.07,368.98,3062.12,4812.88,10.4259
125,4,582.87,29098.19,38723.95,528.10,4120.40,4977.26,10.1977
125,4,359.18,18625.68,25533.13,409.01,3134.86,3363.59,9.1980
125,4,515.77,25269.28,33280.87,369.22,2697.27,4945.10,9.7226
125,4,545.20,28202.44,35305.96,304.96,2427.11,4371.44,9.7392
125,4,492.59,24685.41,31372.27,322.61,2827.69,3536.55,11.1523
125,4,391.52,18554.12,27132.08,486.41,3492.05,4599.50,8.1748
125,4,538.21,25888.52,35486.49,452.47,3616.54,5528.96,10.8902
150,4,427.48,22429.42,29778.52,379.15,2846.09,4123.85,11.5152
150,4,509.88,26291.46,35000.36,457.96,3468.94,4782.00,12.6691
150,4,525.95,27388.37,35605.25,381.47,3224.07,4611.34,12.5543
150,4,437.39,23348.08,30556.95,413.12,3385.10,3410.64,11.8849
150,4,580.15,29675.93,39546.71,441.40,3744.93,5684.45,13.4875
150,4,500.68,25699.11,34372.52,389.80,3428.64,4854.96,12.0085
150,4,534.53,27944.39,37011.32,436.75,3422.96,5207.22,11.9663
150,4,471.62,23745.50,32231.29,373.63,2930.95,5181.22,12.1323
150,4,417.54,21355.75,29229.81,377.18,3043.76,4453.13,12.3530
150,4,470.89,24227.86,32380.21,528.15,2974.99,4649.20,7.1361
150,4,480.45,25153.85,33216.39,396.46,3180.96,4485.11,12.5795
150,4,407.72,22381.37,29190.19,558.08,2686.19,3564.55,9.6269
150,4,552.55,29134.35,38165.03,566.23,4345.44,4119.00,13.0380
150,4,396.57,19253.33,27768.80,437.91,3334.32,4743.23,12.6507
150,4,369.72,18877.84,26334.02,466.32,3130.64,3859.22,11.9345
150,4,495.53,26147.26,34506.05,447.22,3192.54,4719.03,11.4435
150,4,520.03,27153.48,36461.66,545.19,3706.77,5056.22,12.8325
150,4,477.63,24793.64,33573.23,484.04,3952.85,4342.71,11.9623
150,4,633.15,33634.02,42138.31,624.77,3506.53,4372.99,7.7147
150,4,412.39,20814.88,29023.50,393.79,3053.34,4761.49,12.1199
150,4,539.31,28212.56,37220.19,419.38,3452.03,5136.22,13.1446
150,4,459.60,23083.01,32106.52,483.29,3561.27,4978.95,12.4311
150,4,495.17,26414.54,34343.02,355.55,3240.79,4332.14,12.4842
150,4,427.48,21702.63,29863.37,399.25,3436.67,4324.82,12.3623
150,4,434.89,22217.59,30556.77,467.98,3403.44,4467.76,12.7755
150,4,479.71,25050.44,33147.35,378.20,3069.51,4649.19,13.4710
150,4,542.62,27602.08,36303.77,397.18,3572.01,4732.50,12.3443
150,4,432.33,21943.84,29889.20,480.98,2798.79,4665.59,6.4598
150,4,527.91,26333.60,34832.20,499.59,3421.75,4577.25,8.0329
150,4,576.10,30466.50,39522.99,427.83,3775.86,4852.81,12.8683
150,4,443.66,22104.73,30753.31,544.62,3707.76,4396.21,11.6676
150,4,518.71,27625.15,35706.47,370.95,3113.60,4596.77,12.3147
150,4,423.80,21528.48,29871.81,394.99,3112.59,4835.75,12.3056
150,4,572.02,30008.59,38834.84,634.72,3498.95,4692.58,7.0581
150,4,440.72,21628.68,30607.08,425.86,3324.96,5227.58,12.1608
150,4,381.28,19813.10,26961.64,439.28,3035.53,3673.73,11.4705
150,4,665.86,35278.39,43730.83,383.27,3160.32,4908.84,12.5969
150,4,434.10,21709.75,30611.27,586.20,4370.88,3944.43,11.9258
150,4,437.41,22746.36,30647.94,389.17,3152.30,4360.11,12.9763
150,4,427.22,22698.60,29927.58,339.27,3003.42,3886.29,11.1108
150,4,472.43,23425.56,31294.08,376.32,3191.83,4300.37,11.3470
150,4,430.09,23223.80,29903.51,548.40,2675.79,3455.53,7.0544
150,4,533.79,26398.21,35962.96,461.46,3357.77,5745.52,11.8427
150,4,467.21,24457.91,32668.72,460.17,3627.59,4123.05,12.3319
150,4,369.72,18369.47,25677.50,443.07,3221.44,3643.52,12.5589
150,4,484.50,23446.31,33692.34,564.55,4238.57,5442.91,13.2810
150,4,425.19,22180.79,29443.66,541.25,3154.10,3567.53,7.1550
150,4,504.73,26206.34,34932.80,426.84,3383.68,4915.94,13.0025
150,4,664.33,33478.83,43192.55,874.73,3889.47,4949.51,11.3811
150,4,359.42,17421.93,25184.80,442.76,3165.86,4154.25,12.1980
150,4,506.57,26352.34,34866.81,595.05,3591.12,4328.31,9.8616
150,4,459.48,23432.77,31870.85,406.22,3484.70,4547.16,12.5840
150,4,548.55,28934.21,37103.47,709.22,3294.31,4165.72,7.7340
150,4,526.43,27316.90,36155.00,501.39,3733.82,4602.89,13.2898
150,4,507.53,24716.59,33287.04,763.75,3128.30,4678.39,6.6376
150,4,460.95,22864.57,31611.62,527.30,3946.37,4273.38,12.3411
150,4,529.59,27381.83,35565.71,523.56,2490.80,5169.52,7.2068
150,4,596.39,31122.60,39897.44,714.67,3146.48,4913.70,7.5459
150,4,462.42,24032.22,32152.18,431.95,3336.81,4351.19,12.5970
150,4,502.52,26714.95,34496.30,378.61,3129.26,4273.48,13.0945
150,4,449.92,22626.62,31607.46,414.22,3232.29,5334.32,12.1953
150,4,515.17,27254.80,35272.03,454.33,3034.11,4528.80,11.9556
150,4,502.16,26801.37,34334.07,540.14,3080.20,3912.36,9.8737
150,4,541.52,28578.79,36808.59,539.65,3027.39,4662.75,6.9356
150,4,522.76,27871.84,36260.79,401.91,3351.20,4635.84,13.1368
150,4,458.63,22703.27,32093.51,592.85,4370.91,4426.49,11.8964
150,4,519.44,27643.37,35755.02,412.53,3016.58,4682.55,13.7531
150,4,540.33,28235.38,37801.10,467.83,3973.37,5124.52,14.8048
150,4,501.79,25595.84,35013.33,538.43,4081.64,4797.41,12.5065
150,4,505.47,25959.58,34951.58,447.10,3314.42,5230.47,13.1652
150,4,343.64,17320.83,25102.07,505.38,3343.20,3932.66,11.5604
150,4,455.07,23469.78,31564.33,397.14,3115.13,4582.28,11.6913
150,4,556.70,28806.90,37470.76,494.83,3011.68,5157.35,6.7863
150,4,438.32,22533.49,30372.28,574.08,3164.71,4100.00,9.7959
150,4,518.71,26787.64,35054.78,362.03,3340.16,4564.95,12.5075
150,4,569.46,29049.13,38128.90,525.29,3794.43,4760.05,6.3824
150,4,622.51,33542.92,42432.10,722.03,3265.60,4901.55,8.3333
150,4,443.68,23048.79,31593.38,465.07,3710.02,4369.49,11.4246
150,4,523.01,27079.31,36436.69,508.34,3900.49,4948.54,11.7020
150,4,503.99,25848.16,35110.04,473.79,4122.23,4665.86,12.3671
150,4,531.22,28127.42,36610.43,433.12,3131.43,4918.47,10.3740
150,4,466.10,25248.60,33139.15,410.06,3373.09,4107.41,11.6547
150,4,530.85,28616.64,36477.76,426.68,3456.07,3978.37,12.8989
150,4,493.46,26083.27,33002.69,743.37,2027.01,4149.04,5.4561
150,4,492.22,27208.40,33569.44,403.90,2485.65,3471.49,8.2165
150,4,478.98,25837.03,33476.61,405.62,3105.92,4128.04,11.7067
150,4,529.38,27696.68,35531.72,334.61,3033.54,4466.89,12.6625
150,4,486.24,25860.31,34024.96,414.96,3230.91,4518.78,12.1888
150,4,480.82,24900.01,33257.93,434.42,3225.48,4698.01,12.0596
150,4,541.83,27687.39,36849.17,465.23,3578.02,5118.53,13.6322
150,4,495.53,24930.96,34131.03,467.99,3659.70,5072.39,12.3624
150,4,573.16,29428.64,38956.54,431.29,3762.66,5333.95,11.8307
150,4,464.63,23783.34,32086.95,363.37,3247.67,4692.57,12.9138
150,4,633.85,33364.71,42913.96,523.18,4006.95,5019.11,13.6358
150,4,392.53,20550.07,27255.71,369.76,2948.16,3387.72,10.3347
150,4,518.71,27080.31,35177.87,355.12,2881.77,4860.68,13.0856
150,4,564.07,29976.70,37736.70,797.11,2581.93,4380.96,4.5263
150,4,505.10,26324.09,32908.13,337.42,2727.20,3519.42,12.6479
150,4,407.52,19937.50,28622.69,664.78,3416.43,4603.99,9.3934
150,4,559.70,28721.65,38461.84,478.83,3746.19,5515.18,12.6078
175,4,414.99,22477.40,29766.16,369.96,2808.03,4110.77,15.4994
175,4,553.29,29422.62,37873.21,452.49,3282.17,4715.92,14.4898
175,4,570.58,29143.25,38103.15,937.41,3225.62,4796.86,7.8829
175,4,473.38,25428.09,32568.28,393.15,3251.46,3495.58,13.2397
175,4,599.64,31543.32,41448.38,425.07,3705.73,5774.27,16.0066
175,4,498.14,26815.27,35572.19,425.51,3380.19,4951.23,14.9738
175,4,546.37,30014.74,39235.02,481.48,3557.63,5181.16,15.3098
175,4,483.03,24656.04,33354.38,495.54,2944.67,5258.13,10.4014
175,4,437.78,23445.14,31171.46,372.80,2875.66,4477.86,15.8175
175,4,487.81,26026.86,34262.01,463.04,3193.84,4578.27,9.3548
175,4,483.03,25201.10,33381.79,420.83,3413.20,4346.67,15.3469
175,4,438.51,23264.89,30653.23,582.33,3204.10,3601.92,7.6037
175,4,551.08,30751.05,39403.50,554.01,3928.70,4169.73,15.6518
175,4,407.06,20678.59,29429.58,484.76,3405.19,4861.04,15.1024
175,4,395.13,21057.74,28543.01,472.41,3103.15,3909.70,14.7985
175,4,516.87,28396.00,36625.07,419.03,3022.86,4787.18,15.2175
175,4,552.55,29064.64,38726.08,546.18,3862.25,5253.01,16.2920
175,4,511.72,27330.11,36082.32,469.04,3920.86,4362.32,14.9950
175,4,686.51,36214.60,45379.89,1031.29,3662.07,4471.93,4.6954
175,4,409.08,20789.57,28836.85,397.35,3096.08,4553.85,14.6172
175,4,580.90,31326.46,40138.65,598.22,3035.91,5178.05,9.2593
175,4,469.63,24199.18,33170.33,434.87,3579.50,4956.79,14.4995
175,4,534.53,29171.00,37207.16,381.83,3211.54,4442.79,15.0812
175,4,464.76,23653.52,32048.22,807.73,3165.44,4421.53,8.6134
175,4,452.12,23444.40,31701.57,430.74,3457.58,4368.85,15.4980
175,4,501.77,26620.17,34980.55,796.82,2839.24,4724.32,9.2879
175,4,551.54,29023.73,37985.38,699.12,3564.10,4698.43,8.2993
175,4,464.26,23692.92,31850.17,428.48,2889.89,4838.87,9.3744
175,4,560.53,29986.96,38379.07,393.38,3409.99,4588.74,17.2994
175,4,617.35,32693.24,42240.01,652.98,3860.60,5033.20,13.3678
175,4,467.21,23600.88,32545.95,530.21,3801.54,4613.34,15.3873
175,4,548.49,29030.94,37648.39,804.68,3106.40,4706.36,7.3407
175,4,435.20,22611.99,30554.56,361.51,2775.93,4805.12,14.2402
175,4,578.56,31502.15,40201.93,647.67,3393.92,4658.18,8.8400
175,4,463.16,23709.34,32733.99,448.49,3379.32,5196.85,14.7180
175,4,384.28,20674.39,27496.23,421.61,2850.17,3550.06,13.9928
175,4,679.84,36742.56,45508.56,581.82,3236.87,4947.31,14.0911
175,4,427.35,22706.84,31108.10,554.52,3987.12,3859.62,13.6316
175,4,450.90,24097.62,31691.80,527.69,2809.37,4257.12,10.8140
175,4,448.49,24120.50,31544.73,666.50,2766.16,3991.57,7.0569
175,4,476.77,25526.56,33413.95,387.61,3184.07,4315.72,15.0962
175,4,441.69,23878.68,30962.65,569.68,2985.77,3528.53,12.4911
175,4,576.47,30047.75,39671.40,455.37,3295.82,5872.46,14.8315
175,4,487.81,26657.21,34411.24,419.58,3235.38,4099.07,16.2053
175,4,371.98,19244.26,26326.59,410.90,3085.23,3586.20,14.2556
175,4,490.75,25334.40,34999.00,499.47,3736.94,5428.20,14.9333
175,4,435.20,23416.14,30415.81,399.47,3039.75,3560.44,14.4007
175,4,540.78,29036.36,37898.76,441.99,3339.29,5081.13,16.0455
175,4,667.64,36292.94,45722.00,789.74,3711.16,4928.16,11.5600
175,4,361.26,18145.25,25490.01,407.53,2791.49,4145.75,14.4969
175,4,498.84,26973.68,35175.78,427.46,3396.10,4378.53,15.8018
175,4,470.52,25164.75,33554.77,422.60,3428.12,4539.31,14.8578
175,4,597.37,31411.20,40351.49,1330.27,3304.86,4305.16,4.6954
175,4,521.96,28211.99,36863.25,483.41,3624.32,4543.54,15.0476
175,4,488.91,26186.97,34634.63,418.51,3443.20,4585.96,15.3197
175,4,467.94,24255.31,32963.27,502.46,3847.79,4357.70,15.3901
175,4,571.70,30265.89,38888.80,822.56,2426.04,5374.31,6.8600
175,4,594.63,32937.86,41339.28,429.40,3030.26,4941.75,16.2801
175,4,478.24,25954.33,34151.49,453.29,3427.02,4316.85,14.5961
175,4,534.16,28676.95,36598.81,382.49,3249.60,4289.77,16.3921
175,4,460.59,24037.03,32702.39,384.97,3090.14,5190.26,14.6862
175,4,559.30,28298.74,37320.13,1529.85,2825.57,4665.96,4.1273
175,4,564.11,28784.33,37421.92,1439.25,3050.65,4147.68,4.3989
175,4,548.75,29634.59,38092.96,738.98,2986.07,4733.32,7.7309
175,4,552.92,29879.33,38156.84,381.21,3267.68,4628.61,9.0407
175,4,456.58,23890.99,33086.24,589.70,4158.87,4446.68,15.1382
175,4,538.31,28913.63,37462.62,541.95,3223.32,4783.73,14.6672
175,4,574.70,30616.02,39479.97,559.80,3185.26,5118.89,8.7349
175,4,514.30,26314.75,35692.92,552.75,4137.85,4687.56,16.0708
175,4,538.60,27601.30,37332.14,598.21,3765.40,5367.24,12.1418
175,4,374.21,19043.39,26963.78,480.14,3412.70,4027.55,13.7632
175,4,480.53,24867.93,33320.57,585.08,3198.77,4668.80,7.8178
175,4,554.39,30221.49,38481.53,358.96,2863.05,5038.03,14.1419
175,4,433.48,23513.86,30925.94,572.63,2890.23,3949.23,12.6603
175,4,517.35,27386.18,35723.72,520.72,3315.39,4501.42,12.0287
175,4,569.03,31107.16,40077.46,441.34,3804.77,4724.18,15.2328
175,4,702.82,34848.31,45732.54,2127.07,3486.13,5271.03,4.1791
175,4,448.83,23856.98,32047.42,606.49,3245.92,4338.03,8.2047
175,4,519.77,27160.85,36637.06,494.52,3938.55,5043.14,14.6066
175,4,505.11,26529.21,35582.04,620.32,3830.42,4602.09,13.2118
175,4,547.45,29059.92,38108.67,638.16,3367.47,5043.12,11.5887
175,4,496.89,27056.48,34976.58,402.02,3236.23,4281.85,14.8324
175,4,550.35,30174.75,38260.98,606.48,3534.12,3945.63,14.5788
175,4,523.16,27951.47,35254.19,961.91,2073.72,4267.09,5.3536
175,4,481.63,27026.03,33871.25,693.03,2695.80,3456.38,9.4390
175,4,505.54,26641.66,34946.35,919.05,3128.44,4257.20,8.6779
175,4,562.41,29682.30,37303.58,387.83,2850.74,4382.70,15.3421
175,4,516.50,27731.55,36209.47,441.09,3427.66,4609.17,16.2843
175,4,480.93,25694.51,33886.74,446.35,3109.21,4636.68,17.2032
175,4,563.67,29618.75,39010.55,610.38,3599.82,5181.61,12.3894
175,4,533.06,26853.78,36217.98,467.61,3694.85,5201.74,14.8607
175,4,622.45,32045.90,42046.57,630.78,3872.72,5497.17,9.6655
175,4,472.36,24500.14,32936.29,381.07,3325.71,4729.36,14.8347
175,4,640.48,34020.00,43629.39,495.80,4171.85,4941.73,15.0503
175,4,401.03,20819.48,28109.23,430.65,3312.94,3546.16,12.1927
175,4,542.99,29112.75,37542.65,349.93,3009.77,5070.19,16.0317
175,4,582.21,32000.72,39470.20,480.01,2567.43,4422.04,11.6606
175,4,520.55,28616.28,35312.90,501.46,2565.88,3629.28,13.5275
175,4,417.18,21084.97,29529.42,443.52,3433.35,4567.58,11.9260
175,4,584.93,30921.46,40720.64,454.17,3781.41,5563.60,15.6215
200,4,438.14,23641.40,30859.29,384.61,2750.74,4082.55,17.2964
200,4,543.73,30035.34,38582.36,428.12,3371.03,4747.88,17.1980
200,4,621.13,31182.08,40887.28,1401.38,3279.44,5024.37,4.3632
200,4,483.76,26792.21,34092.23,388.69,3344.97,3566.36,16.5305
200,4,626.42,33324.66,43373.39,554.63,3683.48,5810.63,11.7351
200,4,519.45,27726.90,36873.90,440.96,3675.19,5030.84,18.1087
200,4,556.97,31065.50,40014.35,441.05,3379.77,5128.02,19.0847
200,4,494.80,26384.42,34780.38,376.05,2844.48,5175.43,17.8526
200,4,462.64,23280.24,32214.10,1189.40,3113.78,4630.67,6.2841
200,4,522.89,27174.74,36020.27,1036.44,3016.17,4792.92,6.3712
200,4,528.00,27647.08,36413.94,1014.29,3125.43,4627.14,6.1722
200,4,473.35,24628.82,32495.52,993.34,3209.02,3664.33,6.6046
200,4,568.89,32076.87,41066.87,581.71,4245.03,4163.26,19.2771
200,4,426.00,21477.96,30431.25,471.76,3747.72,4733.81,17.9665
200,4,387.59,20690.81,28172.52,473.20,3213.27,3795.24,17.2878
200,4,536.37,29492.82,38192.37,441.81,3466.52,4791.22,17.7994
200,4,567.40,31361.66,40740.61,554.36,3648.49,5176.11,17.7850
200,4,534.43,28570.55,37754.48,625.71,4116.94,4441.28,13.3392
200,4,723.98,38588.60,47663.18,1105.18,3436.21,4533.19,5.8079
200,4,434.83,22468.27,30889.32,437.17,3323.41,4660.47,17.2980
200,4,586.03,31800.51,41149.94,433.57,3737.17,5178.69,18.5169
200,4,481.55,25003.14,34391.93,496.24,3962.73,4929.82,17.4081
200,4,562.90,30529.59,39043.19,683.61,3305.30,4524.69,7.6947
200,4,495.63,26066.40,34382.08,646.39,3137.63,4531.66,10.0462
200,4,475.30,25060.12,33537.42,453.86,3560.33,4463.10,17.2170
200,4,515.24,27440.45,36067.19,878.80,3135.68,4612.27,12.0560
200,4,545.41,30123.10,38883.14,574.35,3572.81,4612.89,18.1329
200,4,466.78,24332.59,32536.24,529.14,2914.74,4759.77,15.3171
200,4,588.97,31973.63,40650.44,527.12,3366.58,4783.12,10.4732
200,4,679.02,35390.31,45479.04,1243.27,3721.41,5124.06,5.8480
200,4,475.67,24965.65,33787.16,519.89,3744.90,4556.72,17.1223
200,4,566.20,30906.78,39047.06,672.24,2784.89,4683.15,9.1302
200,4,445.35,23814.22,32085.27,359.23,3041.35,4870.46,17.7931
200,4,598.54,32857.24,41764.55,632.49,3572.23,4702.60,11.2584
200,4,487.81,25138.37,34529.41,421.71,3501.51,5467.81,18.6612
200,4,406.87,22181.71,29278.33,428.67,2933.85,3734.10,17.5395
200,4,730.87,38888.78,48675.36,1257.01,3331.50,5198.07,6.3272
200,4,452.70,23974.12,32665.87,533.52,4196.70,3961.53,17.5556
200,4,454.76,24142.25,32382.57,548.34,3408.50,4283.49,12.5625
200,4,464.63,25250.93,32659.99,451.29,2984.72,3973.05,11.5231
200,4,519.08,27999.89,36046.37,355.61,3220.79,4470.08,16.6658
200,4,455.80,25913.65,32596.33,373.07,2793.56,3516.04,16.9005
200,4,575.73,30184.25,40031.53,466.61,3411.51,5969.16,17.5491
200,4,496.90,27299.36,35626.45,571.55,3616.85,4138.68,13.8715
200,4,366.21,20218.34,26918.64,385.14,2831.78,3483.37,18.1369
200,4,515.40,26939.00,36846.06,493.59,3972.97,5440.51,18.8019
200,4,454.45,24085.69,31887.58,784.84,3216.73,3800.32,7.4069
200,4,564.26,30129.95,39611.26,971.12,3385.83,5124.37,7.4655
200,4,686.43,38070.19,47555.90,852.08,3699.22,4934.42,7.8444
200,4,369.44,19114.07,26569.81,413.71,2898.73,4143.29,16.8226
200,4,521.29,28704.51,37278.79,470.07,3737.50,4366.71,17.5340
200,4,503.92,26951.52,35550.41,672.13,3295.80,4630.96,8.2496
200,4,589.71,32903.68,41075.64,403.50,3453.50,4314.96,19.0992
200,4,565.06,31005.19,39847.93,482.84,3657.93,4701.98,19.4327
200,4,489.37,26351.28,34788.10,592.56,3358.92,4485.33,16.7964
200,4,486.70,25885.07,34424.33,477.76,3699.99,4361.52,18.8987
200,4,649.49,31941.77,42295.74,2110.29,2615.66,5628.04,4.9065
200,4,631.65,34743.28,43237.50,473.99,3091.19,4929.04,17.1827
200,4,495.78,27426.01,35519.80,600.42,3176.10,4317.27,13.2288
200,4,532.84,29745.84,37586.38,518.61,2997.49,4324.45,10.5024
200,4,489.30,25390.76,34685.34,586.15,3317.71,5390.72,9.6118
200,4,581.47,30651.86,39470.51,1367.46,2752.13,4699.05,5.4929
200,4,582.01,30537.93,39275.37,1610.43,2921.76,4205.26,4.2753
200,4,585.30,31155.92,39950.97,881.32,3139.16,4774.57,7.2637
200,4,578.84,30933.00,39809.86,899.95,3227.30,4749.61,5.5503
200,4,481.01,25595.68,34670.65,595.10,4066.81,4413.06,17.4454
200,4,584.93,30336.79,39018.08,551.49,3176.44,4953.36,18.8339
200,4,590.63,31038.16,40977.08,972.02,3756.88,5210.01,9.0006
200,4,525.33,27605.51,37043.30,557.48,4184.04,4696.27,19.1832
200,4,534.53,28582.08,38022.65,448.86,3603.48,5388.23,18.8123
200,4,390.69,20207.03,28256.96,463.28,3441.44,4145.22,17.4816
200,4,494.43,26090.30,34769.36,624.23,3367.69,4687.14,17.0135
200,4,623.26,33033.31,42304.40,788.52,3192.07,5290.50,13.2829
200,4,461.53,25157.73,32754.38,493.63,2991.45,4111.57,10.5353
200,4,568.89,29012.47,38169.93,1112.93,3275.63,4768.90,6.1691
200,4,593.55,31839.15,40976.92,535.63,3821.12,4781.02,10.3212
200,4,707.93,37065.92,47689.29,1915.02,3405.23,5303.13,4.4623
200,4,479.19,25390.71,33977.00,877.95,3279.46,4428.88,6.6494
200,4,565.78,29539.86,39533.49,822.44,4143.61,5027.59,7.9830
200,4,528.13,28220.64,37415.41,645.05,3859.89,4689.83,10.6296
200,4,553.29,30121.93,39149.91,524.10,3457.64,5046.24,15.9716
200,4,546.92,28216.66,37913.28,2002.39,3143.65,4550.57,5.0814
200,4,569.85,31708.47,39912.76,696.95,3517.05,3990.29,8.2955
200,4,557.90,30348.10,37583.77,721.89,2173.00,4340.79,12.0959
200,4,576.32,29465.44,37676.04,1805.38,2653.21,3752.01,3.7864
200,4,518.79,28841.80,37022.93,729.89,3104.76,4346.48,8.8196
200,4,570.11,29488.21,38048.35,1108.55,2882.42,4569.17,5.2061
200,4,533.79,28984.36,37496.30,596.92,3276.50,4638.52,14.2593
200,4,531.22,28491.20,36987.74,618.54,3117.08,4760.92,14.5378
200,4,575.36,30209.35,39567.01,572.10,3584.43,5201.13,19.3591
200,4,531.43,27552.53,37269.88,647.54,3903.70,5166.11,16.4639
200,4,646.07,33186.99,43603.55,985.47,3861.40,5569.70,8.5719
200,4,491.26,26695.73,35225.17,549.56,3076.23,4903.65,9.6070
200,4,676.02,35837.88,45777.87,869.33,3938.30,5132.35,7.1996
200,4,410.73,22613.57,29461.12,415.89,3011.46,3420.19,14.5277
200,4,564.13,29327.26,37929.54,1000.05,2619.10,4983.13,7.9482
200,4,638.79,33587.68,42275.43,1445.51,2660.28,4581.96,4.1689
200,4,542.85,29599.83,36294.52,597.93,2468.00,3628.76,11.4383
200,4,414.73,21495.73,29929.71,445.53,3394.68,4593.77,15.2659
200,4,618.07,32348.88,42681.54,767.24,3862.18,5703.25,9.6057
225,4,469.76,25419.79,32689.95,528.69,2513.72,4227.75,14.7251
225,4,569.47,30759.24,39922.94,853.03,3492.06,4818.61,10.7655
225,4,619.48,32240.37,41837.38,1300.51,3239.94,5056.55,5.2568
225,4,474.16,26475.83,34037.53,596.80,3432.35,3532.54,18.6100
225,4,647.52,34398.26,44931.65,947.66,3709.93,5875.81,7.2848
225,4,533.79,29048.36,38008.40,564.49,3482.15,4913.40,18.2172
225,4,575.28,32217.54,41760.67,473.46,3747.37,5322.30,22.6645
225,4,522.69,27033.47,35924.86,718.66,2894.04,5278.69,9.0556
225,4,455.11,24568.63,32974.03,764.03,3127.52,4513.85,14.2341
225,4,520.50,27779.39,36620.74,915.37,3148.71,4777.26,8.4059
225,4,512.46,28577.53,36557.56,396.05,3227.68,4356.30,19.8191
225,4,488.37,25879.79,33784.96,965.62,3176.04,3763.51,8.4909
225,4,587.14,33414.66,42540.56,615.37,4353.27,4157.26,22.7060
225,4,431.15,22375.42,31212.08,467.51,3695.91,4673.25,19.7609
225,4,398.05,21911.94,28994.32,407.69,2867.59,3807.09,20.0360
225,4,551.82,30904.65,39494.92,433.76,3275.76,4880.75,20.6891
225,4,572.79,32235.42,41334.52,534.67,3426.04,5138.40,21.6523
225,4,545.65,29669.93,39040.48,801.38,4133.47,4435.71,11.3904
225,4,725.68,39706.24,49277.45,1498.03,3478.90,4594.29,5.8790
225,4,429.83,22805.64,31147.86,424.88,3272.58,4644.76,20.8253
225,4,674.18,33970.44,45081.79,2440.12,3142.51,5528.72,5.3430
225,4,488.54,25532.24,34765.93,449.43,3784.87,4999.38,20.3891
225,4,622.33,32082.15,41809.68,1637.09,3297.78,4792.67,5.3017
225,4,520.53,27095.06,35920.63,1046.57,3191.96,4587.03,6.6880
225,4,484.76,25516.73,34258.43,632.09,3595.10,4514.51,18.5844
225,4,516.24,28106.70,36768.82,731.41,3308.72,4622.00,11.2882
225,4,584.63,32157.68,41130.25,665.11,3541.82,4765.63,11.6955
225,4,483.03,25924.92,34112.82,528.36,2929.74,4729.80,13.6649
225,4,601.81,32341.66,41332.08,752.80,3460.41,4777.21,7.0291
225,4,698.71,36730.27,46838.34,1282.94,3684.89,5140.25,6.0841
225,4,480.68,25689.76,34533.23,547.01,3832.46,4464.00,20.5280
225,4,604.32,32043.00,41047.36,1160.03,2950.53,4893.79,5.7905
225,4,465.37,24952.04,33160.74,424.74,2993.98,4789.98,20.1645
225,4,605.28,33908.22,42700.33,615.63,3436.78,4739.70,14.9711
225,4,500.66,25933.02,35460.68,667.79,3535.49,5324.38,11.8595
225,4,412.02,22757.89,29862.49,408.01,3051.61,3644.98,19.9702
225,4,789.64,40701.82,51231.24,1983.61,3189.67,5356.14,5.2735
225,4,482.66,25878.74,34799.88,542.08,4277.04,4102.01,20.7151
225,4,478.61,25426.05,33834.48,714.24,3295.61,4398.57,13.2617
225,4,501.64,26876.35,34864.98,875.93,2967.45,4145.26,7.7329
225,4,524.23,28402.86,36607.11,771.23,2960.03,4472.99,18.5035
225,4,465.85,25983.30,33252.56,854.47,2927.49,3487.30,8.8473
225,4,586.30,32154.94,41752.25,613.79,3084.20,5899.32,11.2803
225,4,508.06,28096.87,36302.68,730.50,3330.62,4144.69,11.0492
225,4,397.24,20844.72,28181.65,774.64,2967.99,3594.30,8.7862
225,4,523.07,27885.41,37740.98,467.42,3970.18,5417.97,21.5630
225,4,481.55,25444.35,33244.82,971.35,3071.12,3757.99,7.6534
225,4,561.71,31239.33,40175.78,633.96,3236.40,5066.10,14.5277
225,4,775.62,40740.23,51924.11,2119.27,3783.63,5280.98,5.4769
225,4,383.70,20041.47,27696.04,435.93,3120.96,4097.67,21.4107
225,4,539.33,29823.88,38524.87,584.71,3629.57,4486.71,14.5497
225,4,511.80,28091.62,36704.05,590.47,3423.69,4598.27,14.4763
225,4,623.84,34100.82,43100.86,1311.63,3230.20,4458.20,6.2021
225,4,578.27,31871.71,41072.05,793.52,3729.80,4677.01,15.3502
225,4,519.07,27484.19,36309.38,995.06,3207.19,4622.95,8.3305
225,4,502.68,27206.76,35845.45,497.33,3790.08,4351.29,22.1406
225,4,666.68,33981.75,44359.34,2148.07,2571.79,5657.73,6.6506
225,4,635.60,35470.11,44071.00,588.15,3107.38,4905.36,16.1987
225,4,499.44,28216.46,36289.38,441.77,3350.14,4281.00,21.5113
225,4,556.11,32011.82,39574.66,475.03,2817.69,4270.12,13.2100
225,4,495.53,26560.50,35654.69,410.37,3369.09,5314.73,20.7691
225,4,612.25,31544.05,40664.93,1556.14,2801.07,4763.66,4.8628
225,4,613.58,31278.43,40579.06,1992.71,3019.62,4288.29,5.0775
225,4,604.53,32111.09,41385.17,1168.52,3219.65,4885.91,7.8707
225,4,594.02,32814.24,41669.33,849.85,3258.27,4746.97,8.1346
225,4,476.62,25269.78,34473.25,599.41,4254.49,4349.56,21.7193
225,4,606.26,32374.92,41132.87,846.16,3015.20,4896.59,10.6168
225,4,610.68,34323.59,43317.19,420.46,3563.14,5010.00,21.5982
225,4,545.57,29003.77,38602.59,540.79,4298.96,4759.08,23.3657
225,4,573.21,29261.37,39359.68,1095.13,3635.00,5368.17,9.3560
225,4,407.98,20882.17,29208.96,579.16,3510.45,4237.18,12.3614
225,4,509.17,26906.20,35733.70,819.17,3185.06,4823.27,7.7133
225,4,640.73,34665.91,43789.90,732.10,3099.37,5292.53,9.1225
225,4,496.95,25605.62,34225.30,1443.21,2894.46,4282.00,6.4544
225,4,591.03,31489.18,40751.33,1117.73,3306.59,4837.83,8.9216
225,4,640.63,34026.15,43949.48,1071.69,3878.26,4973.38,8.1333
225,4,727.98,38671.89,49231.73,1775.20,3576.94,5207.69,7.4565
225,4,473.09,26291.83,34399.54,435.07,3311.46,4361.17,22.4149
225,4,554.68,29771.41,39404.34,619.89,4132.51,4880.53,11.5103
225,4,579.65,30774.44,40412.13,855.94,3935.97,4845.78,9.0730
225,4,577.01,31959.28,40963.48,593.13,3364.89,5046.19,12.1497
225,4,536.37,30051.78,38193.85,562.54,3267.52,4312.01,17.4043
225,4,609.48,33317.03,41939.17,899.77,3608.29,4114.09,6.9179
225,4,595.26,31572.71,39658.78,1392.37,2212.04,4481.65,7.8569
225,4,541.30,30184.04,37698.91,1081.99,2780.78,3652.10,7.8755
225,4,506.62,28605.92,36642.04,620.72,3182.23,4233.16,14.2805
225,4,609.51,31881.47,40580.92,1047.58,3037.18,4614.70,9.3550
225,4,536.52,30260.44,38592.86,595.91,3135.42,4601.10,12.0217
225,4,527.17,28254.18,36741.04,656.71,3101.87,4728.28,17.2047
225,4,581.62,31960.48,41088.74,446.97,3481.24,5200.05,22.1583
225,4,581.03,31191.34,40591.27,673.65,3546.20,5180.07,14.5328
225,4,651.13,34585.84,44888.88,873.62,3884.50,5544.92,8.0669
225,4,539.42,28174.58,37511.70,1006.12,3229.38,5101.62,8.3611
225,4,696.49,38060.71,48262.21,718.23,4275.85,5207.41,14.4001
225,4,426.74,23213.01,30501.23,653.45,3123.43,3511.35,9.0090
225,4,602.59,32595.29,41327.87,824.23,2769.36,5138.99,9.1835
225,4,677.22,35117.85,44166.30,1677.63,2661.81,4709.02,6.4588
225,4,561.61,29845.86,37542.42,1330.85,2574.33,3791.38,9.1733
225,4,438.51,22945.66,31651.48,481.89,3606.93,4616.99,15.3961
225,4,617.09,33223.37,43408.70,666.26,3754.57,5764.51,15.9981
250,4,474.56,26245.56,33285.96,375.30,2500.34,4164.76,23.7524
250,4,597.25,33378.45,42625.02,949.96,3330.82,4965.79,11.4593
250,4,629.95,32656.72,42623.99,1763.26,3191.66,5012.35,6.4167
250,4,549.84,29085.82,37094.18,1113.63,3220.75,3673.97,6.6790
250,4,685.86,36947.52,47732.78,1113.81,3612.21,6059.24,9.0883
250,4,566.71,29746.56,39366.93,1043.25,3528.37,5048.75,10.3514
250,4,609.63,33218.79,43236.23,971.65,3634.64,5411.16,12.2162
250,4,541.03,28809.44,37672.48,799.64,2788.12,5275.29,14.8899
250,4,455.91,25139.11,33200.07,521.54,3091.61,4447.81,13.0779
250,4,577.50,29241.20,38765.54,1517.42,3067.15,4939.77,5.9467
250,4,555.72,30072.51,38832.45,908.46,3244.29,4607.19,8.4718
250,4,531.12,27657.24,36177.07,1482.59,3117.58,3919.66,5.4395
250,4,626.77,34984.30,44433.05,894.92,4259.15,4294.69,12.4073
250,4,423.53,22635.19,31274.42,469.27,3531.99,4637.98,24.4662
250,4,414.66,22593.69,30297.80,458.89,3302.99,3942.24,22.4511
250,4,606.98,31600.12,41430.77,1276.12,3425.86,5128.67,6.3557
250,4,591.75,33408.60,43158.39,694.18,3822.41,5233.19,14.9580
250,4,572.60,31374.46,40802.49,922.38,3921.95,4583.70,10.6907
250,4,783.27,41692.73,52301.52,2412.02,3355.04,4841.73,6.1679
250,4,458.38,24443.99,32873.73,424.43,3264.42,4740.90,25.6242
250,4,683.00,35182.54,45855.96,1930.29,3182.55,5560.57,5.8503
250,4,509.88,27434.83,36828.15,498.29,3880.66,5014.37,24.2668
250,4,613.70,32111.55,41793.49,1615.47,3294.51,4771.96,6.8154
250,4,524.52,27202.92,36041.69,1106.22,3190.51,4542.04,9.2222
250,4,502.78,27182.80,35963.68,568.61,3614.70,4597.57,15.2350
250,4,587.83,30403.89,40065.00,1702.46,3045.52,4913.13,8.6993
250,4,604.69,33360.00,42510.92,883.78,3490.23,4776.91,9.9310
250,4,490.32,26242.10,34589.21,644.37,2989.59,4713.15,10.4616
250,4,659.26,34065.64,44159.13,1496.06,3518.24,5079.19,6.0996
250,4,678.93,37196.82,47046.10,1110.26,3640.04,5098.97,7.8488
250,4,496.27,27113.21,35712.41,506.51,3514.62,4578.07,23.8813
250,4,643.02,33148.10,43058.83,1984.94,2886.77,5039.02,6.1809
250,4,482.29,26607.59,34976.75,379.92,3076.56,4912.68,23.9191
250,4,664.52,35757.59,45395.48,1285.39,3512.66,4839.83,8.8594
250,4,504.52,27096.64,36233.40,525.01,3327.87,5283.87,16.8699
250,4,437.78,23658.73,31096.25,661.75,3070.66,3705.12,12.0364
250,4,798.09,42922.98,53473.25,1899.58,3266.57,5384.11,5.2873
250,4,480.97,26209.42,34914.15,545.99,4121.16,4037.58,22.6261
250,4,492.73,26697.16,35154.80,759.42,3360.93,4337.30,14.3058
250,4,522.68,27727.23,35996.10,1013.58,3074.04,4181.25,7.2895
250,4,565.88,29527.50,38537.81,1295.54,3094.60,4620.18,7.0023
250,4,509.60,27750.17,35442.38,1320.45,2765.31,3606.44,6.6846
250,4,606.19,32420.05,42395.75,754.75,3313.44,5907.51,16.6354
250,4,572.67,30584.70,39683.05,1421.82,3241.30,4435.24,8.1848
250,4,403.85,22116.47,29193.66,411.09,3114.98,3551.12,21.8178
250,4,531.79,28151.46,38364.02,860.21,3913.18,5439.16,12.5409
250,4,472.14,25942.32,33445.82,622.43,3181.39,3699.69,17.0098
250,4,612.66,33091.63,42994.86,1230.49,3360.99,5311.76,9.2490
250,4,808.34,43018.28,54288.69,2191.73,3694.95,5383.74,5.8511
250,4,399.15,20898.33,28761.05,427.72,3242.88,4192.13,24.3830
250,4,538.58,30451.01,39180.14,464.90,3795.84,4468.39,25.1529
250,4,552.63,28491.05,37906.12,1445.31,3207.83,4761.94,9.1168
250,4,688.36,36464.38,46476.73,1918.75,3321.45,4772.15,7.1814
250,4,582.48,33305.18,42028.21,492.61,3691.28,4539.14,26.5344
250,4,567.74,28799.10,38591.31,1674.25,3312.49,4805.47,6.3279
250,4,487.16,26986.59,35618.04,510.51,3818.72,4302.23,25.6024
250,4,690.18,33998.58,45078.84,2652.44,2625.76,5802.04,5.2416
250,4,674.32,37522.06,46783.87,943.79,3270.04,5047.98,10.2342
250,4,508.66,29071.60,37030.58,414.38,3227.51,4317.09,23.0547
250,4,580.78,32499.90,40823.37,889.32,3065.08,4369.07,10.4450
250,4,498.11,26839.48,35982.27,419.19,3362.27,5361.34,23.1955
250,4,690.53,32679.76,44437.03,3699.81,2737.69,5319.78,4.7106
250,4,643.33,32787.36,42583.62,2366.14,3102.72,4327.40,5.6762
250,4,687.00,34562.24,45302.15,2560.37,3006.04,5173.50,5.4556
250,4,675.07,34990.86,45337.17,2068.64,3129.65,5148.02,5.9462
250,4,496.29,26658.15,36298.15,646.66,4581.14,4412.21,27.1918
250,4,609.94,33617.95,42102.05,578.25,3187.32,4718.53,21.4724
250,4,640.02,34083.56,44304.88,1383.77,3575.20,5262.36,9.0875
250,4,547.57,30005.31,39388.44,531.59,4118.21,4733.34,26.1223
250,4,577.45,31355.83,41083.52,645.34,3704.87,5377.49,22.6338
250,4,402.24,21691.77,29570.38,440.84,3320.04,4117.73,23.1541
250,4,516.73,27881.90,36433.08,724.89,3098.24,4728.05,12.7349
250,4,655.05,35634.26,44934.83,881.99,3040.25,5378.33,8.3441
250,4,521.58,27151.85,36295.36,1590.23,3125.48,4427.80,7.1653
250,4,612.91,32747.50,42227.63,1355.80,3219.86,4904.47,5.7132
250,4,667.76,36065.48,45999.73,974.27,3950.85,5009.12,7.6186
250,4,811.64,40185.17,52713.78,3471.76,3418.39,5638.47,5.1587
250,4,492.85,26835.22,35611.53,735.48,3649.60,4391.24,11.5279
250,4,599.04,31661.14,41988.84,1045.88,4192.95,5088.88,15.7611
250,4,570.65,31180.93,40451.68,752.70,3781.98,4736.07,13.2239
250,4,624.86,33579.78,43073.20,1204.28,3111.16,5177.98,9.4670
250,4,584.46,30757.47,39994.61,1278.53,3452.66,4505.95,9.0019
250,4,629.82,34517.62,43593.69,1356.39,3523.35,4196.33,8.0232
250,4,593.92,32297.81,40145.91,1337.10,2087.08,4423.93,7.9844
250,4,644.83,31567.12,40808.58,2519.39,2824.73,3897.35,4.8874
250,4,555.53,30317.21,39029.85,1029.44,3229.82,4453.38,11.1559
250,4,651.66,32905.62,42418.90,1787.86,2966.55,4758.87,5.3915
250,4,610.93,31730.50,41430.19,1363.73,3444.39,4891.58,8.2505
250,4,545.57,29881.83,38435.77,520.75,3311.73,4721.45,19.1340
250,4,631.45,34259.77,43781.29,798.38,3419.01,5304.14,17.5045
250,4,575.73,31203.01,40788.85,623.38,3777.15,5185.32,16.0783
250,4,740.25,36858.03,49005.62,2504.97,3717.48,5925.13,5.4707
250,4,537.10,29463.76,37974.38,654.21,2842.18,5014.22,14.9941
250,4,770.48,39917.83,51077.87,1690.41,4037.73,5431.90,5.5431
250,4,420.33,23295.04,30807.23,449.74,3429.71,3632.73,20.7858
250,4,646.05,34404.91,43206.68,847.23,2731.46,5223.09,19.7315
250,4,736.15,37452.86,47402.88,2496.18,2556.13,4897.72,4.5724
250,4,559.16,31320.07,38742.43,889.92,2741.47,3790.97,9.9526
250,4,445.50,24038.37,32441.76,427.25,3311.77,4664.36,17.9978
250,4,631.88,34050.04,44519.62,799.88,3931.21,5738.49,8.6821
275,4,508.94,26457.25,34889.27,1385.22,2745.32,4301.47,7.6993
275,4,644.78,34447.81,44351.08,1477.35,3357.89,5068.03,8.8375
275,4,688.60,34378.76,44889.03,2012.02,3316.17,5182.08,6.3755
275,4,562.24,30784.08,39086.36,1239.62,3292.48,3770.18,6.4045
275,4,740.75,37782.77,49710.31,2035.20,3677.66,6214.67,7.1575
275,4,561.38,30054.62,39511.58,1027.68,3428.84,5000.44,12.0079
275,4,650.06,35012.09,45111.86,1075.61,3479.98,5544.19,8.5525
275,4,544.98,28904.41,37937.39,878.74,2826.75,5327.49,12.3775
275,4,488.57,26595.16,35348.70,979.62,3130.94,4642.98,11.3784
275,4,572.54,30000.82,39743.98,1731.95,3094.51,4916.71,7.5047
275,4,569.79,31464.17,40157.45,775.35,3343.25,4574.69,15.6497
275,4,532.23,27877.54,36306.88,1381.96,3143.16,3904.22,7.9452
275,4,730.76,38089.77,48897.36,2023.92,4142.37,4641.31,6.6933
275,4,452.67,23576.97,32652.95,690.71,3601.73,4783.54,23.6896
275,4,412.39,22169.13,29761.32,571.21,3094.55,3926.43,16.2147
275,4,636.64,33645.80,43455.97,1354.60,3301.47,5154.10,9.7476
275,4,630.55,34872.39,44924.01,867.41,3961.71,5222.50,19.5826
275,4,596.15,31534.29,41258.62,1128.03,4009.23,4587.08,8.1537
275,4,804.40,43537.81,53598.11,1727.68,3518.82,4813.81,7.2375
275,4,463.16,24492.65,33036.71,618.92,3167.49,4757.65,15.5613
275,4,745.18,37398.86,48568.73,2329.72,3139.43,5700.71,7.0705
275,4,501.07,27335.68,36579.16,479.66,3761.18,5002.65,26.4650
275,4,660.88,35181.41,45213.85,2000.74,3237.47,4794.24,5.9347
275,4,546.56,29057.30,38223.29,1317.73,3212.95,4635.31,8.5191
275,4,508.62,27635.84,36285.33,539.07,3471.55,4638.86,15.5372
275,4,600.99,31499.27,41187.81,1583.91,3145.30,4959.33,8.2293
275,4,638.48,34648.42,44384.08,1137.27,3693.41,4904.98,12.2687
275,4,524.46,27820.82,36745.28,1314.20,2698.59,4911.67,7.5619
275,4,677.64,36240.16,45888.03,1205.12,3428.26,5014.48,7.3069
275,4,784.46,38723.82,50647.65,2644.52,3754.55,5524.75,5.8905
275,4,511.72,27962.59,36852.03,512.23,3864.68,4512.53,26.3487
275,4,685.95,34472.61,45021.50,2489.40,2878.94,5180.55,6.6165
275,4,509.59,27027.81,36075.63,760.86,3278.80,5008.16,12.8235
275,4,743.64,37378.64,48691.33,2561.28,3555.76,5195.66,6.4288
275,4,524.05,27793.88,37380.53,718.94,3416.02,5451.68,14.4877
275,4,431.48,24131.76,31377.49,654.21,2989.71,3601.82,15.4182
275,4,861.73,44194.57,54851.58,1802.15,3416.10,5438.75,6.5671
275,4,498.13,27113.89,36154.92,695.11,4341.40,4004.51,16.0824
275,4,520.59,27308.88,36158.14,1158.92,3252.98,4437.36,10.1380
275,4,542.62,28845.31,37515.55,1500.73,2943.24,4226.28,6.7179
275,4,587.30,31192.84,40387.44,1548.47,2992.58,4653.56,6.6726
275,4,553.15,28265.73,37118.76,2172.45,2924.97,3755.61,6.4061
275,4,618.77,34218.34,44208.85,463.16,3482.53,6044.81,27.5150
275,4,602.99,30540.08,40484.71,1958.08,3477.21,4509.35,6.4881
275,4,425.25,23331.62,30691.20,744.37,2958.44,3656.77,11.1218
275,4,530.24,29600.34,39037.12,492.65,3563.01,5381.13,28.6990
275,4,510.57,28308.68,36056.63,860.93,3086.90,3800.12,13.5020
275,4,630.24,33859.76,44090.43,1542.06,3308.81,5379.80,9.2508
275,4,879.12,45041.81,56522.93,2090.01,3932.37,5458.75,6.8004
275,4,395.45,21728.08,29203.06,441.11,2950.31,4083.55,27.9146
275,4,589.14,32209.85,41487.01,988.25,3741.54,4547.37,10.4020
275,4,549.52,29686.03,38918.82,1221.44,3340.39,4670.97,13.8381
275,4,746.81,38726.19,48850.01,2041.72,3304.07,4778.02,5.7594
275,4,624.19,33825.98,43532.41,1170.80,3805.76,4729.87,9.7504
275,4,574.90,30537.76,39647.02,1216.06,3096.62,4796.58,9.1136
275,4,522.76,28687.07,37786.33,524.00,4147.67,4427.59,30.2110
275,4,724.26,36712.48,47617.11,2535.31,2543.78,5825.54,6.2463
275,4,707.21,38824.48,48439.54,1170.45,3249.30,5195.31,10.9757
275,4,555.09,30338.48,39285.41,968.31,3487.54,4491.08,17.3855
275,4,620.89,35081.13,43477.52,938.71,3019.03,4438.65,12.7587
275,4,542.35,28472.39,38371.95,901.75,3468.55,5529.26,9.1651
275,4,722.52,33969.67,45610.68,3672.06,2696.66,5272.29,5.0192
275,4,677.26,34184.49,44322.46,2571.82,3103.28,4462.87,5.7676
275,4,718.87,36080.50,46602.01,2133.19,3191.53,5196.79,6.5245
275,4,682.24,35655.14,45942.19,1858.95,3215.10,5213.00,7.0077
275,4,514.72,28256.97,37754.85,614.93,4416.68,4466.26,29.0767
275,4,661.43,34591.02,44057.40,1228.12,3144.74,5093.53,8.8793
275,4,682.30,36012.23,46545.60,1727.08,3448.94,5357.35,13.7328
275,4,567.64,31904.59,40964.60,522.71,3785.31,4751.98,28.9459
275,4,613.62,32659.84,42965.58,909.85,3851.38,5544.52,14.4559
275,4,423.43,22188.32,30426.64,637.79,3433.04,4167.49,15.7005
275,4,540.05,28584.97,37333.40,749.82,3217.76,4780.86,12.9151
275,4,655.80,35983.26,45339.89,790.19,3242.16,5324.29,9.3197
275,4,558.31,28243.32,37959.76,2217.06,3018.71,4480.66,6.0767
275,4,642.06,32790.49,42651.61,1688.60,3306.48,4866.03,7.2210
275,4,727.59,37148.73,48273.71,1986.05,3893.45,5245.48,5.6859
275,4,883.38,42565.79,55645.60,3880.53,3450.82,5748.47,5.5833
275,4,502.17,28165.39,36708.64,620.27,3529.06,4393.92,18.8514
275,4,596.55,32295.50,42501.47,977.70,4153.07,5075.19,12.2176
275,4,661.52,33547.10,44782.26,2170.11,3860.67,5204.39,7.7000
275,4,666.66,34443.63,45112.67,2105.24,3223.64,5340.17,6.6962
275,4,659.75,33235.16,43658.26,2433.97,3227.23,4761.90,5.5837
275,4,717.73,36632.46,46803.37,2402.01,3332.80,4436.10,6.0166
275,4,636.73,33542.82,42111.47,1925.15,2058.93,4584.57,6.2597
275,4,658.90,32250.02,41729.17,2896.07,2685.01,3898.07,5.4476
275,4,637.94,32304.34,42483.13,2288.99,3229.74,4660.06,6.3531
275,4,694.34,35016.06,45022.55,2161.24,2982.84,4862.41,5.4100
275,4,592.57,32840.74,41787.37,841.05,3388.07,4717.52,13.6842
275,4,560.65,31033.47,39862.43,644.85,3435.18,4748.92,18.8707
275,4,634.56,34320.91,44461.51,1229.73,3575.90,5334.98,14.7313
275,4,596.33,32318.94,42047.02,555.32,4001.28,5171.49,17.8944
275,4,744.46,37975.15,49222.24,1633.03,3854.29,5759.77,9.1106
275,4,531.35,29139.41,38262.70,737.40,3412.03,4973.85,15.9768
275,4,740.82,41231.39,51523.29,1049.99,4056.20,5185.71,9.0620
275,4,465.67,25126.41,33195.84,1177.04,3206.45,3685.94,13.2272
275,4,671.95,35242.98,45166.10,1598.77,2863.33,5461.02,9.4332
275,4,721.12,37546.28,47023.18,2101.60,2617.02,4758.27,5.4722
275,4,614.00,33249.51,41101.84,1275.50,2652.33,3924.50,7.6728
275,4,455.43,24325.02,33262.32,476.37,3722.27,4738.66,21.5796
275,4,696.41,36247.27,47132.39,1231.29,3777.76,5876.06,8.3717
300,4,518.69,27725.38,36051.34,1217.34,2762.32,4346.29,8.5960
300,4,637.26,34251.02,43957.74,1273.68,3512.10,4920.94,13.6139
300,4,697.91,35667.99,45976.79,2161.77,3087.70,5059.33,6.4887
300,4,620.93,32070.83,41603.99,2120.46,3415.24,3997.47,6.1556
300,4,768.62,39115.84,50992.61,1924.76,3750.04,6201.97,8.0665
300,4,580.85,31920.07,41246.36,927.95,3404.46,4993.88,12.8267
300,4,708.40,36869.19,48181.49,2034.75,3557.93,5719.62,7.7460
300,4,578.70,30271.17,39784.15,1219.20,2865.79,5427.99,8.9066
300,4,499.87,27609.79,36119.83,793.46,3150.73,4565.85,20.3860
300,4,579.52,30586.83,40073.88,1436.17,3169.68,4881.19,13.1116
300,4,587.11,32387.84,40955.38,762.43,3227.68,4577.42,15.7884
300,4,522.23,28554.73,36653.77,1038.62,3304.88,3755.53,9.6295
300,4,656.50,37203.19,46952.99,1269.95,4244.69,4235.16,10.9723
300,4,449.55,24155.41,33092.02,438.63,3779.46,4718.52,31.4212
300,4,430.79,23898.88,31542.12,437.64,3271.87,3933.73,29.9918
300,4,676.07,33982.63,45003.63,2334.45,3351.11,5335.44,8.3086
300,4,653.58,35738.79,46280.96,1353.93,3819.86,5368.39,15.4300
300,4,647.21,32650.75,43339.10,1875.32,4036.02,4777.00,7.4948
300,4,910.83,45850.98,57922.81,3492.50,3428.86,5150.46,5.6853
300,4,464.65,25514.05,33687.23,391.50,3113.54,4668.15,32.3535
300,4,771.77,38576.49,50491.58,2965.83,3126.33,5822.93,6.4651
300,4,526.69,28588.01,38205.48,822.00,3678.08,5117.38,14.7776
300,4,682.04,35636.09,45760.62,1919.20,3339.36,4865.97,7.9801
300,4,581.91,29394.20,39487.60,2136.20,3227.53,4729.67,7.1413
300,4,503.57,27656.45,36355.39,593.81,3618.44,4486.69,27.1870
300,4,601.58,32669.09,41999.17,1181.57,3236.80,4911.71,11.2485
300,4,672.55,35476.59,45943.36,1860.98,3579.40,5026.40,9.0290
300,4,504.22,27497.50,35976.32,959.61,2775.42,4743.78,9.4850
300,4,694.30,37442.29,47148.48,1352.09,3359.53,4994.57,8.9038
300,4,872.15,41962.93,54354.40,2979.89,3691.79,5719.79,6.1108
300,4,521.61,28339.73,37453.00,679.37,3876.87,4557.03,29.0408
300,4,654.79,34941.66,44804.63,1971.07,2851.69,5040.21,8.2416
300,4,541.65,27554.50,37322.25,1580.90,3062.92,5123.93,8.2515
300,4,736.21,38553.56,49401.76,2031.08,3691.00,5126.12,7.9897
300,4,546.53,28820.95,38633.12,1032.50,3370.23,5409.44,12.3779
300,4,440.67,25173.94,32708.12,676.71,3110.65,3746.82,13.1520
300,4,898.52,46468.17,57969.36,2510.39,3346.71,5644.08,6.0126
300,4,494.41,26858.15,35759.25,700.11,4288.78,3912.21,17.2239
300,4,485.71,27168.44,35349.72,737.80,3221.86,4221.61,20.1080
300,4,578.03,29987.11,39125.44,1761.74,2964.59,4412.00,5.7371
300,4,583.93,30956.41,40135.81,1409.08,3102.09,4668.23,12.6122
300,4,624.53,29307.92,39573.27,3484.48,2908.38,3872.47,5.7661
300,4,639.47,35188.81,45295.19,675.40,3481.87,5949.11,13.8977
300,4,574.11,30877.93,40031.73,1351.10,3483.84,4318.86,8.4486
300,4,434.91,23900.34,31342.05,785.41,3016.34,3639.97,14.7057
300,4,540.66,29627.41,39797.43,504.14,4258.12,5407.76,31.4805
300,4,558.93,29483.75,37888.13,1401.56,3129.51,3873.31,9.3183
300,4,636.33,34474.23,44357.24,1288.81,3361.60,5232.59,9.9093
300,4,945.69,46855.75,59924.99,3519.03,3847.97,5702.23,6.4059
300,4,396.21,21366.23,29209.23,458.28,3317.24,4067.48,32.3096
300,4,653.61,34224.88,44762.22,1881.74,3734.82,4920.78,7.4508
300,4,543.07,29958.39,38967.98,885.23,3461.90,4662.47,21.2059
300,4,818.33,40270.56,51402.04,2703.22,3400.30,5027.96,5.9911
300,4,629.69,35603.12,44986.52,1025.40,3628.29,4729.71,14.4615
300,4,588.46,31123.58,41026.99,1760.11,3171.59,4971.72,7.1053
300,4,565.80,30031.34,39584.54,830.44,4224.36,4498.40,13.6123
300,4,701.22,37098.91,47517.96,2194.46,2565.37,5659.22,8.7223
300,4,746.22,40707.64,50609.40,1420.81,3197.50,5283.44,11.5279
300,4,554.61,30988.19,39669.49,756.18,3497.55,4427.57,17.0211
300,4,628.01,34507.21,43599.43,1608.63,2967.50,4516.09,9.8072
300,4,518.33,28007.42,37587.79,607.43,3532.32,5440.61,21.0527
300,4,744.82,35127.00,46336.37,3226.47,2736.04,5246.85,5.9572
300,4,718.28,34482.28,45285.92,3066.64,3234.41,4502.60,6.1345
300,4,772.96,37120.83,48563.43,2940.81,3150.47,5351.32,7.3021
300,4,708.79,36649.53,46918.62,1866.45,3260.30,5142.34,7.8198
300,4,530.71,28860.93,38404.95,767.00,4353.74,4423.27,20.8501
300,4,720.73,36965.89,47431.75,2154.77,2962.21,5348.88,7.8462
300,4,694.82,36818.06,47392.96,1581.75,3655.51,5337.65,9.6809
300,4,572.78,32076.35,41574.90,541.03,4252.68,4704.85,32.3992
300,4,606.46,32465.29,42484.52,942.66,3604.20,5472.38,20.4261
300,4,422.69,23423.75,31102.91,444.42,3121.29,4113.45,28.5749
300,4,591.96,30041.55,39980.46,1732.70,3179.83,5026.38,7.9890
300,4,747.03,38667.09,49398.87,1850.61,3179.43,5701.74,7.6147
300,4,589.37,29670.53,39923.07,2733.65,2880.30,4638.59,6.6792
300,4,700.76,35359.34,45750.85,2004.87,3292.23,5094.41,6.7249
300,4,756.80,39152.79,50716.60,2481.86,3726.20,5355.74,6.1894
300,4,885.94,43634.43,56627.37,3754.99,3466.66,5771.30,6.1935
300,4,525.70,29039.88,37959.83,786.97,3655.41,4477.57,13.2127
300,4,684.06,34835.77,46483.02,2059.91,4248.06,5339.28,8.9575
300,4,710.96,35028.52,46434.85,2093.72,3987.73,5324.89,6.7678
300,4,630.78,35161.07,44507.69,1003.39,3186.63,5156.61,11.0763
300,4,659.24,33390.84,43853.24,2375.86,3342.18,4744.36,6.2610
300,4,759.28,37783.50,48341.27,2429.31,3559.47,4568.99,6.0425
300,4,704.81,34259.72,43890.79,2780.77,2103.40,4746.90,5.9129
300,4,695.74,34095.49,43969.06,3219.26,2639.13,4015.17,6.0236
300,4,684.98,33725.26,44592.89,2791.37,3201.67,4874.58,6.0772
300,4,746.31,36800.43,47578.81,2706.35,2959.91,5112.12,5.7722
300,4,626.24,34182.53,43758.13,1323.80,3313.01,4938.80,14.2011
300,4,575.71,32250.08,41104.03,741.60,3297.61,4814.73,13.9411
300,4,666.40,36470.19,46474.55,1103.22,3504.34,5396.80,9.8283
300,4,613.09,34136.81,44129.27,869.78,3817.19,5305.49,18.5981
300,4,837.26,40581.18,53334.61,2688.82,3884.72,6179.88,5.9259
300,4,582.48,31877.44,41394.99,1122.93,3241.77,5152.84,9.7492
300,4,800.66,42962.39,53960.84,1400.99,4119.78,5477.68,7.9000
300,4,539.14,26351.71,36098.24,2562.15,3212.18,3972.20,6.5515
300,4,692.07,35640.88,45854.26,1808.74,2895.07,5509.57,8.7546
300,4,802.38,39185.58,50478.00,3700.22,2528.61,5063.59,5.1189
300,4,688.52,33969.35,43350.44,2511.06,2700.83,4169.20,5.4894
300,4,464.26,25155.65,33882.10,449.50,3594.57,4682.38,22.6876
300,4,646.73,35740.41,45956.17,571.87,3934.83,5709.06,20.9151
325,4,524.94,28553.07,36556.87,930.70,2807.65,4265.45,11.2833
325,4,720.11,36990.41,47779.20,2085.77,3455.80,5247.22,8.8264
325,4,758.34,36840.79,48419.94,3042.49,3179.86,5356.80,7.2194
325,4,582.58,32086.29,40432.63,1229.15,3332.27,3784.93,8.9770
325,4,770.16,40261.11,52141.80,2022.99,3717.80,6139.90,9.7468
325,4,642.09,33211.72,44270.12,2352.37,3280.83,5425.21,9.9353
325,4,745.72,37671.79,49878.62,2762.56,3550.71,5893.56,8.1478
325,4,548.23,30763.93,39358.29,499.22,2902.19,5192.95,21.7883
325,4,477.39,27299.63,35596.42,420.96,3384.25,4491.58,36.0477
325,4,645.31,31331.54,42805.21,3129.73,3161.03,5182.91,7.4619
325,4,613.72,33406.37,42219.38,888.90,3246.19,4677.92,17.6217
325,4,609.74,29682.72,39718.05,2726.27,3240.53,4068.52,6.4268
325,4,694.32,39460.36,49361.21,1302.21,4113.53,4485.11,11.8349
325,4,469.41,25605.16,34598.02,452.56,3807.23,4733.07,34.5544
325,4,436.84,23579.51,31772.34,1057.43,3112.37,4023.03,14.2912
325,4,695.36,35765.64,46611.81,2164.55,3252.29,5429.33,9.0353
325,4,671.79,37054.82,47682.82,1471.89,3739.64,5416.47,9.9632
325,4,662.69,33738.18,44441.30,1943.41,4000.26,4759.46,8.4143
325,4,889.96,47366.21,58372.34,2637.92,3342.69,5025.51,6.4235
325,4,479.30,25687.57,34642.93,781.42,3360.51,4813.43,22.8383
325,4,777.06,39454.93,50732.99,2510.01,3083.59,5684.47,9.1475
325,4,521.86,28952.17,38533.78,524.34,3973.70,5083.58,36.9043
325,4,713.55,37038.74,47564.07,2237.23,3298.78,4989.32,6.9506
325,4,597.10,30231.77,40352.06,2121.71,3213.44,4785.14,7.6121
325,4,535.08,29525.69,38496.83,552.98,3821.15,4597.02,19.9899
325,4,575.09,32251.64,41175.55,1055.48,3045.30,4823.13,12.8746
325,4,723.30,37245.47,48106.10,2031.55,3657.55,5171.53,8.6375
325,4,572.44,29127.11,38767.33,1646.76,2912.73,5080.73,10.8538
325,4,786.01,39324.54,50975.59,2846.64,3332.71,5471.70,6.7592
325,4,847.95,43011.00,55003.96,2653.24,3665.39,5674.33,7.3462
325,4,518.40,28709.00,37921.46,699.79,3956.04,4556.64,23.3307
325,4,761.10,37107.32,48602.44,3160.28,2959.15,5375.69,6.1441
325,4,507.11,28270.63,36969.21,615.12,3159.07,4924.39,29.8393
325,4,790.54,39667.16,51699.20,3256.04,3371.84,5404.16,7.1403
325,4,535.07,30092.73,39167.76,400.77,3261.90,5412.35,34.9532
325,4,484.77,25941.16,33936.75,966.31,3173.63,3855.66,11.1645
325,4,930.44,47628.23,59617.55,2956.74,3251.95,5780.63,6.5140
325,4,520.92,28589.43,37861.84,709.22,4532.24,4030.95,24.4528
325,4,560.37,28954.02,38407.98,1650.53,3225.57,4577.86,8.8536
325,4,670.20,31370.78,41863.12,2727.72,3080.03,4684.59,6.8819
325,4,600.76,31867.35,41185.13,1554.73,3107.97,4655.08,8.6178
325,4,621.44,30224.36,39931.56,2927.05,2900.78,3879.36,6.7149
325,4,690.22,36714.42,47746.61,1400.14,3447.05,6185.01,10.8544
325,4,599.02,31546.98,41448.09,2056.22,3443.53,4401.36,7.8027
325,4,495.59,26030.95,34641.29,1685.47,2956.46,3968.42,7.4930
325,4,553.50,30309.65,40575.60,536.94,4267.66,5461.35,38.6123
325,4,620.41,30663.66,40441.47,2281.59,3267.71,4228.50,6.4209
325,4,677.33,35739.75,46112.98,1589.46,3366.32,5417.45,9.3743
325,4,981.66,48976.12,61948.14,3384.56,3819.06,5768.40,6.5503
325,4,399.88,21874.03,29444.63,448.68,3010.07,4111.86,34.4680
325,4,693.97,35338.02,46220.13,2190.35,3751.62,4940.13,8.7702
325,4,554.19,30762.36,39778.78,1018.48,3330.04,4667.91,19.2994
325,4,830.32,41071.21,52500.39,3002.64,3373.40,5053.14,7.1174
325,4,687.34,37637.43,47841.78,1447.67,3881.99,4874.69,13.1157
325,4,576.22,31436.41,40951.08,1575.07,3165.56,4774.04,14.3630
325,4,546.43,30785.05,39645.98,640.48,3822.53,4397.93,19.9367
325,4,807.16,39101.90,51615.08,3768.57,2509.60,6235.02,6.5098
325,4,778.58,41599.88,52429.57,2159.68,3180.14,5489.87,9.2310
325,4,582.77,31945.98,41126.36,1054.76,3570.11,4555.51,11.6349
325,4,682.58,37266.43,46872.97,1909.69,2957.13,4739.72,8.3949
325,4,543.36,30584.81,39981.27,411.10,3461.37,5524.00,35.0862
325,4,749.56,35936.68,47069.83,3193.76,2743.11,5196.29,6.4386
325,4,759.82,36324.24,47580.32,3521.40,3102.09,4632.59,6.1377
325,4,770.67,37849.13,49668.11,3240.57,3060.60,5517.82,7.1337
325,4,754.62,37587.41,49023.55,2958.33,3197.89,5279.92,7.7749
325,4,530.09,29869.88,39405.31,628.13,4408.44,4498.86,37.3133
325,4,742.25,38282.05,49013.79,2370.38,3003.93,5357.43,7.8135
325,4,695.41,37747.49,48429.51,1721.46,3606.85,5353.71,10.8649
325,4,579.61,32704.49,42164.61,652.58,4051.92,4755.62,20.8931
325,4,660.53,34312.84,45349.51,1488.83,3846.90,5700.94,11.5122
325,4,421.92,22826.80,31079.96,649.43,3505.66,4098.07,20.6141
325,4,583.04,31357.80,40705.22,1243.40,3150.11,4953.91,10.2813
325,4,744.47,39419.44,49678.16,1457.57,3207.23,5593.92,7.9344
325,4,618.95,30387.68,40904.60,2790.76,3092.65,4633.51,7.1348
325,4,704.69,35807.19,46604.96,2339.46,3235.51,5222.81,7.5833
325,4,785.23,39979.25,51318.20,2141.09,3841.88,5355.98,7.5654
325,4,980.02,45400.93,59480.01,4627.22,3453.63,5998.23,6.5412
325,4,577.56,30312.59,40068.31,1691.61,3387.35,4676.77,9.3339
325,4,700.07,35641.28,47556.07,2262.21,4171.60,5480.98,8.2816
325,4,706.86,36282.05,47209.28,1798.27,3940.71,5188.26,10.5383
325,4,666.92,35962.76,46526.57,2062.99,3154.23,5346.58,10.5016
325,4,678.86,33897.81,44712.80,2805.73,3211.27,4797.99,6.9513
325,4,738.33,38166.86,48332.96,2215.46,3460.31,4490.33,8.7817
325,4,682.96,35450.65,44425.32,2251.33,2044.91,4678.43,7.4878
325,4,690.81,35172.81,44658.66,2861.95,2719.49,3904.42,6.9529
325,4,694.69,34527.67,45325.54,2630.59,3332.90,4834.37,7.6285
325,4,750.26,37040.50,47384.20,2207.99,3122.49,5013.21,6.4377
325,4,613.69,34632.56,44291.37,1652.54,3081.30,4924.96,12.1183
325,4,648.36,34294.96,44742.42,2155.36,3124.38,5167.71,8.1308
325,4,695.65,37420.98,47709.59,1292.46,3549.65,5446.49,11.7835
325,4,675.38,35221.80,46172.49,1633.18,3798.61,5518.90,12.5059
325,4,889.78,42944.35,56283.64,3213.26,3787.66,6338.37,6.4796
325,4,612.69,32463.70,42663.77,1553.75,3389.16,5257.16,10.5259
325,4,974.62,46577.87,59746.23,3110.48,4037.76,6020.12,6.5120
325,4,495.72,26797.45,35235.39,1374.71,3323.02,3740.21,8.6577
325,4,721.38,37143.17,47616.39,1971.89,2915.83,5585.51,7.6827
325,4,838.72,40867.47,51985.35,3348.73,2687.64,5081.50,6.1237
325,4,707.22,35362.55,44886.58,2674.26,2679.18,4170.59,6.6316
325,4,475.45,25938.12,34729.01,667.83,3427.39,4695.66,14.7912
325,4,716.49,37967.78,49145.99,1276.76,4007.48,5893.96,13.0351
350,4,550.18,29925.26,38351.81,1194.44,2792.63,4439.48,14.6960
350,4,755.67,37807.81,49388.74,2816.94,3389.25,5374.74,7.3203
350,4,734.65,37867.67,48587.39,2364.71,3119.18,5235.83,8.6793
350,4,646.70,33290.84,42642.17,2019.35,3403.68,3928.30,9.2186
350,4,738.10,41229.86,52643.22,1571.72,3722.26,6119.38,10.6214
350,4,620.20,34430.87,44157.97,1159.78,3399.77,5167.56,17.1929
350,4,711.89,38597.99,50041.65,2007.97,3637.75,5797.94,11.2080
350,4,626.82,31690.63,42420.38,2070.02,2986.78,5672.95,11.2485
350,4,539.63,28306.33,37796.56,1666.44,3096.90,4726.89,12.4563
350,4,660.39,33101.00,43840.65,2296.68,3235.24,5207.72,8.6966
350,4,582.19,33153.48,41717.62,792.93,3219.31,4551.90,21.0173
350,4,586.50,30651.95,39721.08,1781.28,3333.49,3954.35,9.9074
350,4,768.09,41804.05,52455.53,1938.68,4081.16,4631.64,10.0199
350,4,475.28,25987.79,34945.49,484.75,3684.45,4788.50,37.7941
350,4,459.28,24975.58,33202.84,1086.82,3077.06,4063.39,14.2829
350,4,727.83,37142.74,48222.11,2209.63,3381.37,5488.36,8.0686
350,4,678.07,37873.61,48495.89,1136.10,4080.82,5405.36,15.6513
350,4,703.31,35844.75,47167.46,2369.95,3983.50,4969.26,7.9297
350,4,990.04,49526.29,62525.65,4254.48,3430.17,5314.70,6.3701
350,4,479.96,26353.82,34954.81,726.92,3133.16,4740.90,15.5048
350,4,837.62,41533.18,53718.94,3150.78,3082.41,5952.57,7.3974
350,4,547.60,30116.45,39818.33,624.68,3991.98,5085.21,24.9809
350,4,764.73,38822.10,50127.00,2900.63,3249.51,5154.75,7.8939
350,4,656.37,31547.85,42530.63,2808.37,3195.23,4979.19,7.7484
350,4,574.69,30167.60,39919.22,1416.20,3588.68,4746.74,11.4613
350,4,645.54,33770.00,44127.95,2094.46,3173.28,5090.22,9.8366
350,4,792.25,37964.73,50370.86,3419.90,3604.20,5382.02,9.4464
350,4,597.00,30126.83,40211.17,2086.60,2842.22,5155.52,7.5205
350,4,777.39,39867.66,50634.63,1861.63,3562.85,5342.48,9.1883
350,4,870.47,43524.18,55605.47,2799.57,3697.08,5584.63,7.4704
350,4,531.59,29736.48,38688.64,547.79,3880.08,4524.29,36.3420
350,4,757.92,36909.45,48193.57,3072.57,2877.86,5333.69,7.2575
350,4,550.28,30241.31,39458.70,865.13,3117.55,5234.71,16.8758
350,4,857.97,42331.80,54774.26,3418.22,3456.53,5567.72,7.2671
350,4,553.42,30604.13,40162.90,766.80,3428.66,5363.32,19.5259
350,4,454.33,25936.26,33276.52,426.15,3179.31,3734.81,37.3760
350,4,945.68,49032.02,60393.87,2376.26,3305.13,5680.46,8.4825
350,4,523.71,29054.52,37939.24,780.57,4125.83,3978.32,25.4179
350,4,562.48,30672.16,39789.73,1367.08,3180.61,4569.87,12.6156
350,4,630.96,32141.00,42173.66,2496.77,2969.90,4565.99,8.1054
350,4,645.50,33689.85,43808.59,2302.11,2895.96,4920.67,8.0139
350,4,652.88,32011.13,42238.27,3319.00,2846.69,4061.45,6.9663
350,4,705.42,37840.40,48615.31,1119.89,3426.79,6228.23,12.0419
350,4,649.75,33041.03,43506.62,2292.67,3555.13,4617.78,11.6617
350,4,480.08,25380.06,34091.42,1770.17,3120.21,3820.98,9.9545
350,4,574.26,31478.75,41647.01,629.06,4092.52,5446.69,26.2210
350,4,584.80,30998.58,39592.08,1531.57,3071.68,3990.24,10.3765
350,4,690.91,37405.96,47598.64,1434.41,3313.43,5444.84,15.2422
350,4,1065.97,50774.13,65052.31,4399.15,3800.81,6078.21,7.1150
350,4,427.48,23250.64,31371.07,434.33,3553.72,4132.39,37.5194
350,4,694.76,35474.17,46368.00,2135.36,3833.45,4925.01,8.5666
350,4,563.56,31959.70,40971.03,1020.37,3292.50,4698.47,21.9611
350,4,824.57,42658.12,53461.95,2415.46,3402.06,4986.30,9.9106
350,4,725.30,38224.44,49014.47,1949.50,3794.46,5046.06,10.2021
350,4,655.36,33130.19,43627.03,2160.15,3313.71,5022.98,10.0280
350,4,577.03,32207.14,41277.21,712.27,3991.93,4365.87,22.3893
350,4,836.42,39885.06,52342.21,3760.40,2506.42,6190.34,6.9248
350,4,790.29,42389.07,52566.25,1574.65,3195.27,5407.26,12.3676
350,4,627.32,32168.51,42449.85,1949.74,3635.95,4695.66,10.0213
350,4,754.38,38300.11,48688.34,2411.35,3093.02,4883.85,8.0844
350,4,553.05,30290.93,39952.96,775.90,3357.16,5528.97,20.4855
350,4,746.58,36583.70,47568.92,3008.64,2768.45,5208.13,7.6252
350,4,750.29,37059.47,47646.29,2865.09,3117.80,4603.93,7.8531
350,4,748.80,38754.99,49363.68,2249.20,3120.31,5239.18,9.0237
350,4,767.58,38671.85,49955.47,2677.00,3289.94,5316.68,8.2413
350,4,521.81,28650.79,38525.30,668.85,4737.27,4468.39,43.5168
350,4,729.27,38589.12,48928.81,2132.84,2966.38,5240.47,13.6516
350,4,817.26,40197.57,52825.99,3224.15,3623.95,5780.32,8.1072
350,4,611.70,34543.52,44364.31,905.16,4053.31,4862.32,20.3674
350,4,670.16,35640.22,46484.49,1580.83,3545.66,5717.78,17.2725
350,4,425.64,23061.57,31279.24,475.73,3560.24,4181.69,38.6716
350,4,580.32,31833.84,41078.45,1096.95,3187.86,4959.80,14.6412
350,4,809.64,41554.08,52900.39,2400.28,3059.35,5886.68,9.2263
350,4,622.39,31778.05,41902.87,2491.71,3002.40,4630.71,8.0858
350,4,780.43,37283.95,48834.18,2813.59,3348.15,5388.49,7.4781
350,4,850.45,41718.79,54362.44,3239.38,3724.48,5679.78,7.1493
350,4,986.01,46429.94,60698.16,4843.85,3424.24,6000.13,7.3799
350,4,578.21,30572.23,40521.44,1626.89,3625.99,4696.33,12.6303
350,4,765.95,37340.85,50128.71,2823.03,4247.69,5717.15,7.7929
350,4,744.46,37403.57,48592.07,1790.41,4060.93,5337.15,12.8602
350,4,781.18,37604.66,49468.21,2884.96,3294.05,5684.54,8.1945
350,4,693.22,35821.30,46126.75,2191.08,3337.97,4776.41,9.3203
350,4,789.43,40631.20,51365.41,2626.52,3457.77,4649.92,7.6091
350,4,719.32,36239.30,45857.63,2787.11,2078.25,4752.97,7.9737
350,4,726.80,35361.22,45292.71,3164.35,2677.99,4089.15,8.6579
350,4,676.26,34473.39,45223.03,2595.19,3366.39,4788.06,8.2257
350,4,748.48,37774.85,47926.00,2177.31,2967.49,5006.35,7.8912
350,4,718.05,37108.63,48104.70,2420.03,3314.71,5261.33,9.2033
350,4,669.41,34465.37,45038.22,2218.90,3202.30,5151.65,10.5921
350,4,677.27,37489.18,47461.40,1044.08,3607.05,5321.09,26.2258
350,4,665.41,35165.48,45629.59,1202.04,3898.56,5363.52,15.9450
350,4,919.95,44056.78,57352.89,3173.87,3805.79,6316.46,8.1847
350,4,660.03,33054.48,44318.45,2546.65,3338.64,5378.68,8.0631
350,4,949.75,48776.13,61560.28,2860.74,3950.70,5972.70,7.5953
350,4,527.41,27572.19,36395.65,1749.80,3291.91,3781.75,8.0061
350,4,772.65,38277.89,49679.30,2797.82,2824.35,5779.23,7.6293
350,4,841.35,41958.78,53205.47,3526.05,2587.31,5133.34,7.5261
350,4,710.56,36168.13,45739.81,2862.57,2510.45,4198.66,6.7474
350,4,477.88,26442.61,35051.69,434.63,3515.26,4659.20,30.4903
350,4,726.87,39331.63,50445.34,1356.54,3832.73,5924.44,12.6270
375,4,525.81,30480.34,38008.82,609.22,2581.82,4337.45,24.2663
375,4,799.36,38952.42,51295.88,3383.34,3394.14,5565.99,9.6802
375,4,833.11,39867.30,51997.53,3426.87,3182.41,5520.95,7.5731
375,4,705.79,34981.64,45023.30,2606.38,3308.76,4126.53,8.4346
375,4,823.47,42477.04,55182.37,2706.30,3583.54,6415.49,9.5635
375,4,629.99,34596.27,44694.62,1436.77,3505.73,5155.84,13.9275
375,4,740.67,39257.71,50383.35,1797.21,3566.90,5761.53,10.3155
375,4,604.38,31973.24,41943.26,1493.25,2947.31,5529.46,11.8002
375,4,540.43,30201.80,39140.50,1100.32,3040.94,4797.44,17.4538
375,4,734.67,34658.78,46455.31,3223.03,3183.07,5390.42,8.3255
375,4,671.27,35513.71,45316.87,1754.15,3268.88,4780.14,9.8236
375,4,585.76,31145.35,39965.19,1717.09,3178.39,3924.36,9.7818
375,4,804.80,42916.20,53653.72,1869.27,4177.82,4690.42,10.0170
375,4,490.55,26628.42,35911.77,784.63,3616.68,4882.04,21.0659
375,4,442.56,24860.48,32519.97,570.73,3187.60,3901.16,25.5459
375,4,760.67,37861.63,49838.76,3189.50,3184.57,5603.06,8.2300
375,4,659.24,38131.30,48119.32,676.71,4032.19,5279.12,25.9456
375,4,709.66,36444.51,47396.54,1947.82,4140.85,4863.36,9.0567
375,4,1056.03,50887.80,63233.57,3589.17,3404.76,5351.85,7.5259
375,4,498.65,27786.07,36621.97,582.61,3406.70,4846.59,42.3605
375,4,870.65,43009.88,55879.17,3693.08,3108.42,6067.79,7.7432
375,4,563.32,30929.81,40704.21,801.64,3843.99,5128.76,32.7905
375,4,786.78,39314.22,50365.70,2539.77,3349.15,5162.56,7.8863
375,4,676.04,33108.93,44196.83,2894.57,3173.09,5020.24,8.0353
375,4,605.08,32005.41,42261.37,1740.79,3617.71,4897.45,11.7686
375,4,676.11,34413.59,45865.66,3142.21,3063.94,5245.92,9.8566
375,4,788.34,39325.06,51392.71,3209.29,3535.97,5322.39,11.7983
375,4,567.08,30845.29,40013.50,1434.80,2862.60,4870.81,11.8700
375,4,854.72,42518.96,54097.87,2544.64,3372.10,5662.16,8.1989
375,4,938.42,44769.78,57809.67,3383.56,3763.55,5892.77,8.1701
375,4,553.93,30184.15,39635.63,997.81,3883.32,4570.35,16.9411
375,4,793.95,38540.45,50590.46,3650.51,2929.45,5470.05,7.5865
375,4,542.75,29883.82,38990.50,875.92,3136.89,5093.87,23.5408
375,4,901.48,43589.84,56697.08,4008.18,3454.58,5644.48,7.8249
375,4,564.89,31435.20,41210.93,1046.74,3277.96,5451.02,21.8377
375,4,490.74,26855.80,34827.24,1105.74,3016.74,3848.97,12.9808
375,4,1068.10,50600.22,63513.61,3622.10,3322.31,5968.99,7.3031
375,4,581.84,30788.67,40707.42,1243.54,4375.92,4299.29,14.5715
375,4,579.68,30577.18,40139.37,1755.06,3206.34,4600.80,13.3007
375,4,671.24,31929.86,42782.62,3124.81,3035.88,4692.06,7.3643
375,4,705.31,34366.14,45648.35,3276.99,2938.15,5067.06,8.1430
375,4,639.66,32762.77,41934.54,2315.37,2927.58,3928.82,9.6143
375,4,740.13,39288.99,51009.73,1890.69,3351.16,6478.89,10.8784
375,4,709.13,35138.11,46403.26,3048.65,3357.20,4859.30,8.4805
375,4,521.27,26640.78,35633.79,1857.15,3187.51,3948.35,11.8120
375,4,608.72,32480.60,43208.63,1102.41,4016.41,5609.21,17.3440
375,4,626.57,32143.39,41684.16,2194.19,3162.89,4183.70,8.5214
375,4,714.70,37780.69,48852.16,2102.17,3346.32,5622.97,9.8577
375,4,1091.30,52564.49,66338.83,3921.76,3813.69,6038.89,7.6430
375,4,435.20,23335.30,31512.82,675.18,3379.33,4123.00,30.1840
375,4,678.25,35623.92,46297.27,2108.42,3698.67,4866.25,10.1497
375,4,615.18,33230.12,43059.02,1588.96,3348.15,4891.80,13.7933
375,4,844.88,43508.64,54560.62,2623.46,3381.21,5047.30,8.9465
375,4,719.09,39666.46,49969.78,1586.69,3770.18,4946.46,13.7556
375,4,637.91,33595.48,43758.29,1839.61,3352.30,4970.89,18.5730
375,4,592.81,32795.52,42205.51,1098.24,3827.46,4484.29,18.2119
375,4,836.41,41058.41,53034.32,3220.65,2637.27,6117.99,7.9057
375,4,891.66,44957.16,56829.65,2859.00,3189.33,5824.16,8.4298
375,4,596.22,33474.82,42481.83,1120.60,3394.82,4491.60,15.1747
375,4,763.90,39634.19,49671.27,2188.05,2982.34,4866.69,10.0721
375,4,615.20,31411.33,42090.47,1559.86,3313.03,5806.24,11.8662
375,4,789.75,38412.62,50251.32,3666.63,2797.55,5374.52,8.0142
375,4,810.33,38408.58,49928.74,3618.29,3145.76,4756.11,8.4551
375,4,777.65,39762.88,50934.45,2762.71,2978.07,5430.79,9.4756
375,4,843.37,41046.44,53046.79,3233.81,3201.71,5564.83,8.6291
375,4,534.36,29947.05,39663.56,658.56,4651.71,4406.24,48.3692
375,4,774.14,39877.24,50896.82,2585.91,2963.71,5469.96,10.0728
375,4,778.78,40643.11,52520.42,2661.42,3629.67,5586.21,10.0808
375,4,599.78,34055.99,43756.64,697.02,4219.07,4784.56,25.8830
375,4,701.18,36034.54,47386.71,1796.51,3789.32,5766.34,11.7653
375,4,436.31,23627.16,32076.55,623.51,3656.98,4168.90,23.1658
375,4,657.46,33266.44,43605.04,2016.31,3186.46,5135.83,9.2218
375,4,900.11,43635.20,56276.05,3397.18,3070.68,6172.98,7.3855
375,4,705.23,32650.68,45014.01,4320.29,2985.13,5057.90,6.8940
375,4,776.52,38666.30,50300.89,2980.31,3188.83,5465.45,7.8625
375,4,902.24,42516.86,55671.96,3571.91,3866.86,5716.32,7.5286
375,4,1014.85,47755.12,62005.56,4852.72,3375.29,6022.44,8.1014
375,4,613.55,32239.30,42209.53,1561.25,3598.45,4810.52,10.2371
375,4,709.40,37367.29,48570.49,1560.67,4252.35,5390.18,14.4615
375,4,767.30,38224.88,50440.27,2790.10,3937.10,5488.19,8.6224
375,4,757.78,38123.00,49501.95,2652.77,3194.93,5531.25,9.0074
375,4,731.97,37121.62,47850.62,2620.35,3167.64,4941.01,8.6251
375,4,863.40,42175.39,53384.42,2842.21,3601.16,4765.67,8.0805
375,4,773.06,37767.18,47863.68,3135.34,2051.88,4909.28,7.9932
375,4,811.95,37294.41,48598.47,4300.88,2781.96,4221.21,7.0966
375,4,741.70,36190.17,47900.27,3482.84,3238.25,4989.00,8.3937
375,4,784.14,39323.60,49744.77,2276.33,3125.13,5019.71,8.4328
375,4,694.56,36782.35,46912.07,1642.52,3440.12,5047.07,11.8701
375,4,642.60,34839.14,44638.39,1541.50,3243.03,5014.73,13.3029
375,4,772.83,39865.37,51386.00,2167.03,3624.78,5728.81,9.5822
375,4,724.14,36527.19,47813.03,1984.73,3694.66,5606.46,12.0484
375,4,925.61,45700.71,59269.95,3487.74,3603.28,6478.22,7.3310
375,4,650.29,33677.27,44266.71,1912.87,3341.73,5334.83,10.6743
375,4,879.87,46939.61,59003.03,2393.56,3987.34,5682.52,10.1622
375,4,539.50,27801.04,36990.37,1973.69,3304.60,3911.05,9.3006
375,4,824.18,39818.74,51897.88,3238.87,2845.36,5994.93,7.3277
375,4,844.42,42557.72,53165.31,2949.93,2636.77,5020.88,7.8817
375,4,794.40,38194.33,47989.04,2867.66,2613.70,4313.35,6.2203
375,4,492.96,26811.69,35951.98,668.30,3749.31,4722.68,31.6666
375,4,781.38,40141.49,52104.10,1984.53,3877.58,6100.50,10.9079
400,4,602.64,30509.48,39852.69,1981.52,2813.29,4548.41,10.1871
400,4,744.04,39147.26,49933.52,2152.13,3433.52,5200.61,10.6381
400,4,911.83,40989.28,54225.69,4215.84,3226.60,5793.97,7.7615
400,4,631.53,34015.84,42694.16,1338.23,3517.82,3822.27,13.9117
400,4,909.53,44121.60,58164.19,3720.31,3665.93,6656.35,8.7216
400,4,682.94,35475.79,46433.78,2249.00,3293.15,5415.85,12.0050
400,4,807.56,40693.28,53609.70,3371.75,3449.73,6094.94,9.0291
400,4,660.48,33736.96,44487.96,2182.73,2840.08,5728.19,10.1037
400,4,566.68,30064.40,39665.10,1697.31,3082.92,4820.48,12.6373
400,4,725.10,35088.50,46918.49,3364.92,3085.93,5379.14,9.5288
400,4,737.01,37402.78,47843.16,1961.16,3463.04,5016.18,11.1902
400,4,625.72,32168.29,41660.07,2380.87,3103.41,4007.51,8.6759
400,4,928.66,45524.41,57498.47,2640.77,4360.39,4972.90,8.8627
400,4,489.26,27498.08,36489.69,463.47,3708.99,4819.15,48.4629
400,4,470.17,25715.72,33830.56,935.46,3171.16,4008.22,17.6077
400,4,710.55,37726.87,49055.02,2748.52,3144.16,5435.47,10.6609
400,4,723.62,39641.39,50563.39,1506.79,3844.39,5570.82,16.8890
400,4,803.16,39079.59,51430.96,3030.18,4041.88,5279.31,8.4718
400,4,1057.01,52354.45,65036.62,3909.84,3332.69,5439.65,7.7280
400,4,503.26,27486.33,36232.53,752.26,3226.72,4767.22,22.5400
400,4,876.09,43933.96,56386.76,3357.24,3076.55,6019.01,8.2685
400,4,567.94,31372.49,41338.84,917.18,3900.68,5148.49,22.1506
400,4,806.24,39764.36,51240.39,2935.63,3414.68,5125.72,9.7163
400,4,667.98,33671.06,44526.04,2588.41,3288.28,4978.29,9.2183
400,4,611.41,32233.35,41976.47,1234.46,3677.38,4831.29,13.6522
400,4,648.23,35226.05,45240.03,1959.39,3059.41,4995.18,12.6432
400,4,844.63,41070.33,53281.62,3095.78,3616.17,5499.34,8.9101
400,4,630.45,31658.38,42049.36,2106.42,3046.73,5237.83,13.3397
400,4,810.76,42189.07,53052.86,1985.55,3459.48,5418.76,10.0934
400,4,988.41,46536.69,60023.89,3703.55,3708.91,6074.75,8.4827
400,4,554.33,30847.45,40111.49,874.75,3867.02,4522.27,28.7352
400,4,784.05,38691.12,50347.39,3367.03,2962.04,5327.20,8.0455
400,4,589.80,30964.83,40735.08,1222.90,3205.92,5341.43,14.0075
400,4,982.85,45213.80,59741.32,5258.00,3350.14,5919.38,8.3450
400,4,573.66,31896.61,41827.95,840.02,3583.87,5507.45,30.9948
400,4,470.06,26686.20,34392.96,663.58,3262.64,3780.55,21.3795
400,4,1049.09,52280.72,65174.05,3625.37,3275.96,5991.99,8.0879
400,4,570.08,30988.26,40616.51,1100.51,4351.63,4176.11,20.8602
400,4,562.91,31770.05,40368.41,877.46,3243.75,4477.15,22.2375
400,4,670.40,33760.51,44032.94,2702.68,2888.41,4681.34,8.3611
400,4,666.49,34622.67,44759.58,2395.25,2943.56,4798.09,10.6475
400,4,696.25,33171.94,43946.42,3815.48,2887.14,4071.86,8.2802
400,4,738.43,39179.42,50348.25,1479.72,3419.00,6270.11,11.9712
400,4,703.87,35160.94,46156.18,2778.68,3481.80,4734.74,9.3356
400,4,486.23,26418.02,34369.68,1016.63,3154.73,3780.30,13.7917
400,4,565.43,31930.17,41936.25,509.48,4130.38,5366.23,48.9630
400,4,653.42,32986.62,42812.72,2397.49,3243.06,4185.55,8.6116
400,4,815.13,39844.69,52705.01,3654.74,3312.18,5893.41,9.1605
400,4,1170.05,53482.31,67602.69,3993.55,4056.75,6070.08,8.1721
400,4,423.06,23962.30,31402.85,398.71,2960.10,4081.74,47.3402
400,4,661.09,36503.44,46438.36,1390.81,3795.54,4748.56,14.6566
400,4,634.55,33329.13,43574.10,1749.18,3515.24,4980.55,11.6129
400,4,927.18,45824.83,57990.08,3588.46,3292.77,5284.01,8.4067
400,4,770.92,40787.00,52020.17,2322.53,3746.28,5164.35,12.2238
400,4,726.00,35667.41,47150.40,3004.21,3229.80,5248.98,10.0373
400,4,578.65,33007.59,42054.80,619.66,4002.58,4424.97,46.0426
400,4,906.47,42447.99,55821.69,4530.40,2492.09,6351.21,8.3581
400,4,935.16,45434.10,58078.08,3482.97,3249.58,5911.42,8.7038
400,4,659.28,35158.56,45447.24,2053.95,3398.19,4836.54,10.1146
400,4,720.94,39451.85,48987.67,1738.59,3076.79,4720.44,13.8911
400,4,613.30,31581.06,42347.13,1668.40,3342.42,5755.26,12.8637
400,4,772.62,39329.88,50700.82,3402.80,2689.39,5278.74,9.0190
400,4,847.37,39568.64,51481.53,3921.96,3147.08,4843.86,8.2945
400,4,820.66,41419.78,52931.29,3026.09,2981.01,5504.41,9.8176
400,4,842.75,41953.72,54110.78,3519.76,3092.93,5544.36,9.5550
400,4,564.71,31654.79,41459.89,795.14,4520.78,4489.17,44.6676
400,4,827.45,40827.89,52621.32,3131.95,3065.71,5595.77,11.0808
400,4,774.15,41517.78,53803.11,3103.00,3420.77,5761.56,10.5627
400,4,631.83,35773.10,45637.12,1014.37,4002.95,4846.70,22.2716
400,4,716.26,37060.79,49000.00,2395.11,3692.99,5851.12,11.5299
400,4,441.72,25084.43,33201.58,482.36,3527.25,4107.54,45.8714
400,4,675.75,34032.49,44517.53,1936.97,3354.50,5193.56,11.0124
400,4,812.65,42366.24,53128.94,1771.25,3232.69,5758.77,10.5650
400,4,750.90,32560.04,45568.47,4877.17,3005.65,5125.60,8.1588
400,4,809.31,39287.32,50841.62,2829.22,3309.87,5415.21,8.9537
400,4,922.70,44429.41,57879.98,3872.72,3699.78,5878.08,8.1639
400,4,982.23,47971.66,61787.46,4516.53,3348.93,5950.33,8.5091
400,4,677.74,33189.15,44257.80,2422.14,3635.37,5011.14,9.8450
400,4,726.80,38836.86,50585.78,2046.01,4162.59,5540.33,11.8888
400,4,735.00,38687.93,49759.20,1789.01,4010.18,5272.09,11.4223
400,4,787.05,39635.11,52104.58,3443.75,3285.62,5740.10,9.4658
400,4,809.04,38569.65,50722.20,3801.94,3200.80,5149.81,8.2469
400,4,894.74,44066.71,56032.29,3693.89,3396.42,4875.27,8.6131
400,4,775.50,38262.53,48225.58,3009.77,2100.59,4852.69,8.6394
400,4,761.38,37599.13,47901.79,3548.07,2618.85,4135.74,8.0021
400,4,787.50,37869.79,50300.15,4120.43,3164.95,5144.97,8.2184
400,4,871.78,40894.74,52623.06,3237.23,3139.02,5352.07,8.2883
400,4,738.90,38218.13,49540.38,2815.13,3244.04,5263.09,10.1153
400,4,669.13,36003.35,46104.94,1734.47,3218.96,5148.17,12.3469
400,4,775.10,40216.24,51729.35,2234.66,3539.72,5738.73,10.4023
400,4,741.24,37984.69,49325.86,1786.11,3895.36,5659.70,13.0730
400,4,962.21,46136.37,60395.69,4015.80,3757.64,6485.88,8.9547
400,4,689.09,35412.38,46356.10,2137.51,3274.87,5531.34,10.3052
400,4,936.69,49152.47,61293.92,2261.37,4064.69,5815.40,9.8083
400,4,529.55,27728.78,36756.24,1846.87,3279.58,3901.01,10.7899
400,4,803.25,40478.01,52093.99,2839.21,2883.36,5893.42,8.7811
400,4,817.74,43899.59,53887.03,2453.34,2594.38,4939.72,9.0394
400,4,809.41,38719.03,49220.89,3486.08,2627.71,4388.07,8.1340
400,4,492.59,26656.32,35616.55,667.07,3629.03,4664.12,20.5530
400,4,775.22,41144.81,53083.53,2234.23,3646.85,6057.64,8.4193
