25,4,223.70,7845.09,12964.22,607.40,1356.74,3154.98,42.1829
25,4,242.75,8983.05,14031.09,608.05,1492.47,2947.51,60.2760
25,4,240.69,8984.45,14141.49,600.66,1622.92,2933.46,43.8215
25,4,215.41,8444.35,13146.01,671.97,1452.58,2577.11,59.2915
25,4,241.65,9189.14,14161.32,482.50,1557.65,2932.02,43.9700
25,4,229.52,8529.22,13874.63,725.23,1461.54,3158.64,59.5008
25,4,247.34,9216.00,14418.76,533.88,1531.25,3137.64,41.9662
25,4,218.75,7930.47,13498.80,611.41,1324.88,3632.03,59.5520
25,4,219.25,7714.91,13026.88,668.60,1488.10,3155.26,25.0129
25,4,222.12,8198.06,13423.32,770.29,1504.22,2950.75,24.6469
25,4,236.32,8801.27,14023.10,519.23,1586.97,3115.63,26.9589
25,4,204.97,7874.14,12865.19,766.88,1490.61,2733.56,27.8920
25,4,239.80,9913.53,14277.59,464.57,1439.93,2459.56,26.0906
25,4,203.94,7615.21,13317.14,633.61,1464.13,3604.18,28.6597
25,4,203.91,7218.44,12218.73,722.19,1381.09,2897.01,25.0451
25,4,231.01,9271.64,14248.39,503.41,1430.95,3042.39,25.7042
25,4,234.51,9268.95,14133.28,414.25,1427.65,3022.44,25.0946
25,4,234.70,8421.49,13683.34,639.96,1648.89,2973.01,25.0226
25,4,249.84,10143.55,14315.15,374.06,1411.54,2386.00,27.3449
25,4,217.80,7883.82,13632.88,522.15,1586.79,3640.12,31.7186
25,4,230.56,8863.71,13689.92,523.35,1424.88,2878.00,24.7764
25,4,218.85,8007.86,13754.77,656.66,1646.78,3443.47,24.5623
25,4,234.95,8706.67,13761.79,547.49,1657.23,2850.40,26.2175
25,4,222.21,8048.03,13440.20,608.83,1611.47,3171.87,28.2762
25,4,206.46,7319.85,12662.75,652.74,1484.46,3205.70,25.8923
25,4,224.44,8759.53,13405.01,481.69,1365.30,2798.49,29.1460
25,4,235.69,9329.19,14233.91,500.13,1667.67,2736.92,24.8183
25,4,205.96,8106.98,13037.21,424.20,1360.51,3145.53,25.6421
25,4,239.71,8705.71,13912.06,571.49,1482.20,3152.65,25.1981
25,4,249.47,9399.33,14273.80,520.13,1640.55,2713.78,24.8150
25,4,227.75,8230.08,13852.91,674.62,1577.00,3371.21,27.7728
25,4,240.47,9028.38,13867.05,447.01,1465.53,2926.13,31.0279
25,4,220.24,7590.89,13257.80,715.94,1478.26,3472.70,24.9520
25,4,238.13,9147.43,13771.42,498.61,1554.94,2570.44,24.5590
25,4,222.33,8051.83,13953.04,560.58,1582.50,3758.12,26.8283
25,4,204.80,7663.81,12820.43,732.74,1489.50,2934.39,28.1912
25,4,244.38,9752.90,14028.37,385.88,1398.23,2491.37,25.7065
25,4,220.49,8413.33,13407.57,573.45,1549.23,2871.55,29.2426
25,4,225.19,8071.39,13475.07,731.99,1505.83,3165.86,24.7837
25,4,206.63,7434.01,12399.55,808.94,1496.26,2660.34,25.8340
25,4,206.11,7323.84,12486.27,748.01,1438.52,2975.90,25.2650
25,4,230.07,8949.28,13571.61,600.13,1505.02,2517.19,24.9121
25,4,236.58,8647.90,14099.87,604.74,1465.19,3382.03,27.4316
25,4,220.35,8634.91,13586.67,727.10,1500.68,2723.97,32.0929
25,4,209.56,7049.48,12420.25,795.69,1592.65,2982.43,24.6889
25,4,241.50,8647.26,13946.04,441.42,1419.33,3438.03,24.4434
25,4,212.33,8137.31,13017.30,610.27,1471.47,2798.26,26.2658
25,4,227.22,8882.25,14035.20,622.51,1476.61,3053.84,27.8336
25,4,247.65,10213.35,14520.12,408.08,1461.98,2436.71,25.9895
25,4,198.23,6761.42,12267.14,662.90,1477.94,3364.89,29.2145
25,4,229.65,8635.00,13638.53,605.66,1576.00,2821.86,24.9015
25,4,228.63,8516.80,13719.56,574.46,1525.02,3103.28,25.7478
25,4,234.21,9291.51,13868.93,642.33,1508.64,2426.46,25.2795
25,4,236.36,9107.48,14193.91,635.68,1579.44,2871.31,25.1209
25,4,234.90,8590.08,13918.08,594.78,1618.57,3114.65,28.3015
25,4,222.21,8535.38,13841.46,655.43,1559.63,3091.02,31.2265
25,4,220.79,8321.49,13197.61,648.89,1389.62,2837.60,27.8371
25,4,235.66,9114.67,13936.89,637.61,1437.59,2747.01,28.1415
25,4,231.28,8855.67,13663.09,472.61,1459.82,2875.00,45.0995
25,4,241.25,9375.24,14214.78,448.80,1444.90,2945.85,35.8962
25,4,228.15,8090.12,13949.43,626.33,1565.15,3667.83,24.9487
25,4,217.49,8372.29,12728.75,466.10,1324.87,2565.49,31.4260
25,4,230.54,9433.52,13908.79,512.83,1415.46,2546.98,27.4504
25,4,239.65,9410.43,14294.47,565.45,1540.00,2778.59,27.7604
25,4,237.36,8737.90,13644.55,544.08,1668.41,2694.16,47.1953
25,4,234.34,9070.49,13819.07,411.33,1233.76,3103.49,35.3126
25,4,240.86,9015.29,13909.03,511.77,1389.05,2992.92,25.0737
25,4,244.75,9212.63,14268.58,583.17,1601.41,2871.36,31.1559
25,4,241.93,8713.89,14033.75,536.70,1518.76,3264.40,27.3322
25,4,225.91,8281.29,13477.56,507.44,1511.15,3177.67,27.9934
25,4,216.32,7604.70,12994.02,457.95,1544.08,3387.30,46.3550
25,4,217.47,7789.00,13414.04,737.81,1474.56,3412.67,36.6351
25,4,238.34,8578.73,13784.13,637.35,1447.71,3120.34,25.5053
25,4,218.50,8127.69,13301.44,706.63,1569.85,2897.27,31.0678
25,4,220.22,8456.35,13555.01,601.01,1558.48,2939.17,27.7927
25,4,254.51,9426.14,14298.66,414.45,1518.82,2939.24,27.3592
25,4,251.38,10216.04,14552.53,404.63,1595.78,2336.08,46.6497
25,4,231.76,8316.28,13277.18,441.00,1536.00,2983.90,38.7495
25,4,236.50,9378.22,14188.87,447.37,1368.22,2995.06,24.8050
25,4,229.67,8377.57,13558.92,535.80,1630.56,3014.99,31.5103
25,4,237.74,8842.39,13783.28,442.51,1456.20,3042.19,24.7813
25,4,221.69,8746.11,13649.27,649.27,1390.44,2863.45,26.6104
25,4,244.43,9627.82,14078.70,514.40,1515.62,2420.86,25.1843
25,4,217.16,8047.46,12485.50,643.29,1283.07,2511.68,24.9807
25,4,218.81,9131.23,13228.40,583.16,1313.62,2200.39,26.7762
25,4,232.57,9039.23,13902.09,592.90,1514.74,2755.21,25.2198
25,4,220.07,8235.38,12846.54,555.73,1437.42,2618.01,25.4488
25,4,224.64,8784.50,13659.11,540.18,1437.37,2897.06,26.7312
25,4,237.98,8832.01,14083.23,548.56,1499.19,3203.47,24.9997
25,4,242.57,9040.67,14073.58,535.67,1555.65,2941.60,25.2304
25,4,214.99,8279.49,13731.79,647.76,1497.10,3307.43,26.9588
25,4,237.01,8799.89,14113.88,508.10,1611.93,3193.95,25.3491
25,4,229.37,8398.00,13806.22,575.08,1554.75,3278.40,25.9472
25,4,255.91,9863.22,14379.30,372.70,1338.14,2805.23,25.7871
25,4,205.90,7747.30,12525.77,510.56,1522.67,2745.24,25.5011
25,4,234.95,8225.98,13363.28,566.68,1376.39,3194.23,25.9021
25,4,233.83,8964.84,13634.94,645.41,1487.95,2536.74,25.6158
25,4,221.57,8986.51,13510.85,470.76,1410.50,2643.08,26.0021
25,4,210.85,7660.70,13052.74,703.93,1341.57,3346.53,25.3092
25,4,238.14,8563.60,13823.87,472.71,1502.38,3285.18,25.6665
50,4,325.88,13765.66,19802.26,660.98,1343.93,4031.70,26.6771
50,4,393.49,16622.69,23663.43,838.94,1673.53,4528.27,26.8424
50,4,400.19,16699.16,23506.31,754.75,1695.19,4357.20,26.4307
50,4,350.16,15297.17,21220.71,725.75,1785.99,3411.80,27.0815
50,4,414.22,18133.10,25559.68,670.08,1629.60,5126.89,26.4422
50,4,396.62,15951.40,23424.48,761.97,1828.33,4882.78,27.1620
50,4,427.63,17294.34,24997.15,729.14,1986.56,4987.10,26.1391
50,4,350.95,13944.31,21382.44,863.07,1485.01,5090.05,26.7133
50,4,350.50,14145.81,20934.89,760.37,1666.90,4361.82,26.2026
50,4,373.26,15311.00,22219.10,680.46,1746.41,4481.22,26.2390
50,4,363.38,15646.55,22351.73,816.67,1600.74,4287.77,25.8262
50,4,320.82,13441.87,19540.51,944.06,1652.97,3501.61,29.6044
50,4,426.34,18716.56,25183.31,727.38,1805.33,3934.04,28.8746
50,4,337.77,12948.48,20340.37,732.74,1807.87,4851.28,48.2300
50,4,329.52,13467.41,19847.59,769.69,1702.08,3908.42,27.6716
50,4,397.72,16647.74,23858.66,858.40,1715.45,4637.06,28.2930
50,4,427.67,18125.52,25461.90,622.66,1847.69,4866.03,28.3398
50,4,386.50,16191.97,23088.82,708.64,1960.24,4227.97,25.8894
50,4,426.63,18172.47,24788.37,916.82,1851.13,3847.96,26.4843
50,4,332.78,13464.88,20426.90,596.96,1653.69,4711.37,26.3789
50,4,428.61,17750.80,25318.21,930.73,1767.41,4869.27,26.1767
50,4,355.92,14371.71,21692.50,699.10,1774.67,4847.02,26.3069
50,4,371.90,16561.51,22954.82,514.03,1685.42,4193.85,26.1355
50,4,342.86,14022.04,20818.04,919.15,1627.22,4249.63,28.1391
50,4,348.90,13547.15,20461.23,735.44,1869.91,4308.73,29.4755
50,4,389.34,16044.01,22703.63,655.16,1588.46,4416.00,48.5770
50,4,413.52,17462.01,24589.75,672.93,1908.21,4546.59,28.1389
50,4,334.25,13320.99,20184.39,797.79,1573.09,4492.51,28.2207
50,4,382.69,16021.11,22678.11,684.79,1553.83,4418.37,28.2085
50,4,426.87,19065.00,26096.46,777.85,1835.33,4418.27,26.1925
50,4,363.48,14220.72,21401.87,747.47,1932.67,4500.99,26.9329
50,4,393.42,16306.95,23087.55,851.70,1575.67,4353.23,26.5693
50,4,350.19,13973.80,21166.30,692.12,1676.15,4824.23,26.3254
50,4,399.50,17638.64,24579.18,982.98,1750.08,4207.48,26.4774
50,4,335.03,14016.43,21230.95,681.45,1453.18,5079.89,26.0328
50,4,321.27,13266.52,19376.82,766.66,1643.13,3700.50,28.6023
50,4,420.35,18383.40,24995.46,719.53,1524.07,4368.46,29.4874
50,4,365.93,15314.81,21905.42,724.50,1889.10,3977.01,48.1763
50,4,352.58,14716.78,21389.03,691.39,1726.95,4253.92,28.0938
50,4,347.81,14054.43,20737.38,995.79,1823.01,3864.14,28.1258
50,4,349.60,14290.48,20930.12,767.22,1609.49,4262.93,28.2185
50,4,343.40,14915.40,20472.13,678.88,1513.16,3364.69,26.1845
50,4,423.57,17093.87,25135.85,560.59,1844.22,5637.17,26.6878
50,4,375.26,16457.28,22922.23,798.39,1744.84,3921.72,26.3625
50,4,293.40,11235.85,17657.96,986.44,1764.97,3670.70,26.2104
50,4,385.00,16122.40,23588.43,617.63,1718.68,5129.72,26.5269
50,4,330.77,14195.72,20081.31,708.41,1648.63,3528.55,25.9279
50,4,407.95,17184.33,24359.36,646.72,1683.14,4845.17,28.8955
50,4,425.33,19519.77,26162.57,801.70,1681.44,4159.66,28.6310
50,4,296.25,11712.77,18091.04,672.64,1567.23,4138.40,49.0723
50,4,390.90,16560.39,23482.85,781.09,1929.81,4211.56,28.2730
50,4,372.77,15326.78,22130.29,661.88,1715.76,4425.87,28.0695
50,4,395.38,16900.31,23427.81,988.78,1708.19,3830.52,28.2519
50,4,413.95,16932.41,24089.06,787.85,1923.18,4445.63,26.3561
50,4,376.94,15014.79,22142.27,902.54,1864.48,4360.45,26.4905
50,4,349.29,15019.69,21665.50,594.89,1796.42,4254.51,26.5757
50,4,389.14,16779.41,23889.44,755.88,1551.02,4803.13,26.0014
50,4,429.61,18199.37,25220.70,722.51,1747.78,4551.04,25.9376
50,4,377.24,16093.98,22925.95,878.06,1777.80,4176.11,26.6254
50,4,375.49,16488.72,22791.51,706.26,1496.88,4099.64,26.4401
50,4,358.91,14556.30,22181.71,741.04,1694.34,5190.03,26.5212
50,4,394.76,16184.26,23257.21,1085.01,1754.10,4233.83,25.9864
50,4,371.10,16057.44,22072.76,860.25,1569.59,3585.49,25.9844
50,4,410.03,17770.16,24738.22,770.08,1732.02,4465.96,26.0526
50,4,392.48,17124.90,23928.07,956.06,1600.80,4246.31,26.3810
50,4,368.63,15378.59,22259.70,678.48,1819.15,4383.47,25.9930
50,4,404.40,16597.71,23769.56,802.11,1833.66,4536.08,26.0885
50,4,398.81,18220.97,25337.93,685.00,1626.57,4805.40,25.9888
50,4,388.81,16338.24,23264.30,588.36,1735.77,4601.94,26.0745
50,4,404.51,16518.36,24172.77,493.58,2027.54,5133.29,26.0022
50,4,305.62,11841.59,18455.48,761.17,1683.33,4169.39,26.2394
50,4,333.33,13855.51,20912.64,772.81,1737.81,4546.51,26.4087
50,4,403.50,16712.21,24003.93,799.97,1599.97,4891.78,26.1352
50,4,361.48,14656.59,21420.00,842.54,1874.64,4046.23,25.7860
50,4,369.41,15368.54,22621.82,934.50,1880.21,4438.57,26.0378
50,4,407.04,18004.82,25061.42,823.95,1785.99,4446.66,26.3615
50,4,458.47,20272.02,27219.10,640.52,2057.25,4249.30,26.3343
50,4,375.08,15500.32,22607.14,853.08,1936.59,4317.16,26.3884
50,4,406.61,17209.32,24669.71,726.05,1939.08,4795.25,26.5271
50,4,390.37,16981.99,24073.10,754.47,1857.67,4478.96,26.0280
50,4,386.59,16925.69,23978.00,860.98,1541.36,4649.97,25.8836
50,4,378.67,15904.73,22327.73,738.03,1662.85,4022.13,25.6319
50,4,399.28,17764.10,23885.00,825.87,1625.82,3669.21,25.8624
50,4,350.55,15173.24,21443.79,1017.90,1462.21,3790.45,26.0176
50,4,370.99,16878.72,22370.66,762.60,1425.97,3303.38,25.7855
50,4,394.45,16829.20,23524.61,775.27,1746.04,4174.09,26.5773
50,4,368.23,15368.55,22024.78,985.74,1615.29,4055.21,26.4142
50,4,382.02,16564.17,23196.66,623.00,1633.42,4376.07,26.2606
50,4,386.96,15918.58,22916.45,688.03,1615.27,4694.56,26.2292
50,4,398.72,17034.10,24361.97,761.92,1693.56,4872.38,26.5687
50,4,372.51,14425.27,22267.68,981.54,1725.34,5135.53,25.9723
50,4,399.60,16390.22,23803.22,687.22,1828.89,4896.89,25.9988
50,4,373.26,14949.02,22103.23,644.72,1776.28,4733.21,25.7690
50,4,419.79,17476.09,24564.45,809.79,1754.62,4523.94,27.4951
50,4,330.42,13639.02,19657.13,764.36,1728.18,3525.56,26.1551
50,4,369.29,14516.78,21971.45,963.17,1647.56,4843.94,27.3666
50,4,394.28,18035.14,24264.46,621.91,1511.57,4095.84,26.3155
50,4,341.85,14913.16,20516.83,813.21,1399.03,3391.43,27.6375
50,4,324.13,13387.12,20161.03,665.99,1566.57,4541.36,25.9362
50,4,400.55,17821.11,25519.82,773.13,1627.22,5298.36,27.4977
75,4,413.22,17795.46,24567.69,762.19,1600.93,4409.11,27.2040
75,4,481.45,21609.71,29160.05,772.29,1856.38,4921.67,27.3842
75,4,488.92,22041.83,29550.76,953.76,1739.76,4815.42,27.2787
75,4,437.06,19492.59,25916.46,799.26,1904.85,3719.76,26.9525
75,4,538.08,24072.46,32404.64,610.34,1845.86,5875.98,27.2696
75,4,481.40,21088.81,28814.48,725.98,1804.18,5195.50,26.9675
75,4,528.04,22632.09,30790.99,715.08,2005.13,5438.69,27.2177
75,4,425.43,17532.56,25389.79,772.68,1632.34,5452.21,27.1513
75,4,432.83,18507.54,25990.29,905.68,1833.77,4743.31,27.1373
75,4,453.05,20026.37,27562.97,917.41,1766.17,4853.01,27.3696
75,4,434.67,19972.32,27018.73,709.61,1673.39,4663.41,27.1072
75,4,404.96,17684.05,24271.18,1047.79,1812.15,3727.19,27.1535
75,4,529.93,25132.64,32130.98,751.30,2008.13,4238.92,27.1165
75,4,407.81,16601.46,24594.09,811.16,1985.66,5195.81,27.1925
75,4,395.34,16810.57,23883.62,860.33,1932.37,4280.34,26.7775
75,4,502.38,21487.79,29184.07,798.24,1842.23,5055.81,27.4143
75,4,536.50,23215.87,31406.32,736.12,2018.52,5435.81,27.2853
75,4,488.68,20812.15,28548.42,826.83,2221.62,4687.82,27.5256
75,4,562.92,25448.26,32675.99,847.01,2136.68,4244.02,27.3679
75,4,403.65,17301.66,24932.15,716.61,1803.06,5110.82,27.0756
75,4,551.82,24823.55,32772.93,584.77,1883.21,5481.40,27.3065
75,4,461.55,19335.05,27356.66,709.29,2042.92,5269.40,27.1545
75,4,492.44,21615.75,28761.17,763.69,1832.48,4549.25,27.4256
75,4,423.04,18385.88,25673.17,807.08,1792.63,4687.57,27.3546
75,4,431.76,18538.78,25883.63,665.11,1939.20,4740.54,26.4643
75,4,463.72,20100.96,27584.18,831.44,1802.40,4849.38,27.1297
75,4,514.58,22894.15,30646.74,766.59,2091.21,4894.79,26.7117
75,4,413.29,18063.41,25935.37,1047.00,1771.74,5053.22,27.1045
75,4,497.21,20983.05,28782.49,929.34,2019.24,4850.86,27.1129
75,4,551.44,24518.41,32214.96,635.21,2087.67,4973.67,26.6923
75,4,430.54,18061.50,25688.75,881.08,1969.67,4776.50,27.1286
75,4,489.00,20805.78,28607.67,1214.58,1805.37,4781.94,27.1713
75,4,433.41,17642.92,25708.28,1032.41,1779.04,5253.91,27.3290
75,4,540.10,24224.18,32052.11,906.10,2050.65,4871.18,27.7520
75,4,426.62,17857.39,26180.94,798.51,1803.13,5721.92,27.4023
75,4,387.06,17106.37,23532.96,679.99,1785.31,3961.30,27.0101
75,4,573.88,25933.11,33352.82,615.31,1823.33,4981.07,27.2536
75,4,446.78,19353.89,26526.90,678.65,2181.26,4313.11,27.4450
75,4,438.56,19443.27,26487.34,613.42,1813.36,4617.30,26.9298
75,4,434.69,18487.35,25233.49,720.96,1803.35,4221.83,27.3822
75,4,440.98,19700.71,26591.90,651.31,1663.20,4576.69,27.1675
75,4,426.20,19630.52,25832.47,806.29,1717.15,3678.52,26.9832
75,4,513.49,21664.25,30315.48,649.05,1996.70,6005.47,27.0623
75,4,467.66,20272.35,27203.60,701.31,1881.17,4348.76,27.2395
75,4,354.29,15331.82,21725.42,750.81,1804.39,3838.40,27.3841
75,4,489.01,20609.91,28826.83,624.06,2004.72,5588.13,27.2504
75,4,413.05,18605.72,25035.85,539.98,1898.05,3992.11,27.0473
75,4,481.67,21558.99,29292.95,708.69,1707.06,5318.22,27.2706
75,4,565.71,25763.72,33515.68,915.78,2025.82,4810.37,26.6053
75,4,331.55,14699.18,21322.79,680.44,1550.41,4392.76,27.0878
75,4,482.94,22020.48,29225.10,562.43,2005.43,4636.77,26.8980
75,4,455.68,20901.22,28086.43,613.69,1834.81,4736.72,27.1434
75,4,527.92,23571.66,30932.87,826.51,2195.63,4339.06,26.8299
75,4,516.15,23613.56,30871.18,612.24,1829.46,4815.92,27.1409
75,4,449.56,20142.26,27401.72,685.76,1846.84,4726.86,27.0398
75,4,431.85,19684.58,26826.44,866.63,1815.76,4459.47,27.4620
75,4,489.01,21644.80,29534.20,799.87,1632.63,5456.90,27.1775
75,4,546.95,24422.15,32291.10,875.78,1872.79,5120.37,26.8895
75,4,479.59,21110.09,28235.94,678.21,1889.51,4558.12,27.6196
75,4,486.49,22399.57,29239.90,678.22,1676.05,4486.06,27.3235
75,4,453.47,19321.85,27389.63,566.76,1813.93,5687.10,26.9143
75,4,485.66,21158.87,28807.88,1267.81,1741.11,4640.09,26.6754
75,4,471.96,21983.63,28357.69,792.79,1615.74,3965.52,27.1566
75,4,518.57,23214.61,31205.09,905.67,2058.19,5026.62,26.9468
75,4,518.23,23842.87,31287.64,682.24,1792.77,4969.75,27.1837
75,4,456.92,19667.07,27319.05,768.56,2105.59,4777.83,26.8233
75,4,513.50,22215.53,29915.33,795.32,1925.34,4979.14,27.1922
75,4,519.21,23999.34,31795.42,660.69,1941.82,5193.56,27.0571
75,4,488.62,21871.82,29269.73,535.89,1898.12,4963.90,27.3257
75,4,494.28,22223.53,30470.98,647.32,1994.86,5605.28,26.8061
75,4,364.68,15048.30,22242.61,889.51,1960.26,4344.53,27.3656
75,4,413.84,17822.43,25105.38,804.89,1660.69,4817.37,27.0948
75,4,509.62,22333.11,30200.33,627.54,1846.17,5393.50,27.6464
75,4,414.19,17381.67,24368.46,873.35,1826.48,4286.96,26.3093
75,4,494.34,21080.77,28854.71,602.68,2186.50,4984.77,27.0585
75,4,524.40,23332.87,31072.51,835.37,1974.43,4929.83,27.2480
75,4,592.22,26785.43,35117.90,927.37,2321.58,5083.52,27.5374
75,4,461.56,20113.04,27287.41,569.01,1862.98,4742.39,27.2015
75,4,515.44,22258.01,30253.77,709.76,2068.50,5217.51,27.1601
75,4,509.35,22069.28,29982.44,721.20,2182.44,5009.52,26.8763
75,4,497.03,22064.52,29638.57,785.37,1633.04,5155.63,26.7430
75,4,464.75,21325.97,28171.06,653.34,1739.30,4452.46,27.4372
75,4,502.85,23644.03,30503.79,868.74,1872.26,4118.76,27.0953
75,4,449.91,19904.90,26912.34,1177.66,1484.68,4345.10,26.8859
75,4,454.93,21030.94,27455.32,1141.99,1647.88,3634.50,27.3339
75,4,485.54,21582.33,28849.42,719.69,1978.28,4569.12,26.9511
75,4,486.70,21626.21,28683.38,701.52,1807.89,4547.76,27.3597
75,4,484.83,21868.93,29047.42,574.97,1763.95,4839.56,27.0360
75,4,470.19,20909.55,28302.86,622.65,1747.09,5023.56,26.9519
75,4,523.71,23391.87,31283.26,659.63,1924.43,5307.34,26.8034
75,4,454.86,19505.02,27662.16,778.87,1899.65,5478.63,26.7582
75,4,521.10,22522.97,30916.33,881.68,2110.94,5400.74,26.9032
75,4,454.99,20003.46,27861.30,756.79,1890.87,5210.19,27.1704
75,4,560.80,24749.20,32439.50,724.65,2012.62,4953.03,26.9783
75,4,395.85,16883.55,23370.35,834.30,1823.92,3828.58,27.0897
75,4,482.61,20870.96,28879.73,964.83,1681.04,5362.89,26.6265
75,4,506.43,22778.18,29950.30,860.77,1815.23,4496.12,26.5914
75,4,427.95,19397.60,25314.69,743.35,1515.45,3658.28,26.5724
75,4,403.07,16483.06,24155.13,874.47,1859.24,4938.37,27.2074
75,4,510.42,22190.28,30650.58,735.63,1925.97,5798.69,26.6266
100,4,453.08,20224.12,27223.30,843.57,1591.04,4564.58,26.8518
100,4,572.91,26321.60,34220.82,629.21,2046.86,5223.15,26.9247
100,4,568.41,26739.42,34695.35,747.52,1996.99,5211.41,27.3176
100,4,490.42,22999.00,29520.01,732.63,1893.89,3894.49,26.3914
100,4,621.14,28717.88,37468.10,661.99,1930.86,6157.37,27.0932
100,4,520.77,23833.47,31816.80,902.55,1780.25,5300.52,26.6763
100,4,596.59,26411.31,35068.56,856.60,2055.91,5744.75,26.8516
100,4,496.76,21257.89,29630.71,806.76,1716.55,5849.50,26.9914
100,4,486.73,22033.16,29623.27,668.34,1855.78,5065.98,26.3184
100,4,528.31,23678.80,31543.63,687.89,1972.98,5203.96,26.5264
100,4,504.46,23369.22,30701.22,759.76,1664.04,4908.20,26.1090
100,4,469.89,22200.33,28869.18,800.78,1895.71,3972.35,26.7830
100,4,613.23,29347.96,36541.95,646.16,2103.92,4443.90,27.0754
100,4,455.76,19776.70,27987.75,848.05,2049.43,5313.56,26.4274
100,4,438.74,19400.06,26274.17,701.97,1846.14,4326.00,26.6444
100,4,558.03,25134.73,33135.00,707.01,1988.93,5304.32,26.9547
100,4,611.09,27753.79,36270.25,786.72,2038.83,5690.91,27.3657
100,4,540.67,24626.60,32448.59,769.35,2309.87,4742.77,27.3946
100,4,658.86,30361.27,37965.04,754.53,2258.23,4591.02,27.2283
100,4,454.80,20095.79,28018.44,796.44,1810.72,5315.49,27.1943
100,4,598.11,27492.17,35812.77,844.88,1846.75,5628.97,26.7119
100,4,511.65,22247.05,30755.96,702.07,2304.38,5502.46,26.6163
100,4,531.21,24999.95,32215.61,841.95,1719.73,4653.98,26.1856
100,4,488.83,21948.62,29283.33,585.77,1890.41,4858.53,26.9777
100,4,490.78,21750.06,29384.02,624.77,2074.43,4934.76,26.7237
100,4,520.83,23838.93,31620.37,835.83,1853.32,5092.29,26.6628
100,4,582.04,26369.32,34686.82,1016.10,2161.11,5140.29,26.6955
100,4,479.81,21137.08,29093.39,889.10,1862.03,5205.18,26.5776
100,4,579.02,25502.82,33646.01,1016.71,2047.38,5079.11,26.9734
100,4,646.53,29389.40,37697.22,814.72,2244.86,5248.24,26.8399
100,4,479.05,20701.10,28457.20,823.34,2129.63,4803.13,27.3041
100,4,548.31,25771.85,33374.28,745.90,1837.69,5018.83,26.9291
100,4,499.45,21424.35,29630.28,700.99,2012.45,5492.48,26.6189
100,4,616.13,28123.16,36370.23,954.29,2130.25,5162.53,26.9428
100,4,494.98,21440.34,30043.52,768.73,2021.22,5813.23,25.7626
100,4,436.67,20134.72,26643.17,647.93,1792.96,4067.56,26.6793
100,4,664.92,32078.86,39913.25,599.73,1939.25,5295.41,27.1402
100,4,498.91,22120.58,29475.76,712.96,2225.18,4417.03,27.1356
100,4,488.16,21748.39,29181.32,710.90,1997.32,4724.71,26.3769
100,4,493.91,21802.43,29030.04,828.00,1999.86,4399.75,26.3582
100,4,500.26,22741.11,30187.29,1033.83,1756.00,4656.35,26.8773
100,4,479.78,22574.86,29140.67,912.30,1804.08,3849.43,26.9641
100,4,582.22,25086.55,34160.44,753.15,2090.49,6230.24,26.9932
100,4,544.17,25147.21,32358.38,657.62,1992.52,4561.04,26.9562
100,4,397.41,17620.47,24484.56,988.47,1825.88,4049.75,26.0435
100,4,564.44,24562.51,33158.27,575.56,2012.70,6007.51,26.3655
100,4,479.15,21554.29,28295.84,761.88,1993.32,3986.35,25.7363
100,4,570.22,25836.84,34142.63,717.91,2018.34,5569.54,26.5271
100,4,687.62,32306.96,40419.38,707.05,2299.19,5106.17,26.7967
100,4,400.34,17563.64,24597.44,659.79,1735.39,4638.62,26.6377
100,4,570.13,26478.59,34082.20,692.17,2049.54,4861.90,26.9072
100,4,524.35,24113.66,31624.16,742.65,1759.94,5007.91,26.5276
100,4,610.75,27265.14,35466.89,1297.37,2346.52,4557.86,26.7854
100,4,584.02,27337.42,35081.86,636.67,2076.93,5030.84,27.2042
100,4,547.76,24422.87,32432.84,728.31,2160.02,5121.63,27.3713
100,4,498.78,22931.96,30535.27,679.19,2161.29,4762.83,27.0008
100,4,570.08,24959.38,33316.03,951.07,1768.38,5637.20,26.7737
100,4,610.14,28844.05,36942.54,825.34,1897.69,5375.45,26.8963
100,4,524.87,24802.11,32161.81,740.81,1874.12,4744.77,26.8129
100,4,550.61,25499.48,32677.42,718.43,1704.97,4754.54,27.4272
100,4,506.20,22297.47,30849.55,749.42,1925.63,5877.03,26.7093
100,4,557.69,25030.60,33105.33,1233.32,1841.32,5000.09,26.4511
100,4,544.02,25606.11,32681.70,894.07,1897.11,4284.41,27.0719
100,4,596.30,26939.77,35000.24,830.14,1962.66,5267.66,26.8228
100,4,583.89,26391.73,34146.40,821.86,1846.16,5086.65,26.8389
100,4,520.89,22967.72,31061.65,810.63,2393.77,4889.53,27.2771
100,4,586.16,26323.91,34205.75,662.00,1964.81,5255.02,27.2020
100,4,603.66,28123.63,36344.04,723.47,1946.07,5550.87,27.0884
100,4,543.95,25387.10,32919.81,565.14,1916.48,5051.09,26.3202
100,4,553.76,24999.42,33583.33,665.69,2120.87,5797.34,26.6101
100,4,414.63,17650.08,24916.82,806.97,1929.22,4530.55,26.3064
100,4,491.48,21293.17,29314.04,1022.36,1898.66,5099.85,26.7823
100,4,591.01,26909.88,34982.91,505.93,1971.12,5595.99,26.9991
100,4,484.91,20865.06,28457.52,990.54,1993.16,4608.76,26.7063
100,4,548.67,24391.97,32572.24,775.00,2304.08,5101.20,26.6316
100,4,612.69,28109.58,36216.40,796.96,2070.95,5238.91,26.5959
100,4,684.68,31296.79,40337.66,1076.73,2465.02,5499.12,27.1994
100,4,525.70,23855.36,31588.11,667.80,2072.77,4992.19,26.9570
100,4,581.24,26633.60,34855.30,697.73,2122.17,5401.81,26.6457
100,4,594.45,25853.32,34334.41,671.42,2498.33,5311.34,27.0748
100,4,567.57,26188.75,34214.56,755.88,1806.17,5463.75,26.4368
100,4,562.58,25733.86,33039.51,623.51,1901.32,4780.81,26.1966
100,4,578.44,27664.32,35008.29,977.99,2029.72,4336.26,26.3393
100,4,519.68,23261.89,30673.43,1296.87,1513.91,4600.76,26.4445
100,4,514.32,24247.45,30478.74,892.45,1552.12,3786.72,26.3379
100,4,527.62,24245.05,31512.26,706.62,1943.97,4616.63,26.4650
100,4,534.24,24379.06,31756.13,860.33,1864.10,4652.64,26.8113
100,4,539.58,24886.08,32601.43,835.48,1818.13,5061.73,26.1534
100,4,521.62,23602.94,31181.75,592.41,1862.84,5123.56,26.2355
100,4,592.91,26989.96,35360.47,687.57,2116.80,5566.15,26.7247
100,4,545.22,23760.97,32022.05,732.89,1873.79,5654.40,26.1199
100,4,615.92,28166.93,36874.42,672.13,2340.32,5695.05,26.6556
100,4,524.49,22503.14,30737.05,820.60,1977.55,5435.75,26.5771
100,4,674.81,30454.99,38752.00,743.59,2280.53,5272.89,26.4476
100,4,433.02,19252.12,25982.62,983.30,1875.37,3871.84,26.6665
100,4,541.06,24004.33,32182.85,1060.73,1705.94,5411.85,26.6502
100,4,579.33,27058.14,34694.58,1090.82,1796.78,4748.84,26.6083
100,4,497.86,23395.28,29897.69,968.93,1602.33,3931.14,26.1927
100,4,451.01,20066.46,27672.83,620.24,1869.59,5116.54,26.5201
100,4,593.22,26874.80,35612.12,716.90,2013.06,6007.35,26.9752
125,4,503.80,23504.23,30613.84,834.83,1620.19,4654.60,28.1241
125,4,619.44,28142.82,36716.07,1114.71,2072.10,5386.44,29.0024
125,4,629.22,28681.46,36953.98,966.23,1993.48,5312.81,27.9949
125,4,555.48,26436.98,33038.89,562.41,2050.58,3988.92,28.8390
125,4,679.93,32074.55,41484.49,953.24,2122.50,6334.19,28.4832
125,4,579.53,27256.58,35593.59,890.38,1899.04,5547.59,29.3869
125,4,659.78,30120.94,38987.91,686.14,2162.00,6018.83,28.1320
125,4,533.34,23257.93,31688.36,783.26,1670.58,5976.59,28.7596
125,4,529.21,24095.74,31894.11,769.77,1839.73,5188.87,26.9777
125,4,560.52,27084.64,34655.07,533.62,1782.00,5254.81,27.3649
125,4,552.72,26515.46,34055.90,811.20,1791.14,4938.10,27.7672
125,4,481.89,22883.84,29359.77,786.93,1785.82,3903.18,27.3664
125,4,688.95,32694.89,40114.15,694.29,2119.81,4605.16,27.8466
125,4,497.97,21813.27,30232.46,727.03,2152.29,5539.87,27.1010
125,4,477.27,21492.76,28913.57,822.69,2119.40,4478.72,27.7698
125,4,628.02,28930.21,37467.79,781.40,2251.77,5504.40,27.6969
125,4,648.75,30235.38,39224.93,994.83,2150.99,5843.74,28.3325
125,4,624.26,28522.79,36862.94,817.32,2529.35,4993.47,28.0690
125,4,729.81,33910.12,42236.43,1089.31,2442.97,4794.04,27.9000
125,4,502.15,21917.05,29877.58,819.03,1824.12,5317.40,28.1484
125,4,679.21,31340.69,40158.11,930.98,2033.36,5853.07,27.0131
125,4,553.33,24470.60,33269.65,852.79,2299.70,5646.56,26.7524
125,4,604.18,28838.91,36372.34,828.70,1893.59,4811.14,26.9044
125,4,541.71,24749.64,32591.50,788.51,2048.12,5005.24,26.5290
125,4,533.07,24785.26,32439.68,661.72,1969.36,5023.33,26.8960
125,4,581.46,26776.39,34856.06,770.94,2000.84,5307.89,26.4404
125,4,640.47,29377.51,37647.26,814.88,2176.69,5278.18,27.4590
125,4,512.44,23984.46,32203.17,1077.32,1847.41,5293.99,26.3924
125,4,634.32,28673.61,37057.07,859.10,2305.71,5218.66,27.0247
125,4,715.27,32801.93,41647.25,877.75,2504.90,5462.67,27.1454
125,4,545.51,24518.08,32710.60,836.14,2305.85,5050.53,27.0245
125,4,614.51,29190.12,37261.69,939.23,1919.37,5212.96,27.7193
125,4,534.67,24006.17,32416.81,889.50,1875.73,5645.40,27.2763
125,4,685.40,30873.97,39600.38,1063.30,2302.29,5360.82,27.5345
125,4,549.39,24317.85,33041.97,756.87,2036.23,5931.01,27.1292
125,4,471.99,22114.21,28891.23,816.60,1770.93,4189.49,27.5244
125,4,706.12,34881.72,43054.21,970.19,1858.81,5343.48,27.8227
125,4,558.15,26299.66,33804.58,703.85,2318.20,4482.87,27.4971
125,4,525.93,24512.70,31965.75,881.28,1735.26,4836.51,27.7487
125,4,549.40,24481.53,32299.81,1031.53,2214.75,4572.00,27.5115
125,4,583.63,26452.85,34197.21,871.93,1922.23,4950.19,27.6152
125,4,526.90,25061.49,31624.55,865.19,1734.60,3963.27,27.8185
125,4,656.17,29009.65,38388.53,734.00,2089.82,6555.06,27.7159
125,4,581.91,27469.77,34802.10,640.12,2001.77,4690.44,27.6798
125,4,451.91,20111.39,27208.43,971.95,1964.63,4160.46,26.7049
125,4,588.38,26504.54,35294.58,640.48,2120.41,6029.15,27.4387
125,4,522.90,24276.79,31070.16,681.56,2018.61,4093.20,27.0485
125,4,633.58,30082.71,38521.10,610.84,2076.46,5751.10,27.7785
125,4,776.14,36628.63,45439.63,813.99,2582.46,5414.54,27.6711
125,4,425.18,19680.59,26766.75,683.52,1714.98,4687.65,26.6002
125,4,605.20,28184.32,36064.76,679.45,2232.02,4968.97,28.0320
125,4,582.60,27040.46,35034.05,587.59,2168.03,5237.97,27.0041
125,4,677.61,30932.62,39452.64,1175.23,2572.97,4771.83,27.5906
125,4,658.53,30738.01,38445.62,614.20,1981.25,5112.16,28.3195
125,4,598.12,27065.08,35363.29,799.14,2203.38,5295.70,27.9397
125,4,566.59,25755.83,33609.88,900.91,2104.37,4848.77,27.7312
125,4,607.30,27608.51,36407.64,1121.62,1819.95,5857.57,26.3624
125,4,669.05,31490.67,40121.49,1107.95,2006.40,5516.46,28.0059
125,4,590.68,27911.28,35775.80,765.42,2210.21,4888.89,26.6818
125,4,619.52,28750.54,36199.41,817.08,1775.90,4855.88,26.5189
125,4,556.49,25411.51,34036.11,663.55,1874.33,6086.71,26.6976
125,4,601.69,27277.53,35259.45,1061.07,1843.99,5076.86,26.2442
125,4,621.56,29489.96,36627.45,730.16,1977.04,4430.29,27.1166
125,4,659.00,30694.84,39241.95,917.67,2217.17,5412.27,27.9397
125,4,629.81,29742.14,37845.58,868.14,1914.44,5320.86,27.5230
125,4,574.82,25734.89,33987.98,762.67,2495.12,4995.30,27.3789
125,4,622.45,28590.42,37013.33,1065.02,2011.90,5345.98,27.9973
125,4,649.47,31084.97,39681.68,882.06,1993.13,5721.52,27.4599
125,4,622.16,28689.47,36733.95,632.71,2119.78,5292.00,27.3701
125,4,601.74,27256.43,36226.69,743.99,2218.06,6008.21,28.2954
125,4,454.86,20086.96,27461.91,685.42,2058.13,4631.40,27.1682
125,4,540.36,24158.98,32280.17,953.17,2026.93,5141.10,26.7606
125,4,672.44,30679.58,39257.07,816.65,1962.83,5798.01,28.0829
125,4,536.71,24058.71,31954.98,1002.84,2118.16,4775.27,27.1136
125,4,599.93,26836.70,35294.55,892.80,2316.78,5248.27,27.6722
125,4,668.92,30877.31,39173.75,759.44,2155.90,5381.10,28.0127
125,4,760.92,35405.13,44756.87,1076.05,2559.34,5716.36,28.1014
125,4,569.53,25906.50,33797.99,809.43,2102.06,4979.99,26.9765
125,4,625.15,28263.16,37076.96,879.04,2295.69,5639.08,27.8832
125,4,625.77,28501.58,37172.76,822.77,2439.83,5408.57,27.3478
125,4,629.92,30342.29,38524.53,745.82,1892.93,5543.49,25.8432
125,4,597.87,28588.17,36226.49,866.60,1967.17,4804.55,27.1517
125,4,633.34,30723.20,38082.10,996.84,1913.44,4448.63,27.0968
125,4,584.21,27430.31,34867.30,1092.89,1569.06,4775.03,26.6444
125,4,598.57,28606.34,35336.22,982.27,1794.54,3953.07,27.8108
125,4,579.94,26955.35,34903.81,1039.08,2077.46,4831.92,27.9790
125,4,619.97,28484.09,36275.19,933.42,1969.07,4888.61,26.9436
125,4,595.77,28130.21,35798.28,720.76,1752.06,5195.25,27.4636
125,4,578.43,26824.27,34764.70,817.74,1850.95,5271.74,27.6774
125,4,663.37,30634.69,39229.34,659.70,2193.66,5741.29,26.9479
125,4,603.08,26929.07,35754.34,979.93,2060.49,5784.85,27.8513
125,4,690.00,31822.37,40835.56,674.30,2413.67,5925.21,27.6288
125,4,564.23,25613.66,33849.66,632.12,1997.89,5605.99,26.2109
125,4,734.58,34047.25,42587.05,775.41,2325.25,5439.14,26.3998
125,4,464.63,21540.81,28279.97,914.92,1850.98,3973.26,26.5018
125,4,590.18,27052.52,35597.92,1123.50,1780.74,5641.16,27.0956
125,4,642.62,30656.03,38169.67,753.66,1920.97,4839.02,26.5097
125,4,557.00,26882.21,33407.19,773.34,1743.52,4008.12,26.4936
125,4,494.85,22723.76,30619.26,763.15,1883.67,5248.69,25.6568
125,4,659.14,30484.73,39515.06,722.53,2039.26,6268.54,27.1903
150,4,542.84,25484.69,32966.67,1040.16,1670.19,4771.64,29.4315
150,4,671.83,31118.99,39898.23,1037.63,2202.95,5538.66,29.1651
150,4,661.10,31109.65,39440.34,1060.38,1939.01,5331.31,29.8968
150,4,582.30,28202.84,35177.88,956.51,1989.95,4028.57,28.9577
150,4,748.58,35364.56,44684.46,646.73,2114.35,6558.81,29.7085
150,4,616.99,29348.70,37777.93,820.56,1962.65,5646.01,29.7138
150,4,707.89,33016.76,42281.34,878.58,2285.81,6100.18,29.8835
150,4,578.94,26018.11,34837.32,1052.72,1809.83,5956.66,28.8406
150,4,556.73,25381.74,33262.50,857.75,1794.38,5228.64,28.2746
150,4,628.61,29481.34,37581.33,750.97,2004.84,5344.18,29.0280
150,4,608.65,29513.78,37134.40,629.48,1860.16,5130.98,29.1765
150,4,532.41,25617.94,32453.34,757.92,1939.67,4137.82,28.8599
150,4,753.92,36494.54,44107.89,598.90,2251.49,4762.95,29.4329
150,4,525.06,22995.96,31873.80,987.00,2236.46,5654.38,28.6804
150,4,503.66,23261.41,30690.24,873.70,2017.43,4537.71,28.7253
150,4,662.55,30890.10,39560.68,903.62,2157.56,5609.40,28.9977
150,4,699.79,32639.70,41551.31,792.01,2187.77,5931.83,29.9499
150,4,643.90,30597.21,38774.95,761.98,2303.13,5112.63,29.1746
150,4,810.66,38732.61,46937.42,893.73,2323.00,4988.08,29.6456
150,4,533.73,24431.28,32727.08,952.64,1880.20,5462.96,29.7108
150,4,740.28,34449.57,43093.90,655.24,2051.94,5937.15,28.3286
150,4,599.94,27582.85,36306.13,625.49,2259.20,5838.58,29.0329
150,4,640.98,30988.50,38925.45,897.30,1963.42,5076.23,29.5825
150,4,581.25,26347.65,34435.22,935.34,2131.98,5020.24,28.9931
150,4,586.11,26747.70,34793.21,689.70,2181.73,5174.08,28.5915
150,4,650.14,30067.85,38638.70,853.09,2247.80,5469.96,28.8614
150,4,682.11,32341.60,40872.11,928.89,2254.21,5347.41,29.7264
150,4,567.46,25869.61,34092.06,916.40,1904.25,5401.79,29.4431
150,4,677.29,30530.71,39009.58,847.36,2358.47,5273.04,29.1440
150,4,777.71,36411.12,45292.16,796.29,2431.93,5652.82,29.3987
150,4,580.18,26612.85,34679.00,716.40,2253.95,5095.81,29.2085
150,4,669.70,31711.34,40005.56,948.15,1984.30,5361.78,29.3325
150,4,556.18,24731.69,33326.96,1012.44,1898.76,5684.07,28.8647
150,4,753.98,34974.52,43889.60,921.09,2518.41,5475.58,29.4504
150,4,584.03,26261.03,35358.84,819.01,2172.09,6106.70,28.9084
150,4,514.30,23999.49,30952.10,811.73,1872.88,4268.01,28.7047
150,4,799.28,38291.78,46456.88,736.57,1914.94,5513.59,28.6459
150,4,591.66,27658.47,35428.31,783.01,2428.75,4558.06,29.1811
150,4,569.37,26532.67,34117.86,706.90,1913.58,4964.72,30.0349
150,4,576.29,26373.64,33981.74,872.58,2124.71,4610.81,29.2191
150,4,603.88,27949.29,35602.47,908.62,1798.87,4945.69,29.5008
150,4,578.60,27677.87,34442.05,837.14,1846.59,4080.45,28.9687
150,4,709.22,31910.14,41589.74,685.99,2294.10,6699.51,29.6188
150,4,635.53,30371.25,37749.90,558.07,2036.88,4783.70,29.0280
150,4,477.27,22057.88,29151.47,1033.82,1837.50,4222.27,27.9269
150,4,640.91,28950.07,38166.71,719.16,2278.77,6218.70,27.9561
150,4,561.56,26236.16,33456.07,1023.20,1996.68,4200.02,28.2175
150,4,673.65,31764.32,40136.90,719.30,1986.61,5666.67,28.5998
150,4,828.65,40083.48,48924.32,793.63,2441.55,5605.66,29.3094
150,4,453.01,20762.17,27775.11,643.03,1687.16,4682.75,27.9500
150,4,644.20,31098.04,39089.16,762.06,2185.06,5044.00,29.7046
150,4,631.56,29229.62,37443.55,805.50,2089.67,5318.76,28.3617
150,4,733.47,34042.85,42721.99,1218.64,2626.18,4834.32,29.6458
150,4,707.12,33938.51,41838.78,542.99,2062.98,5294.31,29.5234
150,4,616.49,28125.71,36717.71,1099.27,2202.16,5290.58,29.4271
150,4,592.67,27498.67,35718.72,1024.48,2247.91,4947.65,29.7260
150,4,678.93,30597.09,40061.42,1466.11,1993.70,6004.52,28.8140
150,4,740.71,34846.12,43606.56,1044.02,2041.66,5674.76,29.2333
150,4,618.57,29287.16,37090.66,866.40,1995.18,4941.92,29.0907
150,4,662.99,31705.31,39178.82,757.33,1798.24,4917.94,29.3377
150,4,583.46,26292.69,34952.38,627.22,1985.89,6046.58,28.4887
150,4,655.45,30309.09,38634.22,1163.41,1926.17,5235.55,28.5032
150,4,652.21,31189.37,38524.02,901.10,1898.70,4534.85,29.3750
150,4,698.06,33899.80,42184.26,653.30,2137.40,5493.76,29.4027
150,4,700.53,32910.79,41306.41,949.89,2034.27,5411.45,28.9190
150,4,610.85,28074.69,36457.92,767.16,2554.02,5062.04,28.8970
150,4,690.40,32543.60,40846.33,846.78,1941.33,5514.62,29.3795
150,4,699.75,33380.63,42203.62,928.68,2149.32,5745.00,28.5705
150,4,644.98,30756.50,38741.87,648.06,2020.11,5317.20,28.6309
150,4,658.14,30732.65,39733.29,715.35,2161.73,6123.56,29.2053
150,4,478.33,21879.31,29386.39,798.91,1997.30,4710.86,28.6348
150,4,582.18,27005.01,35323.40,947.60,2098.79,5272.01,29.1140
150,4,706.75,33170.31,41695.91,684.48,2008.08,5833.04,29.3629
150,4,570.26,26069.05,34194.07,1163.52,2098.72,4862.77,28.1300
150,4,658.01,30238.26,38826.54,665.14,2551.61,5371.53,29.0661
150,4,719.52,33657.44,42231.57,789.65,2322.96,5461.52,29.4118
150,4,815.05,37895.58,47740.99,1315.11,2721.78,5808.51,29.3784
150,4,607.29,28707.71,36647.79,747.92,2080.08,5112.08,29.1654
150,4,689.45,32369.05,41116.61,695.39,2326.92,5725.26,29.5921
150,4,678.01,30941.35,39869.08,932.60,2574.83,5420.31,29.2992
150,4,685.99,33190.20,41611.70,791.11,1910.12,5720.27,29.0676
150,4,644.53,30966.27,38472.70,747.68,1944.45,4814.30,29.0486
150,4,691.68,33871.43,41206.91,747.29,2007.35,4580.83,29.2535
150,4,622.07,29453.56,36881.41,930.96,1629.06,4867.83,28.0029
150,4,612.86,30004.28,36775.14,1059.13,1678.22,4033.52,29.0602
150,4,642.88,30472.23,38453.61,976.41,2137.92,4867.06,29.9009
150,4,656.45,30784.59,38680.25,938.09,1946.28,5011.29,29.3763
150,4,652.50,31157.00,38854.65,539.03,1933.93,5224.69,28.9671
150,4,634.01,30210.00,38381.09,837.73,1938.96,5394.40,29.6351
150,4,708.59,33168.64,42042.19,790.56,2171.58,5911.41,29.0126
150,4,626.95,28359.64,37271.58,1014.54,2072.22,5825.17,28.6915
150,4,751.57,35141.92,44225.53,621.88,2408.61,6053.11,28.6821
150,4,605.89,27423.69,36179.91,1086.49,2086.52,5583.20,27.3330
150,4,805.63,38169.02,47048.06,723.72,2590.74,5564.57,28.4320
150,4,515.43,24112.44,31043.85,952.14,1910.08,4069.19,27.5394
150,4,632.98,29177.74,37579.03,964.44,1659.80,5777.04,28.4910
150,4,717.94,33899.02,41713.46,877.06,1911.16,5026.22,27.9762
150,4,620.80,29688.42,36421.93,722.51,1824.58,4186.42,29.0020
150,4,532.63,24495.14,32869.16,906.46,2094.57,5372.99,27.4080
150,4,730.94,34162.89,43203.61,578.42,2180.57,6281.72,28.4821
175,4,564.49,26913.87,34024.39,725.89,1650.10,4734.53,30.2879
175,4,701.01,32951.51,41416.82,936.73,2046.57,5482.01,30.6014
175,4,704.58,33200.11,41716.06,845.62,2172.97,5497.36,30.9719
175,4,623.95,30695.75,37493.53,731.12,1983.60,4083.06,30.5272
175,4,794.70,37520.09,46938.80,636.60,2139.23,6642.87,30.3306
175,4,660.86,31993.46,40479.31,807.98,1973.85,5704.02,31.0988
175,4,753.88,36114.04,45377.68,750.11,2359.74,6153.79,30.2902
175,4,641.46,29483.56,38402.20,859.85,1932.42,6126.36,30.4304
175,4,583.73,28365.26,36284.21,850.16,1801.26,5267.52,29.6476
175,4,659.81,31956.77,39956.54,595.07,2006.41,5398.29,29.4672
175,4,609.87,29673.10,37336.62,834.36,1806.27,5022.89,30.1835
175,4,595.23,28744.32,35955.96,851.77,2086.75,4273.11,28.9836
175,4,777.97,38775.55,46279.12,553.91,2152.58,4797.08,29.5431
175,4,551.69,25059.54,33563.23,701.83,2185.39,5616.47,29.6501
175,4,544.33,25756.10,33196.38,774.62,2117.12,4548.54,29.4482
175,4,709.81,33925.19,42471.67,724.72,2134.10,5687.66,30.6185
175,4,767.49,36303.27,45409.67,661.44,2398.56,6046.40,29.2933
175,4,717.75,33823.00,42312.64,847.66,2479.50,5162.48,30.1147
175,4,854.79,41530.68,49796.96,832.44,2359.14,5074.70,30.2945
175,4,565.53,25352.63,33772.46,919.27,1965.92,5534.64,29.9650
175,4,762.30,36632.08,45353.45,870.18,1910.67,5940.52,29.4676
175,4,648.29,29414.42,38667.56,864.50,2454.96,5933.68,28.2543
175,4,705.67,34398.47,42521.80,829.41,2147.82,5146.11,29.6575
175,4,628.73,28803.42,37366.20,1157.28,2323.22,5082.28,28.5987
175,4,625.69,28765.72,36732.34,572.60,2229.76,5164.25,27.9705
175,4,667.33,31715.17,40249.52,977.43,2120.21,5436.71,27.7501
175,4,737.88,35133.30,43831.09,879.22,2288.14,5530.43,29.0732
175,4,597.36,27800.19,36338.33,1039.14,2007.52,5491.48,29.4174
175,4,759.19,35283.88,43997.88,864.05,2362.61,5487.35,27.7638
175,4,821.45,38985.42,47984.72,764.76,2533.35,5701.19,28.6789
175,4,627.06,29049.58,37523.43,837.14,2423.11,5213.60,27.5507
175,4,703.90,33981.39,42389.28,1032.43,2001.74,5373.73,29.2631
175,4,581.39,27537.94,36069.56,891.80,1894.85,5744.97,29.4485
175,4,760.16,36343.88,45245.10,1065.34,2371.31,5464.57,29.7921
175,4,616.78,28253.41,37340.35,859.19,2089.41,6138.33,29.9167
175,4,536.79,25598.06,32669.19,823.06,1966.47,4281.59,29.0096
175,4,859.37,42234.46,50631.25,662.46,2062.08,5672.26,29.3043
175,4,613.03,28804.53,36576.16,672.43,2502.59,4596.61,29.9211
175,4,593.29,28717.62,36425.27,722.22,1959.47,5025.96,29.9895
175,4,604.90,28737.20,36347.75,820.68,2085.03,4704.85,29.6552
175,4,633.77,29804.09,37764.02,954.70,1988.05,5017.17,29.7466
175,4,598.80,29306.78,35927.22,671.87,1814.25,4134.32,28.7119
175,4,757.31,34835.25,44818.94,781.38,2349.95,6852.37,29.7244
175,4,660.35,32262.45,39789.49,594.00,2083.39,4849.65,29.3462
175,4,504.22,22868.31,30318.95,1190.72,1952.59,4307.32,29.4457
175,4,675.95,31067.53,40280.84,615.50,2309.13,6288.67,29.4403
175,4,594.76,28044.95,35349.09,895.53,2180.70,4227.92,29.1656
175,4,711.46,34603.20,43103.46,684.66,1923.24,5892.35,29.4318
175,4,898.05,43906.62,52953.98,722.38,2649.55,5675.43,29.1415
175,4,462.11,20827.60,28011.12,733.52,1690.90,4759.09,29.0160
175,4,685.12,33337.51,41350.11,687.38,2182.32,5142.90,29.6490
175,4,639.61,30570.81,38664.16,738.96,2037.84,5316.55,28.9278
175,4,786.87,37657.07,46125.59,964.99,2527.21,4976.33,28.9003
175,4,743.53,35798.30,43860.16,695.15,2039.01,5327.71,29.8127
175,4,652.57,30356.20,39102.22,1065.75,2229.46,5450.80,30.2899
175,4,639.27,29929.10,38068.81,778.99,2287.07,5073.66,29.9940
175,4,722.58,33233.04,42564.90,1268.98,1924.26,6138.62,29.0029
175,4,792.58,38381.92,46927.85,774.13,2012.33,5759.47,30.3418
175,4,674.31,32356.67,40402.65,813.47,2152.40,5080.11,30.0420
175,4,683.76,33397.96,40731.89,609.63,1791.36,4932.94,30.5852
175,4,630.47,28400.59,37532.02,714.14,2145.04,6272.25,29.6609
175,4,706.99,32892.51,41538.75,1254.98,2061.25,5330.01,29.3022
175,4,709.04,34035.45,41811.85,940.53,2192.45,4643.42,29.6686
175,4,740.43,36109.53,44451.96,743.42,2058.18,5540.84,29.6126
175,4,728.25,34551.11,43112.05,1050.80,2088.44,5421.71,30.3423
175,4,657.21,30796.99,39268.38,704.83,2548.72,5217.84,30.0074
175,4,758.20,35743.96,44484.64,771.09,2278.52,5691.07,30.2758
175,4,739.50,36793.74,45302.80,683.24,2015.15,5810.67,30.5255
175,4,702.21,32915.25,41219.17,610.48,2220.40,5473.04,29.0134
175,4,711.57,33196.26,42670.54,725.16,2507.04,6242.09,29.7957
175,4,510.84,23690.27,31351.50,752.88,2137.43,4770.91,29.5549
175,4,624.35,29441.93,37951.93,951.59,2178.24,5380.17,29.6404
175,4,755.67,35373.58,44199.13,778.39,2108.40,5938.76,30.6270
175,4,613.79,28138.24,36475.08,1135.12,2244.42,4957.30,29.6790
175,4,668.48,30779.32,39416.90,848.64,2427.43,5361.51,29.5507
175,4,781.15,37623.77,46344.57,745.31,2393.78,5581.71,29.6038
175,4,848.86,40032.51,49871.78,1151.49,2781.21,5906.58,29.5312
175,4,629.85,30243.28,38302.75,624.84,2203.35,5231.28,30.3253
175,4,731.90,34413.50,43361.34,768.03,2364.46,5815.35,30.3405
175,4,719.62,33536.02,42618.65,851.50,2644.59,5586.54,29.6623
175,4,742.14,35952.09,44336.36,495.20,2098.13,5790.94,29.0193
175,4,688.05,33581.54,41186.36,648.46,1984.73,4971.63,28.9124
175,4,733.71,36699.59,44106.98,809.87,2004.24,4593.27,29.1774
175,4,659.87,31619.73,39495.81,1320.75,1565.64,4989.68,27.9692
175,4,653.46,32598.19,39562.33,1091.30,1850.28,4022.57,29.1857
175,4,684.52,32982.96,41156.91,900.24,2227.11,5046.60,29.6027
175,4,703.28,33763.49,41980.00,964.30,2105.94,5146.26,29.3179
175,4,680.21,33468.02,41403.71,673.54,1879.71,5382.44,29.0707
175,4,671.76,31366.52,39532.90,782.16,1946.88,5437.35,29.4865
175,4,748.49,34980.92,44330.00,978.92,2327.93,6042.23,29.8269
175,4,683.61,32270.89,41099.58,772.48,2089.84,5966.38,29.8570
175,4,799.55,38088.82,47519.13,809.86,2400.77,6219.68,29.4723
175,4,635.56,29781.23,38358.86,830.50,1963.36,5783.78,29.0291
175,4,863.56,40611.75,49653.49,718.81,2614.58,5708.35,29.9220
175,4,541.81,25161.08,32800.90,1285.31,2170.70,4183.81,25.1422
175,4,660.54,31073.13,39848.59,1353.46,1667.57,5754.43,28.8920
175,4,731.68,35152.39,42830.75,755.03,1860.54,5062.80,28.6004
175,4,636.83,31243.94,38167.11,1000.09,1700.30,4222.79,28.6679
175,4,566.93,26359.82,34510.12,696.75,2024.51,5429.04,25.1354
175,4,761.62,36469.24,45791.25,675.16,2206.26,6440.58,29.4024
200,4,605.59,28449.94,35963.78,915.66,1780.12,4818.07,31.8593
200,4,730.88,34457.67,43255.25,1049.54,2222.44,5525.60,31.9139
200,4,779.83,37161.53,45835.75,835.32,2204.49,5634.41,32.2336
200,4,650.46,32111.06,38849.33,672.44,1964.93,4100.90,31.4544
200,4,837.18,40269.76,49805.75,627.43,2177.15,6731.41,32.5597
200,4,706.21,34282.05,42818.99,646.29,2080.91,5809.74,32.4523
200,4,788.13,38063.08,47202.29,675.37,2293.34,6170.49,32.2574
200,4,662.35,30711.99,39742.98,837.72,2021.60,6171.68,31.4073
200,4,625.86,29337.78,37686.49,985.72,1906.36,5456.63,29.2050
200,4,681.32,33110.21,41133.13,628.86,1863.42,5530.64,31.5352
200,4,665.66,33270.05,41238.38,800.84,1943.89,5223.60,31.7325
200,4,595.22,28705.78,36069.80,1217.25,1952.11,4194.66,29.9551
200,4,835.62,41419.97,49414.11,702.01,2392.40,4899.72,30.9915
200,4,597.98,26774.76,35930.27,1021.15,2380.26,5754.10,29.6781
200,4,550.84,25996.72,33305.08,628.82,2100.50,4579.03,29.8058
200,4,745.50,36176.88,44847.50,852.13,2074.40,5744.09,30.1083
200,4,806.91,39114.24,48426.90,795.09,2361.14,6156.43,30.1995
200,4,731.28,35261.07,43736.29,803.71,2514.02,5157.49,30.9649
200,4,904.73,44517.29,52891.43,768.48,2438.42,5167.25,31.5540
200,4,585.32,27269.83,35840.83,929.90,2040.59,5600.51,31.0964
200,4,803.76,38956.22,47855.07,836.87,2012.32,6049.65,31.7433
200,4,653.28,30833.34,40080.93,844.83,2438.48,5964.28,30.8349
200,4,732.55,36395.36,44443.67,778.90,2060.50,5208.91,31.6321
200,4,653.25,31241.88,39532.52,866.26,2291.95,5132.43,30.6992
200,4,645.41,30756.43,38873.47,698.83,2218.23,5199.99,30.6323
200,4,694.15,33005.64,41796.84,1190.29,2138.51,5462.40,29.4583
200,4,771.76,36706.34,45449.73,867.59,2432.81,5443.00,30.7491
200,4,617.29,29059.24,37471.04,952.08,1887.35,5572.38,30.0217
200,4,780.97,37362.95,46264.61,735.61,2578.48,5587.58,29.0971
200,4,857.63,40933.20,50255.93,992.09,2614.62,5716.03,29.4934
200,4,651.34,31216.74,39609.31,784.61,2302.33,5305.62,29.9744
200,4,737.83,36023.46,44594.68,979.70,2062.62,5528.90,28.5530
200,4,618.28,29028.02,37882.58,1031.82,2003.51,5819.23,30.2493
200,4,828.90,39909.30,49035.60,1032.38,2524.73,5569.18,32.3898
200,4,659.07,30338.12,39526.56,739.32,2216.48,6232.63,30.6991
200,4,560.84,27080.10,34019.03,668.91,1944.53,4325.49,28.5610
200,4,914.41,44919.78,53541.98,817.00,2054.29,5750.90,30.3767
200,4,659.22,31103.24,39162.80,771.40,2588.24,4699.91,30.2725
200,4,628.39,30100.15,37798.78,767.36,1873.19,5058.09,29.8343
200,4,645.20,30181.39,38374.22,1143.30,2300.42,4749.12,30.1275
200,4,682.74,33091.00,40907.85,619.63,2037.78,5159.44,30.1831
200,4,638.16,31819.91,38617.47,705.77,1911.91,4179.88,30.7224
200,4,776.80,35884.71,45912.66,913.80,2227.95,6886.20,30.8626
200,4,706.13,34361.63,42311.30,744.63,2270.76,4934.27,30.6284
200,4,535.73,24779.84,32458.60,1145.86,2222.94,4309.97,29.7133
200,4,711.36,33387.04,42732.41,564.30,2423.55,6357.53,31.3800
200,4,632.96,30203.58,37518.06,722.29,2236.24,4355.95,30.5354
200,4,749.19,36736.72,45496.50,767.52,2004.16,5988.10,31.0002
200,4,939.00,46263.05,55536.15,879.76,2637.67,5755.67,31.7924
200,4,485.13,23264.50,30539.23,768.34,1689.69,4816.69,29.2604
200,4,710.17,35479.76,43452.89,577.92,2221.54,5173.68,30.8661
200,4,664.44,32584.57,40888.33,813.07,2096.11,5394.58,29.9521
200,4,812.57,38644.87,47502.14,1103.40,2687.06,5066.81,29.2810
200,4,781.98,38442.11,46648.49,625.81,2161.85,5418.72,32.0269
200,4,678.47,31365.09,40179.33,1039.77,2338.16,5436.31,30.8236
200,4,677.18,31998.72,40364.06,911.47,2355.81,5098.06,30.7072
200,4,766.36,35591.07,45311.51,1473.06,2013.16,6234.22,30.3065
200,4,841.83,40347.13,49453.03,1068.89,2198.49,5838.51,30.9358
200,4,700.44,33835.02,41924.36,826.19,2164.34,5098.82,30.3692
200,4,729.59,35980.18,43574.04,570.17,1889.89,5133.79,30.9179
200,4,652.10,30246.50,39503.10,787.12,2131.00,6338.48,31.1120
200,4,741.04,35371.18,44203.67,1364.83,2108.37,5359.29,30.2707
200,4,745.46,36401.07,43976.22,704.08,2190.45,4680.63,31.8819
200,4,785.54,37757.52,46342.00,850.95,2144.27,5589.26,30.0070
200,4,774.48,37302.78,46045.72,1058.05,2181.25,5503.64,30.8910
200,4,678.20,31953.99,40418.08,726.38,2554.82,5182.90,30.3333
200,4,771.53,36215.36,45086.60,1085.24,2071.96,5714.04,31.6537
200,4,781.14,37979.76,46729.34,853.21,2024.57,5871.81,32.4692
200,4,729.64,34628.17,42890.53,576.93,2156.97,5528.46,31.2533
200,4,728.23,34551.06,43979.68,856.48,2334.01,6238.13,30.6911
200,4,547.62,25392.58,33112.25,625.55,2226.69,4867.43,29.0529
200,4,665.46,30922.32,39754.07,1076.27,2268.80,5486.69,29.4281
200,4,797.85,38394.95,47271.88,847.57,2070.91,5958.46,30.6298
200,4,641.46,30625.93,38808.18,1033.83,2191.81,4956.61,29.1378
200,4,705.61,33074.24,41748.89,766.61,2464.37,5443.67,30.5591
200,4,798.02,38476.27,47132.73,802.18,2318.49,5535.79,31.0800
200,4,901.30,43365.25,53516.14,1314.19,2814.34,6022.37,31.1189
200,4,658.50,31751.32,39922.77,859.79,2104.41,5207.25,30.4779
200,4,775.21,37010.48,46222.28,756.63,2585.69,5869.48,31.2653
200,4,747.47,35302.19,44361.95,666.98,2828.78,5564.00,31.1373
200,4,760.81,36606.87,45140.50,776.04,1962.02,5795.57,30.5999
200,4,727.87,34759.75,42661.97,829.07,2013.04,5060.11,31.7673
200,4,778.37,39188.92,46789.20,744.61,2136.58,4719.09,31.1077
200,4,703.64,33986.58,41888.12,1148.86,1714.68,5038.01,30.9557
200,4,692.63,34621.00,41691.78,1130.41,1785.90,4154.46,30.5857
200,4,704.71,34097.41,42130.53,774.24,2195.71,5063.16,31.1395
200,4,737.79,35166.30,43484.13,1029.59,2040.55,5247.69,30.4140
200,4,736.18,35422.49,43643.42,754.88,2053.73,5412.32,30.3879
200,4,711.69,33984.15,42453.12,798.33,2105.93,5564.71,30.9392
200,4,799.87,37735.30,46901.17,688.81,2410.00,6067.06,30.0764
200,4,725.78,34147.32,43566.91,1172.36,2233.45,6013.78,31.0445
200,4,835.36,39652.97,49166.89,812.52,2393.75,6307.65,30.7479
200,4,685.46,32397.59,41157.46,869.86,2095.64,5794.38,31.0920
200,4,903.47,43342.63,52433.89,656.13,2563.41,5871.72,31.4166
200,4,579.02,27845.07,35195.70,939.88,2127.90,4282.85,27.5701
200,4,733.74,34242.09,43195.75,1077.44,1914.72,5961.51,32.0925
200,4,776.63,38216.91,46307.61,922.52,1982.50,5185.68,27.4514
200,4,669.98,33355.13,40225.41,903.96,1749.48,4216.84,31.2277
200,4,599.19,27180.73,35621.42,821.80,2103.66,5515.22,28.1563
200,4,795.16,38316.81,47917.22,713.43,2337.62,6549.37,32.7287
225,4,629.19,29754.57,37521.33,1066.94,1751.19,4948.63,31.9841
225,4,794.08,38258.00,47115.18,840.43,2353.34,5663.40,34.1435
225,4,788.42,38283.61,46751.31,751.49,2058.68,5657.53,33.1861
225,4,673.98,33432.11,40596.94,899.99,2056.64,4208.20,33.9401
225,4,859.60,41742.03,51611.69,861.30,2190.79,6817.57,32.5491
225,4,717.17,34788.25,43739.10,1084.44,2044.24,5822.16,34.0596
225,4,846.27,40964.54,50492.34,706.32,2469.72,6351.77,32.3596
225,4,639.40,30479.75,39479.20,1147.91,1785.85,6065.69,33.2954
225,4,645.67,31020.60,39439.94,1076.46,1900.34,5442.54,30.9833
225,4,715.97,34402.80,42708.92,795.51,1982.35,5528.25,32.4005
225,4,694.91,34409.86,42428.68,831.50,1926.42,5260.90,31.5179
225,4,632.77,30513.79,37690.56,865.41,1968.96,4342.40,31.2522
225,4,883.96,43954.08,52167.48,740.81,2534.77,4937.81,34.1639
225,4,597.85,27772.12,36453.64,798.08,2161.40,5722.04,29.9356
225,4,593.40,28073.41,35690.62,755.82,2166.32,4695.07,30.2472
225,4,787.70,38209.58,47188.61,874.39,2236.15,5868.49,32.0628
225,4,819.53,39092.86,48410.86,904.01,2263.86,6150.14,33.1818
225,4,774.80,37575.61,46137.57,804.13,2534.55,5223.29,33.4618
225,4,937.28,46590.66,55295.79,973.30,2564.36,5167.47,32.7590
225,4,587.31,27934.54,36406.91,848.29,1953.85,5670.23,32.7080
225,4,843.81,41325.18,50211.27,799.28,2017.00,6069.82,30.2471
225,4,700.55,32392.43,41757.50,820.91,2535.23,6008.93,31.1591
225,4,759.37,38299.21,46351.21,788.95,2070.36,5192.69,29.9650
225,4,681.89,32749.34,41044.88,921.59,2196.81,5177.15,33.1812
225,4,679.06,31992.77,40213.23,624.85,2296.33,5299.29,30.8172
225,4,733.34,36021.42,44675.75,924.73,2190.43,5539.17,30.4955
225,4,807.83,39330.02,48163.09,818.49,2476.69,5537.88,32.1197
225,4,632.60,29996.58,38507.93,990.38,1954.12,5566.85,30.1419
225,4,817.91,39202.86,48153.99,834.31,2474.62,5642.20,32.4115
225,4,898.16,43998.58,53120.67,835.98,2499.52,5786.59,33.6558
225,4,671.27,31763.16,40214.53,894.64,2302.14,5254.59,31.4930
225,4,761.06,37651.59,46040.41,979.22,1908.10,5501.50,32.7967
225,4,666.57,30931.23,39870.87,835.88,2117.57,5986.18,32.6330
225,4,849.67,41833.20,50831.10,981.41,2356.96,5659.53,32.3447
225,4,668.87,31319.54,40590.34,870.85,2111.67,6288.28,31.6510
225,4,570.18,28169.99,35199.03,800.25,1865.01,4363.77,32.5029
225,4,957.18,47313.95,56169.58,811.65,2195.24,5848.73,30.3770
225,4,707.72,33463.46,41484.26,737.45,2501.05,4782.31,30.7866
225,4,649.23,30799.80,38905.64,1035.03,2015.79,5055.02,30.1610
225,4,681.13,32731.28,41000.37,1134.52,2305.15,4829.41,31.9277
225,4,697.35,33796.76,41775.16,848.97,1953.71,5175.72,32.6638
225,4,647.38,32363.64,39212.78,776.69,1861.56,4210.88,32.8873
225,4,820.23,38072.84,48433.11,1147.14,2252.24,6960.89,31.9198
225,4,741.55,36514.86,44301.07,661.44,2137.93,4986.84,32.7658
225,4,568.11,26673.12,34078.68,1016.43,2066.28,4322.86,31.4132
225,4,740.59,34529.43,44108.68,742.62,2469.00,6367.63,30.8858
225,4,644.41,31143.41,38310.02,601.90,2192.90,4371.81,31.5910
225,4,786.98,38671.66,47537.37,725.97,2096.13,6043.61,31.7920
225,4,986.16,48644.41,58275.35,1040.99,2725.80,5864.15,32.1036
225,4,519.33,24339.65,31824.10,804.33,1792.99,4887.13,29.5273
225,4,778.43,37342.04,45948.86,843.84,2496.63,5266.35,31.8339
225,4,699.61,34461.29,42709.22,781.48,2069.12,5397.34,32.8855
225,4,858.25,42118.18,50840.23,834.99,2744.75,5142.31,30.8492
225,4,813.49,40718.39,48777.05,538.44,2100.70,5419.52,32.9806
225,4,706.77,33445.27,42184.64,861.08,2343.60,5534.68,31.4442
225,4,692.17,33117.46,41600.64,928.21,2403.23,5151.75,32.8030
225,4,802.73,38531.68,48163.40,1260.96,2030.23,6340.54,31.5314
225,4,868.91,42387.88,51552.71,1003.61,2261.78,5899.44,31.4710
225,4,731.40,36197.13,44198.40,543.91,2301.80,5155.55,31.8302
225,4,778.01,39297.13,46917.71,571.70,1948.07,5100.81,30.8812
225,4,683.95,31620.64,41148.89,927.57,2255.02,6345.66,32.5772
225,4,776.68,37038.19,45837.05,1321.19,2025.37,5452.29,31.5156
225,4,757.45,37490.67,45166.56,840.90,2167.68,4667.31,33.4372
225,4,789.32,38121.13,46447.23,833.93,1986.34,5505.82,31.9885
225,4,826.04,39775.90,48721.06,1060.96,2284.70,5599.51,32.0765
225,4,719.91,33310.06,42232.49,855.83,2790.81,5275.78,30.9309
225,4,817.28,38989.93,47706.69,805.92,2154.79,5756.06,33.0355
225,4,815.92,40964.20,50057.62,864.57,2323.20,5905.65,31.8082
225,4,757.40,36815.32,45205.62,723.39,2091.29,5575.61,31.0037
225,4,763.32,36722.58,46089.38,574.00,2496.94,6295.85,32.5182
225,4,558.73,26503.93,34364.59,759.68,2207.24,4893.74,29.8554
225,4,678.59,32759.50,41267.86,856.56,2089.53,5562.27,31.8474
225,4,838.23,40884.56,49681.41,653.45,2084.91,6058.50,32.9939
225,4,670.71,31498.71,40012.34,1189.90,2225.63,5098.11,31.8858
225,4,758.03,36133.95,45256.94,997.37,2578.41,5547.22,31.4000
225,4,842.37,41270.08,50366.29,842.18,2534.13,5719.90,32.3777
225,4,946.34,46094.41,56181.95,1064.88,2944.50,6078.17,32.3569
225,4,692.58,33509.70,41903.54,697.83,2360.83,5335.19,32.6315
225,4,782.05,37104.42,46272.16,802.90,2546.52,5818.32,31.6021
225,4,799.04,37804.48,47202.96,861.35,2883.52,5653.61,32.9639
225,4,810.90,39233.00,47962.84,763.10,2047.80,5918.95,32.4319
225,4,733.54,36658.75,44449.34,777.70,1985.89,5027.00,31.3807
225,4,801.80,40171.22,47852.50,859.76,2171.63,4649.88,31.1659
225,4,735.89,36168.55,43896.99,1096.12,1579.24,5053.09,31.5981
225,4,707.55,35353.89,42513.24,1312.36,1680.78,4166.20,32.1561
225,4,741.88,36090.67,44296.39,837.77,2235.34,5132.62,33.6725
225,4,772.69,37061.94,45500.62,946.26,2259.44,5232.98,31.9241
225,4,766.47,37868.76,45935.53,549.81,2044.76,5472.20,32.1737
225,4,728.40,35224.80,43556.05,738.01,2049.00,5544.24,33.1232
225,4,819.10,39600.73,48633.18,569.29,2380.65,6082.51,32.0769
225,4,748.45,37030.64,46161.54,810.19,2250.58,6070.13,31.5223
225,4,865.20,40663.46,50504.70,1065.24,2451.87,6324.13,32.3103
225,4,714.34,33597.34,42399.89,841.76,2190.79,5769.99,30.4071
225,4,949.32,46307.18,55514.61,610.45,2700.69,5896.29,31.9381
225,4,604.38,29228.65,36795.52,992.79,2257.46,4316.63,30.4020
225,4,771.33,37012.48,46227.68,1295.75,1871.38,6048.07,32.0112
225,4,836.83,41328.93,49407.27,782.43,2072.33,5223.58,30.4130
225,4,705.57,34572.30,41584.51,850.08,1864.21,4297.92,31.3002
225,4,621.36,29358.80,37771.54,745.21,2031.52,5636.02,22.8872
225,4,821.01,40118.81,49657.95,630.01,2290.10,6619.03,29.8828
250,4,662.01,32030.72,39878.71,1029.70,1825.87,4992.42,34.3771
250,4,802.23,39181.93,48069.31,830.36,2345.63,5711.40,35.1324
250,4,807.30,39196.24,48119.83,1133.80,2192.95,5596.83,35.3431
250,4,715.02,35499.58,42723.32,791.89,2178.07,4253.78,34.3564
250,4,890.54,43835.58,53588.45,750.01,2194.21,6808.65,35.9419
250,4,747.04,36231.97,45066.76,871.96,2119.99,5842.84,35.5565
250,4,875.09,41845.89,51536.99,810.79,2497.20,6383.11,35.4636
250,4,673.25,31699.75,40880.04,1073.31,1876.45,6230.54,34.7284
250,4,657.19,31836.11,39886.82,744.91,1961.06,5344.74,31.3073
250,4,723.13,35908.88,44264.27,812.35,1986.46,5556.58,34.1722
250,4,711.36,35969.15,43831.94,730.92,1896.71,5235.17,33.7419
250,4,675.37,32906.70,40232.94,927.75,2078.77,4319.71,33.4499
250,4,900.31,45577.33,53521.25,570.50,2407.22,4966.22,34.9021
250,4,628.28,29593.23,38528.63,987.53,2159.76,5788.11,32.7758
250,4,597.69,28846.39,36774.82,898.85,2260.99,4768.60,32.3213
250,4,803.31,39242.67,48053.37,732.79,2230.63,5847.27,35.5534
250,4,871.83,42206.91,51952.12,902.17,2560.92,6282.13,34.9778
250,4,804.90,39426.53,48125.36,820.66,2587.81,5290.36,35.3750
250,4,977.45,48804.29,57213.50,735.60,2472.02,5201.59,33.6116
250,4,641.20,30402.15,38903.18,891.31,1935.56,5674.16,33.9144
250,4,866.04,42313.75,50942.94,612.45,1938.22,6078.52,33.9870
250,4,723.11,34266.27,43635.32,770.64,2517.89,6080.51,32.8318
250,4,791.49,39425.77,47330.11,543.11,2173.23,5188.00,34.1179
250,4,708.58,33628.76,41954.41,974.42,2095.92,5255.31,33.1684
250,4,703.54,33884.25,42240.02,761.14,2265.45,5329.18,32.9746
250,4,776.74,37107.09,46052.58,1000.19,2285.15,5660.15,33.7969
250,4,827.54,41038.03,49840.98,837.55,2377.78,5587.61,35.5347
250,4,671.49,31838.74,40290.40,937.18,1937.71,5576.77,33.5818
250,4,848.11,40490.79,49775.42,1112.32,2495.97,5676.33,32.3548
250,4,926.80,45349.13,54757.77,884.22,2651.39,5873.04,33.9059
250,4,693.06,32824.33,41517.42,978.30,2395.52,5319.27,31.6480
250,4,799.43,39396.80,48063.00,1006.81,2073.47,5585.93,31.8509
250,4,665.19,31463.69,40620.31,976.82,2251.15,5928.65,34.0119
250,4,886.63,43071.40,52446.85,1069.07,2665.13,5641.25,34.1017
250,4,692.55,32642.61,42262.79,947.47,2364.09,6308.62,33.8245
250,4,600.98,29360.62,36824.90,956.21,2032.46,4475.60,32.7850
250,4,986.08,50183.80,58943.48,692.39,2147.30,5919.98,33.2875
250,4,713.00,34077.09,42187.96,691.96,2611.65,4807.26,33.3390
250,4,683.95,33595.30,41519.08,674.82,2021.40,5227.55,34.7801
250,4,692.14,33762.89,41709.28,819.77,2321.98,4804.64,34.5255
250,4,728.07,36008.18,43979.34,805.33,1954.00,5211.84,33.3732
250,4,678.48,33781.07,40694.78,768.20,1964.08,4181.42,33.9697
250,4,840.09,39637.94,49817.07,785.47,2394.83,6998.83,31.0259
250,4,760.32,37791.04,45720.10,776.25,2177.85,4974.96,32.4678
250,4,548.53,26390.01,33933.56,1098.06,2038.58,4406.92,32.4702
250,4,757.53,35620.20,45179.47,741.96,2397.24,6420.07,33.2258
250,4,677.03,32956.39,40287.26,780.57,2170.44,4379.86,32.3955
250,4,810.19,41009.53,49855.77,642.73,2107.74,6095.78,34.3948
250,4,1019.24,51032.21,60610.50,887.10,2796.11,5895.08,35.8034
250,4,526.02,25577.87,32948.73,659.40,1808.47,4902.98,31.6034
250,4,778.82,37814.00,46525.39,926.82,2495.47,5289.10,35.1601
250,4,710.77,35190.48,43575.10,771.69,2119.25,5493.68,34.6544
250,4,889.74,43304.12,52047.70,828.53,2667.85,5247.20,34.9602
250,4,836.26,42062.08,50223.17,707.89,2021.39,5431.81,35.0068
250,4,722.88,34563.14,43395.49,974.03,2325.62,5532.70,32.9232
250,4,719.35,35014.05,43220.34,847.51,2263.81,5094.96,33.9901
250,4,826.42,39321.34,49097.98,1484.71,2004.54,6287.39,33.4348
250,4,893.25,44117.35,53245.89,906.57,2274.08,5947.88,35.6393
250,4,739.40,36272.20,44527.69,870.25,2170.92,5214.33,33.1286
250,4,788.09,39872.71,47572.74,763.07,1865.88,5071.07,32.8255
250,4,711.60,33630.21,43109.81,748.93,2228.49,6502.17,32.9095
250,4,804.57,39236.35,48016.72,1089.52,2109.62,5581.24,31.1816
250,4,785.05,39210.98,47153.53,912.03,2323.81,4706.70,34.2317
250,4,839.25,41414.69,50042.00,864.56,2081.17,5681.58,32.4961
250,4,817.11,40864.07,49711.93,1180.84,2064.58,5602.44,33.6318
250,4,748.32,35274.38,44075.40,831.52,2594.44,5375.06,32.8027
250,4,854.96,41523.89,50250.39,671.49,2219.13,5835.88,32.9540
250,4,845.77,41811.28,50811.52,735.01,2298.85,5966.39,34.8974
250,4,796.58,38848.60,47218.85,462.56,2294.91,5612.77,33.3237
250,4,780.76,37924.56,47543.44,744.02,2508.49,6366.37,35.6238
250,4,576.19,26840.25,34837.31,826.09,2283.75,4887.22,32.6814
250,4,711.94,34179.42,42561.88,749.52,2093.21,5539.72,31.3678
250,4,876.10,42487.01,51535.18,731.41,2158.23,6158.52,32.7385
250,4,701.32,33500.10,42105.36,1151.32,2325.39,5128.55,31.9059
250,4,791.32,38249.58,47348.19,849.58,2646.85,5602.17,33.0581
250,4,883.88,43603.01,52676.91,879.80,2529.11,5665.00,33.9947
250,4,963.55,46925.92,56996.31,1155.28,2835.96,6079.14,34.9057
250,4,711.71,34765.05,42991.38,773.87,2152.06,5300.41,32.9310
250,4,836.17,40258.52,49667.79,809.92,2657.18,5942.17,33.0442
250,4,819.72,39504.88,48888.05,758.67,2915.98,5708.52,33.0336
250,4,817.90,40109.39,48737.21,773.97,1931.63,5922.23,33.8325
250,4,787.10,38669.31,46711.23,717.04,2181.92,5142.96,34.3631
250,4,850.57,42745.64,50569.35,846.92,2251.44,4725.35,33.4990
250,4,771.01,37356.93,45373.03,1142.18,1750.43,5123.49,33.0705
250,4,751.16,37611.53,44686.85,1043.53,1773.42,4258.36,31.5691
250,4,762.14,37621.35,45706.21,670.88,2240.80,5173.19,33.2482
250,4,806.06,39511.30,47728.52,651.08,2288.87,5277.26,34.2274
250,4,787.61,39419.33,47598.72,583.82,2058.60,5536.98,33.5874
250,4,760.20,37199.06,45638.47,772.56,2028.69,5638.16,34.9395
250,4,875.25,41761.02,51066.58,806.19,2281.09,6218.29,31.7772
250,4,776.64,38284.72,47679.95,1037.38,2246.67,6111.19,34.9785
250,4,919.15,43628.36,53493.38,924.25,2573.42,6367.34,34.8183
250,4,723.99,35143.34,43757.97,715.43,2088.80,5810.41,32.7808
250,4,994.87,48223.00,57723.89,711.72,2803.74,5985.44,34.5664
250,4,612.30,29429.80,36936.61,970.51,2153.87,4382.43,30.0150
250,4,803.78,38057.02,47564.34,1267.77,2076.16,6163.39,34.6236
250,4,865.78,43459.62,51661.13,838.40,2027.61,5335.50,29.3571
250,4,729.18,36450.17,43530.25,780.18,1932.09,4367.82,31.5420
250,4,634.44,30626.45,39023.28,629.26,2092.12,5675.45,23.5069
250,4,867.19,42013.28,51510.80,717.51,2140.46,6639.55,25.3389
275,4,674.21,32985.05,40654.79,890.08,1743.79,5035.87,36.7693
275,4,825.75,40331.46,49356.58,1085.70,2235.08,5704.34,37.9213
275,4,849.63,41676.18,50345.96,799.57,2227.29,5642.92,37.7399
275,4,740.26,38022.77,45054.69,609.75,2142.91,4279.26,37.2942
275,4,921.73,45351.02,55108.95,705.91,2177.86,6874.18,37.3478
275,4,772.64,38122.79,46919.63,755.35,2153.21,5888.27,39.6767
275,4,892.87,43079.13,52898.74,896.65,2499.10,6423.85,38.7569
275,4,698.78,32184.17,41530.39,1158.97,1905.31,6281.94,37.9975
275,4,700.75,34407.80,42811.36,791.20,1998.16,5614.19,34.1298
275,4,745.31,36747.13,44990.55,772.20,1910.31,5560.92,35.7242
275,4,766.92,38057.43,46293.23,972.42,1918.74,5344.64,36.5461
275,4,677.05,32484.87,39897.07,1015.26,2121.89,4275.05,34.9834
275,4,935.71,47372.27,55298.13,582.73,2320.52,5022.61,37.6722
275,4,642.57,31148.45,40007.01,637.79,2332.53,5888.24,35.8535
275,4,616.63,29346.82,37196.41,764.01,2279.35,4806.22,34.7185
275,4,841.78,41336.73,50450.71,828.87,2360.29,5924.81,36.8496
275,4,890.02,44166.71,53817.59,887.45,2492.62,6270.80,39.1963
275,4,825.69,41217.80,49703.85,639.32,2488.05,5358.67,38.3833
275,4,1008.14,50843.33,59438.31,885.02,2473.45,5236.51,37.0169
275,4,629.36,30058.93,38765.43,1021.56,1989.27,5695.67,37.0031
275,4,915.45,45377.84,54478.14,767.57,2119.93,6212.81,36.9611
275,4,747.97,35831.38,45059.85,618.66,2457.07,6152.74,35.5200
275,4,826.81,41866.14,50018.29,676.85,2147.72,5327.59,37.1773
275,4,714.37,34107.23,42636.26,1110.10,2146.93,5272.00,37.0264
275,4,725.41,34933.12,43190.26,613.47,2255.43,5388.24,34.1881
275,4,781.49,38710.98,47508.84,888.09,2205.69,5704.08,35.1701
275,4,843.99,41797.12,50989.94,1126.71,2429.96,5636.14,36.7928
275,4,690.96,32988.70,41533.17,1024.17,1914.12,5606.18,35.3860
275,4,884.53,42996.25,52401.71,1125.62,2522.08,5757.75,37.6144
275,4,963.43,46627.14,56120.76,744.34,2814.40,5934.89,37.7458
275,4,717.74,34250.18,42899.81,877.20,2369.49,5402.95,34.6950
275,4,825.33,40743.08,49310.09,954.19,2013.13,5599.69,35.9336
275,4,680.27,32887.37,41861.34,958.58,2018.78,5996.61,36.3331
275,4,920.72,45053.82,54408.10,1110.47,2517.95,5725.86,35.6676
275,4,722.75,33920.18,43504.33,773.28,2343.78,6467.08,36.1098
275,4,615.47,30287.36,37444.16,760.81,2009.44,4386.55,35.5975
275,4,1012.80,51076.50,59792.42,687.59,2097.99,5930.34,33.7592
275,4,733.76,35754.36,44047.13,700.11,2773.46,4819.20,36.5101
275,4,688.41,33959.29,41942.35,854.97,1946.10,5181.98,35.8779
275,4,720.54,35685.66,43668.26,828.88,2318.28,4835.45,36.6011
275,4,730.00,36649.50,44519.70,807.18,1942.64,5120.38,36.4808
275,4,715.94,35908.82,42778.13,569.20,2036.05,4264.06,35.7312
275,4,885.84,42341.84,52567.40,611.50,2523.29,7090.77,36.2497
275,4,783.95,38956.96,46875.47,668.97,2216.13,5033.40,36.8549
275,4,612.35,28913.83,36991.47,1340.39,2253.84,4483.41,35.8700
275,4,788.26,37866.34,47558.33,703.56,2507.83,6480.59,37.6644
275,4,702.07,34586.01,42017.51,875.43,2158.84,4397.23,35.7893
275,4,830.60,42156.67,51071.18,677.61,2068.90,6168.00,37.5368
275,4,1064.21,52567.42,62136.84,861.69,2788.96,5918.77,37.7830
275,4,542.33,26344.91,33672.74,734.36,1676.25,4917.22,33.9803
275,4,825.82,41233.26,49938.59,723.69,2617.70,5363.95,36.9356
275,4,760.33,37908.65,46244.75,529.76,2298.73,5507.61,36.2123
275,4,926.88,45784.64,54810.04,1072.80,2707.37,5245.24,35.4867
275,4,875.53,43355.17,51929.49,774.59,2281.56,5518.17,39.1589
275,4,758.13,36422.79,45328.39,1098.04,2324.55,5483.02,35.3645
275,4,740.03,36655.82,44799.29,631.40,2415.85,5096.21,38.4693
275,4,876.50,41936.24,52047.60,1503.62,2177.80,6429.94,36.5400
275,4,895.33,45008.41,54243.02,1192.76,2127.09,5914.77,38.8920
275,4,768.73,38279.77,46730.51,987.81,2220.86,5242.07,34.5291
275,4,839.33,42460.69,50098.65,661.52,1837.29,5139.15,37.1659
275,4,730.56,35030.56,44357.22,759.53,2120.05,6447.08,35.3476
275,4,819.05,39258.24,48108.38,1197.80,2053.38,5598.96,35.3631
275,4,800.93,39822.70,47550.96,968.86,2111.76,4647.64,35.4455
275,4,877.13,43867.15,52644.19,881.70,2169.09,5726.25,36.1885
275,4,868.27,42827.00,51672.57,990.10,2133.43,5722.05,36.2046
275,4,776.34,37303.62,46441.18,851.14,2887.62,5398.80,36.9392
275,4,874.18,42481.58,51542.89,923.59,2234.92,5902.80,38.2617
275,4,892.01,43846.16,53185.33,866.71,2383.02,6089.44,38.5824
275,4,803.15,40535.92,48725.49,573.79,2023.88,5591.89,36.7838
275,4,797.17,38753.93,48345.05,807.73,2401.74,6381.65,37.4165
275,4,582.24,28089.44,35967.70,814.86,2190.24,4873.17,34.2597
275,4,742.47,35034.55,43995.51,953.91,2342.14,5664.91,36.8273
275,4,903.20,44252.93,53392.39,731.91,2217.14,6190.40,36.0417
275,4,717.82,34265.53,42848.89,1092.82,2343.57,5146.97,35.9339
275,4,803.28,38426.46,47569.11,879.03,2637.46,5626.16,34.5300
275,4,914.70,45207.34,54211.11,582.50,2643.01,5778.26,37.7386
275,4,1004.52,49615.30,59796.68,1165.51,2902.38,6113.50,38.5813
275,4,735.49,36612.19,45004.08,768.05,2279.84,5344.00,33.8200
275,4,862.43,42002.88,51381.97,645.19,2759.33,5974.57,36.1136
275,4,845.05,41369.74,50854.76,682.02,3038.69,5764.31,36.6413
275,4,831.18,41068.65,49921.45,900.21,1971.51,5981.08,36.5691
275,4,815.76,40994.21,48756.22,666.73,1959.61,5135.67,37.1425
275,4,877.27,43749.10,51814.66,1013.33,2263.02,4789.21,34.3466
275,4,785.19,38759.13,46750.74,1178.75,1623.34,5189.50,34.5879
275,4,763.03,38392.31,45713.75,1272.29,1835.18,4213.98,36.1998
275,4,800.63,39284.43,47937.06,1050.45,2378.50,5223.68,38.1486
275,4,834.48,41619.55,49880.31,646.84,2226.63,5387.29,35.9600
275,4,794.50,40232.15,48583.62,712.92,2068.58,5569.96,35.0466
275,4,790.98,38459.42,47105.72,912.80,2131.02,5602.49,38.4467
275,4,896.08,43801.13,53155.47,703.86,2443.75,6206.74,37.5176
275,4,812.86,39105.61,48913.45,1327.69,2313.36,6166.79,36.3303
275,4,936.86,44777.91,54699.06,950.77,2512.69,6457.69,37.8704
275,4,756.04,36657.72,45739.66,823.99,2299.70,5958.25,35.7794
275,4,1028.86,50696.19,60208.41,606.33,2862.73,6043.16,35.1807
275,4,628.40,31080.94,38418.47,942.17,2091.16,4304.20,33.4942
275,4,820.29,39756.00,49206.78,1278.15,1992.21,6180.42,37.0163
275,4,893.18,44337.53,52602.40,1089.47,1870.26,5305.15,30.6583
275,4,769.60,38702.26,45845.75,794.06,1891.41,4458.01,34.9524
275,4,662.62,31289.80,39962.87,930.27,2082.38,5660.43,26.6088
275,4,893.06,43400.75,52942.05,697.40,2262.65,6581.25,35.2329
300,4,683.37,33808.42,41738.20,1077.78,1806.36,5045.65,38.5395
300,4,841.95,41289.35,50622.94,1176.21,2381.70,5775.68,40.2760
300,4,862.44,43167.21,52003.26,897.46,2323.41,5615.18,39.8089
300,4,759.21,38402.64,45868.23,906.56,2255.62,4303.41,40.1231
300,4,957.58,47912.04,57882.74,695.32,2434.30,6841.07,39.9184
300,4,806.11,39910.13,49095.80,972.31,2244.87,5968.49,41.7224
300,4,929.59,45416.75,55282.03,954.46,2475.23,6435.60,40.3291
300,4,721.45,35091.78,44236.19,896.08,1897.28,6351.05,39.6489
300,4,713.67,35621.95,43737.52,673.30,1863.20,5579.08,36.1015
300,4,790.17,39136.70,47381.26,562.28,2032.73,5649.55,38.3491
300,4,760.67,39171.27,47276.12,829.57,1873.60,5401.68,39.7259
300,4,712.70,35647.17,43003.83,774.64,2136.32,4445.70,37.8472
300,4,967.68,48992.83,57085.91,591.64,2523.66,4977.78,40.2619
300,4,679.88,31641.62,41009.94,995.45,2438.57,5934.30,35.5721
300,4,622.41,30228.26,38200.76,1026.08,2189.44,4756.98,35.0515
300,4,868.64,42586.65,51658.05,707.76,2340.96,6022.69,38.3181
300,4,915.25,45535.78,55382.96,957.56,2573.54,6316.08,40.8926
300,4,854.15,41909.55,50402.33,718.55,2420.74,5353.49,41.1640
300,4,1048.42,53742.18,62195.83,647.82,2514.72,5291.11,38.2965
300,4,662.04,31197.80,40035.74,1073.68,1983.68,5780.58,39.9935
300,4,927.10,46230.78,55515.81,881.07,2165.49,6238.48,37.7884
300,4,773.75,36909.19,46257.25,576.90,2614.04,6157.10,38.0373
300,4,819.79,41579.41,49566.52,786.98,1956.19,5243.93,39.2698
300,4,763.29,36761.37,45212.97,704.33,2391.26,5356.01,38.4584
300,4,735.73,35657.91,43872.57,631.73,2180.36,5402.58,36.6887
300,4,804.02,39542.29,48462.02,965.02,2321.18,5633.53,35.8482
300,4,886.13,43620.87,52902.58,1172.84,2413.14,5695.72,39.7157
300,4,703.42,33610.35,42139.98,1054.59,1878.25,5596.78,38.2286
300,4,917.01,45247.47,54387.20,866.96,2496.24,5776.53,38.0154
300,4,999.56,49158.70,58638.50,800.76,2668.80,6010.25,39.5285
300,4,736.39,35427.47,44391.94,1016.29,2547.08,5401.11,36.7979
300,4,836.64,42092.44,50756.80,1007.75,1999.61,5657.00,37.2898
300,4,697.82,33839.19,42720.26,851.53,2117.68,5911.86,35.9147
300,4,945.85,46761.34,56396.82,1265.60,2580.51,5789.36,39.7332
300,4,744.50,35653.22,45164.11,785.79,2309.28,6415.82,37.3591
300,4,632.15,31941.47,39133.89,772.64,1909.58,4510.19,36.6682
300,4,1049.02,52527.73,61517.08,801.79,2170.71,6016.85,36.3759
300,4,750.96,36468.38,44657.18,697.13,2653.36,4838.31,37.3778
300,4,691.19,34327.45,42615.71,1107.65,2019.93,5160.69,36.8216
300,4,735.17,36519.92,44581.59,914.03,2250.02,4897.62,39.2054
300,4,772.70,37889.81,46274.34,1015.74,2053.37,5315.43,38.4189
300,4,729.30,37095.16,44187.15,864.63,1968.05,4259.31,38.7308
300,4,885.09,42547.92,52984.83,1002.95,2409.50,7024.46,37.0406
300,4,810.46,40275.77,48653.81,954.42,2347.72,5075.90,38.4624
300,4,626.08,30274.11,37959.33,1067.25,2173.94,4444.02,37.5694
300,4,793.01,38043.01,47685.49,869.75,2297.14,6475.60,38.0175
300,4,720.88,35563.33,43018.41,866.03,2166.89,4422.16,37.4186
300,4,867.48,43720.53,52819.24,742.49,2208.76,6147.45,39.3137
300,4,1087.21,54180.70,64050.05,1095.94,2767.35,6006.06,38.4566
300,4,565.67,26730.40,34503.76,845.45,1874.78,5053.13,34.7579
300,4,845.81,42477.53,51208.32,773.31,2569.50,5387.98,38.6139
300,4,768.80,37724.29,46224.73,704.32,2260.87,5535.26,36.8402
300,4,955.61,47212.53,56162.53,898.11,2739.19,5312.70,40.3697
300,4,900.89,44865.61,53275.48,675.29,2226.41,5508.18,39.9312
300,4,788.02,37851.74,47149.56,1167.96,2478.34,5651.52,37.8963
300,4,784.22,38448.08,46874.47,719.35,2460.36,5246.68,38.0644
300,4,887.79,43900.81,53666.11,1317.01,2035.61,6412.67,39.0792
300,4,947.76,46766.90,56203.57,1330.39,2134.23,5972.05,39.8970
300,4,793.06,39287.81,47709.61,838.24,2347.39,5236.17,37.6750
300,4,843.10,43428.05,51318.61,755.31,1905.00,5230.25,37.8685
300,4,746.35,35513.47,44954.88,814.31,2244.52,6382.58,35.7284
300,4,857.24,41792.65,50796.17,1216.46,2189.65,5597.40,36.9298
300,4,834.85,41908.85,49887.30,991.62,2239.98,4746.85,38.0712
300,4,882.49,44114.95,52885.89,1087.78,1945.49,5737.67,36.8009
300,4,886.96,43949.79,52988.99,1102.94,2193.38,5742.89,38.6676
300,4,797.21,38589.50,47751.89,800.55,2931.24,5430.60,37.9875
300,4,892.61,43833.64,52815.45,930.47,2148.02,5903.32,39.5236
300,4,907.22,45315.75,54371.05,707.50,2284.23,6063.56,39.0099
300,4,825.02,41855.17,50137.95,532.52,2145.63,5604.63,37.5183
300,4,814.45,39947.73,49574.39,830.53,2377.09,6419.04,38.8357
300,4,597.81,28821.32,36871.56,868.51,2229.49,4952.25,38.1986
300,4,780.39,36667.11,45807.40,1043.03,2374.16,5723.10,35.9225
300,4,913.01,44791.92,53822.70,772.64,2044.34,6213.80,38.3300
300,4,740.77,35640.83,44491.18,1262.00,2387.25,5201.10,35.1431
300,4,846.49,40790.42,50235.93,1058.24,2654.39,5732.87,35.8381
300,4,923.12,45853.30,55340.03,1117.13,2656.50,5713.10,38.2683
300,4,1024.40,50332.71,60672.21,1261.05,2962.39,6116.05,41.4197
300,4,772.75,38559.26,47089.32,757.20,2376.72,5396.13,38.3464
300,4,885.66,43758.87,53316.35,774.41,2730.71,6052.36,38.8240
300,4,867.18,42503.10,52149.20,934.87,2928.60,5782.64,38.0273
300,4,888.10,43563.77,52527.95,878.13,2055.87,6030.17,35.3131
300,4,831.48,41318.97,49314.12,767.85,2051.69,5175.61,39.3545
300,4,879.33,44315.61,52503.92,1109.70,2261.16,4817.45,38.9342
300,4,809.85,39808.75,47976.44,1312.69,1613.24,5241.75,37.5086
300,4,785.03,40002.76,47164.78,1090.83,1781.23,4289.96,36.8761
300,4,826.52,40523.14,49363.59,1087.61,2501.49,5251.36,38.8245
300,4,867.79,43048.80,51628.32,813.67,2377.66,5388.19,37.9615
300,4,826.86,42053.93,50286.29,677.15,2028.25,5526.95,35.7595
300,4,800.81,39782.47,48212.98,655.90,2197.61,5577.01,39.2331
300,4,910.15,44733.11,54182.48,709.56,2520.68,6219.13,32.7657
300,4,852.13,41602.57,51413.84,1078.79,2534.46,6198.03,37.3396
300,4,995.89,48321.47,58263.39,751.99,2630.33,6559.61,38.6582
300,4,794.45,39251.85,48513.83,764.39,2432.54,6065.05,37.6766
300,4,1055.25,52214.71,61717.45,580.35,2829.25,6093.14,37.4944
300,4,647.23,31795.42,39442.48,1163.01,2161.85,4322.21,34.4136
300,4,840.28,40500.91,50197.24,1499.07,1979.51,6217.76,37.6896
300,4,887.36,44977.60,53239.54,981.87,1985.10,5294.97,30.1349
300,4,776.28,39547.92,46595.95,752.45,1832.38,4463.21,35.1790
300,4,669.77,32098.78,40551.36,710.08,2100.92,5641.59,26.4216
300,4,913.95,44590.28,54463.06,848.83,2363.39,6660.56,28.2129
325,4,722.94,35556.41,43548.87,992.68,1873.90,5125.88,40.2870
325,4,871.43,43469.67,52383.24,785.52,2335.06,5792.99,43.1788
325,4,903.77,44581.45,53673.72,896.14,2414.36,5781.76,43.2665
325,4,799.88,40636.37,47877.09,836.42,2094.86,4309.44,43.1407
325,4,970.42,49291.77,59263.52,770.53,2360.61,6840.61,41.4047
325,4,818.49,40707.10,50039.02,1033.36,2273.25,6025.32,43.2387
325,4,933.20,46126.48,56079.86,884.70,2550.71,6517.97,40.9652
325,4,771.42,37046.37,46682.99,1209.99,2046.54,6380.08,42.8564
325,4,718.77,36147.77,44442.79,761.11,1908.11,5625.80,37.5976
325,4,808.19,40659.11,49054.60,561.66,2142.78,5691.05,39.2235
325,4,791.90,39466.25,47893.30,861.75,2147.99,5417.33,38.5491
325,4,723.30,36887.84,44264.49,734.19,2251.17,4391.30,38.2354
325,4,983.80,50710.44,58975.29,675.65,2514.70,5074.50,40.9330
325,4,691.54,33346.17,42799.20,915.57,2559.44,5978.03,36.8327
325,4,637.47,30889.90,38770.40,894.59,2157.39,4828.52,37.8708
325,4,890.31,44028.81,52983.43,548.94,2411.33,5994.34,43.1237
325,4,944.07,46697.60,56662.84,914.84,2689.17,6361.22,43.0896
325,4,857.16,42281.65,50719.13,704.53,2422.58,5310.37,44.1644
325,4,1076.41,54796.86,63662.97,891.65,2668.86,5305.59,43.8679
325,4,690.93,33615.60,42396.62,741.98,2132.20,5906.84,42.4549
325,4,963.68,48437.77,57523.56,712.62,2114.96,6258.21,39.5421
325,4,775.23,37439.32,47025.37,916.73,2534.16,6135.16,39.2774
325,4,877.94,44647.48,52813.83,618.21,2163.69,5384.45,43.0783
325,4,764.70,37399.01,45934.48,960.42,2248.53,5326.52,39.9937
325,4,754.38,37357.58,45624.86,478.78,2353.19,5435.31,38.3910
325,4,816.16,40200.27,49060.66,953.78,2251.94,5654.67,37.0616
325,4,907.82,45075.58,54363.81,1181.59,2373.04,5733.61,41.4978
325,4,699.92,33908.94,42728.63,1260.22,1866.99,5692.48,39.7546
325,4,932.77,46100.01,55336.95,897.04,2523.80,5816.11,39.4533
325,4,1027.24,51266.45,60832.70,827.56,2677.68,6061.00,42.5247
325,4,763.62,36797.69,45800.86,1047.67,2512.41,5443.09,40.6146
325,4,863.00,42960.97,51692.86,1001.00,2023.55,5707.34,40.3811
325,4,743.69,35521.75,44781.97,897.36,2264.24,6098.63,39.2148
325,4,986.39,48608.07,58095.02,1021.07,2625.96,5839.92,40.0564
325,4,762.16,36599.97,46240.50,720.75,2431.67,6488.11,39.3998
325,4,652.22,32684.00,40107.63,902.18,2043.91,4477.54,38.1272
325,4,1084.41,55644.19,64536.85,690.16,2173.60,6028.91,38.1618
325,4,774.53,38846.33,47175.96,766.20,2672.71,4890.72,40.8229
325,4,741.46,36059.83,44718.55,1205.39,2185.44,5267.89,40.3355
325,4,755.30,37046.46,45178.85,903.55,2336.38,4892.47,41.5686
325,4,787.94,39376.28,47709.89,857.65,2114.17,5361.79,39.8745
325,4,753.26,38059.91,45209.84,840.69,2048.70,4260.54,39.7034
325,4,918.63,44753.58,55093.20,916.88,2332.90,7089.84,42.3793
325,4,823.02,41589.73,49736.27,732.88,2348.28,5065.38,40.5425
325,4,628.95,30905.36,38977.77,1318.16,2244.58,4509.66,36.7661
325,4,822.18,39971.91,49847.10,588.03,2725.08,6562.07,39.8073
325,4,746.15,37111.37,44694.02,822.40,2254.97,4505.28,40.6576
325,4,894.46,44791.41,53874.75,699.09,2244.93,6139.32,43.0836
325,4,1125.12,57260.50,66999.56,768.34,2946.08,6024.64,42.4255
325,4,577.07,28475.54,35837.19,665.39,1694.24,5002.03,36.1525
325,4,876.69,43452.40,52371.76,793.84,2702.61,5422.91,40.9032
325,4,781.94,39353.22,47857.11,784.11,2086.28,5633.49,42.0778
325,4,978.98,48347.81,57500.22,1104.16,2693.03,5355.22,41.2269
325,4,936.87,47647.67,56205.34,694.59,2277.85,5585.23,43.0527
325,4,795.26,38659.30,47854.12,1089.50,2447.88,5657.45,41.0216
325,4,788.76,38827.99,47218.03,824.72,2344.32,5221.00,41.0476
325,4,916.77,44487.23,54554.33,1433.99,2080.00,6553.10,40.6719
325,4,1004.91,49506.18,59190.10,1183.98,2372.38,6127.56,44.2053
325,4,806.60,40177.42,48550.72,727.93,2368.99,5276.38,36.8267
325,4,874.42,44869.33,52715.97,677.72,1936.67,5232.24,40.1505
325,4,771.81,37187.11,46964.41,867.53,2321.13,6588.65,40.2807
325,4,858.55,41762.01,50835.66,1418.10,2065.21,5590.34,37.9764
325,4,855.74,43360.58,51596.85,1006.36,2394.31,4835.60,40.1906
325,4,926.69,46557.56,55527.88,937.98,2184.59,5847.74,41.1602
325,4,903.61,45099.98,54160.21,1072.48,2196.36,5791.40,41.3898
325,4,805.54,39373.13,48194.35,746.47,2710.91,5363.85,40.3738
325,4,928.07,45987.30,55209.78,976.57,2279.17,5966.73,37.9185
325,4,921.38,46532.38,55831.09,835.28,2338.12,6125.32,41.6927
325,4,862.37,43402.96,51968.95,601.87,2291.62,5672.51,39.9023
325,4,857.12,42457.55,52249.98,762.21,2589.88,6440.34,42.3365
325,4,622.78,29834.98,38059.68,845.41,2314.99,5064.30,37.8208
325,4,794.29,38073.99,47261.35,1054.04,2368.11,5765.20,38.8237
325,4,956.06,47085.46,56144.04,631.54,2110.80,6316.23,42.7746
325,4,755.80,36103.89,45045.79,1388.16,2352.21,5201.53,38.8228
325,4,875.33,42826.12,51937.59,771.04,2631.10,5709.34,37.9354
325,4,969.48,48057.02,57208.21,708.42,2609.15,5833.63,44.1647
325,4,1066.42,52461.70,63118.66,1437.27,3071.15,6148.54,44.1194
325,4,779.21,38976.51,47383.30,668.81,2301.28,5436.70,40.8437
325,4,896.03,44383.22,53888.06,832.75,2624.86,6047.22,38.8236
325,4,905.98,44418.56,54099.41,873.36,2935.92,5871.58,43.5758
325,4,889.36,44088.60,53163.46,1029.76,1999.73,6045.36,38.7652
325,4,843.76,42903.00,50834.10,671.18,2077.32,5182.60,40.4209
325,4,917.42,46422.25,54421.98,847.92,2332.96,4818.85,41.5968
325,4,845.73,42557.95,50928.32,1375.65,1736.88,5257.84,40.0426
325,4,807.73,42197.73,49671.15,1297.48,1864.69,4311.25,41.8307
325,4,822.90,40767.79,49382.23,976.98,2400.54,5236.92,43.2023
325,4,888.62,44252.55,53007.18,867.79,2420.25,5466.58,40.7012
325,4,859.70,43711.79,52060.77,649.17,2101.57,5598.23,39.8025
325,4,842.67,42065.85,50741.15,630.99,2280.16,5764.15,41.6630
325,4,929.20,46342.72,55815.68,775.23,2389.11,6308.62,41.6158
325,4,885.74,43534.42,53262.43,865.97,2526.12,6335.92,40.2254
325,4,1007.13,48789.44,58601.93,750.37,2587.27,6474.85,42.0161
325,4,830.08,41074.68,50161.36,602.45,2420.65,6063.59,40.8052
325,4,1091.23,53978.22,63903.76,869.75,2881.02,6174.77,42.4714
325,4,681.27,33153.48,40897.53,1068.58,2245.94,4429.53,39.1257
325,4,856.97,42318.03,51665.43,1212.59,1927.80,6207.01,40.9594
325,4,945.26,48546.70,56614.01,706.33,1975.71,5385.28,34.3323
325,4,799.26,40158.04,47684.91,1191.80,1940.85,4394.21,39.5466
325,4,686.18,33122.11,41736.39,780.91,2203.99,5629.37,33.3301
325,4,948.92,46757.04,56659.00,796.98,2397.86,6707.12,41.0720
350,4,714.76,36244.67,43952.38,857.05,1794.03,5056.64,41.5102
350,4,882.39,44000.69,52991.31,1019.04,2214.45,5757.13,44.6326
350,4,923.79,46407.94,55348.58,837.04,2295.16,5808.45,46.0452
350,4,810.85,41782.90,49098.37,772.99,2135.71,4406.77,43.9677
350,4,1003.60,50021.82,60086.59,608.22,2523.02,6933.54,42.8318
350,4,855.06,43004.87,52087.32,908.45,2124.83,6049.17,46.7465
350,4,959.34,47464.45,57549.87,1072.30,2491.45,6521.67,45.8520
350,4,762.23,36773.27,46319.69,1164.78,2006.10,6375.55,44.3740
350,4,728.59,36286.77,44378.58,674.44,1839.21,5578.16,40.0370
350,4,831.64,41781.19,50292.40,624.02,2100.76,5786.43,43.1570
350,4,802.28,40066.93,48328.13,872.83,1962.59,5425.79,42.5015
350,4,757.19,38616.51,46229.63,852.86,2311.03,4449.24,38.8206
350,4,998.18,51007.52,59286.25,630.01,2589.27,5059.44,42.7133
350,4,706.53,34384.53,43467.19,828.99,2335.78,5917.90,41.4868
350,4,657.02,32442.80,40159.69,746.63,2164.40,4805.86,40.4129
350,4,904.83,44875.37,54153.58,851.44,2404.54,6022.23,45.3528
350,4,977.98,48892.16,58663.84,683.41,2671.75,6416.52,46.4333
350,4,896.39,45022.95,53693.61,645.37,2599.09,5426.19,44.4901
350,4,1111.33,57102.35,65891.25,745.74,2685.84,5357.32,47.3261
350,4,678.29,33805.11,42434.60,904.49,1914.63,5810.37,43.0079
350,4,965.46,48894.79,57839.51,753.96,1959.37,6231.38,43.7373
350,4,799.73,38636.02,48327.34,899.39,2611.08,6180.84,41.3036
350,4,892.67,46246.22,54509.30,666.59,2196.51,5399.99,42.6101
350,4,785.12,38339.15,46923.77,859.87,2302.13,5422.62,43.1989
350,4,784.90,38493.27,46984.45,681.03,2270.94,5539.22,39.1108
350,4,854.91,42223.69,51301.71,1026.20,2325.71,5726.11,39.8272
350,4,929.07,45865.29,55105.18,947.69,2611.17,5681.04,46.2657
350,4,749.36,36527.49,45357.31,1027.47,2056.58,5745.77,44.0368
350,4,963.40,47913.44,57377.25,853.23,2751.29,5859.29,43.4100
350,4,1041.34,52130.62,61638.87,792.91,2681.77,6033.57,44.8846
350,4,791.99,38603.88,47358.41,713.35,2547.23,5493.95,41.8207
350,4,883.91,44578.78,53243.21,847.11,2141.07,5676.25,41.8027
350,4,748.09,36209.85,45522.52,1009.27,2196.31,6107.09,41.5349
350,4,997.63,49813.39,59455.14,1118.60,2678.89,5844.25,42.8888
350,4,768.69,37704.49,47250.61,652.84,2404.18,6489.09,41.8971
350,4,669.60,33587.48,40953.61,783.40,2037.79,4544.94,39.7525
350,4,1102.80,56109.60,65138.05,776.11,2284.99,5967.36,40.7642
350,4,790.30,38969.58,47404.51,777.98,2709.92,4947.02,41.8093
350,4,770.81,39073.63,47358.41,875.30,2087.90,5321.58,42.0170
350,4,769.46,38113.75,46634.37,1271.52,2309.65,4939.45,42.9070
350,4,805.34,40152.63,48312.74,763.83,2002.17,5394.11,41.5812
350,4,755.43,39344.34,46323.98,691.27,1992.43,4295.94,41.9521
350,4,954.93,46370.95,56845.36,657.05,2603.52,7213.84,44.3367
350,4,838.43,42742.09,50727.32,653.78,2209.89,5121.57,41.0527
350,4,667.03,32629.75,40673.66,1218.25,2231.98,4593.68,39.9223
350,4,832.49,39873.56,49711.03,791.42,2517.14,6528.91,44.1136
350,4,767.35,38490.00,46031.40,716.54,2277.12,4547.75,40.9266
350,4,903.15,46177.92,55106.59,672.82,2055.49,6200.36,41.6019
350,4,1157.46,58541.11,68401.16,889.70,2936.78,6033.57,46.0748
350,4,604.02,29724.58,37394.55,612.37,1964.59,5093.01,37.1224
350,4,892.26,44591.86,53553.01,673.79,2824.87,5462.50,43.7951
350,4,788.85,39351.58,48020.45,920.77,2162.88,5585.22,43.8506
350,4,1012.89,50053.86,59431.39,1294.03,2737.93,5345.57,44.6648
350,4,955.54,48394.74,56863.14,587.69,2260.84,5619.87,45.0130
350,4,834.51,40795.54,50112.73,1001.79,2539.38,5776.02,44.1071
350,4,798.91,40698.25,49060.63,843.68,2312.83,5205.87,43.8714
350,4,957.95,46705.19,56760.55,1254.10,2256.12,6545.14,43.2407
350,4,1013.63,50001.76,59621.43,1164.15,2379.99,6075.54,45.3432
350,4,821.97,40843.08,49062.29,617.96,2347.10,5254.16,39.9744
350,4,889.14,45726.20,53455.77,617.42,1826.95,5285.20,40.7263
350,4,803.07,38127.82,47886.78,813.27,2314.78,6630.91,43.7199
350,4,886.66,43385.23,52531.71,1456.62,2049.28,5640.58,39.9019
350,4,886.85,44729.20,52872.62,860.58,2398.28,4884.56,43.4875
350,4,932.24,47525.09,56531.60,919.64,2280.57,5806.30,43.6982
350,4,953.36,47678.05,56984.28,1008.02,2448.52,5849.69,43.3770
350,4,813.24,39852.08,48852.38,766.50,2824.78,5409.02,44.0217
350,4,940.53,47400.29,56216.72,724.75,2097.24,5994.44,43.0753
350,4,936.25,47863.81,56733.89,592.07,2104.14,6173.87,44.1597
350,4,878.17,44585.24,53052.57,525.70,2282.95,5658.68,40.3947
350,4,863.76,41868.74,51885.04,919.32,2600.76,6496.22,43.0557
350,4,618.78,30114.35,38482.48,1059.90,2302.35,5005.87,39.6780
350,4,805.84,38705.91,47673.10,920.92,2362.88,5683.38,40.5489
350,4,977.99,49106.56,58622.08,897.05,2272.01,6346.47,42.4942
350,4,782.86,38202.11,46886.28,1053.30,2418.00,5212.88,41.7376
350,4,883.52,42491.39,51965.80,958.91,2770.22,5745.28,42.5731
350,4,1002.39,49515.77,59214.69,1180.36,2652.51,5866.05,43.9070
350,4,1086.28,54210.19,64427.81,1096.15,2933.95,6187.51,44.9064
350,4,806.77,39981.65,48642.86,742.50,2413.39,5505.32,44.1744
350,4,918.89,45405.14,55208.63,1027.69,2716.25,6059.55,42.3269
350,4,929.53,45203.95,54794.96,737.26,2949.89,5903.86,45.5586
350,4,913.40,46131.80,54984.72,788.15,1981.53,6083.23,41.5862
350,4,870.69,44136.09,52303.80,837.50,2106.90,5223.31,41.5763
350,4,946.97,48734.14,56650.14,871.39,2203.68,4840.93,41.1859
350,4,849.64,42587.75,50665.70,1143.70,1706.19,5228.06,45.8048
350,4,839.99,42906.22,50167.62,1093.75,1840.02,4327.63,44.3108
350,4,870.66,44122.34,52525.48,680.70,2409.21,5313.23,42.5609
350,4,894.25,44589.35,53356.16,965.40,2321.87,5479.55,47.4529
350,4,889.68,44895.43,53337.91,616.63,2226.68,5599.16,41.3921
350,4,860.63,42627.55,51263.25,684.12,2171.56,5780.02,43.2439
350,4,962.45,47428.10,57036.61,771.65,2494.87,6342.00,44.0231
350,4,915.02,44378.23,54214.61,996.15,2514.59,6325.64,49.1473
350,4,1043.55,51568.05,61400.38,620.07,2706.82,6505.44,46.2303
350,4,815.73,41068.57,50136.72,765.62,2315.25,5987.28,44.8520
350,4,1124.72,57035.37,66700.68,660.27,2828.24,6176.80,48.6149
350,4,705.62,34944.41,42837.70,939.83,2498.53,4454.93,39.2183
350,4,888.00,43262.95,53012.81,1595.95,1859.54,6294.37,45.7605
350,4,962.31,49636.93,58092.34,1042.86,1988.73,5423.83,39.5279
350,4,828.85,42277.66,49609.75,816.46,2044.66,4470.97,43.5434
350,4,715.57,34545.35,43243.78,638.71,2305.39,5754.32,30.4147
350,4,984.73,48706.40,58478.58,691.18,2318.28,6762.72,41.9822
375,4,756.96,37523.78,45673.02,1140.85,1878.63,5129.77,44.8164
375,4,906.81,45908.50,55267.78,1082.40,2426.37,5850.52,47.4852
375,4,959.58,47993.93,56828.09,689.16,2393.62,5751.38,51.0455
375,4,805.67,40772.08,48247.37,915.45,2201.11,4358.72,44.7652
375,4,1029.52,51479.87,61474.38,669.42,2325.44,6999.65,45.2250
375,4,849.63,42443.63,51558.36,958.34,2161.57,5994.81,48.0185
375,4,973.27,48898.56,58674.39,755.68,2465.57,6554.59,46.7038
375,4,778.94,38125.54,47557.41,1169.49,1903.10,6359.28,44.9604
375,4,758.28,37821.23,46525.74,1077.58,1923.58,5703.35,42.4842
375,4,840.08,41709.52,50438.65,914.13,2192.35,5622.65,46.5094
375,4,833.52,42637.15,50692.30,635.01,1958.93,5461.22,42.6597
375,4,754.45,38162.96,45558.45,671.44,2337.98,4386.08,44.2941
375,4,1034.92,53442.27,61719.54,630.20,2571.02,5076.04,47.3699
375,4,724.50,34667.93,44009.41,984.42,2354.25,6002.81,42.7574
375,4,666.98,32783.26,40687.36,769.11,2301.35,4833.63,42.7013
375,4,909.90,45863.01,54973.78,803.84,2302.80,6004.13,46.3277
375,4,952.12,48328.25,58261.07,1066.83,2515.34,6350.64,48.4294
375,4,909.49,45691.84,54556.11,882.35,2606.77,5375.15,48.4453
375,4,1122.72,57957.17,66666.02,738.00,2584.26,5386.59,50.8016
375,4,691.20,33971.40,42769.59,1140.35,1831.32,5826.51,44.2532
375,4,996.00,50985.88,60274.50,899.41,2039.83,6349.38,46.7498
375,4,816.52,39885.20,49483.60,706.45,2701.92,6190.02,44.7369
375,4,929.20,47058.46,55427.87,720.96,2231.43,5417.02,46.7112
375,4,797.77,39973.27,48644.37,912.22,2351.25,5407.63,45.4195
375,4,817.02,40257.41,48905.77,650.97,2421.94,5575.45,42.4310
375,4,866.24,42633.35,51945.32,1164.37,2357.01,5790.60,42.4323
375,4,943.06,47617.53,56798.79,991.73,2446.57,5742.96,47.5512
375,4,758.47,37188.01,46401.68,1339.46,2093.92,5780.28,46.0766
375,4,984.52,49613.82,58827.19,804.82,2503.08,5905.46,43.1806
375,4,1054.57,52835.00,62421.96,732.15,2752.72,6102.08,48.4683
375,4,792.21,39016.84,47899.20,809.31,2523.20,5549.85,45.0320
375,4,923.00,46490.49,55169.83,816.10,2130.46,5732.78,44.3334
375,4,767.10,37254.29,46569.85,962.73,2277.59,6075.25,46.2233
375,4,1041.36,51869.06,61696.23,1171.95,2770.04,5885.17,45.6780
375,4,791.46,38735.02,48644.58,1063.68,2297.11,6548.77,44.7323
375,4,676.76,33745.36,40892.85,642.81,1947.26,4557.42,41.2769
375,4,1133.08,57756.18,66785.37,807.46,2176.03,6045.70,47.9858
375,4,804.09,40318.94,48765.88,763.43,2736.83,4946.69,43.6045
375,4,771.48,38904.33,47633.53,1155.62,2187.03,5386.55,42.5935
375,4,787.99,38484.56,46853.56,1004.52,2403.93,4960.55,47.6993
375,4,843.53,41953.72,50487.34,919.33,2193.69,5420.60,45.1137
375,4,787.64,40308.72,47496.16,870.25,1978.90,4338.29,44.6172
375,4,960.76,47003.62,57526.37,859.95,2423.43,7239.37,44.5724
375,4,868.94,43857.22,51746.30,547.10,2241.17,5100.83,43.4720
375,4,656.37,32764.05,40490.80,1189.52,2077.88,4459.35,42.5993
375,4,856.37,41375.51,51434.10,900.81,2513.08,6644.70,44.9564
375,4,766.39,38669.78,45925.03,673.93,2173.21,4408.11,44.0569
375,4,931.30,47059.68,55951.15,544.17,2143.19,6204.11,47.5366
375,4,1179.87,60465.12,70518.90,955.82,2978.94,6119.02,49.9723
375,4,599.02,29711.62,37286.31,665.36,1777.81,5131.53,40.4265
375,4,871.46,44304.30,52922.62,666.27,2500.11,5451.94,45.7891
375,4,827.35,41875.40,50516.50,791.89,2222.02,5627.19,43.9637
375,4,1020.92,51228.24,60500.83,1068.20,2842.56,5361.84,47.2409
375,4,976.89,50523.44,59213.17,640.27,2379.21,5670.25,46.4344
375,4,850.40,41935.23,51113.90,1014.73,2420.98,5742.95,46.5435
375,4,838.13,41758.06,50372.50,715.31,2657.28,5241.85,47.7156
375,4,973.40,48431.78,58290.46,1314.68,1950.28,6593.71,45.4899
375,4,997.73,50661.94,59948.40,852.60,2336.10,6097.76,48.4426
375,4,844.91,43279.48,51682.39,634.34,2428.49,5340.09,45.2831
375,4,933.15,48290.87,56069.49,591.14,1879.61,5307.86,44.7175
375,4,804.53,38658.68,48596.34,1012.23,2313.42,6612.02,44.6521
375,4,909.19,45422.87,54715.44,1454.39,2166.71,5671.47,43.6329
375,4,899.29,45273.91,53300.62,841.08,2301.63,4884.00,47.7589
375,4,956.73,48941.40,57981.36,963.92,2183.01,5893.03,46.4957
375,4,971.24,48301.50,57531.76,1083.93,2299.12,5847.22,47.3299
375,4,836.54,41008.31,50043.03,749.95,2901.17,5383.60,43.9197
375,4,960.91,48212.33,57468.87,977.13,2211.76,6067.64,46.4551
375,4,999.23,50838.47,60122.45,721.29,2364.28,6198.40,46.9894
375,4,878.51,44293.89,52934.28,684.65,2260.32,5695.42,43.5940
375,4,872.10,43355.77,53093.68,668.19,2601.53,6468.19,49.8393
375,4,640.09,31157.88,39280.13,785.52,2253.08,5083.66,43.0939
375,4,829.87,40616.89,49712.04,1014.22,2364.59,5716.35,45.7773
375,4,1009.32,51050.61,60311.56,751.30,2157.30,6352.35,44.9285
375,4,794.24,39457.62,48016.79,986.66,2303.97,5268.54,44.0429
375,4,891.10,43681.88,53144.28,1028.10,2652.17,5782.14,45.0766
375,4,1017.89,50929.12,60403.17,822.62,2740.53,5910.90,49.8593
375,4,1116.92,55475.76,66193.06,1479.79,3026.11,6211.40,51.2047
375,4,814.79,41577.63,50204.53,781.98,2363.79,5481.13,41.7558
375,4,951.62,47579.35,57382.58,703.32,2955.87,6144.04,43.8197
375,4,950.33,47265.27,57085.48,781.64,3124.19,5914.38,45.6240
375,4,936.54,47737.02,56671.84,706.52,2140.50,6087.80,45.4318
375,4,887.05,44979.55,53237.83,903.29,2103.85,5251.14,43.6573
375,4,960.82,49735.73,57718.02,795.00,2311.66,4875.62,44.7061
375,4,860.27,43632.86,51958.79,1481.52,1725.91,5118.51,44.9074
375,4,857.57,44204.07,51675.09,1206.27,1901.78,4362.97,44.9563
375,4,859.82,43944.58,52688.85,1078.74,2374.20,5291.33,46.9908
375,4,920.10,46385.17,54792.01,641.92,2304.71,5460.20,46.7275
375,4,895.74,45489.40,54073.53,709.17,2200.41,5674.56,45.7219
375,4,879.55,44405.73,52982.91,653.02,2105.43,5818.73,45.2599
375,4,982.37,49339.54,58805.69,635.82,2509.81,6320.52,46.5201
375,4,944.79,45210.16,55319.92,1096.03,2620.71,6393.02,47.7564
375,4,1078.77,52960.25,62971.83,759.61,2649.32,6602.65,48.1650
375,4,838.49,41468.98,50855.03,1005.44,2341.36,6039.25,43.5249
375,4,1132.91,56970.15,66872.01,753.74,2949.32,6198.81,46.6259
375,4,699.87,34880.21,42744.69,1038.43,2394.55,4431.50,41.1778
375,4,933.62,46521.26,56170.17,1345.50,2014.23,6289.18,47.1574
375,4,971.63,50320.37,58618.02,950.37,1925.43,5421.84,34.6653
375,4,841.68,43797.45,50716.98,625.06,1862.48,4431.98,42.4508
375,4,715.03,35251.89,43760.32,606.02,2176.61,5725.80,36.2532
375,4,1001.32,49191.28,59329.86,826.02,2538.41,6774.15,43.9525
400,4,768.84,37854.34,45721.32,940.96,1822.04,5103.98,47.6000
400,4,929.21,46221.07,55574.26,1073.82,2417.09,5862.28,51.4362
400,4,960.41,48125.08,57052.76,819.99,2295.66,5812.02,52.0734
400,4,846.12,43333.81,50544.21,670.42,2173.23,4366.75,50.0757
400,4,1043.81,53103.20,63117.81,583.93,2420.17,7010.52,50.4621
400,4,873.73,43294.26,52715.37,1077.08,2255.02,6089.02,50.8038
400,4,1004.47,50178.86,60240.80,836.98,2626.59,6598.37,52.9893
400,4,812.12,40035.46,49340.58,804.49,1978.54,6522.08,49.2651
400,4,772.48,38718.44,47487.99,1012.85,2034.80,5721.91,42.7312
400,4,855.42,42481.48,51197.50,964.34,2046.47,5705.21,47.1855
400,4,850.84,43067.58,51244.53,702.12,2027.53,5447.31,45.4833
400,4,789.76,40002.22,47712.61,890.66,2341.36,4478.37,47.4682
400,4,1046.78,54142.79,62416.87,634.31,2566.05,5073.72,49.6463
400,4,729.85,35436.62,44789.13,925.39,2377.01,6050.11,43.9698
400,4,674.93,33710.33,41369.86,691.34,2141.04,4827.16,42.9278
400,4,941.84,46322.16,55791.58,1002.76,2415.31,6051.35,48.5971
400,4,992.07,49280.25,59105.86,788.80,2682.40,6354.41,51.9248
400,4,912.30,46322.08,54806.60,736.83,2341.08,5406.61,52.6027
400,4,1157.47,59420.76,68119.01,786.75,2520.49,5391.02,52.4145
400,4,721.25,36052.94,44935.93,775.02,2179.58,5928.39,48.8460
400,4,1034.30,52375.46,61780.66,823.06,2160.90,6421.24,51.4687
400,4,835.16,40263.36,50005.14,797.28,2648.18,6296.32,45.7453
400,4,943.74,48396.55,56657.40,630.29,2216.18,5414.38,51.5120
400,4,818.99,40355.37,48907.94,919.74,2205.67,5427.16,52.3985
400,4,832.00,41150.32,49630.16,660.21,2233.36,5586.27,47.1344
400,4,891.95,45024.90,54183.59,975.83,2353.88,5828.97,44.3860
400,4,963.71,48447.13,57677.56,1058.07,2395.64,5776.72,49.6079
400,4,788.20,39230.48,48278.75,884.03,2292.88,5871.35,45.9133
400,4,1016.78,50204.59,59832.68,930.67,2706.10,5991.32,46.4549
400,4,1086.88,54640.88,64194.64,736.21,2682.83,6134.72,51.6733
400,4,819.01,40614.94,49422.31,702.27,2545.53,5559.58,44.8580
400,4,921.99,46495.97,55412.83,1006.76,2198.18,5711.92,47.5788
400,4,790.22,38605.03,48060.54,1088.45,2149.89,6217.17,48.9378
400,4,1058.96,53245.77,63155.52,1113.39,2857.65,5938.71,47.4965
400,4,813.15,39677.25,49514.72,760.99,2459.66,6616.82,48.2178
400,4,682.08,34537.80,41691.39,578.16,2015.48,4559.95,45.7717
400,4,1141.09,58763.43,67634.20,731.78,2128.58,6010.41,48.1731
400,4,816.56,40874.63,49317.47,707.92,2783.67,4951.25,46.5212
400,4,786.15,39948.85,48078.11,738.51,2073.83,5316.92,47.2243
400,4,802.72,40098.67,48334.43,959.17,2304.47,4972.12,47.4327
400,4,824.52,41215.21,49547.82,1034.42,1919.22,5378.97,47.2770
400,4,809.58,42275.26,49241.96,563.63,2046.96,4356.11,46.2076
400,4,982.87,48131.78,58679.69,887.46,2437.76,7222.70,46.4218
400,4,883.23,44646.54,52846.57,739.63,2291.63,5168.78,46.9027
400,4,678.97,33622.99,41302.27,1036.49,2083.78,4559.02,45.1259
400,4,886.33,43039.38,53084.51,713.69,2631.91,6699.53,48.3925
400,4,798.54,40208.00,47875.74,731.08,2369.67,4566.99,48.3220
400,4,956.50,48993.69,58161.10,666.65,2168.62,6332.15,49.7951
400,4,1196.05,60880.70,70870.31,895.22,2983.31,6111.07,51.6911
400,4,631.74,30960.35,38659.74,608.88,1946.37,5144.14,42.4197
400,4,919.03,46736.14,55501.50,717.04,2546.26,5502.05,47.4054
400,4,828.66,41653.68,50108.21,657.41,2229.24,5567.88,48.4181
400,4,1038.66,52698.14,61962.56,1158.45,2725.39,5380.59,46.5886
400,4,998.19,51037.92,59752.91,612.24,2443.56,5659.19,53.5852
400,4,868.21,43336.75,52483.92,944.27,2456.71,5746.19,52.0119
400,4,848.93,42133.53,51245.83,1007.33,2744.66,5360.32,50.8135
400,4,1014.51,49984.91,59957.85,1129.02,2202.12,6641.79,49.0327
400,4,1051.99,52371.27,62020.30,1181.06,2331.47,6136.49,47.8205
400,4,847.32,42983.74,51553.98,945.44,2309.68,5315.12,46.0434
400,4,930.59,48533.30,56278.65,609.53,1827.22,5308.60,48.3100
400,4,830.94,39864.25,49740.45,752.14,2415.15,6708.91,47.6054
400,4,914.14,45796.08,54866.86,1305.42,2049.84,5715.52,46.7939
400,4,918.93,46163.97,54510.20,1116.76,2348.92,4880.55,47.8648
400,4,970.30,49012.87,58308.85,1247.26,2200.20,5848.53,46.6883
400,4,973.23,49210.96,58276.14,986.40,2294.75,5784.03,49.9804
400,4,857.01,42501.72,51429.10,657.48,2805.25,5464.64,44.9481
400,4,1005.33,50293.60,59666.85,877.02,2447.89,6048.35,52.2642
400,4,1008.54,51804.32,60791.87,485.09,2257.31,6245.16,51.5395
400,4,920.86,46653.75,55350.68,584.41,2312.17,5800.35,45.0213
400,4,914.12,45725.38,55616.85,688.26,2624.99,6578.23,49.7764
400,4,632.07,32018.58,39762.53,587.46,2107.01,5049.48,45.8672
400,4,830.93,40913.24,49780.19,905.03,2258.57,5703.35,43.8460
400,4,1018.10,51287.32,60448.17,685.49,2099.71,6375.66,49.9437
400,4,785.75,38099.70,46973.30,1306.83,2322.95,5243.83,44.5918
400,4,928.89,45879.95,55203.98,777.18,2752.05,5794.79,45.4389
400,4,1029.42,52303.05,61665.90,704.28,2735.57,5923.00,46.4464
400,4,1123.27,55805.04,66416.25,1395.96,2976.62,6238.64,53.4248
400,4,834.94,42001.80,50682.14,826.30,2351.24,5502.80,47.1054
400,4,974.00,48799.59,58881.08,963.07,2955.85,6162.58,47.8342
400,4,963.05,47613.25,57323.63,874.17,2913.70,5922.50,48.4061
400,4,943.65,47694.87,56975.21,1091.63,2067.22,6121.49,48.2443
400,4,903.06,46209.51,54230.69,702.17,2052.51,5266.49,47.8548
400,4,980.00,51101.96,59177.21,833.55,2375.28,4866.42,47.6119
400,4,914.22,45949.95,54431.39,1367.52,1849.33,5264.59,48.0471
400,4,862.47,44270.66,51698.31,1211.27,1857.92,4358.47,49.0008
400,4,895.68,45052.72,53807.87,965.21,2421.75,5368.20,49.7868
400,4,935.94,47751.93,56380.06,809.40,2292.19,5526.54,48.1680
400,4,923.15,47129.69,55610.48,587.04,2158.22,5735.54,47.1636
400,4,905.28,45461.00,54227.03,596.28,2364.38,5805.37,48.8463
400,4,1001.61,50650.27,59852.78,411.42,2447.15,6343.95,49.3177
400,4,947.33,46429.41,56608.94,1151.24,2605.62,6422.68,49.6928
400,4,1088.77,54323.14,64401.23,887.00,2545.03,6646.06,49.9865
400,4,856.24,42070.32,51687.46,1227.49,2320.29,6069.36,45.7109
400,4,1165.73,59058.81,68657.79,562.75,2809.69,6226.54,50.6389
400,4,711.32,35367.71,43192.91,1134.50,2242.14,4448.56,42.9598
400,4,926.35,46171.90,55970.79,1511.56,2074.34,6212.98,47.9938
400,4,1002.51,52671.50,60997.36,823.72,2041.91,5460.23,41.0937
400,4,852.88,43330.45,50737.69,924.48,2031.30,4451.46,44.7906
400,4,730.88,35997.93,44516.30,601.76,2180.60,5736.01,33.2226
400,4,1002.96,50578.62,60519.57,726.76,2390.78,6823.40,35.0091
