300,1,42.80,4020.91,5550.00,564.05,449.23,515.810305,0.085209
300,1,70.61,7336.69,8939.49,473.72,319.51,809.569448,0.196236
300,1,56.92,6600.67,8176.88,413.06,395.49,767.670713,0.085792
300,1,53.63,4310.68,5911.84,623.97,432.75,544.436615,0.121689
300,1,47.03,4830.87,6854.50,753.97,603.27,666.389630,0.096472
300,1,63.53,8048.96,9635.99,408.90,330.66,847.467035,0.271672
300,1,70.60,7376.64,9738.28,879.77,535.97,945.901395,0.080659
300,1,57.65,5640.33,7282.21,471.74,370.20,799.930116,0.158198
300,1,39.10,4034.48,5796.55,709.97,525.47,526.637733,0.077539
300,1,56.59,5007.82,6981.47,730.52,485.81,757.318787,0.064094
300,1,42.38,5436.80,6830.75,387.36,297.08,709.506263,0.096921
300,1,43.64,5131.69,6777.17,678.11,389.32,578.053991,0.065972
300,1,47.48,4927.32,6631.62,496.05,420.42,787.834935,0.075868
300,1,48.32,6209.13,7776.96,421.50,350.78,795.553977,0.075595
300,1,35.90,5017.47,5961.21,161.93,281.92,499.897583,0.079199
300,1,63.49,8289.88,9928.92,406.25,361.46,871.330122,0.062494
300,1,61.72,6824.42,9182.39,956.71,612.64,788.621429,0.101507
300,1,55.32,6227.83,7600.64,236.03,184.54,952.234817,0.084770
300,1,59.05,6881.13,8574.94,543.28,302.96,847.563655,0.100121
300,1,63.91,6540.24,8683.50,777.85,520.22,845.197238,0.074331
300,1,67.88,6959.57,8901.38,581.51,433.36,926.928747,0.067034
300,1,54.20,5023.54,7072.10,781.38,493.72,773.455878,0.064494
300,1,51.96,6458.06,8036.01,394.69,390.34,792.919586,0.069717
300,1,68.47,7250.84,9614.26,952.67,482.98,927.769903,0.067774
300,1,51.92,6681.71,8278.84,376.48,369.96,850.692927,0.083004
300,1,47.94,4203.55,5772.04,632.07,404.44,531.979108,0.065783
300,1,56.59,6197.16,7954.20,491.48,520.33,745.230801,0.068812
300,1,54.19,6045.08,7695.16,411.81,360.97,877.296107,0.068747
300,1,46.48,5172.22,6559.64,459.69,395.94,531.793227,0.107715
300,1,62.00,5795.02,7745.16,630.73,404.96,914.449011,0.093272
300,1,68.34,7549.10,9571.33,631.44,441.21,949.571178,0.109072
300,1,44.35,4170.11,6125.38,818.31,643.69,493.263415,0.075773
300,1,64.87,6053.23,8187.03,708.16,553.73,871.914160,0.063687
300,1,47.75,4868.77,6725.45,745.17,508.22,603.281176,0.071423
300,1,56.21,5907.78,7711.49,568.74,611.67,623.305255,0.076937
300,1,37.92,4252.91,5589.24,510.04,357.84,468.457525,0.088471
300,1,57.02,6222.53,7751.56,389.50,304.07,835.472845,0.069333
300,1,60.02,6050.56,7946.61,702.85,477.05,716.143233,0.084637
300,1,54.44,6930.75,8350.96,435.76,355.40,629.045609,0.060135
300,1,76.08,7150.75,9145.42,688.23,454.08,852.362201,0.096061
300,1,71.26,5995.45,8051.63,832.56,414.87,808.740883,0.086339
300,1,35.23,3064.47,4891.20,866.65,554.53,405.561799,0.098562
300,1,63.01,7775.20,9883.39,687.11,649.62,771.459689,0.084018
300,1,41.72,4094.00,5695.99,644.49,452.73,504.766697,0.085402
300,1,33.76,3738.31,5091.38,492.69,372.88,487.501632,0.063202
300,1,52.26,5282.84,6942.83,496.21,447.08,716.698626,0.054151
300,1,41.52,5147.84,6440.03,281.63,510.09,500.464094,0.083718
300,1,59.53,7111.46,9200.17,746.38,553.33,789.006474,0.093376
300,1,70.95,5835.76,8263.67,1016.13,650.97,760.816854,0.081177
300,1,44.72,4131.43,5801.54,672.63,448.54,548.938413,0.075683
300,1,65.48,6846.16,8840.24,670.26,499.03,824.788720,0.070381
300,1,63.50,7797.10,9378.54,462.69,351.86,766.891734,0.062547
300,1,38.31,4131.18,5788.93,661.73,544.19,451.828242,0.114413
300,1,49.72,5688.11,7526.11,552.35,460.54,825.115271,0.121348
300,1,48.33,4806.82,6813.66,618.91,603.28,784.648679,0.089199
300,1,53.61,5390.62,7629.12,957.68,578.49,702.321372,0.096764
300,1,81.87,8465.43,10531.56,597.16,461.82,1007.139240,0.079747
300,1,60.25,6436.79,8529.83,776.90,454.86,861.276571,0.069970
300,1,57.30,5007.77,6785.77,611.04,379.19,787.771838,0.078673
300,1,39.01,3192.95,4805.59,730.34,447.91,434.394943,0.089252
300,1,63.65,5884.65,8053.71,861.09,601.52,706.444878,0.058680
300,1,54.53,5527.99,7366.35,725.22,343.66,769.484064,0.079044
300,1,64.53,5564.70,7329.19,661.00,327.58,775.909672,0.077280
300,1,50.99,5248.78,6808.89,535.23,462.53,562.351094,0.071135
300,1,65.48,7260.06,9079.33,549.77,352.57,916.926097,0.071399
300,1,62.47,5694.99,7855.00,847.81,557.47,754.747913,0.075684
300,1,56.13,5622.15,7567.11,650.45,481.42,813.098618,0.078781
300,1,45.71,5738.12,7615.64,612.82,545.01,719.696673,0.087611
300,1,51.21,4234.08,5911.28,670.78,420.80,585.610835,0.072722
300,1,64.73,5716.24,8127.40,860.06,598.39,952.725060,0.076927
300,1,43.97,5136.64,6716.94,581.86,346.60,651.827023,0.073714
300,1,38.63,4774.19,6119.33,425.02,419.44,500.682850,0.070064
300,1,56.70,5421.89,7518.88,806.51,521.21,769.270947,0.100484
300,1,44.35,4362.46,5787.94,467.03,385.86,572.589757,0.058586
300,1,37.72,3340.90,4756.61,459.87,471.80,484.039330,0.062627
300,1,68.15,7488.65,9228.94,410.64,387.02,942.628487,0.072490
300,1,59.01,6029.22,8132.14,735.19,479.41,888.328835,0.075680
300,1,56.96,6178.00,7878.10,585.82,336.79,777.480506,0.076177
300,1,51.06,5277.03,6984.14,648.33,458.67,600.112656,0.063437
300,1,57.38,5317.84,7290.42,678.19,440.99,853.413164,0.064917
300,1,58.36,6090.29,7921.89,675.17,475.56,680.866456,0.076448
300,1,54.98,5082.97,6849.44,698.11,388.23,680.132224,0.072159
300,1,34.55,3598.84,5094.26,541.71,473.99,479.706974,0.087333
300,1,42.10,4601.31,6172.43,600.88,377.27,592.979583,0.070964
300,1,47.72,4685.04,6277.56,641.73,404.25,546.548052,0.079992
300,1,55.27,6805.17,8279.67,355.95,334.65,783.902648,0.068759
300,1,46.33,5689.38,7192.72,462.91,420.27,620.173202,0.087806
300,1,44.36,5652.87,6984.06,395.04,320.30,615.854772,0.059338
300,1,61.31,6346.20,8744.82,911.43,708.39,778.812089,0.072652
300,1,50.23,4786.93,6591.74,576.05,512.34,716.403453,0.067752
300,1,67.03,6507.30,8751.11,825.74,644.92,773.156182,0.076748
300,1,60.36,7336.83,9355.88,710.24,457.92,850.887324,0.072174
300,1,45.50,5442.82,7182.47,623.54,544.69,571.423058,0.066637
300,1,51.24,5341.24,7075.07,582.88,538.27,612.683081,0.080072
300,1,33.08,3935.74,4919.04,223.18,299.04,461.082423,0.059306
300,1,57.84,6933.53,8954.55,750.61,523.24,747.169055,0.071140
300,1,38.88,4778.58,6358.62,691.83,401.46,486.750785,0.061836
300,1,32.88,4735.31,5698.50,197.20,309.80,456.185281,0.080365
300,1,66.19,7685.77,9671.75,669.65,391.34,924.990717,0.046745
300,1,62.66,7114.15,9314.99,811.25,502.19,887.401787,0.074611
300,2,177.75,13769.42,17497.67,1227.82,721.56,1778.877900,0.106150
300,2,136.42,9626.57,13685.59,1425.78,1009.55,1623.687779,0.096622
300,2,183.49,15118.37,18831.11,1002.12,752.33,1958.283180,0.117744
300,2,109.08,9521.58,12437.73,851.60,633.03,1431.521062,0.092228
300,2,163.68,13370.16,17655.63,1138.45,841.33,2305.686734,0.117615
300,2,150.71,11618.00,16268.92,1712.01,974.74,1964.180394,0.125138
300,2,238.63,18333.49,23741.80,2032.27,1084.86,2291.175592,0.100987
300,2,161.11,13106.34,17089.57,1130.79,733.33,2119.112422,0.087596
300,2,145.48,10717.66,14616.85,1330.05,752.73,1816.404445,0.104597
300,2,161.16,12094.52,15987.33,1203.11,736.02,1953.681922,0.093011
300,2,105.29,7937.14,11102.44,1018.49,654.75,1492.064419,0.096464
300,2,103.10,9035.91,11690.51,629.39,510.68,1514.527453,0.100321
300,2,135.45,10667.41,14308.11,1123.44,783.14,1734.118091,0.103480
300,2,137.56,9905.85,13974.52,1419.82,979.66,1669.188865,0.091539
300,2,111.86,7369.64,11212.46,1667.94,868.40,1306.482618,0.102825
300,2,153.85,13022.42,16940.86,1364.28,851.30,1702.859017,0.111497
300,2,190.06,14605.81,19026.49,1287.33,883.08,2250.272403,0.130032
300,2,141.31,11496.79,15465.50,1272.80,800.30,1895.613088,0.095081
300,2,154.02,11395.29,15707.93,1762.47,851.25,1698.931173,0.085647
300,2,158.92,14969.89,18475.99,885.18,620.67,2000.239904,0.110022
300,2,169.09,13368.12,17802.62,1557.18,840.77,2036.550987,0.128665
300,2,146.94,12064.84,15671.67,1111.13,763.29,1732.413974,0.113257
300,2,134.84,10641.20,14636.90,1362.17,768.50,1865.034178,0.096914
300,2,170.22,14871.54,18981.55,1440.55,818.35,1851.111956,0.092973
300,2,148.97,10899.89,14918.22,1485.66,788.52,1744.141486,0.102480
300,2,124.06,9898.25,13767.86,1308.78,1120.47,1440.372631,0.125964
300,2,214.57,17459.28,21336.49,962.96,665.13,2249.115266,0.116579
300,2,141.81,11737.02,15370.99,1155.44,734.52,1744.012219,0.113933
300,2,131.50,10589.85,14335.42,1333.61,810.51,1601.450902,0.095922
300,2,130.87,10172.20,14302.41,1567.91,839.41,1722.887495,0.094464
300,2,139.98,10427.13,14355.93,1329.62,778.64,1820.531395,0.102455
300,2,155.61,13068.85,16612.54,1017.64,770.67,1755.378083,0.109005
300,2,136.49,10628.64,14239.77,1003.28,789.47,1818.374169,0.093991
300,2,163.99,11568.38,15758.25,1558.25,860.68,1770.942084,0.107128
300,2,189.45,15799.93,20402.10,1623.23,879.87,2099.071292,0.082325
300,2,141.28,10998.63,14875.89,1611.86,820.58,1444.816039,0.082336
300,2,132.56,10394.76,14595.60,1548.85,828.98,1823.019339,0.084732
300,2,160.04,12213.46,16067.23,1349.52,620.49,1883.767965,0.089436
300,2,144.78,11132.40,14965.88,1535.69,747.00,1550.790125,0.087778
300,2,160.21,12138.15,15650.86,1227.48,650.00,1635.221083,0.096616
300,2,150.79,11241.18,15378.41,1468.84,872.83,1795.557076,0.100907
300,2,118.59,11581.32,14406.48,819.62,500.59,1504.943075,0.081225
300,2,159.00,12394.11,16828.45,1371.47,901.97,2160.906129,0.115043
300,2,138.02,11748.71,15227.40,1160.42,774.17,1544.098176,0.099253
300,2,99.12,9272.75,11862.83,528.94,581.31,1479.833689,0.102745
300,2,197.97,16195.69,20496.81,1231.09,896.26,2173.775418,0.112463
300,2,128.56,10196.36,13698.57,1222.64,645.48,1634.098696,0.109271
300,2,164.95,13098.72,16916.87,1034.85,693.35,2089.949631,0.095807
300,2,157.09,14406.81,18218.42,1209.75,920.12,1681.736261,0.106535
300,2,125.49,10876.67,14067.01,1079.53,638.47,1472.345764,0.096455
300,2,159.52,14145.53,17546.33,924.90,663.47,1812.425847,0.115547
300,2,126.66,9456.61,13301.64,1346.85,790.25,1707.921198,0.098319
300,2,161.01,12477.42,16167.95,1241.18,653.91,1795.431129,0.098799
300,2,169.15,13158.15,17232.42,1251.50,656.14,2166.626322,0.099388
300,2,154.56,12706.69,16619.19,1055.89,707.39,2149.208493,0.107087
300,2,141.59,12473.56,15895.91,780.33,610.64,2031.381368,0.083477
300,2,155.44,12583.21,16461.02,1170.84,825.87,1881.099748,0.100594
300,2,174.72,13828.08,18323.23,1675.07,970.37,1849.698447,0.135817
300,2,138.30,10589.61,14073.67,1129.42,747.53,1607.106447,0.088835
300,2,165.37,13313.92,17412.29,1546.18,818.21,1733.982055,0.082251
300,2,160.47,12079.57,16887.17,1728.72,988.57,2090.294735,0.123963
300,2,119.78,9798.58,13300.54,1122.00,848.28,1531.682043,0.094960
300,2,150.00,13249.63,16463.17,1180.57,652.06,1380.924943,0.086086
300,2,135.18,10337.30,14289.84,1379.15,865.79,1707.607510,0.111961
300,2,163.42,11680.00,16508.93,1979.81,1014.24,1834.889872,0.099195
300,2,151.92,12672.02,16155.86,1002.11,640.27,1841.456622,0.074671
300,2,167.51,14648.50,18406.70,1085.66,784.98,1887.565882,0.096363
300,2,182.82,15626.91,19766.85,1165.37,844.58,2129.997703,0.110884
300,2,121.21,9845.79,13916.15,1705.21,995.48,1369.665751,0.104454
300,2,174.31,13708.03,18236.14,1517.79,829.07,2181.237315,0.087426
300,2,123.40,11217.59,14092.83,817.15,642.48,1415.601629,0.095334
300,2,111.32,9000.64,12306.61,864.63,781.48,1659.859786,0.110706
300,2,179.28,14883.01,19398.97,1493.33,947.54,2075.083109,0.101083
300,2,130.12,11001.89,14178.40,1077.77,727.91,1370.836700,0.099912
300,2,129.69,9908.37,13023.57,929.45,722.26,1463.502172,0.113563
300,2,174.82,14691.57,18267.23,1035.44,603.61,1936.603251,0.083103
300,2,191.00,17744.09,21441.33,822.39,740.01,2134.836448,0.121556
300,2,141.23,11965.29,15458.38,1207.89,710.45,1574.750159,0.103342
300,2,176.27,13807.46,18095.36,1360.04,901.50,2026.358698,0.097557
300,2,159.56,13190.12,17219.15,1342.43,797.54,1889.056154,0.087430
300,2,143.91,12223.15,16416.55,1486.88,975.34,1731.170646,0.092666
300,2,114.86,8084.70,11687.05,1268.88,721.02,1612.458200,0.085103
300,2,108.89,9508.99,12067.07,527.91,580.57,1449.597609,0.085478
300,2,132.88,10277.45,13342.96,1007.09,614.69,1443.726072,0.089723
300,2,120.68,11510.37,14355.80,832.64,491.90,1520.880096,0.089491
300,2,124.65,11172.86,14148.63,810.84,661.37,1503.553882,0.097115
300,2,143.18,12235.07,16119.83,1363.36,890.72,1630.671825,0.101991
300,2,156.33,13224.34,16635.25,1096.90,754.83,1559.182835,0.135239
300,2,130.99,10535.35,14041.26,903.06,585.90,2016.955612,0.094344
300,2,125.98,12263.95,15875.83,1007.86,840.00,1764.013451,0.124192
300,2,179.35,16284.26,20397.02,1306.50,816.38,1989.882232,0.114207
300,2,181.04,15223.19,19593.77,1299.89,858.56,2212.124619,0.103875
300,2,133.88,10576.59,14334.35,1150.34,881.58,1725.845426,0.105363
300,2,147.36,12669.82,16890.01,1406.97,958.83,1854.392284,0.120073
300,2,137.87,9100.48,13235.28,1835.73,791.33,1507.739453,0.082853
300,2,178.51,15177.30,19093.60,1122.78,693.25,2100.279077,0.091648
300,2,140.14,10822.38,14478.76,1341.33,750.63,1564.411728,0.084148
300,2,107.07,8216.07,11271.03,1088.00,707.99,1258.962005,0.095778
300,2,163.24,13249.70,17394.70,1468.06,783.49,1893.459658,0.064544
300,2,168.34,12248.62,17217.39,1864.35,967.45,2136.953680,0.109153
300,3,218.86,16597.33,21887.56,1591.29,1131.60,2567.343474,0.111531
300,3,267.08,17888.28,24006.18,1967.30,1100.42,3050.175817,0.128676
300,3,271.46,21815.79,26796.24,1123.06,894.41,2962.974964,0.110534
300,3,184.85,13753.03,18669.73,1757.17,993.50,2166.023179,0.121647
300,3,310.09,21177.39,27888.44,1822.97,1228.38,3659.703627,0.143433
300,3,239.43,19533.26,24210.19,1020.78,868.63,2787.510827,0.093774
300,3,308.74,23243.36,29678.32,1957.29,1073.43,3404.248293,0.118292
300,3,254.09,16797.84,23389.62,2371.10,1305.61,2915.073816,0.104401
300,3,230.98,15907.91,21244.75,1486.17,962.45,2888.211875,0.138137
300,3,240.11,16042.94,22024.35,1832.57,981.22,3167.619049,0.145175
300,3,262.29,19982.02,25585.70,1984.75,1163.18,2455.735656,0.137501
300,3,176.42,12504.04,17239.39,1486.50,1071.82,2177.035319,0.133997
300,3,227.40,15309.61,20963.65,2163.63,1071.54,2418.875275,0.122984
300,3,250.70,18534.92,24836.93,2075.57,1268.32,2958.121784,0.142622
300,3,172.84,10277.16,16639.78,2638.38,1512.22,2212.022904,0.144092
300,3,307.61,22833.37,29902.60,2452.00,1257.69,3359.545393,0.135051
300,3,285.67,20899.17,27570.15,1818.85,1193.67,3658.463829,0.114867
300,3,238.51,14784.16,20911.48,2335.31,1233.80,2558.214160,0.142921
300,3,205.10,15341.07,20173.18,1379.04,945.67,2507.411031,0.123516
300,3,287.29,21079.24,27492.91,1829.27,1391.74,3192.663465,0.139794
300,3,291.96,18717.18,25361.92,2342.99,1187.09,3114.663439,0.150489
300,3,246.07,19647.42,25424.85,1820.69,1300.10,2656.638636,0.125953
300,3,235.38,19347.80,24714.14,1627.73,1134.31,2604.297282,0.145916
300,3,198.92,14908.03,19987.68,1529.05,875.27,2675.323440,0.118521
300,3,273.17,17734.95,24033.98,2127.04,1279.81,2892.195176,0.135401
300,3,239.63,19563.24,25145.77,1766.27,1099.64,2716.620833,0.140193
300,3,266.94,19079.00,24703.27,1691.19,987.42,2945.664192,0.141384
300,3,253.82,18504.99,25014.97,2227.90,1470.81,2811.267624,0.143233
300,3,260.05,20002.36,25726.65,1594.64,1158.10,2971.543030,0.117822
300,3,247.54,17904.26,23705.57,1816.69,982.56,3002.051987,0.120592
300,3,236.94,14970.30,21526.12,2355.46,1356.41,2843.950402,0.144305
300,3,198.68,15440.59,20170.97,1151.50,916.79,2662.093557,0.125369
300,3,235.88,20031.03,24889.80,1203.07,866.01,2789.690481,0.112961
300,3,286.64,18904.18,24697.85,1851.08,1027.43,2915.160056,0.135394
300,3,295.46,22825.49,28637.48,1592.40,1039.47,3180.129803,0.129154
300,3,216.00,18068.20,22455.42,1371.79,902.44,2112.983924,0.125867
300,3,270.48,16609.88,23857.51,2728.24,1398.27,3121.130471,0.147085
300,3,215.05,16392.26,21549.94,1682.35,1003.38,2471.948765,0.157864
300,3,220.16,16567.23,21697.05,1257.56,929.94,2942.321907,0.120912
300,3,175.45,14562.14,18611.36,1053.21,793.60,2202.404414,0.127349
300,3,203.35,13290.43,18670.34,1915.83,910.42,2553.661513,0.123308
300,3,212.26,13893.42,19823.76,2314.93,1215.81,2399.607863,0.119551
300,3,245.96,17520.30,24651.63,1919.26,1274.41,3937.657725,0.103092
300,3,226.81,19476.32,24512.28,1508.10,995.89,2531.970157,0.103833
300,3,182.07,13019.65,17606.63,1351.02,967.04,2268.921068,0.100673
300,3,301.73,22370.94,28699.47,1794.93,1081.69,3451.898886,0.112666
300,3,191.80,14058.87,18810.88,1516.67,1118.31,2117.035131,0.134763
300,3,238.93,16315.64,22344.14,1805.57,1011.11,3211.825672,0.130872
300,3,227.85,15254.07,21872.97,2533.51,1274.36,2811.016297,0.122050
300,3,181.74,13122.95,17575.39,1218.45,1072.82,2161.168530,0.104371
300,3,248.74,18939.29,24483.78,1871.30,1025.98,2647.211669,0.110102
300,3,293.31,22921.35,28561.97,1817.09,1169.83,2653.700557,0.121496
300,3,218.83,14990.03,20939.29,1837.49,1170.86,2940.907079,0.118039
300,3,213.12,15667.56,21637.68,1853.38,942.81,3173.941603,0.120888
300,3,246.42,18449.44,24648.41,1849.06,1157.82,3192.097713,0.116573
300,3,242.41,19792.79,25017.09,1542.34,980.45,2701.514275,0.112399
300,3,243.55,16695.07,23510.96,2077.13,1289.57,3449.184576,0.149066
300,3,278.04,18715.49,25072.02,2139.82,1052.02,3164.693037,0.146151
300,3,309.73,24439.98,29868.58,1560.76,964.12,2903.722833,0.101334
300,3,220.54,16689.31,22473.84,1978.07,1126.48,2679.987754,0.114778
300,3,239.60,15598.04,22827.24,2422.36,1415.40,3391.443770,0.141441
300,3,235.33,18925.79,24842.26,1950.90,1054.02,2911.547339,0.122058
300,3,222.62,15844.79,21604.95,2265.99,1182.66,2311.503982,0.140585
300,3,212.65,15711.40,20922.85,1541.91,1049.56,2619.986618,0.146930
300,3,275.88,20237.57,25848.78,1850.51,992.62,2768.080053,0.134579
300,3,249.46,19888.35,25332.75,1563.11,1192.70,2688.590777,0.143761
300,3,289.88,20150.19,26676.61,2160.63,1228.07,3137.720614,0.146752
300,3,234.87,18493.06,23764.00,1282.51,900.19,3088.232172,0.118736
300,3,221.76,16263.20,22125.64,1990.82,1199.29,2672.317928,0.137629
300,3,247.63,17749.59,24181.19,1982.85,1155.84,3292.917208,0.147193
300,3,177.85,12066.03,17296.49,1784.93,1121.18,2324.348262,0.149149
300,3,237.72,17574.24,23176.59,1497.63,1060.27,3044.450588,0.138191
300,3,313.88,26925.46,32633.50,1536.77,1014.53,3156.742335,0.143000
300,3,258.70,17902.09,24138.66,2299.92,1109.34,2827.317473,0.130215
300,3,218.98,15570.51,21432.57,1947.44,1347.30,2567.324954,0.141118
300,3,212.04,15463.27,21496.82,2068.70,1331.80,2633.054716,0.173981
300,3,260.92,18592.37,24426.85,1852.65,924.15,3057.685799,0.129905
300,3,248.84,19207.44,24566.48,1406.52,913.20,3039.320321,0.109059
300,3,266.09,19509.89,26004.18,1980.19,1358.71,3155.384328,0.154396
300,3,250.59,19337.33,24758.73,1808.42,1048.54,2564.446148,0.139033
300,3,207.63,15463.93,20593.53,1253.97,996.45,2879.182910,0.110282
300,3,275.92,21476.52,27661.04,2156.10,1202.68,2825.733805,0.129585
300,3,212.59,16893.96,20999.30,1068.06,745.63,2291.658063,0.130055
300,3,214.43,17778.52,22331.43,1078.28,794.27,2680.366876,0.106257
300,3,157.17,11523.17,15604.95,1173.77,797.78,2110.238823,0.130011
300,3,251.18,19585.63,24870.56,1551.28,1102.17,2631.484591,0.117825
300,3,192.32,15216.26,19358.09,1121.32,889.27,2131.237982,0.131246
300,3,243.26,18117.03,23789.26,1790.93,1052.36,2828.949917,0.115661
300,3,200.39,14480.28,20469.04,1807.24,1046.38,3135.132434,0.136555
300,3,285.57,21413.21,27239.80,1628.30,963.57,3234.727118,0.160979
300,3,286.49,23133.12,30029.64,2056.28,1324.35,3515.898890,0.136277
300,3,272.15,19186.20,25723.63,1875.81,1109.90,3551.719350,0.162785
300,3,218.00,16976.44,22045.98,1334.68,1028.27,2706.590707,0.125429
300,3,244.20,18178.41,23462.62,1213.67,904.34,3166.205043,0.145191
300,3,207.70,14689.77,20098.40,2126.49,1145.32,2136.819488,0.109214
300,3,292.47,20377.67,26710.75,1830.84,1135.95,3366.281706,0.116646
300,3,186.91,15209.37,19690.17,1000.14,710.22,2770.441621,0.084902
300,3,166.79,12247.27,17409.30,1911.98,1175.80,2074.253306,0.124680
300,3,213.14,16125.98,21703.41,1626.19,994.13,2957.110986,0.086450
300,3,268.70,18105.48,25011.70,2166.26,1110.88,3629.079555,0.143619
300,4,302.78,19191.51,26758.53,2802.09,1345.58,3419.350944,0.153876
300,4,320.07,22319.87,29998.45,2471.17,1469.33,3738.085135,0.159770
300,4,312.29,24098.04,30503.71,1449.08,1157.76,3798.834019,0.155626
300,4,251.64,18515.96,25572.14,2519.13,1656.07,2880.979054,0.155623
300,4,388.42,26841.24,35354.40,2185.20,1607.48,4720.488031,0.148099
300,4,335.79,21630.29,29442.39,2257.71,1440.51,4113.876084,0.156544
300,4,350.27,23916.87,32320.92,2705.34,1568.08,4130.623693,0.164839
300,4,250.10,18100.43,24609.25,1474.46,1092.62,3941.740740,0.161166
300,4,265.31,19587.25,26158.50,1830.36,1193.62,3547.268364,0.148515
300,4,310.19,21046.51,28702.00,2459.45,1350.04,3845.989746,0.140901
300,4,344.88,22529.70,30521.47,2755.73,1429.63,3806.406248,0.200931
300,4,279.42,19829.41,26038.06,2025.76,1303.21,2879.677879,0.137049
300,4,377.36,27522.74,36110.43,3232.96,1784.49,3570.251517,0.176388
300,4,270.37,16665.45,24895.05,2748.20,1644.89,3836.508254,0.161826
300,4,238.12,14880.39,22082.67,2778.76,1465.20,2958.325824,0.139621
300,4,350.50,23242.32,31370.22,2741.98,1424.64,3961.283069,0.146488
300,4,371.55,24685.81,33843.76,3183.19,1637.26,4337.498942,0.217749
300,4,273.24,18905.37,26275.34,2469.25,1732.56,3168.159067,0.188517
300,4,381.83,27521.88,35298.09,2766.51,1531.85,3477.849745,0.150956
300,4,272.26,17612.84,25101.45,2232.66,1314.75,3941.201202,0.169149
300,4,365.40,25285.70,34072.27,2918.42,1423.08,4445.071311,0.183181
300,4,308.23,19250.99,28341.07,3181.32,1744.91,4163.852882,0.153059
300,4,301.42,22184.39,29486.99,2310.45,1491.11,3501.039005,0.130090
300,4,281.12,21541.29,28229.85,1832.31,1287.71,3568.545554,0.168544
300,4,304.50,19162.17,27596.79,2949.52,1645.02,3840.082980,0.162636
300,4,300.76,21076.89,27843.96,1838.61,1341.87,3586.594074,0.130532
300,4,358.79,24475.88,32306.21,2534.32,1523.68,3772.331040,0.167022
300,4,282.42,18689.64,25940.91,2263.34,1277.68,3710.246443,0.135344
300,4,311.56,23609.94,30856.01,2032.06,1399.84,3814.176831,0.166838
300,4,362.68,25919.81,33697.09,2391.66,1592.13,3793.491561,0.141797
300,4,299.16,19324.94,26991.52,2629.64,1536.28,3500.658175,0.176007
300,4,328.19,22225.96,29190.21,2186.71,1219.47,3558.064727,0.164576
300,4,301.18,19241.69,26631.96,2110.78,1244.82,4034.668726,0.150265
300,4,364.58,22589.97,31561.05,3607.33,1718.82,3644.936500,0.187925
300,4,314.09,20947.14,28940.34,2172.20,1339.62,4481.380435,0.146883
300,4,227.27,15413.68,21744.75,2155.76,1347.87,2827.433882,0.177186
300,4,400.67,28882.29,37329.06,2967.34,1387.76,4091.666632,0.146821
300,4,296.60,19079.48,27451.55,3122.88,1962.60,3286.588886,0.214755
300,4,241.17,18325.31,24794.44,1825.35,1285.15,3358.631125,0.160640
300,4,259.99,19570.33,25460.10,1675.30,1190.29,3024.189140,0.139240
300,4,320.31,21356.89,28673.23,2246.68,1226.31,3843.348600,0.154417
300,4,252.87,17888.92,24501.41,2529.41,1256.52,2826.566407,0.125954
300,4,350.08,22998.12,31561.17,2705.60,1403.08,4454.380655,0.175630
300,4,336.06,21980.61,30046.75,2968.07,1587.35,3510.709609,0.135219
300,4,223.63,14731.43,21006.90,2019.73,1284.91,2970.826202,0.163223
300,4,326.06,20941.49,29821.17,2860.97,1710.56,4308.152082,0.158530
300,4,272.92,18426.72,25369.67,2541.10,1506.70,2895.144054,0.151826
300,4,347.74,23021.85,31457.03,2894.94,1438.36,4101.884541,0.191732
300,4,384.39,26840.66,35373.18,3023.39,1633.86,3875.270053,0.207440
300,4,233.58,15006.31,22163.85,2264.53,1401.36,3491.645733,0.149418
300,4,337.05,21691.25,29758.94,2802.76,1594.54,3670.376492,0.163116
300,4,306.51,19651.29,27434.13,2701.10,1418.26,3663.473673,0.158114
300,4,302.83,23010.50,29678.50,2229.84,1393.35,3044.812626,0.142381
300,4,352.02,22736.67,31702.38,3395.53,1782.77,3787.403753,0.229910
300,4,310.55,20277.11,27285.64,2034.71,1340.47,3633.350382,0.153831
300,4,315.43,21510.36,28756.37,2217.15,1552.96,3475.892967,0.182520
300,4,335.44,24079.82,30791.62,1590.73,1070.19,4050.876714,0.223194
300,4,369.61,25756.90,33739.68,2684.93,1269.64,4028.203877,0.139899
300,4,312.62,21590.82,28972.20,2302.92,1510.08,3568.386046,0.174691
300,4,288.68,20958.90,27805.64,1999.64,1388.23,3458.871032,0.168736
300,4,317.75,20230.94,28088.87,2080.57,1358.13,4419.221441,0.146803
300,4,313.92,22804.20,29264.66,1697.32,1199.16,3563.971536,0.155631
300,4,332.08,23757.92,30910.03,2533.20,1363.54,3255.367414,0.158701
300,4,330.17,23582.58,31081.98,2352.57,1402.13,3744.690910,0.143464
300,4,341.02,24412.61,31831.98,2408.40,1262.04,3748.923021,0.134051
300,4,306.88,21116.05,28934.41,2436.94,1907.84,3473.584062,0.233290
300,4,366.28,24094.67,32281.61,2780.33,1473.23,3933.369241,0.163635
300,4,401.56,26153.69,34068.30,2081.90,1508.53,4324.184469,0.176905
300,4,355.82,22517.37,32013.57,3483.99,1955.11,4057.104543,0.189472
300,4,306.54,20533.16,28666.21,2267.99,1656.21,4208.838921,0.202520
300,4,242.73,16023.64,23557.59,2603.31,1566.39,3364.255430,0.159545
300,4,275.38,18556.71,25124.99,1840.66,1379.69,3347.932936,0.135365
300,4,319.70,24316.62,31194.04,1733.67,1172.22,3971.529998,0.147236
300,4,260.67,18290.62,25204.43,2281.49,1245.28,3387.044213,0.159693
300,4,317.57,23350.12,30146.93,1708.84,1365.56,3722.411405,0.183662
300,4,358.97,24702.72,32517.69,2303.95,1650.82,3860.199346,0.170513
300,4,405.06,28944.96,36947.23,2410.31,1514.05,4077.920991,0.158033
300,4,317.79,21628.87,29466.28,2615.85,1444.01,3777.547349,0.169635
300,4,364.29,23829.95,32911.91,3177.61,1776.64,4127.713593,0.175891
300,4,331.04,24598.58,31841.54,2098.46,1506.84,3637.657445,0.168569
300,4,303.07,22839.54,30448.01,2197.20,1301.88,4109.394930,0.163026
300,4,309.04,19887.57,28968.31,3835.69,1654.73,3590.313550,0.171038
300,4,327.93,23832.37,31324.39,2760.13,1606.94,3124.955696,0.163376
300,4,267.80,20172.57,26048.18,1565.16,978.21,3332.245805,0.147029
300,4,219.58,18999.52,23566.80,1215.12,894.89,2457.272397,0.127748
300,4,315.27,22548.81,29558.16,2135.25,1389.03,3485.076991,0.189159
300,4,298.02,21808.04,27650.58,1538.31,1157.13,3147.101838,0.156813
300,4,298.51,19983.41,27780.46,2738.87,1587.02,3471.164419,0.161418
300,4,338.52,23564.00,31644.13,2659.34,1383.52,4037.278860,0.136146
300,4,315.19,23265.21,31265.87,2484.36,1559.54,3956.755383,0.115935
300,4,361.36,23059.64,31211.27,2590.18,1386.37,4175.076878,0.144594
300,4,315.05,24513.99,32871.36,2480.13,1667.79,4209.444528,0.129559
300,4,287.53,19128.81,26442.71,2199.49,1357.50,3756.911204,0.182075
300,4,440.63,30577.01,38581.07,2196.98,1500.12,4306.963865,0.175050
300,4,235.22,13963.02,21328.78,3173.73,1483.08,2708.954438,0.151940
300,4,294.27,20239.25,27140.76,1866.53,1116.87,3918.112281,0.164038
300,4,309.35,24794.70,31872.65,2302.71,1267.44,3507.800691,0.117757
300,4,294.69,22543.13,28192.76,1600.56,1017.22,3031.854184,0.134739
300,4,284.71,17879.96,26196.53,2866.90,1540.21,3909.460317,0.115167
300,4,369.60,25314.40,35273.10,3441.30,1822.74,4694.649846,0.117617
300,5,453.40,31471.66,40665.23,2923.67,1866.19,4403.718686,0.211955
300,5,480.05,34699.27,43834.88,2593.88,1585.93,4955.805404,0.177321
300,5,395.18,24891.27,34346.34,2998.86,1961.94,4494.272779,0.230029
300,5,300.13,15999.73,24953.08,3572.55,1961.47,3419.333891,0.211892
300,5,339.13,19892.74,30467.67,3583.01,1790.47,5201.444225,0.174550
300,5,350.05,22483.92,31105.52,2352.02,1657.01,4612.571366,0.175415
300,5,375.14,25304.24,33858.33,2404.68,1345.22,4804.183691,0.198247
300,5,492.92,32763.05,42576.87,3130.17,1940.33,4743.327710,0.161336
300,5,388.86,25438.78,34886.80,3126.97,1969.71,4351.350991,0.214494
300,5,362.13,22119.02,31731.93,3109.48,1858.09,4645.350326,0.192558
300,5,360.49,23779.32,32898.91,3056.39,1839.14,4224.070920,0.187099
300,5,370.62,23994.17,33410.14,3581.74,1927.20,3907.024222,0.228729
300,5,360.33,21781.28,31575.29,3726.51,2062.69,4004.807005,0.211444
300,5,353.88,22598.21,32228.31,2900.76,1562.18,5167.154234,0.204961
300,5,396.77,26603.19,35666.67,3179.10,1804.96,4079.411479,0.203847
300,5,485.19,31589.31,41839.97,3425.76,1911.57,4913.326584,0.244457
300,5,429.57,30168.25,39383.48,2836.78,1419.59,4958.858823,0.179815
300,5,292.22,17278.88,26971.55,3178.05,2014.35,4500.275323,0.219037
300,5,416.75,25943.93,36281.93,3798.50,2113.79,4425.719144,0.223102
300,5,447.94,29433.36,39267.72,3231.22,1771.18,4831.960519,0.183382
300,5,505.18,31431.44,42725.60,4126.59,1958.81,5208.763206,0.221553
300,5,419.38,25734.54,36212.75,3882.48,1759.82,4835.901613,0.197047
300,5,340.27,21432.09,30687.66,2595.59,1677.81,4982.173349,0.218291
300,5,390.83,26050.30,35198.51,2908.56,1691.04,4548.616121,0.187807
300,5,370.17,24113.02,33348.88,2967.18,1816.43,4452.257465,0.210706
300,5,424.04,25901.73,36509.90,3935.99,1946.70,4725.488408,0.172335
300,5,360.41,21726.42,32272.80,4046.47,1884.82,4615.075692,0.204540
300,5,418.56,27092.56,36751.70,2895.59,1996.73,4766.817687,0.185436
300,5,354.20,26378.18,34187.20,1957.30,1623.64,4228.081403,0.169666
300,5,411.28,27892.82,37828.62,3381.86,1810.75,4743.193995,0.190095
300,5,318.28,18931.75,27214.93,2787.08,1790.66,3705.438858,0.201684
300,5,368.21,22326.99,32388.87,3683.21,2117.83,4260.841216,0.218471
300,5,440.29,30212.50,39567.83,2803.10,1795.02,4757.211774,0.181571
300,5,356.72,20927.31,30493.27,3014.08,1642.05,4909.825328,0.188261
300,5,457.88,31804.41,40990.80,2491.71,1698.57,4996.106909,0.176945
300,5,303.16,20680.31,29040.32,2971.78,1771.54,3616.692240,0.196792
300,5,398.94,26474.90,35377.05,2713.96,1710.27,4477.917703,0.165686
300,5,307.41,20003.15,28683.00,3217.57,1759.90,3702.383394,0.201237
300,5,359.67,24993.46,33940.70,2924.29,1786.11,4236.841155,0.212792
300,5,317.14,19239.72,28245.14,3287.79,1824.99,3892.634386,0.176679
300,5,425.42,32001.66,39580.15,2207.59,1283.51,4087.384713,0.165204
300,5,345.99,23273.05,31889.53,3188.10,1892.83,3535.546492,0.204587
300,5,451.68,27006.68,38544.28,3997.10,2246.77,5293.731371,0.210672
300,5,357.46,21406.88,31987.91,4215.18,2058.78,4307.075254,0.207456
300,5,362.60,24880.34,33210.37,2194.39,1860.02,4275.616819,0.206458
300,5,408.25,27823.20,36940.36,2512.91,1663.41,4940.832915,0.162527
300,5,325.27,20313.53,28965.63,3055.89,1868.35,3727.861089,0.226360
300,5,393.29,24838.29,34657.37,3185.05,1920.82,4713.217511,0.198085
300,5,417.54,27330.60,38185.61,3763.14,2111.73,4980.142366,0.206503
300,5,362.55,25449.94,34166.66,2865.23,1933.02,3918.464167,0.165294
300,5,364.90,20775.15,31810.50,4491.82,2093.33,4450.205912,0.169996
300,5,330.18,24413.71,32110.53,2159.46,1440.31,4097.046133,0.189930
300,5,315.68,20188.42,28965.36,2482.70,1596.44,4697.795165,0.189167
300,5,411.99,29559.62,38321.99,2855.45,1656.88,4250.038859,0.200010
300,5,449.89,31792.59,39716.03,1917.14,1373.26,4633.046319,0.179581
300,5,308.53,20709.69,29034.46,2712.87,1572.32,4039.583682,0.218806
300,5,322.91,20796.46,29945.99,2670.53,1726.43,4752.564373,0.190968
300,5,457.27,30777.62,40223.58,3069.08,1785.25,4591.629153,0.218917
300,5,389.71,23545.02,33088.77,3206.98,2170.12,4166.656778,0.255010
300,5,332.84,20927.86,30114.61,2861.09,1999.83,4325.832455,0.202375
300,5,404.04,26530.15,36735.33,3208.17,1911.10,5085.919470,0.188769
300,5,358.01,22025.35,31423.30,2942.81,1866.49,4588.648876,0.176399
300,5,327.44,22897.46,30956.35,2866.22,1691.54,3501.126374,0.213540
300,5,341.15,20263.95,29935.71,3289.15,2103.97,4278.631127,0.198101
300,5,357.87,19943.41,30257.70,3894.52,2107.07,4312.697684,0.243484
300,5,390.14,22586.68,34132.27,4427.58,2464.00,4654.014308,0.213211
300,5,433.09,26447.95,36553.16,3429.64,1923.50,4752.072038,0.231905
300,5,362.22,22770.51,32220.72,2898.04,1952.65,4599.529532,0.183616
300,5,367.35,22248.04,32646.32,3702.84,1978.24,4717.204031,0.218850
300,5,424.98,27742.99,38155.20,2984.15,1661.55,5766.512946,0.200695
300,5,379.88,23405.17,33355.76,3909.54,1897.56,4143.498302,0.200097
300,5,393.60,26888.30,35229.84,2412.79,1753.78,4174.973599,0.206414
300,5,520.96,35165.32,45375.14,3242.76,1935.67,5031.398212,0.174457
300,5,360.40,25946.96,34081.16,2217.06,1492.89,4424.245726,0.183715
300,5,348.80,22896.46,31873.40,2315.51,1610.61,5050.819121,0.175235
300,5,316.48,21224.99,30092.84,2575.08,1840.82,4451.949302,0.193164
300,5,341.90,23200.41,31666.74,2353.42,1285.87,4827.035931,0.181453
300,5,406.29,29115.22,37394.26,2656.79,1434.14,4188.109825,0.199150
300,5,442.45,28441.20,38178.85,2952.84,1683.34,5101.467756,0.203194
300,5,377.35,25104.59,35050.32,3237.27,1868.17,4840.287640,0.242099
300,5,378.83,25144.36,33011.37,1965.11,1413.53,4488.369659,0.183962
300,5,384.06,26073.02,35032.40,3213.71,1781.05,3964.614072,0.209118
300,5,378.49,24104.22,32917.24,2687.04,1953.52,4172.457060,0.201800
300,5,373.53,24433.25,32640.49,2650.13,1491.44,4065.670660,0.156454
300,5,361.00,25024.73,32819.59,3074.71,1522.53,3197.620718,0.178615
300,5,343.48,24310.62,32956.15,2473.21,1693.09,4479.230566,0.221297
300,5,330.75,20699.60,29691.23,3098.10,1631.35,4262.181198,0.222654
300,5,383.91,24478.83,34548.85,3766.83,2033.07,4270.130703,0.180502
300,5,355.98,26613.12,33975.45,1756.47,1397.04,4208.814468,0.187920
300,5,415.59,25924.02,35200.52,2937.16,1622.66,4716.687377,0.168176
300,5,366.68,24618.39,33229.57,2680.33,1713.27,4217.569972,0.192238
300,5,358.00,21777.11,32553.63,3259.30,2174.13,5343.092142,0.219965
300,5,445.63,32045.53,41172.22,2451.53,1563.96,5111.198441,0.187475
300,5,382.91,24675.58,34668.25,3067.37,2024.57,4900.736877,0.230219
300,5,342.78,20331.49,30222.94,4067.01,1934.18,3890.260170,0.141839
300,5,422.07,28622.63,37871.82,2780.13,1643.20,4825.860723,0.222962
300,5,309.21,21785.57,29006.97,2107.51,1335.50,3778.392223,0.216852
300,5,373.35,23241.05,32825.45,3302.09,2162.38,4119.931729,0.193570
300,5,364.71,22911.16,32097.03,3233.65,1990.33,3961.896162,0.161493
300,5,327.72,20557.45,30396.96,3136.75,1770.65,4932.102116,0.188260
300,6,401.88,24547.84,35454.83,3678.04,2370.72,4858.232194,0.213190
300,6,596.25,36510.01,48226.47,3780.10,2298.05,5638.303252,0.317850
300,6,480.77,31336.01,42159.28,3492.73,2057.02,5273.515790,0.227221
300,6,410.74,25377.04,36031.71,3936.38,2373.66,4344.633811,0.282590
300,6,470.14,29074.36,41238.94,3887.07,2125.96,6151.552428,0.208947
300,6,481.20,32054.76,43376.85,4293.96,2131.29,4896.840102,0.201086
300,6,482.67,30939.64,42609.80,3462.56,2044.57,6163.026598,0.207930
300,6,446.59,31351.86,40595.53,2346.13,1562.96,5334.580700,0.210474
300,6,392.25,22507.79,33684.21,3741.23,2675.44,4759.745695,0.246393
300,6,455.71,27282.94,39224.96,4984.34,2416.50,4541.179340,0.276564
300,6,352.16,26039.92,33997.49,2134.24,1480.55,4342.779946,0.184087
300,6,440.59,26844.03,37006.76,3383.88,2067.15,4711.699591,0.221292
300,6,473.39,27783.64,39259.36,4072.28,2168.28,5235.154661,0.258994
300,6,471.43,27086.75,39767.12,4199.01,2422.48,6058.869570,0.284589
300,6,413.24,25752.10,35801.22,2818.32,1812.06,5418.743613,0.241887
300,6,527.75,34558.58,46710.13,4193.81,2310.91,5646.830921,0.204007
300,6,590.57,35835.82,48300.83,4037.99,2366.73,6060.293670,0.230713
300,6,324.29,18319.71,28794.21,3575.28,2100.62,4798.600820,0.251100
300,6,415.85,24832.72,36827.16,4504.67,2577.76,4912.011805,0.228061
300,6,421.59,23575.03,35767.14,4052.55,2308.79,5830.771645,0.223043
300,6,456.80,28110.99,39482.61,3811.23,2243.92,5316.473390,0.261186
300,6,431.66,27669.44,38625.81,3747.59,2434.58,4774.199187,0.239399
300,6,329.53,18180.50,29433.42,3979.48,2406.08,4867.359874,0.280643
300,6,485.03,31052.60,42679.68,4060.97,2496.31,5069.802656,0.241272
300,6,486.39,32782.03,42587.48,2760.79,1851.42,5193.233830,0.229987
300,6,416.94,25809.41,35697.18,3154.25,1780.78,4952.740862,0.212671
300,6,446.78,26877.14,37552.09,3620.92,2245.86,4808.169364,0.297030
300,6,402.58,25301.66,35838.06,2998.55,1990.38,5547.469901,0.253718
300,6,405.63,25375.80,35339.21,3281.75,2015.69,4665.978615,0.189732
300,6,373.48,24432.39,33391.63,2482.73,1942.30,4534.207867,0.240400
300,6,442.11,25725.92,38099.34,4291.85,2559.48,5522.085540,0.266735
300,6,353.07,24080.91,33363.26,2807.19,1717.81,4757.354053,0.197894
300,6,450.61,24713.99,37699.03,4896.00,2668.54,5420.497581,0.299194
300,6,518.29,30633.47,42260.52,3861.33,2286.41,5479.306921,0.270068
300,6,546.70,37967.57,47847.15,2774.31,1966.58,5138.694083,0.193814
300,6,380.44,24704.21,34262.06,3241.59,2032.31,4283.942990,0.218520
300,6,478.68,31519.32,43811.18,4234.60,2032.90,6024.359761,0.218615
300,6,468.52,30813.61,41432.79,3303.56,2013.11,5302.510064,0.262167
300,6,429.36,29096.21,38191.14,2767.84,1685.43,4641.659803,0.231286
300,6,386.24,22244.59,33123.98,4389.69,2298.25,4191.446199,0.218264
300,6,369.77,25159.40,34847.77,3585.66,2132.17,3970.533123,0.213008
300,6,365.13,23593.27,33117.54,3347.14,1920.75,4256.391670,0.199714
300,6,478.62,27604.06,39931.50,3265.97,2462.77,6598.706313,0.264192
300,6,370.21,21354.81,32281.65,3884.29,2370.19,4672.353884,0.307595
300,6,401.52,27204.92,35979.58,2511.70,1846.97,4415.982838,0.186365
300,6,488.69,30127.03,40825.80,3017.26,1828.38,5853.123765,0.269018
300,6,372.97,22103.09,33053.60,4311.21,2199.82,4439.478950,0.239804
300,6,468.56,29903.58,42301.11,4398.98,2176.63,5821.919080,0.205686
300,6,578.38,37261.73,49259.98,3680.73,2078.05,6239.476697,0.184849
300,6,344.14,18836.71,29427.03,4080.89,2187.61,4321.817451,0.236175
300,6,460.58,29877.18,40735.70,3568.38,2150.30,5139.835333,0.274609
300,6,464.56,33238.05,43099.46,2730.71,1965.71,5165.002912,0.222967
300,6,396.43,26724.93,36793.84,3071.04,1984.04,5013.830330,0.196922
300,6,427.82,29384.21,39803.68,3293.57,1929.32,5196.571058,0.230751
300,6,487.91,32248.75,43340.83,3269.76,2112.05,5710.263847,0.191080
300,6,423.58,27290.05,38076.80,3830.80,2184.43,4771.517957,0.230146
300,6,499.02,33955.26,44596.03,3213.19,2214.29,5213.293669,0.229582
300,6,496.85,33016.99,43596.10,3232.04,2007.42,5339.654386,0.214767
300,6,383.57,23251.31,33052.34,2788.97,2060.72,4951.331321,0.247948
300,6,433.19,27874.14,39047.45,3809.80,2446.20,4917.311653,0.253529
300,6,427.58,28387.12,38668.32,2673.55,2067.51,5540.130658,0.222971
300,6,473.98,28594.59,40363.42,3926.12,2379.91,5462.795826,0.240394
300,6,334.89,20526.27,30077.41,3343.20,1748.64,4459.298523,0.220386
300,6,379.60,25464.88,36094.46,3647.35,2149.15,4833.086381,0.255148
300,6,308.90,18358.42,27809.57,3350.44,1837.82,4262.878342,0.228823
300,6,414.82,26110.24,37554.30,3659.34,2322.72,5461.985726,0.266805
300,6,484.80,32538.47,42968.11,3217.61,2019.31,5192.721714,0.247334
300,6,457.23,30013.10,40904.52,3375.35,2106.63,5409.432127,0.244147
300,6,483.67,28685.07,41344.00,4910.08,2347.71,5401.136926,0.222352
300,6,472.22,29843.81,41726.29,3983.02,2322.29,5577.175582,0.245909
300,6,407.60,24938.47,36365.66,4356.53,2541.61,4529.048934,0.269810
300,6,391.80,26150.53,36152.54,2602.22,2143.36,5256.432384,0.190750
300,6,372.35,20890.77,31678.27,3452.68,1978.08,5356.749516,0.214424
300,6,491.16,33426.58,44954.96,4060.72,2265.06,5202.608473,0.212340
300,6,370.18,25921.12,34419.21,2192.46,1686.35,4619.290656,0.230794
300,6,419.16,25698.15,36550.78,3768.67,1961.03,5122.922343,0.224558
300,6,414.39,24978.58,35289.88,3456.68,1797.48,5057.137306,0.215683
300,6,449.96,28700.08,39639.92,3950.67,2512.55,4476.625549,0.259583
300,6,500.86,32518.41,42717.35,2403.66,1855.45,5939.834556,0.186089
300,6,377.25,21536.41,33447.88,4404.08,2232.37,5275.026520,0.309277
300,6,381.93,26091.23,35849.29,2930.28,1951.54,4876.241563,0.258536
300,6,395.53,22944.41,34412.39,4652.18,2241.41,4574.378367,0.205505
300,6,401.45,24246.17,34891.10,3806.99,2319.08,4518.861600,0.241598
300,6,326.81,19327.16,28292.20,2898.28,1970.73,4096.033466,0.283879
300,6,306.51,16337.40,26482.42,3885.90,2615.74,3643.376576,0.260966
300,6,464.38,32642.41,42405.54,2518.17,1848.51,5396.445080,0.226106
300,6,338.33,19734.85,29525.67,3510.66,2062.99,4217.168410,0.213296
300,6,390.53,27832.16,37862.28,3071.44,2053.37,4905.319156,0.206538
300,6,444.65,27363.63,39472.05,4382.89,2537.54,5187.987597,0.247426
300,6,386.84,30605.31,38848.78,2073.30,1478.30,4691.864581,0.150258
300,6,440.42,26767.69,37401.52,3593.19,1810.46,5230.189786,0.184172
300,6,408.48,24841.86,36408.72,4253.66,2225.67,5087.521720,0.249168
300,6,501.75,28599.62,41042.09,4378.31,2548.67,5515.483968,0.239512
300,6,465.34,29150.88,40436.10,3578.96,1918.22,5788.050515,0.224523
300,6,327.12,18311.71,27801.46,3482.50,1965.13,4042.126010,0.196489
300,6,439.97,26847.48,38331.19,3666.29,2433.60,5383.817685,0.247885
300,6,306.10,20118.32,28332.33,2555.16,1982.98,3675.883317,0.202803
300,6,368.24,24530.79,34855.66,3984.67,2328.93,4011.263155,0.260696
300,6,450.41,26961.39,39010.77,3980.07,2552.28,5517.037447,0.188967
300,6,489.77,32425.20,43422.21,3415.55,2243.86,5337.602655,0.241987
300,7,419.79,25646.00,37088.02,3689.90,2261.62,5490.502825,0.245596
300,7,529.89,33265.60,45850.42,4152.29,2637.42,5795.106949,0.277754
300,7,402.05,20762.59,33354.02,4299.44,2660.21,5631.777293,0.249846
300,7,385.31,26630.55,35836.88,2426.27,1914.82,4865.230227,0.244454
300,7,540.01,31523.12,45789.72,4735.43,2699.14,6832.039330,0.254602
300,7,416.74,21077.08,34703.47,5339.12,3010.90,5276.367271,0.328735
300,7,562.47,33763.32,46980.34,4532.98,2648.26,6035.774117,0.282081
300,7,578.32,41699.41,52204.46,2883.54,1858.11,5763.396515,0.184103
300,7,469.37,26588.19,40491.87,5829.98,3182.21,4891.490965,0.256882
300,7,357.59,20544.36,31868.90,4058.52,2274.28,4991.735618,0.236029
300,7,356.62,23105.67,32757.94,2879.00,1939.70,4833.569865,0.227469
300,7,447.98,28885.12,39208.84,3366.95,2101.38,4855.381612,0.221025
300,7,366.42,24339.49,33278.59,2895.31,1866.33,4177.461119,0.228195
300,7,477.70,28290.57,41087.77,4183.75,2036.04,6577.401780,0.264859
300,7,465.19,25184.54,38469.16,4871.76,2636.66,5776.207104,0.265791
300,7,548.22,29406.64,43633.03,5641.96,2851.41,5733.022425,0.280781
300,7,566.98,34939.79,47654.03,3407.35,2321.62,6985.269535,0.283080
300,7,468.11,31371.33,42271.49,2960.62,2269.92,5669.612715,0.249438
300,7,408.04,21454.33,34538.91,4782.62,3193.35,5108.614742,0.302409
300,7,488.69,26781.80,40680.23,5183.59,2757.91,5956.923241,0.311752
300,7,495.54,26313.66,41349.85,5960.40,3459.87,5615.925481,0.365914
300,7,525.78,30993.68,44678.41,4762.29,2545.66,6376.782242,0.301802
300,7,481.94,31109.65,42174.59,3499.06,2349.94,5215.930428,0.210843
300,7,463.87,26185.74,38919.16,4558.59,2192.70,5982.131017,0.278497
300,7,565.22,32588.99,46794.30,4757.44,3359.18,6088.694742,0.325526
300,7,552.23,33674.82,47961.26,5230.63,2897.48,6158.335083,0.236390
300,7,514.86,31967.92,45257.66,4678.12,3074.26,5537.357830,0.357826
300,7,467.19,25979.37,39205.17,4454.37,2753.07,6018.357781,0.279330
300,7,426.29,25153.89,36285.11,3659.46,2333.70,5138.059759,0.243011
300,7,505.87,31287.65,43531.84,3909.77,2850.94,5483.478248,0.277903
300,7,436.80,23903.51,36287.93,4421.92,2513.99,5448.508305,0.225274
300,7,380.77,21269.44,32166.43,3757.01,2222.02,4917.958791,0.260341
300,7,450.21,30293.92,40637.98,2606.13,2053.30,5684.627758,0.242305
300,7,546.15,33657.21,46708.16,4564.04,2213.21,6273.702104,0.205340
300,7,478.41,32068.80,44308.61,3582.23,2093.10,6564.477719,0.222425
300,7,436.64,24247.53,37519.05,5627.36,2956.83,4687.320636,0.251881
300,7,489.19,28782.96,41375.71,4347.29,2314.65,5930.809645,0.301697
300,7,527.57,32763.31,44429.06,3539.01,2294.57,5832.155874,0.200370
300,7,411.65,24232.27,36013.17,4090.03,2434.98,5255.894869,0.263014
300,7,374.40,21847.73,32642.54,3900.99,2303.85,4589.969587,0.253847
300,7,406.17,25317.60,37478.04,4916.81,2495.97,4747.663036,0.254326
300,7,355.25,21875.62,31717.14,3214.25,1978.46,4648.807115,0.296123
300,7,560.24,33036.68,46891.13,4264.62,2687.65,6902.178074,0.288629
300,7,585.38,36782.00,49237.84,4158.00,2510.06,5787.789926,0.222392
300,7,376.92,21700.67,32719.23,3688.78,2347.80,4981.982774,0.265045
300,7,491.84,31803.99,43967.80,3572.22,1995.39,6596.197343,0.219417
300,7,432.57,22820.78,36686.77,5383.19,2964.74,5518.053681,0.292687
300,7,467.64,29564.46,42988.99,5203.30,2534.48,5686.749401,0.300894
300,7,499.37,29264.86,42547.44,4595.07,2523.60,6163.906537,0.261560
300,7,401.08,20425.66,33522.94,5448.77,2735.27,4913.251046,0.264858
300,7,486.39,27400.20,40215.39,4498.42,2806.22,5510.553119,0.324408
300,7,501.96,28100.39,40796.89,4661.01,2479.56,5555.936365,0.263906
300,7,493.94,31419.81,43114.01,4183.84,2268.12,5242.242656,0.179683
300,7,424.08,27139.68,38182.83,3649.62,2180.52,5213.007297,0.213116
300,7,425.70,28495.88,38842.40,2644.09,1951.79,5750.645212,0.206938
300,7,509.67,32467.50,44815.98,4453.13,2453.34,5442.010780,0.227725
300,7,459.96,29354.38,40822.39,3486.96,2374.42,5606.632303,0.232140
300,7,637.18,39875.93,53502.46,4608.74,2584.08,6433.714489,0.266491
300,7,566.20,34700.38,47968.41,4704.60,2605.44,5957.996202,0.245191
300,7,534.78,32017.54,43516.69,3666.75,2485.09,5347.310859,0.238479
300,7,509.46,35075.75,47404.50,3832.75,2223.25,6272.753786,0.226428
300,7,456.74,26980.52,39929.31,4312.71,2757.24,5878.838108,0.244637
300,7,371.82,22624.85,33659.74,4171.84,2497.15,4365.901008,0.271067
300,7,521.44,34405.61,47676.23,4900.96,2667.81,5701.848132,0.311649
300,7,448.34,25553.24,37951.89,4401.04,2602.88,5394.726905,0.288395
300,7,592.12,36516.79,49720.19,4276.55,2833.15,6093.703211,0.260097
300,7,507.90,35762.62,45772.42,2387.88,1769.18,5852.740737,0.225730
300,7,612.63,37844.78,49877.83,4027.05,2452.49,5553.508580,0.272138
300,7,425.56,22601.82,37596.61,6090.21,3069.51,5835.081007,0.239955
300,7,442.90,26309.27,38098.29,3706.69,2058.24,6024.084830,0.230963
300,7,455.96,28065.04,40276.09,4063.62,2531.33,5616.100292,0.344727
300,7,476.07,29637.86,41066.51,3285.54,2509.42,5633.687115,0.249527
300,7,495.76,28490.49,41646.65,4959.23,2856.57,5340.346853,0.327736
300,7,396.38,26647.27,35795.29,2228.16,1756.01,5163.842636,0.250313
300,7,457.31,29567.02,40191.22,3542.71,1938.90,5142.599053,0.247163
300,7,538.74,32204.14,44108.82,4110.16,2290.19,5504.323381,0.262137
300,7,391.94,24037.13,35457.34,3532.70,2310.68,5576.830052,0.243956
300,7,568.52,37572.50,50755.43,4718.71,2760.19,5704.030247,0.292008
300,7,509.68,30010.00,43646.79,4284.72,2418.96,6933.111004,0.258102
300,7,458.09,26233.11,38370.66,4296.76,2499.53,5341.267454,0.279707
300,7,495.38,34605.52,44670.65,2551.39,1902.68,5611.061267,0.253277
300,7,414.09,21718.24,35591.86,5507.46,2935.30,5430.866505,0.251644
300,7,546.12,36916.55,47581.25,3262.94,2288.84,5112.929572,0.237405
300,7,413.63,23558.64,35769.55,5009.49,2785.71,4415.714704,0.306066
300,7,459.35,31550.75,41460.14,3372.32,2009.64,4527.437050,0.281276
300,7,493.70,32525.11,44274.22,3399.32,2504.46,5845.325969,0.323925
300,7,400.25,22028.89,33985.71,4639.09,2656.90,4660.831130,0.307351
300,7,549.47,34373.51,47838.66,4689.02,2627.91,6148.221832,0.334610
300,7,454.99,27420.80,38322.77,3152.85,2349.91,5399.201817,0.276712
300,7,437.96,25113.78,37754.86,4708.14,2264.84,5668.101840,0.239882
300,7,484.65,29434.80,40669.06,2930.43,2177.96,6125.882717,0.229027
300,7,423.33,24163.89,37076.62,4373.80,2478.66,6060.276678,0.232705
300,7,487.56,28884.26,41195.03,3902.68,2452.74,5955.357797,0.372632
300,7,473.00,28567.72,42105.10,4350.22,3012.70,6174.451654,0.317361
300,7,472.37,25541.00,39966.14,6172.84,3081.94,5170.360954,0.328294
300,7,503.92,30679.74,43095.49,4164.27,2595.41,5656.072344,0.231722
300,7,501.80,33415.36,44237.69,3465.82,2390.78,4965.725346,0.212030
300,7,374.14,22466.71,33940.22,4195.01,2550.23,4728.276669,0.244370
300,7,547.47,30249.50,44818.28,5402.60,2657.08,6509.096211,0.191059
300,7,475.45,28815.26,41385.68,4014.64,2381.34,6174.432016,0.179677
300,8,430.55,25751.26,38617.20,4751.87,2880.15,5233.928988,0.276269
300,8,554.56,31952.42,45470.09,4347.04,2908.86,6261.773825,0.313287
300,8,431.50,25667.33,38202.97,4306.12,2517.47,5712.041978,0.260147
300,8,540.28,33778.09,46471.92,4507.93,2627.93,5557.974061,0.324163
300,8,537.34,30619.85,46084.11,5603.34,3091.15,6769.778893,0.316442
300,8,562.84,32299.92,46292.50,4569.01,2838.87,6584.713014,0.281606
300,8,477.82,26518.77,40440.99,5016.73,2665.74,6239.752988,0.232074
300,8,472.47,26128.16,40669.27,5183.25,3350.43,6007.429734,0.361297
300,8,483.15,26827.75,40132.07,4840.74,3066.16,5397.416690,0.284596
300,8,367.27,18110.95,31419.88,5152.63,2895.46,5260.853596,0.276047
300,8,406.85,23982.05,36473.81,4217.81,2489.33,5784.619657,0.232328
300,8,389.49,23731.53,35399.84,3767.95,2860.34,5040.018262,0.321281
300,8,350.93,15868.37,29609.49,5587.33,2880.34,5273.453948,0.311153
300,8,432.42,20784.91,35729.67,5537.15,3286.90,6120.714010,0.323338
300,8,502.96,28264.49,41677.43,4945.18,2775.66,5692.098047,0.283587
300,8,505.19,25938.42,40708.91,5870.97,3042.93,5856.598154,0.330866
300,8,562.05,34726.67,49007.07,4545.78,2852.77,6881.856141,0.305901
300,8,462.23,27481.32,41838.44,5350.31,2796.09,6210.719202,0.319580
300,8,499.66,29951.67,43099.06,5186.22,2669.67,5291.511770,0.303721
300,8,500.43,26748.05,40737.36,5044.33,2751.06,6193.914835,0.325078
300,8,555.81,33933.47,47457.54,4524.27,2743.70,6256.098234,0.266757
300,8,536.82,29625.11,43905.23,4467.95,3014.45,6797.721421,0.282357
300,8,485.63,28925.11,42173.65,4672.05,2783.95,5792.543567,0.272375
300,8,512.76,26365.48,41923.36,6256.32,3213.27,6088.277280,0.261350
300,8,483.91,29064.31,42885.02,4941.04,2803.97,6075.701568,0.318877
300,8,585.18,35552.31,50069.60,5266.23,2920.06,6331.002924,0.321464
300,8,519.26,33566.11,46671.35,4394.14,2854.42,5856.684341,0.268950
300,8,472.54,23372.92,37945.42,5488.07,3002.71,6081.713464,0.319935
300,8,610.57,35285.90,50437.22,5249.30,3356.59,6545.420417,0.447753
300,8,589.18,34552.67,48927.05,5165.53,2891.87,6316.988977,0.353556
300,8,532.25,28990.83,42734.00,4889.65,2720.34,6133.193323,0.297083
300,8,425.25,24625.06,36901.20,4107.09,2636.97,5532.082797,0.314174
300,8,509.69,29248.63,43827.25,5425.06,3288.26,5865.294164,0.295340
300,8,594.68,30956.18,47393.49,6509.14,3403.39,6524.774581,0.292781
300,8,550.63,35988.41,49157.80,4608.29,2531.44,6029.671020,0.249030
300,8,457.98,24821.12,38146.25,5088.31,3055.75,5181.066224,0.314610
300,8,514.86,29345.18,42372.83,4432.97,2290.04,6304.644053,0.287682
300,8,562.26,32787.21,46330.61,5401.44,2641.45,5500.515732,0.301637
300,8,440.21,26938.37,39242.38,4436.23,2807.75,5060.025968,0.288471
300,8,487.01,29968.33,43077.96,4898.65,2630.35,5580.627065,0.317050
300,8,291.60,15426.86,25456.65,3368.81,2128.56,4532.420694,0.247885
300,8,570.36,35151.94,48252.06,5178.87,2939.73,4981.517943,0.268566
300,8,672.22,38936.44,55944.73,5713.25,2840.24,8454.795271,0.254268
300,8,494.96,28330.83,42141.17,5009.31,3102.05,5698.984461,0.277241
300,8,405.17,23162.79,34471.39,3496.26,2486.17,5326.182191,0.274185
300,8,499.69,29057.03,42548.19,3999.59,2491.72,6999.845069,0.292101
300,8,475.13,24055.38,38077.26,5779.16,3084.42,5158.291858,0.339221
300,8,482.73,26496.04,41090.86,5470.26,2789.02,6335.533183,0.280927
300,8,659.77,36185.30,53998.42,6662.00,3732.46,7418.660685,0.359618
300,8,517.43,30144.60,42999.76,4365.79,3131.12,5358.247893,0.263106
300,8,469.60,21732.85,37663.01,6788.41,3186.75,5954.989663,0.278747
300,8,545.24,31276.74,46519.09,6052.58,3181.59,6008.180287,0.332735
300,8,528.69,28728.60,43074.67,5567.04,2966.69,5812.343666,0.255076
300,8,411.33,26225.29,37301.93,3547.66,2180.65,5348.326725,0.261550
300,8,489.51,28890.57,40983.76,3991.92,2320.13,5781.136823,0.242444
300,8,591.50,37829.34,51884.30,5091.43,2789.84,6173.692137,0.248288
300,8,481.56,27239.96,40238.06,4142.81,2599.08,6256.195806,0.286733
300,8,452.39,22849.44,37784.33,5882.92,3208.81,5843.154746,0.322207
300,8,465.61,27666.15,40700.06,4208.45,2772.41,6053.051264,0.285335
300,8,653.68,38391.13,53104.39,5633.95,3020.67,6058.642284,0.287531
300,8,509.24,29448.75,42590.16,4723.99,2529.82,5887.610396,0.261015
300,8,529.01,31144.79,44472.12,4912.90,2709.40,5705.023665,0.287829
300,8,443.63,24505.62,38359.65,5565.77,3045.66,5242.592641,0.296139
300,8,523.56,29317.76,44859.05,6380.44,3261.16,5899.683856,0.253930
300,8,453.03,24692.65,39160.89,5264.74,3332.23,5871.267192,0.326367
300,8,623.51,37765.36,52057.41,4720.19,2914.83,6657.017576,0.258207
300,8,541.91,31718.43,45898.73,4649.37,2409.28,7121.639716,0.238241
300,8,695.78,43451.17,57579.77,4784.67,2945.18,6398.756265,0.276066
300,8,502.67,28171.30,42717.39,5219.76,2712.86,6613.470056,0.317377
300,8,559.90,33133.81,47100.97,4757.32,2744.13,6465.714319,0.254228
300,8,532.67,27146.11,42557.24,6319.03,3484.71,5607.386038,0.335418
300,8,443.55,23490.54,37473.66,4913.48,3178.04,5891.597088,0.277305
300,8,566.99,37185.61,51053.71,4658.43,2604.65,6605.013047,0.261169
300,8,419.67,24369.17,37195.62,4337.13,2866.84,5622.482317,0.310534
300,8,420.34,24742.66,35854.11,3384.07,2179.88,5547.501691,0.267661
300,8,508.51,27518.11,41753.66,4842.57,2951.32,6441.658441,0.315400
300,8,430.60,23912.61,37360.26,4849.40,2573.57,6024.678656,0.264537
300,8,476.82,27104.98,41195.72,5398.17,3139.19,5553.377552,0.323827
300,8,539.82,32340.53,46557.30,4552.70,2369.11,7294.954811,0.301776
300,8,462.67,24644.63,38087.17,4826.29,2617.21,5999.038359,0.307558
300,8,398.32,27349.38,36662.51,2297.36,2081.53,4934.245429,0.306053
300,8,441.90,22527.65,37040.42,5825.18,3231.25,5456.337573,0.266703
300,8,405.19,21382.48,34544.56,4758.15,2887.12,5516.808731,0.333835
300,8,312.60,17769.35,28302.61,3681.64,2342.54,4509.078152,0.269502
300,8,409.16,22715.22,34845.36,4552.82,2738.90,4838.422907,0.260909
300,8,547.74,34401.99,47688.34,4645.55,2675.01,5965.790550,0.260275
300,8,401.64,23109.31,34690.35,4252.20,2601.02,4727.818045,0.265577
300,8,679.34,40661.09,55134.45,4976.54,3016.09,6480.730393,0.290041
300,8,485.39,26893.96,40862.96,4783.72,2824.84,6360.443012,0.275152
300,8,454.35,28977.60,41285.44,4210.76,2209.57,5887.508602,0.241829
300,8,519.06,32237.61,46262.62,4072.19,2485.58,7467.237744,0.249608
300,8,489.83,23739.56,40397.21,6723.31,3370.00,6564.340015,0.346045
300,8,505.32,33983.24,45490.58,3497.89,2272.48,5736.969312,0.278360
300,8,545.04,29306.67,44731.87,5484.32,3389.41,6551.472048,0.321161
300,8,481.22,26588.11,40576.69,5636.97,2895.05,5456.554762,0.248960
300,8,494.06,25485.16,40443.90,5494.12,3188.44,6276.182561,0.302098
300,8,444.90,21800.29,36659.80,6218.76,3705.06,4935.691658,0.309600
300,8,430.22,26778.87,38110.82,4092.22,2504.14,4735.589883,0.266043
300,8,468.10,24468.10,38450.18,5367.24,2790.91,5823.938754,0.216269
300,8,531.02,28492.21,44558.47,6214.68,2917.29,6934.291114,0.317456
300,9,533.67,29469.51,43988.04,5038.69,3223.91,6255.930737,0.444496
300,9,445.25,22245.23,38182.66,6625.96,3350.10,5961.372870,0.346772
300,9,594.24,40161.39,52524.63,3528.39,2660.74,6174.097321,0.288444
300,9,519.13,24044.91,40460.23,7090.46,3298.10,6026.763574,0.373057
300,9,534.08,26284.84,42858.71,6231.33,3594.71,6747.825748,0.325688
300,9,449.61,28421.35,39686.20,2795.91,2292.38,6176.568379,0.281321
300,9,623.99,39719.00,52754.12,3624.64,2838.91,6571.566201,0.324076
300,9,410.93,25346.40,36782.37,2812.39,2278.48,6345.095857,0.265929
300,9,520.37,28980.49,43475.13,5114.87,3138.58,6241.191750,0.330465
300,9,569.94,32590.98,48390.39,5875.95,3281.81,6641.647056,0.316859
300,9,469.31,26032.64,39261.73,4596.34,2779.31,5853.440107,0.360825
300,9,463.67,24826.68,39056.80,5379.07,3286.26,5564.793776,0.338045
300,9,630.44,33818.40,49839.83,6523.43,3433.57,6064.430969,0.309869
300,9,575.77,29897.52,46237.32,6020.63,3539.30,6779.860752,0.311424
300,9,489.79,26518.62,41288.44,5526.97,2869.46,6373.385354,0.364627
300,9,455.66,26953.33,39782.52,4321.93,2556.68,5950.578219,0.312018
300,9,438.28,24369.20,38010.23,4071.71,2848.34,6720.981166,0.349819
300,9,495.47,24779.85,40179.52,5410.76,3643.43,6345.478368,0.373209
300,9,632.04,36076.09,51077.57,5568.89,2975.81,6456.784455,0.329077
300,9,476.59,27906.47,41361.11,4270.74,2598.70,6585.192474,0.352348
300,9,500.12,26144.89,40964.30,5723.82,3204.94,5890.639177,0.313181
300,9,743.24,41770.49,59385.18,6795.15,3675.85,7143.687518,0.407623
300,9,545.12,35095.31,47859.10,4574.68,2502.60,5686.511508,0.277982
300,9,516.35,28854.50,43576.84,5646.83,3006.50,6069.008317,0.357779
300,9,458.38,23364.72,38936.10,6313.07,3440.25,5818.066796,0.346944
300,9,550.91,29736.05,44855.72,5827.92,3327.94,5963.808062,0.381159
300,9,521.41,29139.51,45305.81,6238.67,3107.39,6820.238299,0.334388
300,9,652.49,39033.14,54275.05,5462.93,3268.60,6510.380392,0.358593
300,9,519.23,30686.79,44443.19,4374.12,2942.90,6439.376461,0.305328
300,9,529.53,31886.22,46289.70,5048.74,2972.29,6382.437985,0.278724
300,9,450.37,24443.20,38486.06,4722.77,3120.01,6200.084437,0.320406
300,9,571.02,32210.59,47355.79,5733.05,3228.85,6183.300543,0.347416
300,9,513.57,27083.50,41667.36,5491.19,3153.77,5938.898550,0.390079
300,9,508.00,26390.31,42313.14,6203.52,3382.92,6336.377612,0.399190
300,9,448.99,23618.46,38553.24,5696.18,3051.50,6187.092932,0.340527
300,9,458.84,22953.54,37684.78,6185.60,3126.53,5419.108703,0.341745
300,9,493.37,29122.53,42712.84,4279.71,3227.56,6083.034722,0.375248
300,9,402.81,20914.46,35005.18,5071.64,2774.80,6244.284770,0.367717
300,9,494.28,27019.67,40823.05,4908.53,3169.29,5725.552997,0.375005
300,9,406.75,21958.12,35374.43,4575.71,2951.90,5888.708292,0.398249
300,9,478.94,25990.24,41231.70,6298.70,3454.86,5487.898113,0.364438
300,9,452.15,24268.01,37972.88,5434.98,2978.87,5291.020683,0.333337
300,9,551.22,31916.07,47915.57,5382.94,3316.32,7300.233810,0.389303
300,9,477.26,27048.29,40856.05,4586.58,3272.10,5949.083022,0.387991
300,9,392.11,20641.69,32332.83,3796.85,2539.66,5354.635303,0.260102
300,9,619.74,39401.56,54217.59,4663.31,2915.99,7236.731995,0.259449
300,9,562.73,30272.15,46297.67,6601.86,3319.31,6104.349034,0.265271
300,9,542.37,27791.43,42773.69,5580.71,2924.32,6477.228784,0.281042
300,9,601.79,31011.07,49026.10,6890.81,3449.42,7674.801612,0.316827
300,9,578.43,34652.58,49149.67,5156.52,3107.58,6232.976223,0.315632
300,9,617.74,36869.32,52680.88,6630.93,3351.02,5829.619053,0.268160
300,9,442.58,23417.72,36127.23,4461.35,2668.81,5579.346208,0.263286
300,9,583.18,31909.23,47442.90,5991.27,3365.30,6177.106685,0.292837
300,9,552.74,29097.94,45765.51,6663.54,3401.01,6603.022369,0.260149
300,9,574.66,32361.91,47083.74,5269.20,3086.99,6365.638778,0.296560
300,9,523.16,33110.81,46792.47,5153.66,2891.90,5636.101328,0.268804
300,9,446.19,23663.12,37691.09,5032.80,3022.90,5972.268473,0.344942
300,9,523.09,26741.61,42941.69,6282.89,3130.82,6786.366990,0.298271
300,9,475.21,23945.31,39553.06,5600.37,3437.86,6569.521972,0.325055
300,9,498.72,26303.30,42186.65,6120.47,3340.77,6422.116680,0.275793
300,9,637.17,39140.56,53631.57,4861.89,3142.23,6486.889957,0.325228
300,9,514.73,29765.26,42940.25,4392.65,2891.15,5891.188803,0.290352
300,9,341.14,16037.55,28462.22,4702.45,2844.92,4877.297333,0.343738
300,9,648.42,39921.86,54884.29,5117.89,3270.07,6574.481034,0.370240
300,9,536.74,28112.93,42969.37,5723.96,3078.56,6053.908942,0.359495
300,9,500.56,24092.55,41357.16,6871.74,3610.30,6782.576509,0.375491
300,9,730.73,37814.69,55275.99,6915.00,3314.83,7231.474419,0.406319
300,9,558.84,33634.74,48535.18,5047.20,3341.39,6511.845868,0.348852
300,9,601.68,32437.60,49354.90,6692.28,3794.35,6430.664260,0.327878
300,9,637.82,36648.14,53223.53,5606.95,3068.17,7900.263160,0.342508
300,9,504.73,26227.77,41759.22,6173.49,3429.58,5928.389938,0.367071
300,9,472.15,23421.00,38394.19,5852.32,3333.77,5787.098721,0.363672
300,9,602.76,32886.13,49737.45,6394.59,3464.36,6992.364563,0.320441
300,9,452.15,21262.20,36743.76,6287.01,3343.38,5851.169164,0.362146
300,9,517.91,30529.79,43491.54,4017.88,2692.73,6251.129164,0.330708
300,9,433.59,22655.01,36382.69,4242.65,3100.97,6384.063965,0.279656
300,9,496.31,26180.74,39859.47,4824.93,3189.62,5664.176171,0.303702
300,9,540.22,31098.90,45585.74,5339.75,3288.61,5858.480024,0.344495
300,9,609.08,38342.61,53586.16,4836.53,2931.15,7475.870674,0.287452
300,9,439.61,26262.09,38480.70,3730.88,2588.49,5899.232149,0.275925
300,9,407.41,22755.08,34317.09,3533.99,2345.70,5682.326782,0.372816
300,9,531.90,31448.51,45606.17,5050.87,3366.88,5739.914178,0.398621
300,9,544.31,29658.95,46119.73,6740.15,3836.11,5884.518755,0.440035
300,9,484.43,25532.84,39650.73,5788.27,3167.26,5162.350995,0.393043
300,9,456.51,24816.34,38284.33,5358.65,2944.63,5164.711113,0.287938
300,9,527.66,33012.04,46184.95,4190.97,2721.35,6260.593447,0.311239
300,9,548.71,31036.14,45551.74,5119.16,3136.74,6259.690452,0.405833
300,9,586.20,29051.53,46710.50,7035.62,3902.58,6720.760606,0.403665
300,9,516.03,28336.44,43607.84,6151.40,3417.80,5702.208520,0.405992
300,9,646.56,37244.51,52021.00,4673.27,3041.96,7061.254752,0.364352
300,9,590.15,34277.56,50132.03,5658.64,3287.73,6908.091886,0.290766
300,9,627.33,34441.26,52066.68,7019.19,3716.27,6889.964868,0.303890
300,9,508.03,28130.61,43408.57,5426.05,3084.19,6767.724677,0.327059
300,9,639.55,36863.64,51231.73,4507.33,3254.50,6606.262883,0.389335
300,9,542.23,29136.93,45460.66,7038.76,3513.44,5771.531441,0.344436
300,9,522.98,29363.71,42952.90,4679.19,2648.06,6261.937530,0.274757
300,9,452.05,23900.22,38215.29,5673.93,3488.18,5152.959611,0.402918
300,9,534.63,27010.63,43575.78,7161.62,3526.89,5876.640669,0.362231
300,9,554.89,33665.53,47299.50,4102.54,2684.77,6846.659672,0.256219
300,9,509.24,24522.07,41468.24,6763.87,3657.18,6525.118659,0.329934
300,10,513.47,26526.46,42386.23,6495.94,3540.01,5823.818430,0.392229
300,10,576.55,28800.81,46462.24,6760.34,3752.85,7148.245725,0.408942
300,10,524.90,29987.68,43860.90,4310.00,3132.34,6430.868139,0.464430
300,10,537.71,27450.40,43744.96,6183.43,3592.79,6518.337751,0.488790
300,10,610.77,31475.99,48979.72,5997.58,3863.08,7643.066835,0.399172
300,10,462.86,25472.10,39640.02,4428.53,3040.82,6698.560412,0.386289
300,10,606.47,33421.13,49012.68,5541.58,3478.15,6571.823383,0.360313
300,10,482.67,27349.19,40605.57,4326.62,2799.51,6130.249393,0.282121
300,10,585.48,30755.03,48568.81,6703.31,3995.45,7115.012999,0.459351
300,10,457.87,21148.13,37819.51,6565.81,3732.84,6372.724093,0.324487
300,10,520.89,28438.26,44103.68,6037.17,3529.72,6098.530157,0.314655
300,10,519.52,27915.41,43105.47,5447.88,3309.53,6432.655562,0.364121
300,10,665.42,43828.76,57486.59,4436.92,3019.75,6201.154020,0.342620
300,10,491.20,25627.17,41753.82,5858.51,3250.81,7017.327999,0.358054
300,10,582.19,32378.34,47533.42,5502.34,3354.15,6298.585758,0.467711
300,10,576.85,28765.54,46374.58,6586.15,3716.70,7306.202425,0.346127
300,10,532.78,31155.98,46004.29,5096.81,2978.58,6772.917032,0.402270
300,10,520.71,25489.00,43358.81,7478.88,3890.40,6500.535553,0.400705
300,10,600.65,33544.50,50541.03,6710.40,3995.87,6290.253615,0.422548
300,10,700.52,39765.28,57150.60,6637.75,3734.59,7012.972846,0.382488
300,10,628.68,32200.56,50171.91,6942.98,4108.33,6920.031359,0.525559
300,10,641.31,31827.31,50514.56,7392.52,4117.14,7177.588489,0.460383
300,10,575.57,30755.90,46923.04,6236.06,3739.37,6191.714451,0.506337
300,10,550.05,27590.23,44499.75,6702.01,3800.54,6406.967210,0.503986
300,10,592.88,33591.71,49307.49,5684.66,3512.80,6518.322582,0.410404
300,10,649.44,33340.43,51410.48,7170.34,4063.62,6836.091620,0.458715
300,10,499.33,23882.66,40437.04,6243.13,3453.29,6857.955932,0.436300
300,10,483.23,22975.39,39612.42,6538.07,3939.60,6159.361404,0.443882
300,10,549.97,29664.99,46598.45,6539.32,3839.28,6554.859723,0.420715
300,10,534.35,27792.74,43548.20,5664.62,4002.00,6088.840076,0.453900
300,10,526.61,28523.55,44081.05,5931.95,3156.25,6469.290773,0.370006
300,10,560.61,32872.54,48575.28,5567.68,3576.35,6558.709920,0.427379
300,10,558.82,28809.82,45224.18,6220.06,3734.70,6459.600620,0.368837
300,10,528.14,27023.27,45155.16,7238.68,3814.22,7078.977621,0.393378
300,10,612.90,40407.17,53049.18,2504.08,2834.77,7303.166638,0.377011
300,10,489.64,23996.12,40360.12,6996.60,3740.85,5626.556305,0.491404
300,10,635.63,34803.28,51355.42,6210.91,3298.81,7042.420396,0.366202
300,10,604.08,32868.37,49675.30,6978.84,3522.46,6305.629348,0.405233
300,10,563.78,31140.15,47903.84,6925.27,3779.66,6058.757538,0.534286
300,10,430.98,19343.07,35638.23,6545.17,3788.20,5961.785147,0.413131
300,10,473.84,24260.04,39149.87,6374.32,3337.01,5178.495460,0.402808
300,10,444.88,22528.97,36702.63,5289.83,3370.48,5513.349476,0.352034
300,10,669.04,40178.78,55971.82,4755.41,2781.85,8255.782769,0.356270
300,10,489.67,24799.70,39810.27,5348.71,3365.03,6296.834882,0.390061
300,10,599.01,33332.85,48348.70,5037.05,3470.47,6508.336117,0.507247
300,10,595.46,32935.72,49535.87,6030.93,3623.37,6945.859119,0.442291
300,10,541.60,26371.17,42909.34,6401.38,3795.75,6341.046428,0.606452
300,10,563.17,28972.40,45846.20,6384.58,3526.92,6962.300907,0.483632
300,10,476.17,23761.75,39905.31,5594.77,3502.42,7046.370801,0.466928
300,10,489.49,23180.57,39230.31,5796.75,3525.92,6727.068547,0.496848
300,10,652.04,35602.46,52889.92,6705.07,3798.75,6783.632163,0.883709
300,10,631.95,40539.14,53988.64,4667.81,2840.58,5941.101805,0.318474
300,10,553.93,26911.75,43896.61,6465.57,3795.14,6724.148127,0.513426
300,10,560.10,29728.52,45691.62,5608.86,3350.08,7004.155430,0.368284
300,10,627.84,30169.91,49485.14,8011.54,4232.12,7071.566642,0.366152
300,10,501.00,27763.03,43400.70,6061.41,3238.82,6337.437900,0.313764
300,10,537.34,29382.31,43544.31,4514.66,3333.86,6313.485705,0.367452
300,10,471.30,26324.31,39968.98,4663.18,2904.51,6076.996423,0.400072
300,10,547.13,29573.02,46020.51,6230.32,3587.96,6629.212466,0.415944
300,10,490.57,25959.78,41896.24,6151.59,3681.33,6103.532807,0.469841
300,10,655.73,34756.91,51623.55,5756.33,3728.99,7381.329856,0.470462
300,10,568.92,25524.68,44387.64,8016.67,4139.89,6706.396071,0.533114
300,10,583.63,31827.13,47649.11,5906.96,3993.27,5921.747503,0.423217
300,10,669.30,36570.10,52938.69,5852.66,3244.66,7271.276336,0.373554
300,10,519.83,25764.39,42812.16,6192.30,3794.14,7061.325814,0.395591
300,10,636.97,36908.53,53549.44,5948.27,3807.55,6885.098384,0.515864
300,10,595.94,34056.89,49607.09,5756.48,3236.56,6557.157575,0.330361
300,10,508.99,27062.98,41047.11,4700.66,3115.51,6167.960732,0.392056
300,10,596.14,31629.08,49002.26,6142.87,3803.24,7427.067897,0.357104
300,10,580.61,29500.35,47769.15,7220.22,3499.02,7549.565756,0.477740
300,10,502.02,24953.21,40679.76,5710.78,3506.29,6509.472263,0.322172
300,10,447.61,24418.53,37755.48,3833.14,3243.56,6260.247396,0.388016
300,10,497.21,21672.59,40316.44,8212.49,4499.63,5931.733899,0.509414
300,10,506.31,28348.96,42329.76,4797.86,2946.67,6236.269035,0.446276
300,10,504.19,26149.07,42424.85,5633.12,3587.73,7054.933490,0.355830
300,10,536.74,29976.42,45631.31,5428.73,3527.68,6698.483406,0.368831
300,10,554.03,29239.17,44578.28,5636.94,3528.81,6173.362133,0.470135
300,10,618.59,30344.20,48500.93,7610.42,3736.69,6809.624870,0.524680
300,10,647.18,36680.96,53431.93,5945.28,3400.23,7405.461966,0.472543
300,10,647.31,39059.67,54473.85,5356.30,3134.27,6923.621682,0.400518
300,10,537.50,29131.46,43847.16,4834.52,3257.25,6623.922371,0.493984
300,10,482.25,25559.37,40655.76,5667.31,3451.87,5977.216024,0.408092
300,10,492.99,26422.68,41599.08,5357.22,3453.89,6365.288507,0.581983
300,10,487.45,23996.73,40034.61,6587.12,3431.08,6019.672697,0.426863
300,10,431.50,20761.46,35141.17,5363.61,3585.96,5430.130700,0.614846
300,10,609.61,33117.97,49657.23,5824.91,3690.16,7024.184102,0.666401
300,10,469.55,25866.94,39204.41,4833.43,2659.23,5844.804825,0.567251
300,10,495.86,26737.48,41604.93,5274.54,3150.16,6442.746859,0.619620
300,10,454.51,23943.77,38886.60,5400.29,3620.21,5922.322174,0.651085
300,10,551.76,29197.43,45315.00,6051.86,3294.03,6771.684682,0.458705
300,10,552.66,28369.08,45180.75,6568.17,3709.55,6533.939772,0.459120
300,10,652.75,35447.56,52553.37,6599.57,3289.00,7217.230977,0.421187
300,10,562.96,29209.03,45665.84,6521.69,3811.39,6123.731859,0.351499
300,10,503.54,27681.44,42663.13,5193.03,3234.64,6554.012837,0.461453
300,10,615.04,32518.03,50647.90,7394.54,4403.85,6331.483338,0.508452
300,10,552.59,29084.28,46854.23,7041.42,4012.87,6715.657308,0.534926
300,10,430.22,25329.99,37998.08,4511.60,2981.55,5174.930418,0.319766
300,10,547.98,26130.79,43069.65,6993.44,3667.19,6278.222598,0.505523
300,10,627.07,35094.78,52216.90,5798.88,3650.16,7673.089728,0.400940
300,10,761.87,46780.17,62865.20,5529.13,3383.63,7172.268000,0.358818
300,11,577.44,32068.40,48107.80,5728.85,3854.43,6456.113242,0.464325
300,11,634.30,35498.74,52917.63,6404.69,3719.14,7295.062381,0.359493
300,11,593.10,31361.15,48344.18,6732.32,3991.44,6259.267290,0.477791
300,11,618.99,34473.64,52001.93,6937.17,3741.68,6849.452019,0.451102
300,11,609.44,27330.19,47950.86,8132.51,4542.39,7945.772199,0.435680
300,11,573.75,30108.54,46206.86,5209.67,3479.48,7409.177786,0.455272
300,11,569.47,25962.24,44784.00,7426.94,4056.36,7338.458489,0.421736
300,11,547.69,25838.55,43871.95,6825.87,4386.55,6820.987987,0.576643
300,11,562.00,28020.45,44360.79,5981.35,3802.01,6556.972177,0.522967
300,11,540.59,28356.63,43502.64,5314.91,3420.23,6410.870718,0.380762
300,11,512.35,27227.64,42848.85,5908.81,3577.48,6134.912581,0.425204
300,11,530.56,27796.63,45182.74,7119.19,3924.54,6342.379478,0.391501
300,11,615.96,37221.30,52334.76,5458.83,3314.90,6339.728512,0.451306
300,11,407.77,19032.49,34437.90,5399.19,3300.85,6705.376076,0.347346
300,11,556.71,25473.00,45264.34,8423.50,4593.84,6774.000389,0.406192
300,11,669.75,34365.43,53118.42,7381.51,4355.20,7016.284075,0.451526
300,11,563.52,31203.79,47154.11,5521.90,3506.12,6922.289246,0.329197
300,11,561.36,28912.61,45983.06,6444.86,3692.09,6933.505125,0.351304
300,11,628.59,31345.30,50999.68,7880.54,4259.53,7514.307958,0.343461
300,11,626.95,31673.77,50489.35,7223.33,4412.26,7179.990640,0.361776
300,11,599.58,29677.01,47961.06,7172.56,4189.27,6922.220289,0.397426
300,11,712.45,35123.63,56479.94,9583.56,4356.14,7416.607962,0.456311
300,11,757.29,41542.40,62054.34,8526.50,4746.43,7239.014065,0.452821
300,11,520.90,26304.88,41871.35,5527.01,3324.81,6714.657893,0.379319
300,11,568.45,31410.80,46937.76,5512.73,3457.20,6557.022923,0.401944
300,11,653.71,32690.73,51389.45,7857.84,4544.38,6296.501196,0.401203
300,11,524.29,24820.87,42136.05,6463.86,4202.98,6648.331897,0.621656
300,11,540.02,25651.72,43228.23,6269.60,4124.87,7182.045354,0.476525
300,11,489.86,22389.81,40000.63,6675.44,4083.12,6852.259198,0.512046
300,11,612.87,30720.38,47903.96,6539.75,3784.64,6859.183569,0.362220
300,11,576.93,30936.94,48624.18,6683.27,3642.97,7360.990220,0.366938
300,11,572.64,24164.90,45080.84,8693.98,5006.28,7215.669634,0.527639
300,11,643.86,32885.87,51211.84,7054.30,4327.96,6943.714572,0.422353
300,11,564.82,26409.23,45335.46,8567.97,4060.97,6297.296357,0.349442
300,11,618.37,38719.79,53592.58,4538.88,3420.40,6913.523795,0.351663
300,11,420.58,14588.36,33430.10,8544.79,4831.75,5465.205266,0.449960
300,11,607.68,29874.62,47836.23,6737.84,4116.30,7107.468982,0.369238
300,11,593.07,30321.34,47655.37,6577.90,3854.49,6901.632679,0.404599
300,11,513.37,22929.97,41421.77,7733.19,4171.60,6587.001803,0.480472
300,11,643.98,35737.43,52921.96,6565.40,4000.79,6618.343453,0.451398
300,11,518.95,26428.26,41829.61,6059.22,3434.60,5907.533791,0.438872
300,11,444.05,20286.62,37246.94,7729.16,3902.41,5328.747902,0.447500
300,11,616.51,33454.10,50440.00,5424.25,3174.44,8387.216335,0.511482
300,11,496.93,26725.86,41676.74,5448.95,3362.89,6139.037346,0.328964
300,11,603.04,36120.67,52187.77,5940.45,3896.27,6230.376007,0.424231
300,11,528.48,25009.45,42728.09,6593.49,3939.61,7185.540260,0.367153
300,11,572.34,28718.50,46580.95,6891.65,4383.60,6587.188557,0.397147
300,11,595.64,29579.81,47903.46,7818.24,3912.95,6592.451768,0.351592
300,11,655.65,33572.81,52843.73,7779.61,3841.79,7649.527157,0.377280
300,11,550.92,26045.02,45132.96,7941.45,4542.99,6603.503189,0.634494
300,11,559.16,26339.53,45002.37,8010.11,3894.48,6758.246781,0.347186
300,11,557.35,30074.36,44572.92,5299.69,2949.66,6249.203643,0.384950
300,11,488.90,23534.46,39859.65,6313.23,3761.20,6250.759208,0.430609
300,11,577.03,34374.45,49287.13,4899.04,3270.87,6742.766367,0.441652
300,11,625.84,33273.29,51787.60,6379.18,4033.18,8101.962541,0.486727
300,11,413.98,19157.33,34207.64,5404.65,3557.33,6088.337952,0.425599
300,11,536.67,26897.58,44239.23,6801.34,3410.14,7130.170233,0.404751
300,11,524.53,23990.46,43614.68,8237.87,4576.88,6809.471401,0.496001
300,11,572.13,36691.98,50917.73,4656.36,3015.82,6553.575274,0.353373
300,11,512.04,23830.66,40680.04,6554.29,3769.99,6525.095424,0.470997
300,11,615.96,29393.63,49767.07,8283.39,4268.58,7821.466627,0.492229
300,11,427.37,20498.92,35199.97,5026.50,3341.06,6333.489814,0.424457
300,11,552.80,27504.54,44999.92,6916.95,4043.19,6535.233395,0.393456
300,11,533.89,29545.49,44094.56,5098.25,3397.93,6052.885121,0.374114
300,11,496.82,19942.25,40224.89,8669.30,4759.95,6853.388460,0.483512
300,11,588.98,27993.68,47082.13,7359.66,4329.78,7399.021886,0.406425
300,11,629.99,33979.09,51322.44,6024.54,3657.61,7661.188422,0.380207
300,11,607.24,33186.98,48880.69,5779.30,3353.32,6561.088649,0.332110
300,11,662.02,33217.54,53056.63,8351.10,4414.79,7073.195174,0.392157
300,11,570.54,33422.41,48079.78,4458.27,3233.04,6966.055609,0.322864
300,11,621.75,34617.14,51401.23,6547.66,3627.54,6608.884645,0.401423
300,11,512.60,23271.33,41058.54,7065.47,3940.51,6781.230588,0.459746
300,11,496.81,24132.32,41140.34,6220.60,3702.49,7084.933905,0.417643
300,11,543.50,27664.97,45245.64,6664.37,3939.30,6976.994355,0.369640
300,11,542.15,30453.88,45552.43,4849.11,3534.66,6714.792323,0.401028
300,11,562.30,28202.35,44766.96,6371.76,3751.79,6441.061635,0.415557
300,11,537.21,24645.78,42275.90,7275.25,3975.26,6379.610091,0.401120
300,11,532.89,29799.62,45519.48,5357.34,3352.36,7010.164601,0.467068
300,11,749.30,42786.54,59432.01,5802.29,3626.13,7217.046792,0.501928
300,11,532.01,25668.21,43563.59,7240.61,3950.22,6704.556628,0.427348
300,11,592.84,28718.98,47345.08,6756.34,4466.03,7403.728455,0.502734
300,11,467.73,19911.24,37633.80,7186.36,4026.23,6509.970844,0.349493
300,11,509.81,20741.81,40702.07,8419.44,4415.60,7125.217001,0.382010
300,11,468.66,23435.55,39266.11,6272.89,3739.42,5818.263973,0.392248
300,11,534.50,29236.59,44577.06,5946.69,3563.22,5830.557652,0.350709
300,11,706.85,40777.36,56738.07,5193.45,3722.89,7044.372044,0.402569
300,11,592.98,32248.97,49165.41,6406.20,4026.68,6483.561037,0.441969
300,11,518.14,22179.59,41631.85,8239.18,4358.44,6854.639023,0.484717
300,11,576.25,31864.76,48212.07,6114.18,3823.88,6409.255550,0.473420
300,11,659.09,35230.84,52934.34,6897.70,4272.40,6533.405680,0.428828
300,11,632.23,30564.52,50038.93,8460.25,4447.41,6566.747180,0.377464
300,11,469.28,25912.17,39826.91,4010.43,2957.01,6947.300915,0.336279
300,11,504.69,22478.11,40514.17,7585.63,3927.60,6522.843877,0.369929
300,11,572.72,28978.08,46494.00,6399.03,4251.85,6865.039413,0.464834
300,11,624.48,30351.00,50126.58,8439.21,4469.60,6866.773383,0.329461
300,11,520.38,25598.99,43126.52,7006.31,3773.72,6747.494778,0.360700
300,11,407.05,19611.09,33563.98,5217.01,3180.33,5555.542684,0.347330
300,11,597.68,29086.00,46897.85,7583.76,3912.74,6315.355335,0.371027
300,11,624.15,31371.06,50393.00,7304.09,4067.52,7650.327816,0.319051
300,11,650.19,31430.61,50909.08,7638.24,4136.78,7703.450337,0.353992
300,12,519.82,21744.42,41620.53,8639.63,4495.89,6740.589400,0.473335
300,12,609.75,37017.34,52682.02,4514.23,3583.22,7567.233999,0.473257
300,12,515.79,25464.86,42729.70,6614.93,4000.74,6649.164622,0.525387
300,12,705.38,36418.47,54308.11,6339.01,4512.68,7037.948892,0.583994
300,12,656.41,30721.68,51425.80,8431.46,4300.32,7972.344192,0.423660
300,12,613.41,29058.10,49088.37,8731.38,4261.78,7037.108659,0.398429
300,12,541.38,21132.05,42335.38,9217.56,4659.33,7326.440172,0.509785
300,12,565.59,28778.27,46140.25,6251.90,4338.23,6771.858751,0.514025
300,12,542.40,25183.67,43035.74,6367.63,4033.25,7451.185553,0.521595
300,12,592.00,29004.97,47393.38,7755.32,3933.11,6699.988597,0.475330
300,12,504.42,20015.66,40850.45,9229.69,5123.25,6481.851024,0.505253
300,12,565.27,22707.31,43945.11,8753.81,4905.03,7578.962863,0.397096
300,12,564.07,27659.32,45034.29,6756.39,3951.88,6666.698787,0.377600
300,12,599.00,28062.52,46107.72,6845.44,4054.91,7144.853071,0.370768
300,12,616.92,29861.19,49083.10,7493.10,4215.91,7512.895511,0.425408
300,12,640.91,31842.59,50078.17,6878.80,3929.08,7427.692710,0.449427
300,12,681.35,38418.28,55322.20,5979.83,3546.99,7377.102326,0.385173
300,12,566.87,25218.17,44566.19,7771.23,4609.69,6967.106822,0.459958
300,12,734.85,37800.84,58486.53,8142.18,4864.68,7678.834345,0.451633
300,12,701.31,37761.72,55471.79,6097.49,3923.51,7689.069259,0.389310
300,12,593.66,30897.59,47393.30,5630.03,3395.24,7470.443593,0.371293
300,12,623.46,27889.08,48847.58,8344.10,4476.64,8137.761399,0.512847
300,12,698.72,35383.32,55102.62,7719.54,4620.99,7378.769493,0.609215
300,12,599.99,28976.52,47252.46,7255.47,3901.73,7118.734399,0.520517
300,12,615.69,29657.39,48589.43,7959.71,4022.80,6949.531661,0.378540
300,12,530.38,23641.60,42720.16,8136.61,4311.85,6630.099958,0.578502
300,12,731.04,37325.26,57432.71,8339.25,4330.52,7437.679423,0.409484
300,12,624.74,28381.00,48582.59,8226.46,4430.82,7544.314341,0.645922
300,12,548.45,25909.55,43985.60,6615.15,4445.60,7015.294242,0.542383
300,12,686.73,33954.45,54212.46,8369.06,4507.34,7381.599186,0.553049
300,12,601.17,31656.70,49340.69,6929.30,4022.03,6732.665828,0.470833
300,12,544.33,25881.20,43213.07,6312.42,4300.37,6719.092328,0.440152
300,12,625.74,34980.11,51586.07,5030.07,3971.32,7604.571797,0.459910
300,12,604.48,28356.72,47937.57,8287.88,4564.36,6728.615588,0.494266
300,12,528.89,26823.94,43591.54,5880.64,3969.32,6917.646299,0.346515
300,12,612.70,29863.24,49175.32,8266.92,4816.92,6228.241277,0.605523
300,12,637.66,36246.48,52741.24,5403.01,3804.38,7287.371264,0.452834
300,12,633.80,32395.70,50978.07,7221.02,4423.06,6938.293471,0.550706
300,12,476.76,16834.59,38648.28,9630.09,5375.99,6807.618573,0.545308
300,12,598.11,28108.30,47673.58,8272.02,4683.15,6610.101041,0.511913
300,12,535.36,23556.01,41793.88,7534.52,4292.44,6410.915559,0.509174
300,12,508.89,22757.64,41164.06,8225.40,4347.66,5833.365495,0.450410
300,12,656.81,32311.33,52127.32,7733.13,3523.14,8559.718391,0.423282
300,12,543.25,21929.11,42348.23,8898.83,4904.07,6616.223986,0.427230
300,12,547.97,30725.83,46659.88,5699.67,3788.31,6446.083863,0.404502
300,12,680.52,34035.16,54191.59,8579.94,4318.30,7258.187368,0.422114
300,12,614.09,26876.97,47375.63,8624.91,4963.57,6910.173047,0.457873
300,12,670.25,34791.41,55259.43,8715.57,4445.84,7306.596057,0.407393
300,12,645.87,29645.21,51019.85,8008.91,4724.40,8641.332055,0.506946
300,12,548.47,24843.06,43942.22,7340.91,4360.89,7397.361692,0.457165
300,12,505.87,21085.67,40548.45,7942.94,4309.18,7210.656888,0.406166
300,12,534.16,24823.83,42946.96,7617.05,4141.71,6364.367626,0.370502
300,12,589.91,30863.72,47314.14,5628.67,3556.52,7265.226374,0.452493
300,12,734.50,35696.72,55808.29,8208.25,4519.37,7383.949072,0.370154
300,12,573.21,26923.96,45328.64,7069.12,3718.57,7616.991855,0.421523
300,12,679.96,38838.64,54790.96,6065.73,3662.27,6224.319066,0.469690
300,12,537.34,28956.55,45485.59,5793.71,3983.02,6752.316348,0.469254
300,12,560.65,25490.03,44321.25,7548.86,4312.86,6969.490728,0.447512
300,12,609.21,33723.73,50055.90,5718.83,3663.13,6950.206386,0.430624
300,12,569.83,28006.63,45550.29,6617.66,4050.79,6875.219075,0.545370
300,12,580.11,25874.70,46222.90,7939.34,4510.96,7897.888218,0.452827
300,12,538.28,26978.35,43508.00,5770.93,3812.71,6946.007311,0.386520
300,12,612.51,31835.03,49920.32,6854.15,4043.14,7188.005517,0.501336
300,12,609.75,30224.46,48547.78,7324.16,4282.61,6716.545604,0.501068
300,12,482.84,22869.18,40116.02,6416.68,3852.16,6977.993096,0.409399
300,12,687.20,36466.91,54686.45,6149.59,4422.29,7647.659780,0.465208
300,12,691.51,33717.57,54972.20,8750.48,4901.61,7602.540529,0.692241
300,12,650.91,32411.36,50768.93,6840.58,4216.29,7300.701669,0.586514
300,12,691.94,32916.81,53328.07,8416.78,4840.91,7153.577418,0.579805
300,12,664.51,34989.16,53344.99,6905.53,4136.45,7313.863012,0.566320
300,12,509.32,27837.80,43970.87,5569.02,3782.26,6781.795211,0.493533
300,12,696.94,35369.50,56192.56,8559.43,4739.64,7523.985051,0.690350
300,12,593.03,28042.49,47426.84,7702.19,4268.71,7413.441079,0.642373
300,12,673.52,31529.31,52345.78,8279.57,5063.35,7473.548265,0.537260
300,12,478.44,21060.72,39032.79,6793.68,4346.03,6832.353212,0.536194
300,12,552.59,23835.54,44401.23,8628.95,4801.28,7135.462888,0.511618
300,12,596.14,30704.39,48084.03,6206.69,4217.74,6955.211053,0.550507
300,12,541.78,24964.36,43216.12,7049.05,3807.07,7395.643825,0.401337
300,12,666.34,32091.44,51604.71,6792.22,4158.03,8563.007947,0.460080
300,12,532.68,23130.99,42242.43,8277.59,4374.78,6459.061654,0.438908
300,12,661.96,31886.48,50407.34,7492.79,4247.21,6780.855926,0.477786
300,12,544.31,27675.52,44850.16,6220.61,3892.01,7062.021396,0.464179
300,12,547.28,25769.35,42720.36,6348.03,3692.69,6910.296447,0.438341
300,12,513.93,28190.89,42943.06,5327.09,3474.47,5950.614058,0.483003
300,12,570.10,28459.90,45615.22,5869.30,5106.86,6179.149226,0.544867
300,12,593.54,27406.54,46461.46,6897.13,4590.53,7567.261677,0.599745
300,12,523.49,20043.35,41428.14,9438.82,5079.75,6866.222520,0.596191
300,12,513.23,20082.74,41330.90,9336.18,4987.57,6924.412407,0.534257
300,12,661.24,33649.78,51584.94,6916.51,4037.75,6980.902542,0.490168
300,12,649.33,29659.10,50699.46,8849.42,5114.48,7076.455897,0.477851
300,12,663.39,33658.01,52865.18,7513.93,4406.55,7286.688319,0.517873
300,12,597.60,27730.44,47336.71,7663.72,4303.80,7638.756036,0.449147
300,12,542.15,26018.35,44731.65,7136.66,4789.01,6787.629081,0.654400
300,12,688.55,36787.04,54565.56,6811.11,4033.54,6933.872625,0.701579
300,12,567.17,24708.96,44776.03,8927.27,4691.85,6447.960598,0.531438
300,12,646.90,34234.31,53579.62,7546.00,4353.49,7445.823182,0.550057
300,12,531.04,22781.92,41311.94,8302.26,4492.76,5734.995254,0.442491
300,12,632.73,34875.70,52991.50,7289.04,3898.04,6928.717817,0.398960
300,12,541.35,26686.84,44627.83,6599.45,4080.14,7261.409337,0.433556
300,12,482.82,17445.10,39453.03,10158.23,5056.46,6793.245882,0.467732
300,13,587.68,28311.31,48031.31,7742.81,4713.85,7263.334867,0.724143
300,13,596.78,27216.32,47098.09,7892.77,4651.44,7337.565497,0.538240
300,13,572.93,29666.41,47175.93,6516.49,3943.70,7049.328878,0.422645
300,13,736.39,34787.30,56781.83,9041.32,5180.26,7772.952970,0.699656
300,13,598.84,25344.95,48115.30,8973.17,5551.57,8245.609838,0.784579
300,13,547.43,25021.62,44356.91,7544.31,4416.19,7374.791747,0.460853
300,13,628.81,26134.52,50082.90,10648.84,5509.70,7789.834718,0.506756
300,13,625.94,28121.40,48204.90,7497.94,4749.64,7835.927770,0.480060
300,13,517.02,22288.13,42103.67,7691.46,4884.63,7239.456651,0.536794
300,13,594.67,26881.89,46664.76,7703.31,4675.36,7404.202640,0.642101
300,13,558.12,24952.35,44986.38,8616.97,4827.84,6589.230680,0.578141
300,13,554.87,22963.48,43771.18,7392.27,5813.02,7602.409783,0.751311
300,13,587.16,25415.98,47049.69,9330.05,4806.17,7497.492413,0.611527
300,13,615.98,28923.55,49302.35,8588.47,4555.33,7234.994119,0.525804
300,13,629.81,26321.88,49004.33,10185.24,5164.58,7332.629120,0.581603
300,13,604.46,29303.85,48401.05,6675.09,4341.30,8080.821730,0.482616
300,13,693.21,30624.81,53134.03,9672.24,5140.32,7696.666625,0.456693
300,13,610.75,29650.81,48526.74,7563.79,4506.29,6805.861891,0.394341
300,13,786.62,45136.40,63533.96,6642.23,4069.18,7686.152392,0.462792
300,13,646.79,32453.15,53364.24,8668.68,4717.92,7524.486612,0.512241
300,13,632.01,27065.73,49308.91,9622.46,4737.65,7883.064769,0.652796
300,13,706.15,32123.01,55591.99,9937.62,5485.47,8045.883233,0.682953
300,13,576.05,29109.77,48145.45,7252.70,4386.60,7396.378424,0.541471
300,13,653.52,33732.52,51362.52,6529.98,4208.90,6891.127650,0.526097
300,13,584.99,27826.34,46785.28,6953.22,4277.47,7728.257291,0.621570
300,13,632.51,29547.56,49431.59,7892.81,4642.90,7348.327009,0.547134
300,13,609.75,26131.47,49018.44,9764.71,5011.86,8110.398700,0.638878
300,13,508.63,25963.58,42468.76,5601.64,3442.62,7460.921943,0.403340
300,13,617.89,28641.71,49283.22,8127.29,4943.30,7570.921119,0.497338
300,13,639.61,29764.30,50065.96,7932.21,4492.40,7877.047258,0.545280
300,13,581.90,28794.68,47338.76,7382.57,3856.36,7305.160621,0.459255
300,13,646.54,33153.42,50964.79,6308.57,4356.12,7146.678330,0.481924
300,13,626.54,29957.40,49523.46,7219.77,4937.63,7408.657957,0.562191
300,13,733.08,35151.82,55816.73,8594.86,4667.73,7402.327888,0.453954
300,13,665.47,32104.97,51595.34,7593.15,4874.81,7022.404235,0.462525
300,13,507.88,19543.09,39926.94,8899.93,4510.06,6973.854827,0.555386
300,13,642.73,29251.29,50963.66,8765.40,5032.17,7914.801047,0.835372
300,13,584.97,26422.58,47190.14,8645.79,4631.30,7490.469128,0.675834
300,13,518.33,20097.16,39877.34,8513.73,4264.91,7001.534465,0.788955
300,13,584.69,26860.82,46518.52,7986.82,4765.46,6905.416952,0.614175
300,13,528.69,22652.04,41534.72,8263.53,4532.92,6086.238738,0.476356
300,13,644.36,28506.89,50642.29,9515.11,5942.70,6677.581923,0.617394
300,13,678.28,33441.96,53869.53,7408.52,4062.96,8956.088859,0.610900
300,13,652.05,29185.96,50054.53,8828.76,4994.50,7045.308804,0.614572
300,13,653.98,32947.60,51717.55,6302.52,4658.51,7808.925549,0.568365
300,13,792.21,40305.80,61411.97,8788.72,4249.33,8068.120018,0.444060
300,13,588.78,28652.85,46770.92,7090.81,4260.57,6766.682854,0.586339
300,13,649.77,31106.64,52954.82,9083.63,5046.94,7717.611435,0.505790
300,13,619.11,25236.89,48335.32,9725.52,5574.16,7798.746566,0.795970
300,13,496.07,22043.84,40663.09,7523.43,4168.55,6927.264068,0.545615
300,13,626.28,27300.69,48485.58,8875.10,4737.83,7571.959376,0.607343
300,13,591.47,28399.88,47069.54,7736.14,4231.83,6701.688347,0.529693
300,13,570.76,26763.92,44777.57,6260.87,4026.06,7726.726758,0.492214
300,13,636.18,32935.50,51714.68,6696.05,4269.62,7813.518507,0.510092
300,13,551.66,22233.95,44414.12,9065.72,5130.16,7984.285655,0.466422
300,13,697.81,34052.58,55706.82,9723.96,4578.69,7351.589204,0.509961
300,13,656.56,30300.49,49911.07,8060.15,4444.22,7106.209294,0.444071
300,13,598.25,25096.65,47157.27,9421.99,5156.85,7481.780760,0.485384
300,13,573.38,31106.86,47835.47,5658.27,3887.15,7183.179405,0.422089
300,13,542.38,24637.67,44100.51,7593.09,4734.31,7135.441013,0.618849
300,13,617.52,25302.82,49251.16,11174.93,5453.29,7320.107986,0.506950
300,13,574.36,28684.77,48399.91,7927.52,4643.76,7143.863534,0.481633
300,13,634.95,29632.82,49611.83,8627.47,4488.12,6863.404122,0.646472
300,13,720.01,35814.67,56959.45,8437.21,4828.86,7878.713288,0.607840
300,13,585.65,22949.81,45073.34,10166.40,5314.06,6643.060621,0.651608
300,13,621.29,29277.13,49150.12,7924.01,4199.23,7749.754409,0.591790
300,13,735.81,34969.16,57628.41,9672.85,5093.03,7893.373689,0.631718
300,13,592.46,27939.28,47968.62,7799.56,5018.80,7210.982153,0.663930
300,13,631.69,31807.83,51415.02,7587.34,4379.41,7640.443433,0.482184
300,13,657.05,30365.73,51133.55,8183.51,4703.91,7880.409480,0.534146
300,13,613.94,29934.66,51010.06,8809.01,4728.77,7537.621829,0.512219
300,13,742.67,38070.81,58443.48,8025.20,4676.21,7671.252900,0.489540
300,13,622.77,27634.58,49675.24,9674.84,5118.87,7246.953339,0.642717
300,13,625.90,27537.68,48305.66,8495.21,4560.32,7712.442913,0.555673
300,13,628.57,29674.18,49694.83,7824.61,5174.88,7021.163157,0.509517
300,13,708.68,33508.38,54842.89,8654.47,4964.98,7715.061476,0.523513
300,13,613.82,27875.37,48978.54,8871.05,4812.52,7419.599194,0.506736
300,13,771.91,39686.02,60119.17,8449.09,4795.56,7188.509698,0.547356
300,13,719.96,38295.44,57949.66,6519.87,4505.96,8628.378126,0.957002
300,13,561.58,21816.51,43745.98,9457.67,5324.70,7147.094394,0.616487
300,13,612.84,33881.42,50822.73,5633.39,4271.48,7036.441660,0.475738
300,13,547.09,24268.21,44409.74,7894.18,4767.94,7479.417102,0.468136
300,13,570.71,29628.67,46809.27,6468.65,4089.70,6622.249859,0.425448
300,13,513.41,27067.99,42588.47,5479.65,3642.30,6398.535230,0.592064
300,13,627.55,29156.46,49655.51,8543.94,5146.99,6808.119381,0.596438
300,13,771.91,43738.20,61736.39,6462.80,3881.12,7654.277853,0.460379
300,13,603.24,24606.17,46279.60,8630.39,5240.66,7802.373787,0.539831
300,13,683.73,32805.35,53830.59,9262.25,4864.52,6898.466307,0.514460
300,13,661.35,35586.30,53551.05,6663.93,3895.48,7405.337444,0.431200
300,13,566.27,24307.92,44395.14,8280.21,4595.16,7211.843709,0.585067
300,13,664.35,31100.04,52535.70,8742.24,5284.85,7408.577916,0.682165
300,13,577.18,24207.94,45016.83,8125.30,4784.46,7899.134699,0.566534
300,13,580.45,22804.56,45465.61,9718.26,5529.42,7413.376409,0.603436
300,13,728.82,38278.07,58630.65,7092.58,4497.09,8762.919836,0.531276
300,13,626.38,26522.15,50349.17,10918.51,5448.20,7460.309974,0.502055
300,13,598.54,27134.11,48423.47,8454.15,4908.58,7926.632436,0.496385
300,13,557.38,26539.38,45213.01,7252.76,4636.34,6784.532224,0.524607
300,13,648.86,30382.29,51113.80,9148.70,4670.63,6912.185011,0.579996
300,13,629.12,28887.10,49852.43,7897.07,4832.87,8235.385529,0.431401
300,13,626.35,26052.70,49378.91,10858.74,5181.19,7286.276179,0.466391
300,14,622.40,27592.01,48580.09,8202.55,4852.86,7932.675743,0.695589
300,14,692.01,30335.48,52358.76,8751.05,5169.72,8102.511635,1.353601
300,14,661.01,29990.10,51676.55,8804.46,5127.54,7754.436452,0.789799
300,14,591.15,24731.95,45422.02,8431.39,4818.20,7440.479998,0.801324
300,14,911.43,42958.35,67778.34,9747.47,6346.84,8725.680716,0.824640
300,14,560.05,34519.32,50927.45,4955.89,3713.55,7738.675392,0.807546
300,14,614.73,28186.34,50179.00,8946.71,5301.85,7744.103120,0.748804
300,14,641.86,28730.26,51706.59,9017.54,5699.80,8258.981794,1.369941
300,14,677.69,37671.89,54884.37,5965.30,4066.18,7181.004362,0.563954
300,14,657.13,26444.99,50624.84,10534.33,5893.49,7752.032383,0.514990
300,14,691.27,31523.92,53934.09,9326.65,5402.03,7681.493518,0.593769
300,14,715.89,36262.87,56235.30,7779.37,4881.83,7311.231389,0.725175
300,14,581.08,26317.11,46146.57,8055.20,4579.41,7194.852583,0.459078
300,14,612.37,26397.67,48619.79,9239.35,5153.96,7828.815782,0.494443
300,14,733.02,38041.20,58274.99,7701.31,4522.67,8009.813340,0.621649
300,14,665.56,28292.08,51183.21,10117.61,4992.92,7780.587053,0.469257
300,14,885.19,42621.53,66560.56,10419.48,5475.41,8044.132353,0.570169
300,14,535.71,17862.18,41574.97,9810.88,5981.20,7920.705381,0.792911
300,14,676.26,29467.99,51910.48,9396.33,4841.44,8204.722877,0.518664
300,14,670.81,28232.61,51949.80,10075.18,5233.73,8408.278379,0.755333
300,14,622.74,26336.34,48795.94,9474.09,5288.67,7696.845297,0.549963
300,14,749.57,33147.50,57599.02,10136.48,5648.03,8667.019039,0.607047
300,14,599.32,26082.55,47905.25,8899.77,4983.38,7939.549747,0.513454
300,14,620.43,24615.39,47157.33,9860.24,5410.19,7271.495109,0.658103
300,14,568.30,22080.90,43578.95,9395.75,4545.08,7557.223571,0.679143
300,14,607.59,25440.34,47488.37,8648.82,5539.18,7860.034818,0.549229
300,14,609.35,21699.50,45432.01,10007.55,5515.78,8209.182485,0.544769
300,14,664.33,31628.02,52212.94,8201.04,4994.96,7388.921004,0.653390
300,14,655.10,26307.58,50121.13,10037.86,5569.09,8206.594643,0.604592
300,14,557.18,24539.22,43872.41,6731.13,4547.10,8054.956326,0.840035
300,14,536.94,22675.94,42638.25,7845.28,4137.59,7979.442963,0.475215
300,14,669.89,30442.92,52084.95,8874.30,4922.38,7845.351702,0.676619
300,14,601.28,26604.46,46883.17,8068.62,4516.94,7693.142226,0.552500
300,14,612.78,23437.17,47929.07,11166.79,5144.55,8180.556067,0.719464
300,14,568.77,23911.08,44485.38,8810.40,4856.96,6906.936250,0.576051
300,14,544.67,16565.29,41699.97,11458.65,6197.02,7479.010219,0.651219
300,14,522.81,24348.38,42958.92,7066.14,4105.18,7439.225233,0.433959
300,14,657.43,30003.46,51474.31,8290.89,5755.80,7424.163601,0.571212
300,14,538.19,22157.94,42362.67,7996.45,5014.22,7194.057192,0.503865
300,14,566.82,21406.05,44049.79,9574.39,5570.17,7499.186402,0.550304
300,14,573.59,26811.50,45474.21,7864.62,4541.02,6257.076100,0.555269
300,14,553.20,23735.82,43001.68,7798.67,4296.12,7171.074315,0.497153
300,14,777.81,39332.09,59849.16,8050.27,4446.90,8019.900459,0.433535
300,14,723.08,35741.32,55788.26,8210.46,4285.59,7550.895481,0.505590
300,14,664.42,31396.90,51746.73,7816.53,5111.95,7421.346558,0.577043
300,14,790.96,40420.68,62592.40,8700.74,5323.49,8147.486845,0.726201
300,14,554.73,22852.06,43330.63,7973.85,4934.75,7569.959435,0.574326
300,14,754.53,36551.44,59419.26,9900.52,4741.19,8226.113296,0.535748
300,14,744.77,34216.20,57438.28,9468.62,5257.71,8495.743213,0.433670
300,14,615.72,26190.68,48474.70,9629.14,5235.07,7419.813150,0.450158
300,14,686.93,28120.44,53653.72,11220.66,5424.85,8887.783627,0.462227
300,14,709.58,37171.61,55411.04,6248.06,4725.15,7266.216853,0.496936
300,14,674.33,28363.01,50562.52,9181.59,5219.23,7798.688645,0.484042
300,14,627.51,27844.24,49460.62,8650.90,4966.62,7998.859803,0.538860
300,14,788.99,36706.32,60727.51,9837.33,6025.71,8158.151152,0.679815
300,14,607.56,24941.68,49036.76,10819.22,5186.30,8089.554198,0.629130
300,14,583.28,28282.09,48283.55,7565.86,4286.85,8148.759135,0.417987
300,14,607.43,29480.88,48011.45,7230.07,4104.92,7195.571844,0.403686
300,14,718.61,37427.85,56909.57,7051.77,4246.07,8183.878758,0.418849
300,14,578.79,25579.99,46861.90,8735.67,5465.94,7080.312635,0.811261
300,14,639.33,24943.99,48109.15,9909.16,5416.13,7839.858770,0.557274
300,14,656.76,33292.35,52144.10,7146.07,4339.48,7366.200304,0.426983
300,14,605.94,25375.73,47233.60,9216.03,4933.82,7708.023203,0.660408
300,14,733.40,35009.06,56797.09,8642.37,4924.58,8221.074603,0.534893
300,14,693.43,29323.00,54317.35,11125.38,6033.15,7835.819208,0.674938
300,14,796.41,38672.07,62107.48,8826.71,5465.66,9143.038186,0.577242
300,14,622.01,29532.04,49066.04,7406.42,4578.42,7549.160985,0.601115
300,14,620.02,29777.35,48692.14,6497.42,4411.27,8006.111062,0.611399
300,14,501.78,26789.73,42105.65,4528.67,3725.01,7062.235855,0.402377
300,14,800.22,40658.44,62529.32,8499.46,5495.81,7875.608114,0.689735
300,14,600.92,21688.36,47164.31,10911.74,6018.25,8545.962969,0.632883
300,14,709.18,34960.49,56016.13,8139.46,4771.10,8145.073759,0.465630
300,14,511.66,19421.05,40661.09,8916.03,5001.44,7322.564322,0.555007
300,14,685.29,30611.83,53307.48,9200.10,5394.25,8101.298317,0.526842
300,14,633.57,25512.34,48855.15,9908.16,6152.67,7281.975790,0.710751
300,14,640.76,30624.91,51824.96,8308.76,5146.08,7745.213965,0.497182
300,14,609.56,26574.80,48724.79,9523.83,5152.97,7473.186311,0.545743
300,14,685.33,32784.92,54479.35,8375.83,4724.15,8594.456322,0.609125
300,14,668.11,30336.02,51504.26,8547.02,4624.51,7996.709112,0.564603
300,14,664.05,25351.12,50532.98,11870.60,5801.12,7510.137213,0.625906
300,14,656.49,28668.73,51523.04,8547.19,5520.13,8786.988047,0.605952
300,14,584.21,21400.40,45754.21,10809.50,5532.73,8011.570788,0.459494
300,14,533.85,22738.75,42366.75,7520.75,4730.09,7377.164021,0.452887
300,14,657.17,29604.58,50477.92,8805.79,4917.07,7150.480828,0.552600
300,14,593.32,30349.56,48404.78,7203.40,4122.69,6729.126023,0.508348
300,14,612.67,29754.63,50237.82,7967.36,4605.94,7909.888677,0.530108
300,14,684.35,34793.84,53901.95,6909.14,4252.78,7946.185584,0.478272
300,14,579.10,20908.66,45042.59,10441.17,5271.31,8421.462821,0.627613
300,14,600.12,23758.04,47418.64,9417.24,5953.95,8289.409877,0.760374
300,14,565.45,21922.47,43620.68,9299.16,5306.73,7092.313857,0.528191
300,14,704.52,32923.72,54755.21,8819.16,5223.30,7789.033727,0.505764
300,14,553.52,25961.20,45708.79,7424.14,4339.73,7983.718302,0.421271
300,14,600.87,29007.02,47805.33,7224.08,4310.47,7263.772024,0.448491
300,14,697.09,34153.24,54282.47,6507.50,4296.88,9324.854178,0.530053
300,14,571.43,25745.55,45159.73,7410.50,4218.45,7785.237464,0.560481
300,14,712.68,30774.71,54055.01,9525.24,5304.05,8451.011518,0.535630
300,14,640.76,25840.18,50182.35,10468.59,6186.05,7687.527182,0.548178
300,14,572.79,26013.25,46170.01,8008.19,4512.14,7636.429652,0.531520
300,14,784.85,42923.16,63521.60,7223.34,4645.59,8729.513143,0.416758
300,14,664.44,28209.09,50846.18,9106.95,5343.33,8186.821254,0.511845
