25,4,170.63,464.97,10582.92,5509.82,1921.87,2686.26,0.0572
25,4,194.88,2057.51,12412.26,5623.98,2054.42,2676.36,0.1495
25,4,185.42,1327.44,11544.37,5584.11,2167.37,2465.44,0.0351
25,4,179.60,801.77,11018.02,5502.62,2289.59,2424.04,0.1303
25,4,200.78,1698.35,12454.67,5679.78,2363.65,2712.89,0.0656
25,4,185.50,462.72,11413.80,5910.10,2278.89,2762.09,0.1418
25,4,193.88,1012.67,12157.46,6126.47,2239.26,2779.06,0.0852
25,4,179.17,937.25,11367.15,5325.51,1859.85,3244.54,0.1457
25,4,165.50,76.25,10334.94,5412.21,2222.83,2623.65,0.0088
25,4,183.29,1000.29,11439.67,5544.97,2177.58,2716.83,0.0102
25,4,187.32,1513.48,11729.33,5469.96,2105.02,2640.87,0.0100
25,4,159.21,238.58,9962.65,5334.14,2120.67,2269.26,0.0073
25,4,199.86,2442.11,13252.42,5936.95,2518.98,2354.37,0.0117
25,4,176.82,-662.43,11253.72,6121.34,2494.52,3300.29,0.0082
25,4,165.85,-393.24,10149.95,5866.98,2153.87,2522.34,0.0114
25,4,185.10,138.18,11055.88,6084.22,2329.05,2504.42,0.0113
25,4,202.17,1352.11,12889.78,6323.12,2337.68,2876.87,0.0122
25,4,188.27,692.44,12038.50,6014.53,2626.32,2705.22,0.0254
25,4,210.21,2314.46,12704.64,5913.50,2317.37,2159.30,0.0393
25,4,180.01,-231.37,11091.70,5911.17,2318.09,3093.81,0.0113
25,4,201.25,1326.33,12193.37,5853.17,2276.87,2737.01,0.0053
25,4,192.98,380.68,12111.00,6038.94,2510.61,3180.77,0.0090
25,4,185.77,1953.11,11999.69,5289.04,2195.57,2561.97,0.0097
25,4,173.52,934.24,11287.64,5438.80,2105.52,2809.08,0.0116
25,4,173.98,-548.08,10628.73,5926.21,2366.59,2884.00,0.0113
25,4,192.52,1178.91,11438.90,5631.40,2157.75,2470.83,0.0119
25,4,188.94,1909.04,11854.08,5204.63,2233.88,2506.53,0.0080
25,4,163.03,732.05,10255.93,4990.78,1994.94,2538.16,0.0102
25,4,182.51,1062.62,12022.00,5945.30,2174.22,2839.85,0.0188
25,4,201.06,1851.67,12327.18,5716.19,2366.09,2393.23,0.0103
25,4,174.33,-318.55,11373.57,6507.98,2340.39,2843.75,0.0242
25,4,182.30,973.18,10852.39,5463.62,2001.10,2414.49,0.0191
25,4,178.48,310.63,11055.52,5622.05,2094.58,3028.26,0.0070
25,4,199.33,1728.67,12140.91,5812.11,2277.92,2322.21,0.0101
25,4,190.50,741.04,12084.94,5701.81,2245.33,3396.75,0.0075
25,4,159.06,357.25,9822.52,5153.11,1891.48,2420.69,0.0150
25,4,198.09,1604.05,11827.84,5706.22,2284.27,2233.30,0.0132
25,4,192.83,553.72,12161.67,6180.25,2681.81,2745.90,0.0121
25,4,172.36,-15.88,10775.27,5790.88,2250.29,2749.98,0.0093
25,4,174.34,628.72,10687.89,5485.99,2106.50,2466.67,0.0132
25,4,176.16,1228.50,10811.34,5119.98,1855.15,2607.72,0.0075
25,4,177.15,1561.53,10935.77,5205.99,2035.43,2132.82,0.0322
25,4,192.76,476.60,12263.99,6443.76,2294.83,3048.80,0.0106
25,4,192.05,1352.96,11947.31,5730.28,2370.68,2493.38,0.0327
25,4,158.44,-361.36,9782.48,5331.08,2270.43,2542.34,0.0098
25,4,186.24,517.28,12107.54,6057.22,2429.21,3103.83,0.0084
25,4,188.39,664.30,11291.92,5846.75,2185.07,2595.80,0.0117
25,4,184.35,1292.80,11800.27,5719.00,2102.60,2685.86,0.0118
25,4,209.96,2600.52,13487.10,6119.52,2395.77,2371.29,0.0113
25,4,165.93,-778.60,10280.55,5733.47,2281.59,3044.09,0.0104
25,4,189.73,729.95,11908.62,6088.70,2500.47,2589.50,0.0074
25,4,179.04,705.78,11423.07,5689.88,2288.57,2738.83,0.0094
25,4,187.41,1757.34,11696.21,5543.43,2168.94,2226.50,0.0199
25,4,198.52,1174.06,12567.30,6155.44,2556.25,2681.54,0.0117
25,4,178.91,290.31,11085.38,5899.04,2260.73,2635.30,0.0139
25,4,174.07,45.48,11252.43,5971.02,2485.05,2750.87,0.0380
25,4,172.81,1159.50,10396.67,5116.15,1764.63,2356.39,0.0093
25,4,179.73,1767.19,11232.63,5170.46,2018.31,2276.67,0.0123
25,4,182.72,964.27,11486.29,5697.31,2268.69,2556.02,0.0152
25,4,187.88,1435.59,11615.29,5494.93,2163.51,2521.27,0.0100
25,4,180.12,114.41,11246.19,5835.40,2203.32,3093.06,0.0107
25,4,178.87,1278.60,10682.29,5163.08,1958.78,2281.83,0.0117
25,4,177.73,1579.86,11082.74,5293.45,2046.28,2163.14,0.0120
25,4,189.21,1765.28,11563.85,5251.52,2121.12,2425.94,0.0135
25,4,190.42,1873.38,11779.24,5283.67,2114.05,2508.14,0.0111
25,4,180.95,-219.48,11489.46,6376.42,2565.70,2766.82,0.0083
25,4,177.10,1444.78,11266.61,5205.26,2049.37,2567.21,0.0099
25,4,192.86,1616.60,11897.05,5464.00,2308.12,2508.32,0.0062
25,4,192.01,893.60,12265.62,5885.82,2540.39,2945.81,0.0079
25,4,193.49,1148.32,12395.39,5759.75,2477.10,3010.23,0.0111
25,4,167.80,-492.54,10692.36,5798.11,2434.03,2952.76,0.0131
25,4,169.31,-73.87,10806.01,5863.10,2174.24,2842.55,0.0083
25,4,197.50,1785.18,11642.84,5065.95,2046.04,2745.68,0.0082
25,4,170.83,707.22,10551.57,5424.97,2033.99,2385.39,0.0087
25,4,173.18,910.19,10957.30,5286.26,2251.52,2509.32,0.0109
25,4,193.34,1692.65,12268.17,5622.11,2352.24,2601.17,0.0111
25,4,209.22,2868.98,12842.31,5467.58,2354.40,2151.35,0.0426
25,4,197.80,354.52,11619.64,6067.81,2530.39,2666.92,0.0067
25,4,190.27,1070.66,12208.62,5989.12,2492.98,2655.86,0.0078
25,4,203.24,420.27,12157.77,6244.45,2649.17,2843.87,0.0055
25,4,194.34,924.30,11550.96,5825.70,2098.54,2702.43,0.0066
25,4,189.47,864.73,11711.71,5999.88,2221.08,2626.03,0.0055
25,4,179.18,1221.77,11124.63,5746.97,2153.96,2001.93,0.0089
25,4,168.76,1487.45,9868.24,4730.87,1622.67,2027.25,0.0128
25,4,176.99,1746.95,10782.21,5247.98,1936.14,1851.14,0.0081
25,4,182.20,1285.33,11822.85,5852.28,2141.37,2543.86,0.0116
25,4,178.09,1846.05,10777.54,4717.84,1857.93,2355.73,0.0129
25,4,184.32,1057.03,11580.31,5686.09,2150.83,2686.35,0.0114
25,4,191.77,212.98,11481.47,6225.24,2277.85,2765.40,0.0116
25,4,200.70,1591.83,12546.51,5864.39,2310.15,2780.14,0.0064
25,4,190.71,808.40,11987.37,5868.27,2246.52,3064.18,0.0087
25,4,192.87,2177.13,12197.72,4898.08,2292.87,2829.63,0.0099
25,4,181.75,576.92,11141.00,5630.18,2146.45,2787.45,0.0107
25,4,197.67,1512.50,12906.65,6229.46,2517.39,2647.30,0.0104
25,4,166.18,74.87,10277.97,5575.99,2216.01,2411.10,0.0066
25,4,184.64,929.56,11109.60,5511.50,1935.06,2733.48,0.0113
25,4,180.70,1333.33,10770.70,5266.59,1874.39,2296.39,0.0090
25,4,157.85,928.81,9964.00,5226.01,1821.94,1987.25,0.0058
25,4,174.41,-25.65,11050.53,5792.88,2308.40,2974.91,0.0060
25,4,202.89,1108.64,12692.28,5977.69,2496.74,3109.21,0.0076
50,4,224.85,3202.95,13593.01,5140.59,1882.99,3366.48,0.0142
50,4,289.29,6182.89,17915.93,5705.63,2178.04,3849.37,0.0409
50,4,285.08,6292.14,17737.88,5522.32,2222.22,3701.20,0.0146
50,4,248.06,4114.69,15380.26,5880.34,2342.76,3042.47,0.0150
50,4,325.65,7930.25,20315.86,5645.57,2237.36,4502.69,0.0101
50,4,288.08,5820.31,17803.55,5688.45,2175.69,4119.10,0.0163
50,4,309.61,6924.71,19529.68,5894.12,2292.43,4418.43,0.0119
50,4,262.06,3446.63,15696.14,5944.59,2047.36,4257.56,0.0425
50,4,250.04,2858.37,14821.12,5826.15,2399.98,3736.62,0.0156
50,4,263.39,5994.76,16836.99,4780.01,2127.18,3935.05,0.0094
50,4,269.44,5478.42,16803.25,5581.82,2029.51,3713.50,0.0102
50,4,235.58,3951.05,14446.06,5339.21,2148.61,3007.20,0.0266
50,4,321.81,7381.72,19742.84,6346.59,2523.77,3490.77,0.0164
50,4,234.61,2426.32,15160.57,5940.02,2581.18,4213.04,0.0184
50,4,218.30,2185.48,13929.23,6161.23,2230.42,3352.11,0.0211
50,4,302.66,5846.20,18171.57,6050.89,2278.40,3996.07,0.0158
50,4,321.68,7300.06,20412.57,6496.36,2401.81,4214.33,0.0138
50,4,270.53,5443.19,17518.52,5834.54,2551.53,3689.26,0.0117
50,4,340.32,9010.75,20639.70,5909.11,2313.19,3406.65,0.0162
50,4,243.72,2806.89,15041.90,5792.96,2269.79,4172.26,0.0200
50,4,307.03,7618.37,19189.00,5333.00,2143.39,4094.24,0.0090
50,4,254.85,3145.66,15641.38,5826.57,2509.84,4159.31,0.0162
50,4,285.19,5664.70,17253.61,5565.45,2316.44,3707.03,0.0087
50,4,260.82,4421.71,15700.02,5391.73,2180.17,3706.41,0.0173
50,4,237.79,3020.99,14730.48,5700.93,2266.35,3742.22,0.0136
50,4,275.41,5469.19,16451.86,5288.45,2021.59,3672.62,0.0124
50,4,303.52,7042.39,18672.82,5626.06,2276.56,3727.80,0.0157
50,4,252.46,4689.26,15477.74,4920.21,1936.94,3931.33,0.0158
50,4,275.16,5444.50,16799.12,5576.30,2032.20,3746.13,0.0199
50,4,319.27,8190.25,20114.22,5809.76,2386.94,3727.27,0.0138
50,4,243.49,2825.29,15517.57,6584.95,2343.03,3764.29,0.0118
50,4,293.40,6310.48,17619.65,5502.03,2045.33,3761.81,0.0112
50,4,236.01,2863.52,14574.92,5500.57,2163.27,4047.57,0.0101
50,4,301.00,7487.29,18660.56,5493.80,2135.45,3544.02,0.0161
50,4,268.10,3684.34,16160.70,5821.19,2286.02,4369.15,0.0133
50,4,219.68,2603.04,13510.58,5677.73,2105.19,3124.62,0.0251
50,4,326.42,8460.99,20180.37,5696.77,2114.24,3908.37,0.0155
50,4,247.66,3250.34,15550.50,6117.82,2734.68,3447.67,0.0162
50,4,256.07,3484.12,15367.17,5890.33,2266.54,3726.18,0.0184
50,4,238.49,4273.07,14946.76,5466.55,2011.31,3195.83,0.0135
50,4,251.12,4757.04,15314.28,5137.25,1950.14,3469.86,0.0186
50,4,261.86,4976.81,15457.34,5376.26,2119.62,2984.65,0.0174
50,4,312.41,6585.84,19413.82,5912.38,2113.92,4801.68,0.0175
50,4,281.57,5621.62,17225.35,5839.14,2332.78,3431.81,0.0178
50,4,204.10,903.87,12445.17,6080.09,2371.15,3090.06,0.0096
50,4,274.02,4528.75,17677.97,6063.28,2587.62,4498.31,0.0140
50,4,232.39,3253.72,14322.54,5673.65,2263.22,3131.95,0.0099
50,4,296.30,6348.52,18369.81,5855.56,2130.61,4035.12,0.0164
50,4,326.29,8501.82,20207.85,5876.63,2325.66,3503.74,0.0152
50,4,200.85,1088.55,12722.38,5833.83,2154.56,3645.43,0.0154
50,4,292.88,5921.39,17954.11,6092.97,2368.85,3570.90,0.0137
50,4,258.08,4668.72,16246.78,5549.41,2254.10,3774.54,0.0127
50,4,297.67,6605.82,17863.75,5707.19,2236.84,3313.91,0.0140
50,4,286.97,6642.90,18718.64,5799.90,2405.43,3870.40,0.0136
50,4,259.93,4125.11,15804.42,5686.04,2275.97,3717.30,0.0189
50,4,251.42,4070.49,15634.60,5597.16,2399.69,3567.26,0.0138
50,4,289.98,6875.26,18140.12,5384.73,1947.81,3932.31,0.0137
50,4,314.98,7738.03,19417.34,5657.51,2075.38,3946.42,0.0106
50,4,284.77,5472.58,17266.71,5967.85,2237.49,3588.79,0.0140
50,4,269.69,5784.50,16860.53,5360.11,2121.14,3594.78,0.0150
50,4,272.51,4649.68,16723.59,5385.10,2198.41,4490.40,0.0145
50,4,281.30,6372.49,16775.45,5128.80,1975.90,3298.25,0.0103
50,4,285.58,7535.69,18279.41,5415.01,2044.67,3284.04,0.0130
50,4,289.41,7320.64,18489.14,5372.86,2025.83,3769.81,0.0090
50,4,284.41,6923.68,17421.43,4979.18,2060.05,3458.53,0.0146
50,4,239.26,3439.84,15940.37,6188.99,2573.78,3737.75,0.0165
50,4,291.13,5915.09,17482.44,5481.38,2200.15,3885.83,0.0118
50,4,294.59,7281.65,19018.63,5519.51,2194.52,4022.95,0.0118
50,4,275.59,4562.17,17516.50,6384.70,2509.95,4059.69,0.0089
50,4,281.21,5495.63,17824.24,5534.96,2407.43,4386.22,0.0136
50,4,210.86,704.33,12849.86,6140.58,2443.74,3561.21,0.0170
50,4,237.85,3058.15,14624.97,5652.03,2108.62,3806.16,0.0124
50,4,280.55,6578.44,17623.89,5062.80,2015.48,3967.18,0.0148
50,4,253.20,4352.99,15482.01,5571.94,2192.18,3364.90,0.0154
50,4,270.02,4891.03,16753.81,5726.23,2295.05,3841.50,0.0157
50,4,293.10,6434.67,18271.67,5739.59,2418.08,3679.33,0.0133
50,4,353.94,9806.82,21447.11,5986.35,2177.88,3476.06,0.0116
50,4,253.96,4213.70,16211.44,6010.26,2376.97,3610.51,0.0171
50,4,308.08,6157.10,18857.30,6058.08,2615.51,4026.61,0.0165
50,4,282.20,5982.16,17958.22,5785.23,2372.15,3818.68,0.0110
50,4,288.93,6525.17,18010.33,5512.01,2088.89,3884.27,0.0150
50,4,277.42,5524.72,17238.89,5793.34,2227.07,3693.76,0.0167
50,4,298.61,7420.86,18295.03,5334.03,2341.13,3199.02,0.0086
50,4,276.03,6819.70,16291.88,4574.56,1679.02,3218.60,0.0130
50,4,257.59,5757.81,15466.18,5153.28,1941.26,2613.83,0.0144
50,4,265.21,5448.32,16982.44,5864.90,2096.45,3572.77,0.0094
50,4,279.62,6612.95,16641.10,4718.98,1886.93,3422.23,0.0111
50,4,286.34,5947.46,18004.12,5886.95,2194.87,3974.84,0.0094
50,4,283.63,4913.02,17289.71,6084.31,2240.00,4052.38,0.0089
50,4,292.41,5998.75,18031.33,5653.50,2248.62,4130.46,0.0083
50,4,289.36,4865.43,17689.68,6210.40,2272.03,4341.81,0.0117
50,4,312.85,7565.73,19888.98,5312.25,2492.04,4518.96,0.0186
50,4,268.05,4228.84,16207.26,5671.71,2285.55,4021.16,0.0097
50,4,316.91,7558.15,20010.33,6039.00,2447.26,3965.92,0.0132
50,4,226.17,3315.62,14122.38,5664.33,2077.48,3064.95,0.0103
50,4,272.30,5215.81,16377.19,5544.35,1887.43,3729.60,0.0142
50,4,287.57,6511.03,17480.65,5414.25,1990.53,3564.84,0.0118
50,4,258.27,6141.60,15710.96,4839.48,1802.07,2927.82,0.0174
50,4,225.31,2449.58,14465.39,5889.20,2335.91,3790.71,0.0092
50,4,329.36,7827.78,20855.68,5855.91,2395.08,4776.91,0.0138
75,4,238.23,4342.95,14825.40,4875.90,1907.44,3699.11,0.0177
75,4,307.93,8573.14,20445.87,5630.99,2101.80,4139.94,0.0205
75,4,333.17,7971.90,19766.96,5530.82,2182.11,4082.13,0.0132
75,4,257.02,4807.15,16096.87,5586.68,2460.25,3242.79,0.0197
75,4,385.13,9303.61,23056.94,6155.19,2458.76,5139.39,0.0192
75,4,316.59,7249.56,19690.06,5850.94,2252.56,4337.00,0.0185
75,4,346.75,8492.35,21546.40,5926.39,2411.28,4716.38,0.0150
75,4,272.35,5381.01,17130.75,5316.60,1840.93,4592.22,0.0134
75,4,268.36,4739.35,16627.82,5590.81,2321.79,3975.86,0.0191
75,4,285.51,6239.98,17768.18,5348.29,2115.67,4064.24,0.0197
75,4,296.05,6244.60,17932.10,5595.62,2069.90,4021.97,0.0153
75,4,246.56,4648.02,15454.35,5456.72,2162.52,3187.08,0.0173
75,4,344.74,10559.05,22896.32,6052.59,2540.84,3743.84,0.0132
75,4,237.61,2651.84,15016.73,5653.49,2379.26,4332.14,0.0165
75,4,228.00,2978.62,14434.16,5916.48,2116.11,3422.95,0.0186
75,4,304.77,7646.91,19225.08,5365.06,2080.16,4132.95,0.0151
75,4,335.36,8208.55,21510.53,6436.92,2392.83,4472.23,0.0148
75,4,308.30,6031.69,18343.91,5892.29,2598.62,3821.31,0.0168
75,4,357.00,10691.71,22403.12,5846.69,2228.15,3636.57,0.0132
75,4,264.43,4176.74,16293.29,5524.95,2254.30,4337.31,0.0157
75,4,354.62,10048.85,22229.93,5475.11,2133.68,4572.29,0.0135
75,4,265.56,4362.86,17108.71,6034.31,2366.78,4344.76,0.0129
75,4,306.04,7752.76,18975.08,5173.87,2183.88,3864.58,0.0175
75,4,262.43,4745.44,16595.11,5602.18,2298.82,3948.67,0.0120
75,4,248.04,4159.76,16003.57,5623.82,2330.48,3889.51,0.0196
75,4,312.57,7405.59,19276.21,5668.42,2088.14,4114.05,0.0176
75,4,312.03,8562.20,20502.69,5518.81,2405.94,4015.74,0.0113
75,4,249.32,4938.56,15972.69,5041.40,1914.62,4078.12,0.0110
75,4,301.62,6013.10,17813.86,5554.81,2276.60,3969.35,0.0149
75,4,364.94,10475.46,22485.98,5565.92,2248.69,4195.92,0.0166
75,4,255.96,3516.69,15675.24,6091.37,2284.93,3782.24,0.0126
75,4,311.90,8679.35,19849.26,5170.20,1976.39,4023.31,0.0133
75,4,271.90,3970.35,16156.43,5713.99,2157.92,4314.17,0.0209
75,4,334.40,9113.83,21038.06,5829.52,2204.72,3889.99,0.0118
75,4,285.96,4524.28,17613.38,6051.38,2330.07,4707.64,0.0212
75,4,232.79,3214.23,14349.02,5740.53,2078.17,3316.10,0.0130
75,4,377.83,11071.73,23033.88,5561.80,2146.26,4254.09,0.0113
75,4,265.96,4026.20,16275.15,5938.29,2761.66,3549.00,0.0140
75,4,271.25,4809.71,16761.90,5799.42,2366.10,3786.67,0.0116
75,4,257.59,4915.78,16025.46,5604.30,2078.25,3427.12,0.0222
75,4,288.74,6593.86,17666.25,5181.25,2028.07,3863.07,0.0225
75,4,275.93,6306.15,16811.22,5386.58,2056.20,3062.29,0.0203
75,4,332.93,7180.18,20630.41,6111.19,2165.63,5173.41,0.0141
75,4,277.49,6153.14,17655.96,5585.52,2213.30,3703.99,0.0213
75,4,228.50,2361.91,13881.96,5995.44,2237.95,3286.67,0.0125
75,4,295.40,5975.52,19557.35,6223.74,2552.14,4805.94,0.0117
75,4,236.05,4163.78,14837.97,5459.26,2111.76,3103.16,0.0170
75,4,332.58,8935.92,21261.16,5582.78,2135.84,4606.61,0.0122
75,4,388.03,10943.11,23896.56,6304.90,2546.82,4101.72,0.0166
75,4,221.58,2291.97,13968.70,5726.65,2206.74,3743.33,0.0138
75,4,317.17,7617.97,19903.81,5938.49,2488.41,3858.94,0.0129
75,4,311.52,7367.52,19313.05,5621.82,2243.65,4080.06,0.0120
75,4,290.69,7739.86,18408.64,5199.76,1980.63,3488.40,0.0127
75,4,293.95,7527.50,19628.02,5823.93,2383.45,3893.13,0.0173
75,4,294.27,6019.76,18204.72,5816.83,2280.07,4088.06,0.0124
75,4,270.51,4854.87,17155.68,6111.75,2399.05,3790.01,0.0201
75,4,345.67,9406.60,21508.18,5522.88,1930.17,4648.53,0.0105
75,4,345.11,9978.59,21485.55,5307.57,2035.62,4163.76,0.0183
75,4,302.54,6741.68,19191.33,6193.36,2425.90,3830.39,0.0110
75,4,287.20,5955.66,17622.07,5762.12,2060.24,3844.05,0.0099
75,4,294.55,5826.35,18301.48,5511.19,2202.43,4761.51,0.0112
75,4,325.32,8582.43,19702.66,5199.77,2072.96,3847.50,0.0112
75,4,308.96,8135.98,18859.33,5246.65,2097.09,3379.61,0.0191
75,4,337.41,8856.79,20749.76,5609.10,2090.71,4193.16,0.0139
75,4,327.69,10150.91,21039.82,4908.07,1967.93,4012.91,0.0164
75,4,250.57,5017.08,17046.74,5875.46,2377.56,3776.64,0.0180
75,4,289.71,6431.88,18525.08,5863.80,2105.54,4123.86,0.0149
75,4,345.97,9445.09,21949.98,5684.66,2346.02,4474.21,0.0151
75,4,320.85,5995.76,19574.36,6500.99,2709.92,4367.68,0.0153
75,4,312.94,7771.59,20374.79,5666.31,2369.31,4567.57,0.0117
75,4,211.60,2133.17,13654.95,5518.06,2378.23,3625.49,0.0128
75,4,262.61,4073.11,15675.81,5439.44,2083.06,4080.20,0.0163
75,4,333.86,8649.20,20423.76,5324.64,1988.31,4461.60,0.0174
75,4,257.69,5272.14,16380.95,5537.26,2073.10,3498.45,0.0148
75,4,303.54,6947.62,18783.90,5482.24,2247.77,4106.27,0.0201
75,4,333.04,8585.57,21127.30,5877.72,2413.37,4250.65,0.0127
75,4,410.13,13078.87,25020.11,5602.70,2261.30,4077.25,0.0200
75,4,293.89,5409.24,18175.58,6300.99,2436.69,4028.66,0.0159
75,4,341.82,8107.61,21117.88,6014.55,2625.80,4369.92,0.0205
75,4,313.09,7441.75,19885.67,5755.93,2497.26,4190.72,0.0138
75,4,333.07,8667.61,20636.78,5362.49,2146.23,4460.46,0.0201
75,4,304.94,6537.68,18438.82,5907.43,2233.59,3760.13,0.0203
75,4,333.51,9869.13,20972.05,5421.90,2233.84,3447.18,0.0181
75,4,299.80,8110.98,17737.62,4463.24,1542.07,3621.34,0.0179
75,4,301.23,8638.94,18662.14,5191.60,1843.66,2987.95,0.0212
75,4,290.68,6324.48,18231.58,6026.91,2188.00,3692.19,0.0157
75,4,309.61,7992.43,19038.71,5343.78,1947.62,3754.88,0.0206
75,4,303.60,6796.35,19105.02,5801.69,2199.29,4307.70,0.0179
75,4,305.66,6339.79,18547.14,5754.73,2175.48,4277.15,0.0129
75,4,329.17,7871.01,20192.54,5602.00,2225.24,4494.29,0.0197
75,4,299.88,6442.06,19086.65,5691.62,2225.41,4727.56,0.0200
75,4,340.42,8416.35,21054.91,5426.45,2425.03,4787.08,0.0141
75,4,297.98,4746.56,17182.33,5815.79,2317.23,4302.74,0.0203
75,4,358.57,9167.03,21862.12,5843.18,2470.06,4381.84,0.0148
75,4,240.78,3765.06,14979.56,5930.61,2109.05,3174.84,0.0190
75,4,309.98,7735.35,19255.33,5358.30,1821.68,4339.99,0.0160
75,4,327.66,9625.30,20383.49,4969.42,1869.04,3919.73,0.0119
75,4,284.75,7216.48,17140.90,4956.50,1808.77,3159.15,0.0194
75,4,256.60,3262.00,15598.44,5783.64,2361.02,4191.79,0.0133
75,4,347.55,8440.42,21583.26,5897.94,2255.41,4989.49,0.0174
100,4,240.43,4540.72,15233.05,5198.04,1889.26,3605.02,0.0261
100,4,339.73,9289.99,21466.77,5781.29,2152.07,4243.41,0.0303
100,4,324.81,8578.77,20011.76,5386.86,2084.67,3961.46,0.0195
100,4,266.75,6029.98,16894.63,5331.01,2253.34,3280.30,0.0279
100,4,400.27,11590.56,25115.83,5718.84,2404.19,5402.24,0.0274
100,4,329.03,7595.69,20159.93,5688.82,2317.06,4558.36,0.0339
100,4,337.58,8627.91,21515.06,5992.20,2199.80,4695.16,0.0236
100,4,282.34,6767.86,18556.28,5189.26,1805.95,4793.21,0.0271
100,4,286.30,5750.27,17708.33,5579.67,2272.99,4105.39,0.0212
100,4,303.46,7804.60,19365.29,5148.10,2090.50,4322.08,0.0245
100,4,317.61,7656.98,19056.25,5237.90,2089.42,4071.95,0.0248
100,4,268.53,5117.53,15952.30,5272.57,2230.99,3331.22,0.0176
100,4,333.40,9839.42,22135.77,6001.82,2558.96,3735.58,0.0201
100,4,227.77,2357.35,15000.20,6050.59,2348.42,4243.84,0.0188
100,4,234.39,3577.57,14798.15,5555.72,2177.32,3487.54,0.0249
100,4,325.86,7872.44,20147.79,5728.69,2215.52,4331.14,0.0194
100,4,357.90,8453.38,22010.07,6509.35,2449.18,4598.16,0.0219
100,4,301.52,6262.71,18401.82,5915.66,2440.56,3782.89,0.0216
100,4,374.43,10921.41,22852.69,5980.96,2304.72,3645.61,0.0145
100,4,251.80,2953.65,15573.11,5948.23,2336.31,4334.91,0.0161
100,4,372.00,9805.01,22423.10,5678.93,2189.94,4749.22,0.0143
100,4,270.32,4299.34,17185.44,6065.51,2429.57,4391.02,0.0206
100,4,303.00,7600.11,19291.81,5505.85,2187.85,3998.00,0.0241
100,4,275.72,5208.01,17354.41,5863.22,2334.09,3949.10,0.0177
100,4,253.72,4583.48,16471.97,5531.32,2215.18,4142.00,0.0171
100,4,311.08,7148.51,18939.30,5689.34,2067.64,4033.81,0.0207
100,4,341.07,9344.55,21459.39,5597.38,2297.98,4219.48,0.0141
100,4,279.57,5734.66,17265.84,5257.69,2080.58,4192.92,0.0149
100,4,318.75,8142.94,19641.00,5275.99,2177.11,4044.97,0.0231
100,4,371.98,10629.06,23054.07,5738.98,2369.63,4316.40,0.0250
100,4,272.45,3706.91,16614.66,6481.51,2405.84,4020.41,0.0286
100,4,322.05,8193.31,19730.45,5356.50,2051.62,4129.02,0.0239
100,4,266.93,4761.36,16528.79,5334.80,2079.07,4353.57,0.0210
100,4,374.65,10287.57,22627.63,5807.73,2283.51,4248.82,0.0215
100,4,274.78,5162.41,17750.96,5623.79,2213.73,4751.02,0.0149
100,4,224.25,3410.85,14269.47,5470.21,2035.34,3353.06,0.0215
100,4,380.76,11760.78,23862.13,5640.83,2067.36,4393.15,0.0159
100,4,256.26,4274.44,16664.88,6213.10,2684.31,3493.03,0.0174
100,4,280.91,5334.23,17226.88,5690.22,2239.97,3962.46,0.0153
100,4,275.07,5565.11,16519.76,5422.47,2077.73,3454.44,0.0255
100,4,285.58,6305.46,17829.77,5635.76,2011.70,3876.85,0.0222
100,4,270.90,5062.88,16224.27,5904.77,2143.51,3113.11,0.0149
100,4,335.03,7822.19,20936.85,5887.41,2094.50,5132.74,0.0182
100,4,295.00,7086.43,18634.67,5491.48,2369.63,3687.13,0.0227
100,4,212.41,2173.00,13324.71,5832.04,2134.40,3185.27,0.0212
100,4,303.50,7097.21,19877.66,5483.67,2440.22,4856.55,0.0175
100,4,254.49,4661.37,15636.30,5504.00,2176.81,3294.11,0.0163
100,4,329.64,8570.61,21225.57,5873.65,2165.91,4615.40,0.0151
100,4,412.52,13213.07,26127.72,6125.85,2446.46,4342.34,0.0217
100,4,221.68,2036.29,13835.88,5711.32,2309.88,3778.39,0.0171
100,4,313.30,8643.45,20455.92,5589.47,2265.99,3957.00,0.0225
100,4,314.23,6791.17,19294.20,5966.99,2299.37,4236.66,0.0169
100,4,327.41,8702.25,20382.51,5744.46,2186.00,3749.79,0.0258
100,4,328.34,8153.94,20965.49,6122.40,2613.30,4075.86,0.0247
100,4,312.18,7175.17,19196.20,5718.97,2242.06,4060.00,0.0207
100,4,258.97,4739.50,16831.79,5781.35,2448.79,3862.15,0.0160
100,4,360.33,9892.16,22160.44,5593.24,1973.14,4701.89,0.0225
100,4,376.92,11311.41,23561.14,5702.00,2113.28,4434.45,0.0164
100,4,298.00,7612.27,19266.05,5566.75,2290.78,3796.24,0.0312
100,4,317.81,7356.97,19089.97,5552.98,2183.24,3996.78,0.0267
100,4,300.72,6883.05,19508.29,5420.16,2202.50,5002.58,0.0275
100,4,339.21,8940.02,20141.29,5231.87,2043.78,3925.62,0.0328
100,4,310.35,7686.47,18580.73,5325.05,2161.78,3407.43,0.0153
100,4,344.19,9165.64,20813.39,5388.52,2084.11,4175.11,0.0232
100,4,357.07,10856.45,22537.17,5343.21,2057.21,4280.30,0.0190
100,4,271.77,4799.58,17645.22,6353.17,2619.56,3872.91,0.0217
100,4,324.50,8130.15,20121.87,5598.17,2124.66,4268.89,0.0168
100,4,364.69,10708.13,23220.11,5610.50,2306.25,4595.22,0.0165
100,4,312.96,7034.79,20098.11,6173.90,2603.97,4285.45,0.0250
100,4,317.67,7180.30,20134.48,5718.80,2440.96,4794.43,0.0262
100,4,212.91,2270.71,14030.53,5757.13,2291.78,3710.91,0.0167
100,4,287.97,5974.66,17927.14,5600.92,2111.20,4240.36,0.0148
100,4,354.73,9516.75,21401.07,5353.52,1996.58,4534.23,0.0178
100,4,282.51,6271.34,17397.69,5280.88,2073.95,3771.51,0.0242
100,4,319.85,6991.14,19050.46,5552.10,2356.28,4150.93,0.0182
100,4,353.31,9031.84,21702.69,5988.62,2400.67,4281.57,0.0242
100,4,425.04,14290.05,25981.52,5382.50,2137.08,4171.89,0.0255
100,4,286.68,4802.01,17426.03,6237.36,2489.14,3897.53,0.0261
100,4,322.36,8016.07,20839.42,5977.99,2487.69,4357.68,0.0177
100,4,297.26,6595.65,18980.17,5815.38,2490.47,4078.66,0.0185
100,4,354.52,9134.88,21306.40,5430.33,2155.36,4585.83,0.0223
100,4,314.16,7745.94,19392.46,5477.63,2180.79,3988.10,0.0166
100,4,335.54,10075.59,21195.70,5450.99,2159.86,3509.27,0.0178
100,4,332.83,9432.51,19541.83,4715.69,1582.57,3811.06,0.0129
100,4,307.67,9190.40,19052.11,4897.19,1824.38,3140.15,0.0135
100,4,287.76,6610.32,18330.92,5731.62,2208.09,3780.89,0.0171
100,4,319.72,8172.18,19183.48,5190.13,1983.39,3837.78,0.0266
100,4,314.29,7573.64,19654.18,5616.41,2215.89,4248.24,0.0195
100,4,286.89,5957.61,17991.47,5801.98,2149.89,4081.99,0.0306
100,4,331.15,8767.10,21105.47,5697.43,2166.42,4474.52,0.0228
100,4,316.04,7335.66,20067.99,5884.09,2164.99,4683.25,0.0180
100,4,335.00,8457.62,21208.23,5451.75,2497.90,4800.97,0.0248
100,4,306.88,6605.04,18534.77,5336.67,2233.26,4359.79,0.0246
100,4,374.30,9983.51,23211.94,6169.76,2539.91,4518.76,0.0152
100,4,244.08,3520.71,14828.27,5913.57,2222.88,3171.10,0.0223
100,4,325.04,9143.25,20425.28,5049.01,1835.71,4397.30,0.0221
100,4,342.53,8702.16,20095.14,5416.66,2001.13,3975.19,0.0261
100,4,309.11,7524.30,17988.83,5250.88,1937.84,3275.80,0.0231
100,4,268.41,3735.63,16223.90,5936.89,2281.49,4269.89,0.0211
100,4,361.00,9397.33,22816.92,5884.80,2391.42,5143.36,0.0207
125,4,260.69,4489.80,15667.35,5400.43,1962.04,3815.08,0.0208
125,4,346.15,9272.39,21737.50,5896.24,2196.68,4372.18,0.0244
125,4,344.73,8966.69,21122.27,5609.55,2222.01,4324.03,0.0207
125,4,257.58,6068.00,16859.43,5269.59,2340.67,3181.16,0.0231
125,4,392.82,11221.09,24607.78,5800.64,2328.81,5257.24,0.0209
125,4,317.91,7979.16,20267.21,5566.37,2140.45,4581.22,0.0306
125,4,351.32,9272.91,21810.69,5671.20,2152.46,4714.12,0.0222
125,4,309.09,6620.17,18786.46,5363.50,1870.60,4932.20,0.0285
125,4,289.19,5773.41,17650.84,5392.56,2226.91,4257.97,0.0234
125,4,309.74,7617.55,19639.27,5436.37,2204.75,4380.61,0.0290
125,4,309.77,7231.53,19023.04,5722.09,2049.87,4019.55,0.0309
125,4,242.10,5645.07,15960.93,5012.08,1989.07,3314.72,0.0208
125,4,368.41,10608.31,23339.19,6304.37,2527.54,3898.97,0.0213
125,4,235.10,2518.96,14976.12,5825.09,2418.47,4213.59,0.0224
125,4,254.28,3939.29,15433.23,5787.94,2175.12,3530.88,0.0331
125,4,321.78,7940.81,20432.79,5931.81,2254.57,4305.60,0.0261
125,4,340.83,8795.21,22073.72,6218.30,2364.71,4695.50,0.0356
125,4,293.79,6217.80,18700.04,5935.72,2575.09,3971.43,0.0272
125,4,371.19,11271.40,23394.39,5876.08,2356.06,3890.84,0.0352
125,4,266.81,4251.21,16693.32,5760.45,2231.23,4450.42,0.0262
125,4,375.58,10652.76,23043.31,5594.81,2049.28,4746.46,0.0265
125,4,282.17,4924.41,17976.65,6118.43,2523.94,4409.87,0.0291
125,4,315.81,7775.43,19396.41,5411.35,2191.03,4018.60,0.0167
125,4,270.12,4933.84,16944.46,5830.97,2188.07,3991.58,0.0305
125,4,291.06,5438.74,17557.50,5711.18,2276.42,4131.16,0.0221
125,4,322.60,8071.35,20303.84,5782.72,2141.30,4308.48,0.0266
125,4,340.16,9653.79,21790.14,5622.74,2251.57,4262.03,0.0266
125,4,266.08,5767.27,16880.52,4926.57,1996.91,4189.78,0.0169
125,4,335.88,8916.08,20947.99,5568.31,2195.55,4268.05,0.0246
125,4,381.91,11094.27,23707.34,5824.00,2337.67,4451.39,0.0266
125,4,260.08,4310.04,16445.31,5951.63,2213.00,3970.64,0.0197
125,4,350.81,9745.54,21400.11,5362.93,2049.14,4242.51,0.0150
125,4,287.29,5264.31,17428.68,5597.84,2124.98,4441.55,0.0335
125,4,380.29,11638.57,23607.71,5634.06,2121.36,4213.72,0.0293
125,4,285.93,5144.44,17662.84,5386.33,2440.73,4691.35,0.0217
125,4,240.48,4399.80,15265.03,5428.91,2048.40,3387.92,0.0286
125,4,412.63,13203.66,25438.66,5470.42,2192.15,4572.43,0.0173
125,4,276.37,5679.37,17851.42,6001.64,2626.64,3543.77,0.0290
125,4,279.81,4619.55,16865.63,5833.00,2421.26,3991.82,0.0320
125,4,270.46,4871.86,16098.13,5520.87,2134.04,3571.35,0.0285
125,4,298.83,7405.51,18608.35,5278.50,1937.39,3986.95,0.0185
125,4,279.96,6662.02,17268.25,5432.13,1988.68,3185.43,0.0247
125,4,329.63,7637.25,20814.19,5950.45,2139.38,5087.11,0.0228
125,4,299.09,6687.64,18407.02,5743.53,2255.08,3720.77,0.0300
125,4,228.16,2812.45,14100.50,5710.56,2209.77,3367.71,0.0274
125,4,304.26,6056.48,19544.79,6114.23,2525.14,4848.94,0.0207
125,4,244.38,5161.02,15583.61,5127.54,2025.42,3269.62,0.0208
125,4,338.07,9474.55,21905.22,5656.15,2088.35,4686.17,0.0261
125,4,413.80,13223.99,26334.07,6421.12,2442.02,4246.93,0.0185
125,4,227.54,1835.91,14048.31,6201.92,2250.46,3760.02,0.0259
125,4,350.29,8722.36,21234.59,5978.03,2471.51,4062.69,0.0362
125,4,311.70,6887.77,18883.41,5737.97,2158.31,4099.35,0.0283
125,4,343.04,9097.36,20421.59,5531.43,2106.77,3686.04,0.0300
125,4,315.23,8587.55,21006.68,5808.17,2431.51,4179.44,0.0280
125,4,319.28,7776.30,19631.16,5588.42,2157.65,4108.80,0.0200
125,4,282.62,5497.53,17689.79,5838.63,2404.24,3949.39,0.0219
125,4,387.83,10812.30,23159.94,5591.30,1957.21,4799.14,0.0189
125,4,386.57,11109.85,23371.72,5711.14,2083.61,4467.13,0.0194
125,4,295.56,6574.66,18630.42,5954.09,2284.16,3817.51,0.0316
125,4,312.70,7953.81,19261.68,5244.89,2124.40,3938.59,0.0227
125,4,320.79,7450.55,20123.56,5353.99,2170.28,5148.74,0.0216
125,4,337.73,9366.72,20595.69,5253.11,2027.78,3948.08,0.0219
125,4,319.28,8336.45,19418.95,5415.99,2124.34,3542.16,0.0208
125,4,363.19,9280.71,20975.12,5379.33,2129.65,4185.44,0.0260
125,4,363.11,10972.62,22578.38,5252.19,2145.96,4207.61,0.0211
125,4,270.58,4912.66,17707.49,6326.23,2512.58,3956.01,0.0361
125,4,339.16,7679.80,20061.74,5903.52,2201.61,4276.81,0.0249
125,4,369.27,9956.94,22845.68,5969.11,2394.29,4525.35,0.0282
125,4,318.13,7558.49,20432.20,5864.29,2527.29,4482.13,0.0256
125,4,323.58,7954.17,20452.12,5492.93,2213.98,4791.05,0.0261
125,4,223.53,1816.39,13729.80,5926.30,2365.50,3621.60,0.0381
125,4,275.94,5945.75,17352.60,5136.30,2096.05,4174.51,0.0220
125,4,354.18,10285.10,22056.49,5064.14,1946.23,4761.02,0.0199
125,4,281.05,5656.33,16860.81,5533.37,2078.33,3592.78,0.0268
125,4,314.61,7558.88,19075.79,5233.53,2202.20,4081.18,0.0219
125,4,362.01,10276.27,22458.86,5431.45,2331.43,4419.70,0.0324
125,4,448.22,15107.90,27310.41,5648.27,2262.27,4291.97,0.0228
125,4,303.01,7321.47,19193.44,5445.78,2385.11,4041.09,0.0231
125,4,329.54,8378.44,21136.77,5859.82,2457.81,4440.71,0.0273
125,4,318.22,7707.23,20144.78,5838.93,2454.36,4144.26,0.0238
125,4,356.84,10160.17,22396.03,5500.87,2202.91,4532.08,0.0195
125,4,310.77,7361.58,19241.23,5834.14,2159.96,3885.55,0.0227
125,4,334.84,9911.15,21076.69,5439.45,2209.48,3516.61,0.0205
125,4,343.96,10208.31,20389.52,4739.00,1564.50,3877.71,0.0261
125,4,308.29,9340.54,19040.54,4872.92,1799.39,3027.70,0.0195
125,4,310.92,7243.56,19001.09,5806.84,2127.60,3823.09,0.0187
125,4,309.37,8308.42,19151.16,5111.13,1813.50,3918.11,0.0183
125,4,314.37,7899.47,19881.77,5636.00,2106.89,4239.41,0.0241
125,4,320.95,7493.53,19910.79,5879.32,2088.66,4449.28,0.0237
125,4,347.76,8656.06,21635.16,5960.77,2319.03,4699.29,0.0222
125,4,300.79,6386.01,18883.02,5679.35,2218.85,4598.81,0.0246
125,4,353.74,8765.21,21655.90,5525.36,2498.90,4866.43,0.0275
125,4,293.39,5940.65,18178.36,5608.32,2331.86,4297.54,0.0185
125,4,401.22,11484.81,24651.71,6075.98,2547.06,4543.85,0.0208
125,4,248.09,4354.17,15368.68,5637.35,2226.90,3150.26,0.0215
125,4,364.71,9334.01,21883.72,5839.24,2036.94,4673.52,0.0259
125,4,346.14,9045.45,20598.84,5503.53,2002.48,4047.38,0.0309
125,4,288.99,7881.60,18282.88,5252.08,1852.29,3296.90,0.0212
125,4,261.52,4462.23,16524.51,5664.19,2217.32,4180.76,0.0342
125,4,358.33,8023.38,21749.61,6268.43,2402.57,5055.23,0.0327
150,4,263.03,4985.14,15888.52,5217.44,1924.92,3761.02,0.0357
150,4,330.59,9528.72,21796.51,5653.21,2224.27,4390.30,0.0238
150,4,357.55,9300.47,21626.51,5673.65,2242.94,4409.44,0.0242
150,4,263.88,5963.63,16991.94,5701.63,2197.42,3129.26,0.0244
150,4,425.39,11606.08,25619.67,6165.61,2409.83,5438.15,0.0312
150,4,318.27,8032.11,20217.65,5553.43,2051.11,4580.99,0.0259
150,4,342.78,8588.69,21697.00,6046.96,2358.93,4702.42,0.0272
150,4,304.18,6316.75,19025.35,5811.75,2049.17,4847.67,0.0252
150,4,284.31,5773.84,17808.27,5534.94,2252.63,4246.85,0.0298
150,4,320.64,8474.42,20162.30,5116.16,2164.97,4406.75,0.0249
150,4,314.73,7349.33,19064.07,5577.33,2031.50,4105.92,0.0259
150,4,274.74,5581.73,16842.85,5721.12,2222.18,3317.82,0.0243
150,4,349.67,9697.58,22592.79,6378.21,2700.94,3816.06,0.0351
150,4,258.01,2959.92,15540.97,5821.83,2452.62,4306.60,0.0445
150,4,232.27,2637.71,14241.22,5950.49,2173.64,3479.38,0.0275
150,4,321.91,7864.92,20183.80,5704.04,2251.81,4363.03,0.0300
150,4,346.85,10062.45,23187.40,6037.60,2299.06,4788.29,0.0416
150,4,297.65,6528.64,18875.00,5771.63,2547.57,4027.16,0.0257
150,4,405.42,12617.19,24744.65,5942.77,2320.76,3863.93,0.0240
150,4,264.58,3516.79,16037.90,5887.09,2333.24,4300.77,0.0221
150,4,363.00,10075.28,22693.93,5817.57,2099.66,4701.43,0.0362
150,4,289.17,4581.75,17593.46,5965.38,2573.77,4472.56,0.0245
150,4,312.98,9020.83,20413.41,5225.09,2118.57,4048.92,0.0239
150,4,284.65,4712.48,16966.38,5966.36,2253.05,4034.49,0.0321
150,4,266.60,4345.71,16719.19,5853.39,2369.46,4150.63,0.0296
150,4,341.37,8846.67,20804.97,5706.60,2033.21,4218.48,0.0284
150,4,360.71,10149.98,22310.89,5559.99,2305.58,4295.34,0.0222
150,4,290.26,6776.37,17889.63,4763.53,1958.11,4391.62,0.0344
150,4,327.08,8061.62,19928.92,5404.38,2089.47,4373.45,0.0261
150,4,375.72,11704.75,23733.64,5364.78,2274.21,4389.91,0.0242
150,4,269.61,4286.78,16944.15,6155.58,2392.63,4109.16,0.0355
150,4,364.23,9567.65,21943.76,5906.81,2131.73,4337.58,0.0289
150,4,280.50,5399.24,17225.59,5360.63,2044.47,4421.25,0.0366
150,4,379.72,10291.97,23126.70,6146.91,2464.14,4223.69,0.0322
150,4,290.93,4902.41,18015.21,5916.60,2359.02,4837.19,0.0309
150,4,228.02,3547.67,14696.16,5734.37,2057.16,3356.95,0.0421
150,4,423.28,13617.53,26042.16,5739.77,2135.86,4549.01,0.0245
150,4,269.64,4724.03,17281.15,6177.13,2711.27,3668.72,0.0400
150,4,280.71,5753.26,17614.94,5670.78,2244.41,3946.49,0.0337
150,4,267.74,5041.77,16263.50,5639.50,2037.56,3544.67,0.0374
150,4,306.67,7108.48,18544.49,5519.27,1941.40,3975.33,0.0317
150,4,289.25,7462.38,17896.24,5217.08,1969.69,3247.08,0.0370
150,4,352.37,8534.61,21904.80,5915.32,2098.03,5356.84,0.0387
150,4,310.59,7580.76,18899.90,5425.48,2232.85,3660.82,0.0315
150,4,225.25,3158.15,14049.90,5517.73,2136.31,3237.72,0.0212
150,4,294.46,5884.07,19378.67,6178.60,2507.72,4808.28,0.0253
150,4,259.39,4665.54,15949.43,5717.80,2233.51,3332.58,0.0322
150,4,347.66,9488.02,21693.27,5383.85,2171.41,4649.98,0.0335
150,4,409.22,13508.19,26347.62,6118.71,2329.11,4391.62,0.0308
150,4,219.62,2375.97,13884.38,5651.93,2038.72,3817.76,0.0283
150,4,335.18,8215.22,20852.00,6050.49,2505.34,4080.94,0.0273
150,4,317.68,7121.78,19354.16,5764.33,2273.80,4194.25,0.0195
150,4,342.55,9231.11,21010.16,5749.83,2235.75,3793.47,0.0325
150,4,324.68,7569.68,20574.76,6253.95,2556.13,4195.00,0.0334
150,4,305.67,6625.71,19092.47,6091.94,2195.03,4179.79,0.0270
150,4,284.39,5057.19,17540.63,6074.63,2422.56,3986.24,0.0311
150,4,391.48,11332.56,23584.62,5359.82,1949.64,4942.59,0.0317
150,4,390.14,11017.93,23194.88,5708.09,2119.95,4348.91,0.0319
150,4,314.58,7532.54,19648.08,5963.55,2186.10,3965.88,0.0257
150,4,320.78,8576.66,20179.38,5499.41,2044.13,4059.18,0.0261
150,4,310.95,5547.96,18412.40,5717.90,2234.98,4911.56,0.0315
150,4,334.95,8814.47,19867.52,5150.16,1955.29,3947.61,0.0213
150,4,320.68,8332.39,19822.10,5715.88,2177.22,3596.60,0.0271
150,4,358.84,10835.35,22612.87,5355.84,2046.44,4375.23,0.0348
150,4,386.26,11716.47,23256.85,5166.93,2132.40,4241.05,0.0207
150,4,272.59,4660.52,17582.77,6391.12,2687.37,3843.76,0.0285
150,4,318.40,8406.57,20379.28,5458.72,2105.16,4408.84,0.0248
150,4,379.76,10808.92,23603.27,5684.39,2383.21,4726.74,0.0277
150,4,316.76,7670.22,20343.60,5808.54,2435.69,4429.16,0.0309
150,4,339.60,7496.91,20987.26,6141.58,2570.58,4778.18,0.0317
150,4,229.51,2581.69,14544.87,5857.64,2392.96,3712.57,0.0206
150,4,281.61,5397.80,17190.33,5422.49,2187.55,4182.49,0.0348
150,4,362.48,10311.26,22351.78,5284.37,2052.60,4703.55,0.0289
150,4,288.29,5707.61,17491.28,5856.20,2191.56,3735.91,0.0379
150,4,315.98,7589.91,19403.69,5504.75,2222.70,4086.34,0.0300
150,4,358.62,10649.87,23072.07,5650.97,2443.10,4328.12,0.0233
150,4,432.67,14756.20,26695.82,5429.27,2156.66,4353.69,0.0243
150,4,299.39,5893.93,18296.94,6080.79,2402.35,3919.86,0.0304
150,4,341.34,8908.50,22079.54,6122.55,2560.57,4487.93,0.0304
150,4,320.88,7722.00,20311.04,5948.18,2436.78,4204.07,0.0254
150,4,355.73,9743.89,22025.67,5526.11,2254.55,4501.13,0.0235
150,4,300.29,6607.94,18470.32,5736.18,2269.92,3856.28,0.0238
150,4,344.43,10835.49,22142.84,5540.29,2143.34,3623.72,0.0227
150,4,338.51,9947.25,20241.92,4756.87,1651.37,3886.43,0.0219
150,4,315.47,8882.13,18986.24,5092.19,1868.99,3142.93,0.0208
150,4,302.12,7404.83,18951.46,5588.63,2107.98,3850.01,0.0268
150,4,340.36,10321.11,20932.75,4751.21,1930.05,3930.39,0.0221
150,4,315.94,8352.63,20306.17,5507.49,2092.64,4353.42,0.0307
150,4,315.22,6952.80,19472.23,5894.54,2199.24,4425.66,0.0301
150,4,368.69,9529.89,22655.00,5960.99,2355.03,4809.09,0.0294
150,4,298.36,6491.64,19346.11,5992.77,2205.43,4656.27,0.0272
150,4,347.66,9659.31,21745.92,5094.75,2221.91,4769.95,0.0220
150,4,306.49,6257.00,18474.30,5629.76,2299.71,4287.83,0.0255
150,4,392.97,11460.34,24363.61,5737.86,2582.14,4583.26,0.0387
150,4,230.35,3195.95,14562.48,6021.81,2195.91,3148.81,0.0332
150,4,369.65,10352.10,22337.12,5361.52,1955.79,4667.71,0.0280
150,4,352.93,10045.91,21366.42,5287.52,1936.91,4096.08,0.0300
150,4,302.74,8263.86,18621.81,5095.87,1837.76,3424.32,0.0256
150,4,259.44,4275.46,16650.31,5797.75,2192.64,4384.47,0.0259
150,4,348.93,8879.23,22349.98,5934.36,2319.87,5216.53,0.0225
175,4,264.50,5276.26,16453.01,5442.94,1948.29,3785.53,0.0348
175,4,342.97,8969.58,21502.19,6015.37,2232.68,4284.57,0.0390
175,4,359.85,8948.98,20989.04,5542.19,2218.90,4278.96,0.0234
175,4,282.55,6459.38,17302.51,5342.74,2240.16,3260.23,0.0298
175,4,409.28,11743.51,25733.40,6099.96,2476.34,5413.60,0.0377
175,4,332.23,7401.81,20273.96,5987.28,2325.94,4558.93,0.0403
175,4,365.82,9772.76,22916.37,5953.19,2440.91,4749.51,0.0422
175,4,287.32,5619.37,17748.46,5469.98,1921.46,4737.66,0.0260
175,4,282.49,5979.88,17965.17,5483.81,2294.07,4207.41,0.0273
175,4,332.58,7930.08,19934.51,5399.56,2224.62,4380.24,0.0395
175,4,309.56,7814.02,19484.34,5478.03,2067.72,4124.57,0.0284
175,4,258.97,5620.53,16476.99,5499.45,2105.81,3251.21,0.0283
175,4,385.55,10965.78,23924.21,6438.14,2594.14,3926.16,0.0336
175,4,248.25,2770.78,15870.67,6266.20,2458.60,4375.09,0.0471
175,4,254.25,3577.94,15582.74,6120.98,2151.23,3732.59,0.0337
175,4,330.80,9077.13,21309.94,5581.62,2231.77,4419.41,0.0474
175,4,357.75,9669.06,22898.93,6236.58,2228.28,4765.00,0.0372
175,4,311.09,6948.21,19407.94,5916.16,2559.12,3984.44,0.0378
175,4,381.43,11746.71,23695.47,5829.26,2279.81,3839.69,0.0405
175,4,261.65,4107.71,16470.06,5791.17,2230.77,4340.40,0.0307
175,4,388.59,10978.69,23343.61,5525.17,2070.32,4769.44,0.0282
175,4,275.71,4523.90,17658.17,6236.82,2440.75,4456.70,0.0402
175,4,341.19,9518.64,21297.33,5282.00,2296.78,4199.91,0.0423
175,4,282.34,5128.67,17066.79,5638.19,2279.69,4020.24,0.0364
175,4,281.13,5058.00,17363.59,5685.33,2465.85,4154.41,0.0357
175,4,337.86,9433.15,21297.51,5515.51,2097.66,4251.19,0.0274
175,4,368.94,9109.56,21759.92,5863.01,2519.20,4268.14,0.0234
175,4,272.51,6434.45,17512.42,4834.65,1898.93,4344.39,0.0281
175,4,334.92,8912.22,20939.68,5502.40,2212.60,4312.46,0.0360
175,4,369.66,10880.01,23177.30,5586.35,2387.45,4323.49,0.0349
175,4,268.20,4772.74,17086.68,6027.49,2263.03,4023.42,0.0331
175,4,349.98,9369.34,21391.66,5636.82,2067.51,4318.00,0.0269
175,4,291.97,5727.16,17511.80,5310.17,2028.97,4445.50,0.0359
175,4,369.24,11120.87,23530.80,5789.05,2272.61,4348.27,0.0317
175,4,298.72,6554.27,19242.85,5456.67,2212.60,5019.31,0.0268
175,4,243.51,4129.66,15339.80,5730.54,2143.73,3335.86,0.0390
175,4,407.76,12931.05,25153.46,5524.88,2140.69,4556.83,0.0272
175,4,262.34,4367.51,16854.04,6202.80,2685.10,3598.63,0.0327
175,4,278.82,6029.51,17724.38,5380.58,2230.86,4083.44,0.0346
175,4,288.78,6064.59,16871.03,5327.85,2021.23,3457.36,0.0279
175,4,282.78,6976.89,17828.20,5010.53,1876.20,3964.58,0.0345
175,4,303.84,7432.14,18298.50,5516.51,2081.39,3268.46,0.0310
175,4,324.43,7407.45,20794.91,6027.15,2204.74,5155.56,0.0313
175,4,305.01,7780.79,19747.25,5873.73,2346.37,3746.36,0.0448
175,4,230.24,2595.09,13949.85,5844.05,2231.09,3279.62,0.0360
175,4,312.53,5587.52,19219.25,6286.42,2458.93,4886.37,0.0230
175,4,265.72,4663.29,16064.11,5867.29,2223.35,3310.18,0.0229
175,4,343.46,9137.37,21750.88,5594.11,2205.78,4813.61,0.0246
175,4,405.61,12868.62,25745.10,6134.40,2359.41,4382.67,0.0323
175,4,213.00,1383.52,13234.66,5938.84,2274.80,3637.51,0.0296
175,4,325.84,8345.61,20646.58,5829.60,2368.88,4102.49,0.0334
175,4,314.86,7241.46,19514.63,5876.73,2199.25,4197.19,0.0335
175,4,321.26,8976.47,20554.27,5732.47,2212.34,3632.99,0.0347
175,4,348.00,9678.91,22154.16,5757.86,2431.42,4285.98,0.0283
175,4,308.19,6386.60,18882.66,6050.60,2262.73,4182.72,0.0271
175,4,284.10,5797.14,18138.26,5945.55,2474.63,3920.94,0.0313
175,4,389.12,12000.08,23962.27,5151.74,1849.00,4961.45,0.0240
175,4,402.79,11782.14,24125.74,5644.24,2153.71,4545.65,0.0423
175,4,311.37,7722.55,19585.19,5623.77,2290.28,3948.59,0.0462
175,4,332.30,8546.16,20208.22,5475.62,2127.70,4058.74,0.0275
175,4,295.19,6505.48,18726.42,5283.84,2051.80,4885.30,0.0252
175,4,332.33,9326.73,20315.21,5050.17,1898.40,4039.91,0.0333
175,4,317.48,8878.01,19433.26,5001.82,2042.64,3510.78,0.0377
175,4,364.36,9922.73,22085.65,5578.17,2253.55,4331.21,0.0301
175,4,382.64,11645.19,23684.60,5475.29,2198.50,4365.61,0.0444
175,4,275.08,5181.42,18394.12,6446.16,2755.61,4010.93,0.0332
175,4,362.30,9807.79,22111.54,5855.42,2093.86,4354.47,0.0259
175,4,375.51,11351.29,23896.44,5554.38,2252.03,4738.74,0.0318
175,4,312.21,6758.04,19622.57,6069.29,2440.28,4354.97,0.0436
175,4,325.31,7105.46,20690.67,6307.57,2518.01,4759.64,0.0311
175,4,229.16,3046.92,14856.85,5705.92,2384.18,3719.82,0.0275
175,4,292.82,5982.83,18030.15,5778.83,2088.29,4180.21,0.0313
175,4,369.89,9473.13,22061.54,5605.84,2097.05,4885.52,0.0464
175,4,286.95,6311.42,17495.67,5388.65,2167.85,3627.74,0.0304
175,4,301.58,7142.17,18975.71,5441.02,2212.50,4180.03,0.0362
175,4,349.34,10090.52,22148.01,5500.84,2263.50,4293.15,0.0334
175,4,443.94,15715.13,27677.86,5429.90,2175.22,4357.62,0.0370
175,4,310.30,7088.37,19387.89,5846.96,2309.29,4143.27,0.0261
175,4,344.02,8766.17,21630.72,5846.66,2551.68,4466.21,0.0344
175,4,311.43,7675.92,20230.83,5856.10,2429.34,4269.47,0.0323
175,4,342.40,9742.86,21926.68,5462.00,2104.79,4617.03,0.0377
175,4,301.59,7035.08,18690.97,5707.71,2154.07,3794.10,0.0287
175,4,348.56,10047.19,21718.54,5792.90,2279.03,3599.43,0.0432
175,4,350.15,10482.30,20935.11,4908.88,1629.39,3914.54,0.0239
175,4,328.71,9603.80,19726.39,5045.73,1943.88,3132.98,0.0345
175,4,307.81,7720.03,19239.88,5480.05,2090.16,3949.63,0.0311
175,4,350.84,11034.24,21855.02,4827.06,1903.74,4089.98,0.0284
175,4,300.86,8426.70,20057.39,5432.87,2027.08,4170.74,0.0295
175,4,319.42,8001.67,20089.49,5644.85,2060.83,4382.15,0.0363
175,4,360.28,9463.52,22545.88,5887.51,2357.05,4837.80,0.0355
175,4,321.94,6876.50,19886.26,5959.41,2387.41,4662.94,0.0343
175,4,363.10,9409.93,22359.89,5597.09,2528.90,4823.97,0.0369
175,4,325.98,6613.61,19134.96,5822.57,2241.52,4457.26,0.0442
175,4,380.18,11137.61,24147.76,5976.63,2467.52,4565.99,0.0410
175,4,254.72,5043.88,15470.73,5200.11,2015.63,3211.10,0.0271
175,4,337.34,8998.79,20818.84,5365.45,1913.59,4541.01,0.0360
175,4,370.63,9772.27,21563.35,5636.34,2067.34,4087.40,0.0324
175,4,309.27,8677.10,18807.77,4943.57,1763.78,3423.32,0.0305
175,4,263.98,4760.57,17014.42,5562.06,2347.21,4344.58,0.0398
175,4,401.01,10824.72,24321.01,5834.91,2393.23,5268.15,0.0286
200,4,255.90,5002.49,15814.12,5126.79,1924.58,3760.26,0.0284
200,4,354.07,10030.17,22323.53,5773.70,2152.07,4367.58,0.0415
200,4,359.51,9526.38,21641.48,5509.14,2204.23,4401.72,0.0353
200,4,295.49,7307.00,18224.34,5425.26,2223.75,3268.33,0.0334
200,4,395.05,11063.26,24975.79,6142.32,2350.90,5419.31,0.0347
200,4,320.35,8154.80,20133.06,5348.15,2173.90,4456.22,0.0322
200,4,376.01,10212.46,23546.14,6249.20,2288.87,4795.60,0.0305
200,4,302.67,5708.44,18112.86,5661.80,1929.29,4813.32,0.0360
200,4,293.73,6215.60,18260.65,5569.15,2191.93,4283.97,0.0331
200,4,319.64,7043.74,19029.56,5413.86,2229.97,4341.99,0.0441
200,4,312.97,9090.02,20602.19,5365.47,1967.10,4179.59,0.0385
200,4,276.03,6116.02,17393.75,5648.98,2243.89,3384.86,0.0307
200,4,346.59,10179.67,22935.17,6393.94,2544.73,3816.83,0.0322
200,4,252.56,2579.24,15307.43,6009.70,2520.33,4198.16,0.0525
200,4,239.57,3555.57,14847.22,5680.90,2145.75,3465.00,0.0368
200,4,327.43,8842.58,21112.75,5648.22,2208.97,4412.98,0.0297
200,4,356.31,9572.62,22986.29,6277.51,2316.27,4819.90,0.0449
200,4,311.09,7010.44,19375.77,5847.11,2599.14,3919.07,0.0424
200,4,404.29,13882.67,25924.61,5814.89,2264.64,3962.41,0.0408
200,4,272.34,4424.89,17005.33,5749.83,2340.31,4490.30,0.0350
200,4,366.29,11213.20,23101.45,5056.18,2097.16,4734.91,0.0338
200,4,275.84,4909.16,17581.16,5656.55,2534.45,4481.00,0.0363
200,4,348.53,9004.76,21140.66,5739.47,2243.09,4153.34,0.0281
200,4,286.55,5968.20,17935.49,5497.25,2382.78,4087.25,0.0362
200,4,268.05,5004.04,17031.83,5685.08,2302.81,4039.91,0.0298
200,4,329.23,9156.69,20715.75,5278.40,2040.40,4240.27,0.0353
200,4,363.66,11092.23,23189.69,5434.92,2241.42,4421.12,0.0357
200,4,291.31,6112.88,17702.08,5191.66,2102.09,4295.44,0.0291
200,4,326.24,8130.36,20142.72,5483.99,2240.47,4287.91,0.0467
200,4,390.70,11314.39,23812.59,5743.20,2431.67,4323.33,0.0368
200,4,274.92,4989.04,17716.80,6347.77,2281.67,4098.32,0.0463
200,4,332.62,8870.07,20497.00,5243.29,2161.26,4222.37,0.0298
200,4,287.34,5994.57,17843.23,5344.31,2085.21,4419.15,0.0319
200,4,388.80,11560.23,24025.49,5866.62,2300.61,4298.03,0.0444
200,4,297.56,5723.71,18795.11,5913.60,2269.30,4888.50,0.0405
200,4,235.97,3921.78,14484.48,5130.13,2048.00,3384.57,0.0399
200,4,415.44,12814.11,25253.98,5651.73,2190.94,4597.20,0.0316
200,4,263.45,4419.21,16748.68,6114.08,2647.82,3567.57,0.0422
200,4,290.16,6282.31,18117.25,5610.57,2239.57,3984.80,0.0300
200,4,277.18,5461.94,16703.42,5535.38,2117.70,3588.40,0.0298
200,4,310.66,7490.37,18975.68,5355.72,2055.00,4074.59,0.0341
200,4,278.82,7255.99,17475.16,5127.91,1963.65,3127.61,0.0422
200,4,345.77,8970.72,22509.60,6040.90,2091.73,5406.25,0.0297
200,4,306.69,7250.08,18796.75,5572.58,2263.32,3710.76,0.0319
200,4,227.16,3134.26,14312.83,5639.30,2245.12,3294.15,0.0304
200,4,309.79,6199.49,19377.03,5885.52,2362.20,4929.80,0.0449
200,4,247.04,4947.95,15793.74,5476.31,2079.60,3289.89,0.0500
200,4,347.36,9551.84,22223.59,5701.32,2208.47,4761.96,0.0324
200,4,410.37,12259.39,25178.20,6171.27,2416.76,4330.77,0.0458
200,4,221.80,2133.19,14031.74,5858.33,2197.64,3842.59,0.0520
200,4,328.64,8363.98,20831.24,5969.47,2457.78,4040.01,0.0458
200,4,313.68,7756.07,19557.64,5464.16,2135.56,4201.85,0.0468
200,4,356.83,9909.96,21665.89,5750.99,2176.02,3828.93,0.0323
200,4,332.88,8066.41,21380.50,6377.10,2565.98,4371.01,0.0396
200,4,287.12,6078.94,18210.57,5826.55,2229.78,4075.30,0.0494
200,4,279.56,4757.52,17300.42,6113.32,2527.35,3902.23,0.0354
200,4,391.76,10926.43,23446.93,5590.23,2013.65,4916.62,0.0368
200,4,389.11,11763.58,23911.51,5511.75,2121.22,4514.96,0.0337
200,4,293.29,6583.01,18499.88,5896.35,2174.74,3845.78,0.0272
200,4,325.41,8058.45,19937.76,5560.24,2152.48,4166.58,0.0413
200,4,286.61,6210.16,18853.22,5530.91,2166.65,4945.51,0.0389
200,4,349.55,9760.42,20695.12,4975.30,1930.74,4028.66,0.0320
200,4,326.86,8631.59,20017.25,5639.38,2171.69,3574.59,0.0452
200,4,352.75,10270.22,22108.64,5416.22,2055.91,4366.29,0.0351
200,4,385.05,11687.98,23717.86,5449.15,2190.15,4390.59,0.0406
200,4,288.43,6430.28,18712.55,5883.14,2512.92,3886.22,0.0547
200,4,339.67,8919.92,20836.43,5377.84,2073.29,4465.39,0.0292
200,4,385.68,11061.28,23613.07,5645.30,2276.82,4629.66,0.0356
200,4,301.95,6394.30,19406.37,6071.93,2547.26,4392.89,0.0445
200,4,322.86,7392.80,20682.45,5948.94,2430.54,4910.17,0.0472
200,4,239.92,2666.34,15000.75,6097.13,2458.38,3778.90,0.0445
200,4,298.11,6122.56,17895.54,5412.62,2114.89,4245.46,0.0354
200,4,368.29,9878.27,22243.47,5510.41,2070.19,4784.61,0.0405
200,4,282.23,5845.92,17464.20,5705.34,2170.67,3742.26,0.0418
200,4,324.67,8898.53,20272.25,5090.50,2127.50,4155.72,0.0447
200,4,353.79,9912.34,22317.43,5606.33,2406.14,4392.62,0.0330
200,4,461.73,15344.23,27996.04,5976.78,2254.27,4420.77,0.0284
200,4,288.71,5827.68,17943.86,5828.05,2259.11,4029.03,0.0276
200,4,343.56,8521.07,21556.90,6016.72,2566.84,4452.27,0.0407
200,4,306.78,8071.46,20162.95,5664.12,2289.43,4137.94,0.0478
200,4,365.16,10762.85,23085.46,5522.81,2122.17,4677.62,0.0319
200,4,320.48,8404.05,19982.68,5468.64,2216.42,3893.56,0.0432
200,4,355.38,9967.49,21624.71,5755.97,2242.02,3659.22,0.0374
200,4,332.43,9328.57,19104.82,4476.99,1594.47,3704.79,0.0267
200,4,326.88,9314.98,19556.46,5116.78,1865.02,3259.69,0.0357
200,4,308.92,7547.15,19383.93,5845.97,2133.30,3857.51,0.0478
200,4,346.80,9604.50,20574.99,5064.01,1844.30,4062.19,0.0348
200,4,323.87,7653.77,20310.81,6115.80,2287.73,4253.51,0.0321
200,4,329.66,7588.83,20329.00,5935.98,2278.06,4526.13,0.0333
200,4,336.69,8438.95,21233.05,5905.93,2213.39,4674.78,0.0340
200,4,307.02,7065.73,19668.50,5942.70,2150.77,4509.31,0.0418
200,4,358.78,9046.47,22064.24,5579.71,2548.22,4889.84,0.0292
200,4,322.26,7796.37,19461.98,5098.61,2109.81,4457.20,0.0403
200,4,382.37,10500.71,23592.44,6101.16,2408.21,4582.36,0.0399
200,4,255.67,4719.71,15653.20,5560.23,2138.33,3234.93,0.0403
200,4,354.16,9641.28,21595.16,5302.17,1944.95,4706.76,0.0367
200,4,367.11,11366.04,22705.25,5189.34,1951.73,4198.14,0.0405
200,4,320.11,8841.74,19195.66,5014.80,1928.05,3411.08,0.0487
200,4,258.38,3620.14,16288.11,6068.50,2414.98,4184.50,0.0313
200,4,358.17,9428.52,23088.59,5916.27,2477.28,5266.52,0.0397
225,4,261.50,5514.86,16234.92,5205.04,1765.11,3749.91,0.0363
225,4,362.22,9849.88,22202.61,5806.73,2202.51,4343.49,0.0437
225,4,362.35,10142.02,21800.78,5228.92,2079.54,4350.31,0.0422
225,4,265.19,5612.35,16852.07,5608.00,2365.86,3265.87,0.0518
225,4,401.74,12085.61,25142.20,5366.90,2410.28,5279.40,0.0344
225,4,338.90,9713.19,21781.09,5328.16,2118.79,4620.94,0.0500
225,4,337.96,9496.36,22261.03,5748.29,2267.65,4748.72,0.0290
225,4,301.73,6003.97,18422.70,5742.91,1932.82,4742.99,0.0443
225,4,287.41,5031.67,17299.33,5764.21,2296.82,4206.63,0.0392
225,4,316.48,7704.16,19482.76,5333.89,2155.97,4288.75,0.0440
225,4,338.17,8887.16,20693.09,5590.94,2040.43,4174.56,0.0433
225,4,258.49,4835.30,16273.66,5793.25,2312.06,3333.06,0.0315
225,4,354.09,10368.74,23004.89,6263.40,2528.61,3844.14,0.0513
225,4,252.13,2750.78,15700.73,6119.15,2440.76,4390.04,0.0366
225,4,230.98,3368.85,14782.70,5820.44,2105.74,3487.67,0.0492
225,4,326.08,8272.92,20721.02,5875.42,2184.55,4388.13,0.0492
225,4,373.26,9867.44,23713.55,6689.48,2383.31,4773.32,0.0404
225,4,306.54,6481.85,18921.43,5903.66,2569.34,3966.58,0.0424
225,4,398.28,12487.74,24922.75,6169.08,2299.47,3966.46,0.0371
225,4,248.80,3606.10,15658.26,5500.38,2176.63,4375.14,0.0436
225,4,389.46,10967.91,23502.16,5652.22,2111.87,4770.16,0.0423
225,4,271.45,5151.78,17603.57,5587.89,2421.52,4442.39,0.0445
225,4,340.11,8547.29,20638.13,5517.96,2431.97,4140.91,0.0322
225,4,281.00,5558.53,17665.12,5812.32,2228.28,4065.99,0.0363
225,4,282.50,5464.39,17747.36,5740.86,2396.70,4145.41,0.0347
225,4,344.85,9676.23,21810.41,5700.86,2036.38,4396.94,0.0477
225,4,364.96,9746.44,22284.92,5850.01,2334.16,4354.31,0.0377
225,4,290.68,6207.23,17533.31,5004.23,2019.08,4302.77,0.0368
225,4,312.55,7567.01,19459.61,5458.17,2133.71,4300.72,0.0458
225,4,400.63,11686.23,24246.96,5756.56,2388.47,4415.71,0.0463
225,4,282.57,5157.80,17836.77,6316.64,2201.69,4160.64,0.0496
225,4,362.20,9971.66,21559.17,5241.06,2001.53,4344.92,0.0377
225,4,283.08,4967.03,17527.36,5821.62,2248.92,4489.79,0.0394
225,4,390.80,11338.53,23729.97,5902.29,2237.85,4251.30,0.0411
225,4,285.19,5096.56,17797.71,5667.58,2248.76,4784.81,0.0505
225,4,248.82,4059.11,15248.76,5612.38,2123.53,3453.74,0.0606
225,4,425.35,13887.49,26297.89,5712.45,2152.57,4545.37,0.0396
225,4,291.86,5119.40,17987.84,6416.73,2754.27,3697.45,0.0547
225,4,289.41,5361.69,17307.49,5688.13,2315.14,3942.54,0.0440
225,4,273.72,5568.18,16697.51,5399.37,2158.18,3571.79,0.0331
225,4,306.38,7930.36,19221.57,5303.13,1988.09,3999.99,0.0305
225,4,271.90,6658.76,16836.48,5135.60,1974.46,3067.67,0.0418
225,4,333.92,8051.66,21061.48,5644.52,2141.86,5223.45,0.0436
225,4,311.70,7143.80,19046.28,5762.01,2319.01,3821.48,0.0494
225,4,219.76,3029.16,13984.48,5469.07,2194.90,3291.34,0.0361
225,4,311.69,6172.17,19525.57,5931.45,2579.06,4842.89,0.0382
225,4,259.08,4835.58,15911.42,5647.84,2121.31,3306.69,0.0429
225,4,352.25,9821.53,22461.79,5657.75,2216.83,4765.68,0.0452
225,4,427.46,14131.67,27038.74,6159.36,2338.12,4409.59,0.0398
225,4,219.56,1804.40,13460.37,5755.10,2090.36,3810.51,0.0363
225,4,338.70,9703.10,21737.18,5737.13,2275.93,4021.03,0.0456
225,4,318.23,7380.41,19515.00,5805.60,2170.75,4158.25,0.0379
225,4,330.48,8997.55,20743.80,5862.89,2156.52,3726.85,0.0464
225,4,335.92,8607.89,21358.51,5967.73,2538.63,4244.27,0.0437
225,4,269.12,6232.99,17658.60,5376.32,2011.03,4038.27,0.0434
225,4,290.52,5996.95,18602.02,6014.89,2468.85,4121.33,0.0489
225,4,376.03,10871.49,22789.41,5192.67,1843.17,4882.09,0.0513
225,4,394.35,11809.99,24186.26,5692.19,2111.13,4572.95,0.0449
225,4,307.69,7456.51,19553.37,5777.66,2376.96,3942.24,0.0495
225,4,320.82,8664.92,20141.40,5316.46,2046.97,4113.05,0.0345
225,4,297.57,5705.71,18806.69,5827.42,2273.56,5000.00,0.0449
225,4,328.60,9351.66,20520.59,5174.78,1912.61,4081.53,0.0450
225,4,333.05,9851.81,20408.16,5047.44,1943.32,3565.59,0.0352
225,4,378.74,10339.16,22545.01,5527.76,2150.84,4527.25,0.0422
225,4,361.36,10552.04,22099.10,5232.59,2075.63,4238.84,0.0515
225,4,270.75,5529.76,18019.13,5961.75,2597.63,3929.99,0.0507
225,4,328.51,8225.97,20208.46,5540.15,2173.77,4268.57,0.0389
225,4,396.87,10628.32,24207.72,6332.52,2465.36,4781.52,0.0380
225,4,321.54,7750.86,20542.11,5793.47,2488.35,4509.42,0.0373
225,4,323.59,7768.56,20699.25,5644.46,2402.15,4884.08,0.0508
225,4,229.47,2571.14,14508.86,5812.69,2371.99,3753.04,0.0465
225,4,294.76,6725.27,18512.28,5290.65,2101.73,4394.63,0.0380
225,4,373.51,11659.98,23355.61,4910.66,2013.27,4771.71,0.0470
225,4,294.89,6704.70,18094.65,5556.03,2074.26,3759.66,0.0386
225,4,325.49,8434.03,20043.58,5206.83,2305.40,4097.31,0.0598
225,4,363.95,10179.94,22700.29,5727.07,2420.66,4372.61,0.0414
225,4,439.62,15502.75,27262.24,5383.19,2124.99,4251.30,0.0557
225,4,286.38,5675.41,18010.42,6084.60,2325.60,3924.80,0.0347
225,4,321.33,8566.23,21294.87,5820.41,2498.79,4409.45,0.0339
225,4,332.33,8145.83,20855.69,6109.30,2403.67,4196.89,0.0342
225,4,359.87,10339.27,22420.63,5333.55,2181.05,4566.76,0.0419
225,4,319.42,6942.41,18975.48,5856.08,2224.95,3952.03,0.0474
225,4,345.00,11193.67,22281.70,5352.91,2055.64,3679.49,0.0334
225,4,343.13,10077.51,20236.48,4624.20,1622.47,3912.31,0.0329
225,4,327.90,10021.99,20160.94,5020.56,1867.77,3250.62,0.0400
225,4,303.33,7581.45,19401.69,5661.26,2163.87,3995.11,0.0455
225,4,356.08,10450.46,21795.69,5212.20,1958.72,4174.31,0.0385
225,4,336.55,8379.09,20726.77,5726.43,2217.63,4403.62,0.0480
225,4,332.73,7672.63,20211.55,5974.72,2203.78,4360.42,0.0406
225,4,350.21,9102.17,22065.22,5916.00,2204.12,4842.94,0.0448
225,4,339.63,7022.51,20389.07,6309.21,2289.00,4768.35,0.0551
225,4,356.34,9764.81,22633.80,5529.34,2490.63,4849.02,0.0387
225,4,296.69,7238.89,18902.49,5137.96,2072.33,4453.31,0.0486
225,4,386.95,10756.32,23644.35,5813.63,2430.42,4643.99,0.0416
225,4,252.01,4547.07,15623.03,5758.54,2108.99,3208.44,0.0370
225,4,356.57,10309.91,22048.47,5163.65,1900.56,4674.34,0.0480
225,4,352.58,9647.72,21055.72,5405.58,1928.98,4073.44,0.0381
225,4,301.54,9040.57,19125.82,4929.87,1729.52,3425.85,0.0432
225,4,261.69,4249.65,16653.20,5749.20,2333.43,4320.92,0.0320
225,4,369.30,9814.58,23423.14,5963.29,2364.49,5280.77,0.0504
250,4,259.59,4941.25,16157.52,5448.35,1947.20,3820.72,0.0563
250,4,327.25,9813.25,21387.07,5263.29,1987.84,4322.69,0.0382
250,4,340.16,9119.09,21044.27,5475.24,2124.58,4325.35,0.0310
250,4,278.13,5858.52,17249.19,5641.12,2424.90,3324.65,0.0542
250,4,413.02,12343.88,25931.87,5696.05,2387.88,5504.05,0.0426
250,4,331.54,7991.30,20688.11,5780.93,2279.08,4636.81,0.0556
250,4,371.53,9665.33,22824.44,6002.74,2327.81,4828.55,0.0604
250,4,292.98,6456.83,18502.15,5274.58,1880.02,4890.72,0.0395
250,4,286.69,5639.08,17578.50,5618.46,2187.20,4133.77,0.0504
250,4,337.23,8532.84,20435.92,5373.10,2098.85,4431.13,0.0564
250,4,344.04,9189.88,20972.07,5423.33,2094.46,4264.39,0.0503
250,4,256.07,5001.03,15950.58,5475.21,2147.61,3326.74,0.0501
250,4,366.91,10666.67,23380.25,6226.59,2647.77,3839.23,0.0460
250,4,241.50,2776.82,15506.32,6054.62,2459.87,4215.02,0.0552
250,4,240.95,2866.65,14705.44,6097.63,2265.93,3475.23,0.0376
250,4,334.46,8515.90,20859.81,5772.71,2164.49,4406.72,0.0354
250,4,367.17,10299.36,23523.03,6173.82,2299.97,4749.88,0.0559
250,4,321.40,7671.94,20488.30,6139.74,2655.22,4021.39,0.0456
250,4,400.31,12959.17,25041.72,5800.29,2373.42,3908.84,0.0408
250,4,274.47,4254.01,16775.62,5716.64,2349.93,4455.03,0.0520
250,4,384.99,11038.22,24091.38,5843.05,2282.95,4927.16,0.0569
250,4,291.27,4809.50,18095.02,6272.35,2523.67,4489.50,0.0505
250,4,343.43,9180.46,21126.81,5585.17,2167.41,4193.77,0.0368
250,4,266.24,4311.52,16528.33,5936.15,2257.72,4022.94,0.0337
250,4,269.89,4937.73,17097.12,5648.84,2336.94,4173.62,0.0332
250,4,322.67,7949.59,20235.72,5898.94,2194.23,4192.95,0.0412
250,4,366.10,10350.58,22198.27,5216.73,2365.28,4265.68,0.0439
250,4,280.82,6503.99,17777.76,4932.06,1983.76,4357.96,0.0426
250,4,301.46,7798.04,19449.88,5351.85,2067.32,4232.67,0.0370
250,4,372.93,11716.02,23903.93,5398.74,2385.31,4403.86,0.0497
250,4,263.04,4178.04,16784.02,6260.30,2365.84,3979.83,0.0577
250,4,350.51,10382.34,22177.06,5389.70,2016.30,4388.72,0.0405
250,4,280.01,5582.34,17536.99,5401.15,2074.75,4478.76,0.0407
250,4,379.30,11767.44,23899.67,5645.27,2254.61,4232.35,0.0422
250,4,313.74,6011.84,19259.74,5862.93,2356.59,5028.38,0.0479
250,4,244.40,3430.61,15102.53,6069.26,2165.63,3437.03,0.0412
250,4,446.73,14353.06,26720.05,5517.31,2219.74,4629.93,0.0428
250,4,276.91,4762.75,17313.56,6222.69,2668.80,3659.33,0.0673
250,4,303.23,6365.39,18406.59,5661.82,2314.64,4064.75,0.0530
250,4,268.28,5181.61,16324.33,5384.90,2175.45,3582.37,0.0594
250,4,305.90,7352.05,18914.02,5619.59,1924.07,4018.31,0.0498
250,4,293.03,7742.68,18553.07,5498.00,2034.16,3278.24,0.0497
250,4,336.31,7619.48,21166.55,6039.70,2163.29,5344.07,0.0526
250,4,327.05,8472.69,20344.48,5656.01,2381.66,3834.12,0.0422
250,4,214.02,2074.00,13261.16,5719.03,2269.71,3198.42,0.0450
250,4,305.82,5659.00,19162.69,6120.44,2560.57,4822.68,0.0519
250,4,265.47,4757.35,15783.79,5538.23,2176.25,3311.96,0.0549
250,4,350.55,9490.28,22097.34,5641.94,2205.71,4759.41,0.0438
250,4,428.62,14403.94,27401.79,6245.44,2347.87,4404.54,0.0491
250,4,233.97,2481.00,14330.83,5775.65,2183.85,3890.34,0.0444
250,4,332.91,8457.41,20925.18,5910.25,2469.29,4088.23,0.0488
250,4,306.36,7707.52,19523.17,5569.04,2128.56,4118.05,0.0343
250,4,335.02,8661.38,20421.02,5848.75,2110.73,3800.16,0.0473
250,4,328.98,7541.34,20393.19,6254.52,2413.50,4183.83,0.0508
250,4,297.29,6405.56,18393.33,5577.55,2228.34,4181.87,0.0400
250,4,279.03,5477.02,17944.65,6044.27,2434.70,3988.65,0.0414
250,4,402.33,11439.01,23805.27,5514.27,1958.56,4893.44,0.0347
250,4,405.83,12725.25,25073.60,5583.82,2058.06,4706.47,0.0424
250,4,294.39,7497.57,18952.30,5471.46,2138.11,3845.15,0.0421
250,4,316.00,8425.90,20104.74,5428.51,2138.64,4111.70,0.0415
250,4,317.72,6660.15,19416.71,5555.50,2255.78,4945.28,0.0523
250,4,330.20,7995.59,19494.29,5529.55,2010.31,3958.84,0.0417
250,4,337.74,8831.50,19937.38,5406.74,2189.52,3509.62,0.0606
250,4,369.32,11116.69,22876.29,5212.56,2167.46,4379.58,0.0627
250,4,359.87,11072.17,22916.43,5386.23,2121.54,4336.49,0.0331
250,4,284.96,4681.65,17882.69,6515.70,2735.33,3950.01,0.0481
250,4,356.81,8466.61,21037.48,5905.31,2221.91,4443.65,0.0483
250,4,381.15,11972.96,24650.22,5483.83,2398.48,4794.95,0.0438
250,4,323.23,7323.23,19987.72,5700.46,2496.42,4467.61,0.0551
250,4,311.99,7665.80,20660.00,5719.91,2424.73,4849.55,0.0525
250,4,243.61,2699.23,14655.74,5774.30,2426.51,3755.70,0.0451
250,4,302.21,6192.45,18324.53,5677.94,2151.10,4303.03,0.0488
250,4,360.60,10099.34,22141.67,5232.65,2023.39,4786.29,0.0509
250,4,292.27,6951.28,18102.12,5333.20,2076.97,3740.67,0.0581
250,4,323.12,8011.52,20090.97,5645.45,2231.33,4202.68,0.0368
250,4,347.95,9597.03,22159.11,5752.26,2451.63,4358.18,0.0405
250,4,436.57,15498.88,27236.62,5233.00,2153.18,4351.55,0.0367
250,4,309.49,6681.95,18816.05,5738.40,2354.39,4041.31,0.0668
250,4,357.51,8403.75,22107.77,6509.01,2616.97,4578.04,0.0446
250,4,313.26,8093.87,20330.76,5653.67,2476.22,4106.99,0.0581
250,4,367.20,10083.71,22120.51,5271.63,2155.20,4609.97,0.0495
250,4,304.27,6654.14,18641.34,5845.36,2279.79,3862.05,0.0424
250,4,346.58,10222.39,21540.83,5518.28,2195.58,3604.58,0.0575
250,4,370.58,11096.20,21367.13,4547.95,1672.35,4050.62,0.0555
250,4,337.83,9289.76,19554.91,5147.64,1937.88,3179.63,0.0353
250,4,304.95,7220.26,18739.79,5647.71,2088.85,3782.96,0.0493
250,4,353.74,9908.48,20654.87,4922.65,1901.84,3921.90,0.0480
250,4,326.96,7772.94,20098.11,5886.35,2135.51,4303.32,0.0549
250,4,331.36,7077.86,19685.31,5981.17,2143.29,4482.99,0.0492
250,4,366.81,9365.50,22264.16,5762.79,2396.76,4739.11,0.0490
250,4,335.52,7829.20,20865.53,5957.43,2303.26,4775.64,0.0423
250,4,348.47,8486.82,21520.58,5629.62,2488.50,4915.64,0.0540
250,4,321.64,7398.66,19857.00,5688.38,2331.33,4438.62,0.0443
250,4,369.43,10559.29,23569.23,5983.23,2458.52,4568.18,0.0679
250,4,257.35,5155.78,16041.87,5523.16,2128.19,3234.74,0.0432
250,4,354.81,9941.23,21776.07,5366.42,1850.07,4618.36,0.0443
250,4,367.40,10386.51,22081.15,5511.89,2009.98,4172.78,0.0528
250,4,308.75,8693.40,19293.82,5331.65,1891.14,3377.62,0.0395
250,4,276.93,3403.71,16104.12,6038.46,2454.54,4207.41,0.0322
250,4,368.95,8573.97,22624.80,6428.20,2460.38,5162.25,0.0348
275,4,273.95,5478.13,16417.25,5213.84,1868.30,3856.98,0.0461
275,4,351.79,9374.87,21838.69,5898.30,2305.68,4259.84,0.0649
275,4,331.76,9088.27,21009.40,5545.88,2041.08,4334.17,0.0416
275,4,280.49,5995.35,17141.73,5507.36,2341.25,3297.77,0.0371
275,4,415.36,11798.56,25557.45,5989.55,2381.03,5388.32,0.0797
275,4,332.85,8024.91,20569.83,5720.41,2335.57,4488.94,0.0405
275,4,380.27,9517.03,22920.85,6213.24,2375.64,4814.94,0.0629
275,4,289.13,6398.12,18582.65,5320.92,2001.52,4862.10,0.0590
275,4,298.64,5794.91,18132.96,5741.96,2328.84,4267.25,0.0475
275,4,323.40,8767.11,20710.77,5336.12,2208.93,4398.61,0.0406
275,4,317.00,8668.17,20508.92,5660.47,1983.79,4196.49,0.0705
275,4,270.90,5659.21,16734.55,5598.95,2180.58,3295.82,0.0541
275,4,355.17,8854.10,21521.97,6164.66,2716.66,3786.55,0.0477
275,4,249.56,3272.86,15984.01,5872.47,2472.90,4365.77,0.0462
275,4,229.13,3237.55,14535.07,5695.18,2114.08,3488.26,0.0563
275,4,316.64,8642.19,20784.22,5567.40,2168.84,4405.80,0.0558
275,4,375.02,9973.95,23774.69,6494.19,2532.02,4774.53,0.0493
275,4,325.02,7572.60,19898.75,5616.08,2612.48,4097.58,0.0529
275,4,388.88,12929.08,25061.95,5900.76,2233.79,3998.32,0.0507
275,4,260.95,4949.67,16606.07,5231.47,2108.65,4316.28,0.0513
275,4,391.38,11980.33,24554.80,5510.97,2127.48,4936.03,0.0441
275,4,261.25,5075.44,17336.35,5346.37,2500.14,4414.40,0.0709
275,4,333.27,8342.82,20284.83,5537.21,2254.87,4149.94,0.0460
275,4,284.09,5356.59,17341.33,5685.45,2277.73,4021.55,0.0526
275,4,271.10,4852.49,17071.77,5714.66,2336.16,4168.46,0.0554
275,4,347.64,8424.24,20753.18,5924.32,2136.98,4267.64,0.0472
275,4,362.09,9701.20,22033.32,5745.47,2320.76,4265.89,0.0429
275,4,289.68,5459.27,17147.27,5320.99,2113.15,4253.86,0.0504
275,4,323.10,7826.50,19657.56,5504.29,2114.98,4211.79,0.0599
275,4,380.39,11510.51,23665.19,5449.68,2382.54,4322.45,0.0607
275,4,275.70,4912.35,17563.87,6212.87,2290.37,4148.28,0.0581
275,4,334.02,9121.30,20954.23,5457.03,2062.38,4313.53,0.0432
275,4,296.83,6091.30,18178.10,5465.38,2035.69,4585.72,0.0430
275,4,376.93,11673.50,23857.76,5731.11,2262.74,4190.41,0.0574
275,4,297.76,5852.47,18695.00,5682.46,2246.04,4914.01,0.0542
275,4,242.24,3989.06,15291.36,5757.61,2159.00,3385.69,0.0738
275,4,422.09,14209.55,26625.43,5707.97,2109.95,4597.95,0.0659
275,4,271.69,5241.87,17368.33,5878.24,2623.86,3624.36,0.0679
275,4,298.42,6773.05,18421.04,5420.51,2240.98,3986.50,0.0715
275,4,275.69,5232.94,16390.27,5492.83,2137.74,3526.76,0.0431
275,4,292.57,6849.19,18098.18,5356.57,1915.74,3976.68,0.0484
275,4,301.54,8216.77,18800.82,5302.59,2037.99,3243.46,0.0555
275,4,339.08,8011.26,21318.09,5912.18,2201.08,5193.57,0.0468
275,4,299.63,6787.82,18505.66,5722.89,2267.46,3727.48,0.0562
275,4,235.82,3555.85,14671.03,5587.89,2160.78,3366.51,0.0650
275,4,322.62,6280.28,20189.00,6287.70,2628.79,4992.22,0.0583
275,4,273.65,5103.87,16286.72,5631.50,2215.15,3336.20,0.0518
275,4,346.78,9803.67,22268.38,5451.61,2165.85,4847.26,0.0591
275,4,421.90,12837.25,25887.60,6187.30,2467.07,4395.98,0.0492
275,4,217.42,1920.25,13719.67,5741.14,2221.69,3836.60,0.0520
275,4,333.65,8942.31,21144.92,5828.11,2302.21,4072.29,0.0516
275,4,324.51,7163.24,19362.42,5801.52,2214.16,4183.50,0.0466
275,4,330.89,9635.12,20823.45,5455.54,2051.00,3681.80,0.0444
275,4,337.12,8535.24,21559.67,6319.77,2505.55,4199.11,0.0728
275,4,293.99,7421.39,19241.12,5520.32,2186.34,4113.07,0.0495
275,4,302.89,6309.47,18894.26,6055.96,2559.75,3969.08,0.0493
275,4,391.10,11650.00,24256.82,5617.46,2005.00,4984.36,0.0490
275,4,407.41,12681.03,24691.20,5444.55,2061.08,4504.53,0.0570
275,4,287.29,6847.93,18531.57,5632.27,2254.62,3796.74,0.0428
275,4,336.75,8345.70,19955.04,5399.86,2163.88,4045.60,0.0421
275,4,303.39,5606.87,18493.27,5737.19,2252.94,4896.27,0.0601
275,4,342.30,9377.36,20999.09,5406.81,2088.19,4126.73,0.0492
275,4,330.69,8917.12,20112.10,5407.12,2166.07,3621.80,0.0618
275,4,337.66,10057.28,21839.35,5366.17,2061.57,4354.34,0.0733
275,4,383.68,11418.00,23367.02,5469.55,2212.04,4267.43,0.0411
275,4,274.89,5162.60,18005.55,6320.33,2574.69,3947.94,0.0605
275,4,321.64,8433.09,20162.21,5385.01,2125.02,4219.08,0.0652
275,4,361.68,10685.49,23263.04,5395.85,2391.76,4789.95,0.0660
275,4,314.51,6591.68,19608.13,6149.88,2486.06,4380.50,0.0582
275,4,344.69,8206.92,21481.65,5951.15,2429.31,4894.27,0.0482
275,4,230.60,2825.78,14343.98,5513.13,2246.58,3758.49,0.0543
275,4,301.12,6265.95,18341.39,5629.78,2146.28,4299.37,0.0516
275,4,354.79,10448.74,22061.15,4964.20,1947.82,4700.39,0.0585
275,4,277.42,5203.08,16529.93,5554.28,2143.67,3628.92,0.0439
275,4,311.96,7900.64,19986.34,5680.25,2267.93,4137.52,0.0465
275,4,368.91,10333.22,22888.02,5704.93,2502.96,4346.91,0.0503
275,4,443.97,14431.34,26785.80,5744.51,2303.92,4306.02,0.0566
275,4,297.83,6847.30,19270.81,6058.61,2344.81,4020.09,0.0577
275,4,345.05,8464.71,21950.66,6358.31,2639.54,4488.09,0.0757
275,4,322.67,6865.89,19986.91,6318.89,2567.63,4234.49,0.0709
275,4,365.08,9530.22,22238.59,5736.67,2240.82,4730.89,0.0399
275,4,296.10,7319.99,18766.58,5553.15,2113.72,3779.72,0.0631
275,4,326.81,10430.77,21850.90,5521.27,2211.44,3687.42,0.0656
275,4,355.87,10652.73,21032.17,4723.57,1654.03,4001.83,0.0573
275,4,336.30,10423.57,20189.38,4708.11,1831.55,3226.15,0.0406
275,4,317.42,8078.10,19937.85,5820.70,2238.12,3800.93,0.0482
275,4,336.13,10408.92,20917.90,4543.08,1852.49,4113.40,0.0560
275,4,342.99,8513.57,20817.91,5819.23,2171.03,4314.08,0.0565
275,4,320.00,7232.08,19681.64,6022.26,2092.23,4335.06,0.0601
275,4,346.43,8362.22,21165.85,5762.02,2315.51,4726.10,0.0603
275,4,329.03,7713.81,20668.72,5918.42,2201.64,4834.84,0.0607
275,4,371.37,10464.82,23177.25,5433.52,2413.05,4865.86,0.0640
275,4,318.39,6486.57,19188.38,5947.05,2262.03,4492.72,0.0524
275,4,391.69,11676.12,24660.20,5996.36,2423.32,4564.41,0.0532
275,4,264.37,4779.41,16125.86,5877.74,2204.05,3264.66,0.0526
275,4,343.99,9468.80,21665.07,5667.66,1924.95,4603.66,0.0603
275,4,363.67,10758.85,21850.48,5065.63,1892.00,4134.00,0.0576
275,4,319.85,9258.74,19379.62,4903.94,1907.16,3309.78,0.0463
275,4,266.21,3598.62,16375.18,5909.93,2467.06,4399.57,0.0402
275,4,368.58,9115.00,22640.31,5968.98,2332.73,5223.60,0.0623
300,4,247.84,5177.08,16160.51,5249.14,1843.70,3890.58,0.0621
300,4,341.67,10760.30,22313.35,5183.48,2011.17,4358.39,0.0670
300,4,364.96,9824.34,21701.53,5285.21,2087.66,4504.32,0.0411
300,4,282.58,5657.09,17203.04,5776.46,2430.30,3339.19,0.0724
300,4,396.37,11563.16,25157.75,5887.06,2382.50,5325.02,0.0785
300,4,318.88,8661.48,20691.59,5260.07,2216.35,4553.69,0.0433
300,4,363.31,9663.73,23426.64,6394.28,2458.35,4910.28,0.0719
300,4,296.95,6756.86,18878.44,5471.63,1920.71,4729.24,0.0408
300,4,290.60,5578.00,17379.76,5380.60,2236.81,4184.35,0.0485
300,4,328.32,7865.16,19706.64,5336.98,2136.49,4368.02,0.0538
300,4,330.48,8226.65,20148.24,5715.32,2129.29,4076.97,0.0679
300,4,278.97,5613.28,16803.27,5596.00,2196.36,3397.63,0.0546
300,4,354.60,10100.51,22857.22,6522.72,2466.48,3767.50,0.0594
300,4,252.19,3006.76,16002.18,6223.02,2477.60,4294.80,0.0632
300,4,226.88,2890.96,14600.20,6036.37,2190.17,3482.70,0.0706
300,4,325.43,9329.41,21082.35,5218.76,2101.91,4432.26,0.0863
300,4,367.37,10118.63,23765.07,6329.83,2449.51,4867.10,0.0751
300,4,303.76,6118.06,18758.97,5935.15,2696.74,4009.03,0.0843
300,4,387.54,12791.73,24701.63,5736.84,2294.05,3879.00,0.0721
300,4,282.18,4998.80,17443.34,5819.39,2227.14,4398.02,0.0635
300,4,379.87,10772.91,23305.81,5573.39,2180.62,4778.89,0.0411
300,4,287.57,4667.10,17655.06,5839.66,2445.62,4702.68,0.0505
300,4,304.99,8511.92,19644.05,5036.79,2074.17,4021.16,0.0446
300,4,280.01,6067.92,17490.06,5240.23,2094.51,4087.41,0.0643
300,4,272.62,4731.19,16974.02,5923.50,2303.89,4015.44,0.0532
300,4,338.44,8467.59,20174.80,5446.23,2087.45,4173.53,0.0499
300,4,347.85,9786.55,21475.94,5143.85,2333.16,4212.39,0.0560
300,4,293.26,6511.54,17613.96,4677.58,1988.07,4436.78,0.0697
300,4,335.98,7959.43,20036.40,5498.44,2293.31,4285.22,0.0513
300,4,387.90,11104.26,23500.53,5608.13,2409.69,4378.45,0.0658
300,4,275.63,5283.76,17727.06,6090.01,2229.31,4123.98,0.0581
300,4,347.37,9574.04,21753.21,5736.97,2020.63,4421.57,0.0438
300,4,282.95,5079.01,17070.41,5415.24,2109.79,4466.37,0.0489
300,4,400.07,11549.59,24116.64,5886.09,2343.83,4337.12,0.0462
300,4,311.24,6428.70,19478.86,5824.89,2296.44,4928.82,0.0737
300,4,232.75,3684.08,14688.65,5619.94,2051.45,3333.18,0.0783
300,4,408.64,13587.91,25850.63,5516.04,2145.63,4601.06,0.0594
300,4,282.44,5737.57,18143.29,6142.85,2598.13,3664.75,0.0510
300,4,266.42,6167.33,17494.02,5254.34,2150.12,3922.23,0.0489
300,4,278.23,6362.67,17543.87,5501.95,2161.14,3518.11,0.0667
300,4,292.94,7121.48,18732.01,5469.29,1980.67,4160.56,0.0433
300,4,296.63,7103.57,18044.84,5623.19,2059.40,3258.69,0.0540
300,4,329.48,7362.19,20675.76,5984.08,2127.44,5202.04,0.0654
300,4,317.37,8010.17,19715.30,5563.00,2307.23,3834.91,0.0647
300,4,233.88,3744.87,14719.56,5487.66,2169.84,3317.20,0.0541
300,4,316.26,6405.17,20054.86,6159.31,2571.93,4918.45,0.0501
300,4,270.07,5448.94,16717.64,5654.37,2193.57,3420.76,0.0551
300,4,356.31,10151.09,22662.87,5615.96,2160.80,4735.02,0.0503
300,4,420.97,13500.69,25816.37,5706.23,2296.15,4313.31,0.0630
300,4,218.30,2029.45,13455.76,5679.66,2032.65,3713.99,0.0684
300,4,336.29,8795.72,21345.34,6101.60,2404.65,4043.37,0.0629
300,4,321.43,7756.39,19842.05,5667.23,2190.17,4228.27,0.0502
300,4,340.94,9607.45,20921.07,5477.68,2085.28,3750.66,0.0517
300,4,338.53,8813.50,21611.96,6098.76,2386.85,4312.85,0.0578
300,4,299.64,6541.52,18384.43,5541.50,2212.02,4089.38,0.0604
300,4,294.65,6621.77,19063.95,5797.82,2544.70,4099.66,0.0553
300,4,379.71,10497.71,23045.04,5675.92,2037.07,4834.33,0.0526
300,4,408.80,12959.12,24925.69,5485.77,2029.43,4451.37,0.0678
300,4,302.69,7994.58,19559.45,5389.95,2235.09,3939.83,0.0730
300,4,336.32,9238.73,20856.63,5305.28,2106.23,4206.39,0.0515
300,4,299.40,6711.54,19390.44,5589.57,2176.44,4912.89,0.0523
300,4,338.81,8896.35,19917.53,5108.83,1975.03,3937.32,0.0520
300,4,313.11,9167.22,20139.24,5251.97,2097.47,3622.58,0.0518
300,4,361.42,11097.03,23331.39,5654.76,2142.73,4436.87,0.0556
300,4,376.67,11692.78,23562.03,5362.66,2086.11,4420.48,0.0559
300,4,286.87,5861.51,18134.16,5808.09,2621.60,3842.97,0.0715
300,4,339.12,8890.76,21093.89,5712.92,2121.84,4368.37,0.0520
300,4,378.31,11090.35,23814.35,5685.66,2310.70,4727.63,0.0578
300,4,329.99,7784.59,20767.23,5921.51,2565.90,4495.23,0.1016
300,4,330.10,8075.31,21013.63,5721.56,2404.30,4812.47,0.0498
300,4,239.77,2944.07,14890.28,5736.85,2392.59,3816.77,0.0730
300,4,299.80,6269.97,18180.61,5654.31,2081.28,4175.06,0.0651
300,4,351.23,10170.98,22143.46,5305.92,1968.01,4698.55,0.0647
300,4,303.26,6800.64,18590.63,5839.55,2147.82,3802.63,0.0729
300,4,317.38,8222.55,20095.36,5322.71,2327.74,4222.36,0.0613
300,4,362.40,9724.03,22196.98,5568.84,2431.65,4472.46,0.0831
300,4,441.74,15069.04,26984.08,5317.16,2166.86,4431.03,0.0629
300,4,305.57,6514.97,19024.22,5989.01,2459.25,4061.00,0.0721
300,4,353.13,9813.18,23108.11,6149.28,2586.04,4559.61,0.0677
300,4,315.05,7454.89,20196.99,5978.57,2569.00,4194.52,0.0712
300,4,374.23,10347.49,22807.10,5546.69,2162.35,4750.56,0.0458
300,4,315.64,7596.44,19525.83,5755.02,2304.01,3870.36,0.0772
300,4,364.54,10735.32,22167.90,5555.26,2185.33,3692.00,0.0556
300,4,360.90,10455.12,20944.22,4840.20,1659.05,3989.86,0.0486
300,4,307.04,9132.52,18889.50,4831.14,1758.50,3167.35,0.0562
300,4,322.98,8172.64,20131.17,5854.82,2211.13,3892.58,0.0625
300,4,340.67,9392.04,20469.00,5115.15,1960.59,4001.22,0.0520
300,4,321.47,8524.59,20442.20,5540.53,2074.79,4302.30,0.0656
300,4,328.10,7244.96,19804.95,6069.38,2218.03,4272.58,0.0578
300,4,357.79,8142.21,21532.24,6317.23,2371.02,4701.78,0.0755
300,4,329.97,8166.91,21105.81,5904.53,2242.20,4792.18,0.0649
300,4,374.50,12209.77,24460.48,5097.01,2202.25,4951.45,0.0702
300,4,309.61,7444.32,19209.91,5229.31,2152.08,4384.19,0.0612
300,4,395.17,11034.61,24129.39,6071.06,2449.62,4574.10,0.0547
300,4,258.60,5059.07,16137.70,5577.75,2216.48,3284.40,0.0484
300,4,353.09,9019.05,21141.74,5587.24,1897.86,4637.59,0.0669
300,4,367.55,9485.58,21713.19,5883.20,2129.27,4215.14,0.0504
300,4,306.03,8863.21,18908.47,4923.10,1803.58,3318.58,0.0503
300,4,255.44,3403.73,16110.87,6065.16,2347.32,4294.66,0.0403
300,4,376.09,9515.14,22914.83,5863.31,2325.79,5210.59,0.0709
325,4,267.94,5156.40,16224.09,5359.84,1955.77,3752.09,0.0624
325,4,343.36,9518.73,21007.01,5155.22,2111.54,4221.52,0.0686
325,4,367.85,9840.04,21611.50,5233.80,2201.88,4335.78,0.0642
325,4,292.39,5899.60,17677.94,5941.30,2405.13,3431.91,0.0651
325,4,414.63,13330.86,26446.54,5474.44,2290.39,5350.85,0.0664
325,4,335.02,7999.67,20937.73,5895.37,2388.91,4653.78,0.0694
325,4,384.87,10041.30,23454.39,6143.22,2415.88,4854.00,0.0752
325,4,315.10,6187.44,18756.38,5710.77,2114.62,4743.54,0.0817
325,4,290.52,6755.36,18012.64,5110.87,2036.30,4110.11,0.0751
325,4,314.25,7764.65,19379.92,5172.85,2162.24,4280.17,0.0593
325,4,334.29,8910.48,20406.67,5263.51,2138.38,4094.31,0.0693
325,4,273.02,5617.94,16795.65,5600.40,2287.17,3290.13,0.0561
325,4,372.77,9990.53,22992.68,6437.87,2663.45,3900.83,0.0976
325,4,257.31,3603.52,16033.10,5794.11,2353.24,4282.23,0.0763
325,4,228.04,3057.66,14532.55,5813.86,2167.18,3493.85,0.0623
325,4,314.95,8236.02,20328.79,5626.41,2139.87,4326.48,0.0731
325,4,347.17,9422.22,22670.58,6123.23,2330.08,4795.06,0.0667
325,4,310.66,6995.23,19356.97,5906.00,2521.10,3934.64,0.0649
325,4,409.57,13447.12,25441.82,5806.49,2315.01,3873.19,0.0606
325,4,272.88,4760.84,17078.39,5677.07,2277.54,4362.94,0.0560
325,4,380.77,10140.86,23273.66,6101.27,2271.00,4760.54,0.0609
325,4,279.41,4307.07,17255.63,6051.94,2456.40,4440.22,0.0612
325,4,334.07,8840.40,20473.93,5289.60,2227.56,4116.36,0.0772
325,4,289.10,6501.01,18376.02,5530.87,2283.72,4060.43,0.0620
325,4,264.80,4433.56,16478.03,5704.79,2322.83,4016.85,0.0755
325,4,330.03,8786.45,20555.99,5571.56,1939.79,4258.19,0.0703
325,4,356.09,9351.91,21582.76,5702.12,2308.33,4220.39,0.0572
325,4,291.30,5865.24,17424.89,5218.56,2076.97,4264.12,0.0716
325,4,321.18,8176.30,19961.22,5341.52,2229.20,4214.21,0.0549
325,4,373.27,10708.49,23296.29,5764.14,2462.16,4361.51,0.0607
325,4,272.49,4629.23,17481.51,6308.35,2431.48,4112.44,0.0636
325,4,344.33,9023.07,20680.63,5360.07,2002.92,4294.57,0.0540
325,4,277.80,4931.38,17138.61,5625.66,2079.11,4502.47,0.0593
325,4,370.92,10181.58,22506.84,5893.14,2321.53,4110.59,0.0646
325,4,297.91,5820.74,18545.88,5633.27,2294.76,4797.11,0.1129
325,4,228.85,3697.14,14494.39,5474.75,2037.49,3285.01,0.0716
325,4,396.05,12865.53,24803.23,5463.67,1975.80,4498.23,0.0546
325,4,278.15,5450.41,17580.96,5922.20,2559.72,3648.63,0.0672
325,4,286.53,5830.09,18034.81,5825.13,2346.19,4033.40,0.0480
325,4,264.85,5833.02,16816.80,5435.92,2055.70,3492.16,0.0724
325,4,306.95,6833.74,18361.73,5459.20,1983.71,4085.07,0.0668
325,4,285.93,6354.75,17248.95,5645.97,2014.18,3234.06,0.0633
325,4,335.71,8251.42,20989.52,5530.58,1998.46,5209.05,0.0834
325,4,316.54,7947.99,19495.23,5489.45,2272.55,3785.24,0.0756
325,4,259.37,3413.60,15189.21,6059.55,2323.08,3392.98,0.0554
325,4,313.24,5968.17,19301.28,6102.63,2491.66,4738.82,0.0700
325,4,260.96,5000.79,16303.63,5846.50,2103.34,3352.99,0.0729
325,4,352.60,10568.99,22851.91,5498.37,2054.72,4729.83,0.0572
325,4,406.73,12741.26,25433.42,5946.53,2365.70,4379.92,0.0686
325,4,235.39,2668.22,14725.95,5820.69,2308.93,3928.11,0.0786
325,4,325.52,8224.61,20523.39,6014.57,2347.60,3936.62,0.0763
325,4,320.06,7723.90,19807.42,5730.49,2161.08,4191.95,0.0570
325,4,330.20,9887.22,21319.42,5532.01,2065.72,3834.48,0.0620
325,4,344.32,8801.14,21524.56,5869.26,2540.92,4313.24,0.0578
325,4,310.48,7457.00,19521.78,5732.70,2209.65,4122.42,0.0587
325,4,281.67,5924.83,18296.01,5981.06,2356.95,4033.16,0.0812
325,4,399.52,11547.43,23870.77,5424.53,1904.94,4993.87,0.0520
325,4,395.19,11433.18,23730.68,5660.09,2121.39,4516.01,0.0788
325,4,311.12,7634.85,19519.68,5542.41,2324.42,4018.01,0.0771
325,4,325.77,8661.15,20071.99,5247.54,2086.88,4076.42,0.0623
325,4,311.28,6323.79,19212.12,5759.14,2198.69,4930.50,0.0528
325,4,342.20,8852.08,20038.48,5129.81,1950.94,4105.64,0.0402
325,4,334.89,9500.14,20511.92,5380.69,2032.69,3598.40,0.0671
325,4,364.90,9569.33,21540.13,5470.05,2130.67,4370.08,0.0768
325,4,374.87,11549.32,23170.63,5119.46,2170.42,4331.44,0.0646
325,4,284.18,5502.50,18048.81,5967.06,2614.61,3964.64,0.0851
325,4,343.93,9149.82,21169.13,5565.93,2116.07,4337.30,0.0761
325,4,383.78,10403.36,23412.34,5917.32,2322.53,4769.13,0.0794
325,4,326.74,6863.28,19813.66,5997.34,2535.97,4417.07,0.0564
325,4,325.52,7280.95,20368.31,5878.94,2474.40,4734.02,0.0615
325,4,227.06,2839.26,14684.39,5753.31,2329.05,3762.77,0.0623
325,4,300.44,6019.13,17973.92,5625.76,2152.03,4177.00,0.0632
325,4,356.99,9600.79,21822.35,5326.50,2091.08,4803.99,0.0641
325,4,296.82,6183.33,18057.17,5986.15,2141.08,3746.61,0.0759
325,4,337.09,7927.16,20193.77,5723.82,2316.13,4226.66,0.0669
325,4,365.51,9940.73,22327.51,5625.56,2344.22,4417.01,0.0585
325,4,466.81,15405.96,27974.58,5865.47,2279.49,4423.65,0.0458
325,4,285.12,5790.56,18241.33,6116.35,2336.56,3997.86,0.0642
325,4,363.39,9092.54,22782.49,6434.59,2645.86,4609.49,0.0605
325,4,330.50,7971.45,20820.99,5984.24,2563.08,4302.23,0.0602
325,4,370.32,10048.01,22751.21,5827.08,2205.41,4670.72,0.0534
325,4,299.67,8168.64,19895.19,5658.98,2139.12,3928.44,0.0748
325,4,357.43,10518.89,21547.02,5316.12,2144.25,3567.76,0.0618
325,4,358.30,11577.73,21502.97,4465.96,1582.12,3877.16,0.0710
325,4,326.17,8994.12,19589.21,5414.16,1876.99,3303.94,0.0610
325,4,324.78,8764.08,20458.47,5693.01,2090.48,3910.90,0.0667
325,4,345.31,11081.69,21382.64,4449.52,1733.46,4117.97,0.0591
325,4,327.46,7985.27,20405.92,5843.81,2203.96,4372.89,0.0796
325,4,324.27,7656.04,19975.92,5865.92,2036.70,4417.26,0.0610
325,4,362.21,9242.92,22550.13,6122.73,2311.86,4872.61,0.0695
325,4,361.36,9549.07,22155.85,5662.55,2116.65,4827.58,0.0590
325,4,381.13,10782.25,23791.55,5484.57,2463.75,5060.99,0.0724
325,4,328.60,7412.26,19742.15,5661.25,2232.46,4436.18,0.0573
325,4,390.89,12098.98,25025.80,5868.69,2503.34,4554.78,0.0817
325,4,252.17,4824.76,15670.10,5616.16,2052.07,3177.10,0.0595
325,4,383.30,10036.13,22556.41,5786.42,1951.62,4782.24,0.0683
325,4,340.18,10988.64,21789.70,4930.06,1809.51,4061.49,0.0735
325,4,349.99,10183.41,20767.06,5160.03,1923.72,3499.90,0.0684
325,4,268.83,4130.12,16625.90,5782.64,2383.66,4329.48,0.0737
325,4,362.41,9170.56,22796.33,5925.94,2462.95,5236.87,0.0712
350,4,271.10,6264.65,16993.61,5135.89,1846.48,3746.59,0.0457
350,4,347.15,9927.35,21717.49,5509.40,1997.17,4283.57,0.0663
350,4,351.67,9107.49,21249.64,5605.46,2241.09,4295.60,0.0594
350,4,277.35,5967.82,17318.33,5683.41,2385.08,3282.02,0.0608
350,4,417.27,11661.28,25130.40,5730.63,2338.95,5399.54,0.0712
350,4,320.07,7539.22,20258.14,5895.34,2308.34,4515.24,0.0736
350,4,370.73,9430.71,22651.39,6058.37,2379.42,4782.90,0.0720
350,4,308.09,6365.91,18826.42,5626.67,2038.50,4795.33,0.0746
350,4,297.26,5988.92,18115.06,5761.18,2255.75,4109.20,0.0781
350,4,326.32,8711.28,20144.21,5138.30,1999.71,4294.92,0.0690
350,4,291.89,7049.06,18514.24,5401.61,1996.03,4067.53,0.0733
350,4,277.73,5597.93,16824.12,5605.22,2276.81,3344.17,0.0759
350,4,350.63,10003.80,22412.61,6095.15,2521.32,3792.35,0.0601
350,4,256.35,3516.77,16089.09,5843.61,2398.97,4329.74,0.0751
350,4,228.52,3236.38,14577.64,5785.94,2065.83,3489.50,0.0543
350,4,341.03,8369.08,20779.00,5910.51,2159.20,4340.22,0.0775
350,4,381.59,10550.04,24188.04,6382.72,2372.81,4882.46,0.0760
350,4,300.25,6108.72,18718.86,6129.36,2640.27,3840.51,0.0674
350,4,404.07,12849.86,24996.18,5968.72,2291.29,3886.31,0.0544
350,4,272.25,4750.29,16851.27,5599.79,2117.34,4383.85,0.0530
350,4,379.08,11022.63,23382.94,5379.15,2160.85,4820.31,0.0759
350,4,287.15,4362.71,17625.41,6108.60,2562.68,4591.42,0.0828
350,4,338.86,9309.41,21265.61,5492.63,2225.08,4238.49,0.0723
350,4,278.78,5047.27,16664.46,5439.75,2250.56,3926.89,0.0721
350,4,276.67,5482.30,17240.16,5447.69,2222.08,4088.09,0.0695
350,4,313.41,9463.17,20812.70,5219.77,1881.10,4248.67,0.0750
350,4,354.34,9612.21,21771.96,5575.74,2274.73,4309.27,0.0638
350,4,294.55,5582.64,17579.68,5389.83,2141.63,4465.58,0.0576
350,4,322.33,7462.79,19698.60,5792.38,2256.05,4187.38,0.0600
350,4,371.24,10939.16,22859.00,5468.35,2244.35,4207.14,0.0589
350,4,263.84,4179.79,16764.17,6306.15,2271.28,4006.95,0.0738
350,4,338.89,9601.97,21145.05,5344.60,1895.08,4303.41,0.0568
350,4,293.46,5471.73,17841.32,5645.92,2131.87,4591.80,0.0721
350,4,389.89,12558.41,24660.17,5588.73,2173.64,4339.39,0.0835
350,4,314.49,7009.78,19784.49,5499.45,2231.09,5044.17,0.0663
350,4,254.75,4094.03,15592.98,5876.87,2138.83,3483.25,0.0759
350,4,392.28,13131.80,25186.13,5421.68,2093.07,4539.58,0.0761
350,4,268.17,5126.57,17276.19,6007.90,2600.74,3540.97,0.0673
350,4,290.29,6024.80,18252.97,5930.76,2281.80,4015.61,0.0789
350,4,273.29,5617.39,16892.65,5554.58,2162.18,3558.51,0.0854
350,4,303.32,7831.16,19512.54,5568.39,2019.44,4093.54,0.0877
350,4,289.65,7164.87,17697.42,5321.21,2046.21,3165.13,0.0528
350,4,350.86,8141.20,21847.12,6095.38,2185.11,5425.44,0.0757
350,4,299.61,7790.96,19472.07,5685.90,2240.07,3755.14,0.0818
350,4,244.60,3961.73,15397.33,5796.46,2236.01,3403.13,0.0631
350,4,320.36,6786.03,20149.97,5958.15,2448.01,4957.79,0.0686
350,4,255.13,5294.39,16322.55,5563.10,2080.09,3384.97,0.0569
350,4,352.81,10101.50,22505.46,5449.35,2166.46,4788.15,0.0592
350,4,427.03,13987.30,27074.46,6230.53,2415.08,4441.56,0.0681
350,4,236.06,2954.52,14868.48,5699.66,2153.74,4060.56,0.0746
350,4,356.82,9354.16,22093.22,6054.39,2570.68,4113.99,0.0962
350,4,325.30,7621.06,19867.53,5868.14,2160.82,4217.51,0.0766
350,4,326.90,8371.16,20182.49,6022.38,2156.22,3632.72,0.0632
350,4,342.80,8968.51,21284.87,5843.44,2332.16,4140.76,0.0666
350,4,307.26,5945.60,18471.60,6128.72,2359.56,4037.71,0.0783
350,4,292.50,6580.51,18693.11,5760.19,2323.18,4029.23,0.0684
350,4,413.95,11589.62,24125.20,5666.09,1951.23,4918.26,0.0597
350,4,391.94,11440.34,23524.89,5541.06,2073.18,4470.31,0.0671
350,4,308.14,7526.17,19344.37,5606.87,2275.95,3935.38,0.0649
350,4,320.17,8123.39,19953.62,5623.51,2186.68,4020.04,0.0706
350,4,312.82,6441.04,18960.96,5471.52,2197.56,4850.84,0.0687
350,4,352.84,9717.80,21172.69,5358.53,2006.91,4089.44,0.0576
350,4,325.44,9360.13,20315.68,5359.82,2022.59,3573.14,0.0724
350,4,375.89,10655.75,22713.48,5426.88,2160.92,4469.94,0.0740
350,4,373.15,11274.92,22840.52,5204.30,2036.06,4325.24,0.0684
350,4,289.35,5558.61,18440.75,6317.78,2630.35,3934.01,0.0826
350,4,341.10,9642.64,21730.92,5555.70,2091.02,4441.56,0.0741
350,4,381.05,10960.48,23637.15,5660.82,2338.93,4676.91,0.0597
350,4,325.03,6939.55,19915.31,5981.38,2603.44,4390.93,0.0578
350,4,332.05,8849.18,21384.50,5407.03,2178.33,4949.96,0.0819
350,4,221.36,2733.96,14200.96,5578.99,2220.33,3667.67,0.0639
350,4,292.19,6914.82,18302.93,5184.56,2020.23,4183.32,0.0803
350,4,362.44,10129.54,22427.87,5340.47,2063.10,4894.75,0.0718
350,4,295.21,6387.19,17795.97,5545.09,2089.66,3774.03,0.0605
350,4,312.63,7553.84,19558.57,5450.63,2307.80,4246.30,0.0750
350,4,373.28,11065.81,23758.10,5930.64,2389.59,4372.06,0.0787
350,4,448.06,14675.03,26818.77,5562.34,2227.30,4354.10,0.0656
350,4,291.69,6076.08,18241.21,5790.30,2372.15,4002.68,0.0873
350,4,361.87,9635.25,22922.63,6090.00,2635.30,4562.09,0.0856
350,4,323.78,7617.51,20683.20,6203.35,2589.54,4272.80,0.0748
350,4,357.24,9613.16,21999.27,5419.06,2333.69,4633.36,0.0835
350,4,306.45,7745.76,19641.98,5745.11,2259.27,3891.85,0.0656
350,4,350.57,10548.49,22122.94,5716.84,2252.38,3605.24,0.0597
350,4,354.73,11176.87,21279.74,4583.20,1621.07,3898.61,0.0938
350,4,318.97,9947.26,20116.36,4878.99,1971.32,3318.79,0.0633
350,4,320.72,8469.51,20135.71,5690.53,2169.72,3805.94,0.0758
350,4,351.06,10803.26,21546.99,4791.98,1853.89,4097.85,0.0659
350,4,324.51,8084.69,20721.65,5924.11,2283.57,4429.27,0.0800
350,4,322.79,8670.07,20885.57,5622.56,2151.68,4441.26,0.0670
350,4,354.16,9696.70,22389.22,5767.09,2209.03,4716.41,0.0801
350,4,341.75,7186.88,20636.08,6254.61,2350.85,4843.74,0.0670
350,4,374.61,10179.23,23129.42,5503.36,2472.14,4974.70,0.0799
350,4,318.25,7070.34,19487.68,5647.19,2276.84,4493.31,0.0804
350,4,393.92,11664.01,24785.06,6163.29,2371.59,4586.17,0.0948
350,4,249.67,4687.99,15638.35,5543.84,2118.39,3288.13,0.0918
350,4,353.27,9343.83,21145.72,5261.22,1905.22,4635.44,0.0733
350,4,369.37,11581.74,22438.77,5018.89,1834.83,4003.31,0.0518
350,4,315.61,8209.70,18827.97,5384.06,1890.72,3343.49,0.0780
350,4,275.03,3789.37,16633.42,6191.93,2386.11,4266.00,0.0523
350,4,371.05,10358.03,23784.08,5785.14,2386.15,5254.76,0.0833
375,4,267.48,6074.47,16874.31,5200.64,1762.25,3836.95,0.0912
375,4,328.79,9206.11,21321.98,5778.96,2132.52,4204.39,0.0608
375,4,369.31,10318.12,22284.77,5364.85,2146.57,4455.24,0.0724
375,4,277.11,6001.74,17142.15,5595.64,2275.68,3269.08,0.0669
375,4,414.16,12694.79,26392.48,5902.29,2364.69,5430.71,0.0659
375,4,324.86,9392.53,21586.46,5478.87,2115.39,4599.67,0.0815
375,4,371.91,10514.97,23873.09,6048.52,2383.63,4925.97,0.0698
375,4,305.53,6280.89,18864.12,5676.86,1977.87,4928.51,0.0706
375,4,288.59,5902.56,17680.92,5444.45,2203.98,4129.94,0.0729
375,4,325.63,8418.63,20211.85,5334.40,2061.65,4397.17,0.0701
375,4,324.38,7901.19,19990.20,5765.43,2130.62,4192.96,0.0839
375,4,251.21,5126.26,15885.30,5301.26,2126.70,3331.08,0.0854
375,4,342.92,8902.29,21662.81,6511.18,2561.62,3687.73,0.0918
375,4,238.94,2422.15,14773.46,5849.86,2425.07,4076.38,0.0955
375,4,235.92,3376.04,14694.22,5753.93,2083.54,3480.71,0.1026
375,4,342.87,8684.71,20963.89,5732.04,2143.27,4403.86,0.1057
375,4,358.21,9575.53,22908.75,6171.77,2375.99,4785.46,0.0689
375,4,331.14,7899.41,20475.53,5904.29,2604.18,4067.65,0.0773
375,4,427.43,14062.17,26384.19,6002.21,2238.95,4080.85,0.0685
375,4,272.32,4698.39,16903.90,5579.77,2201.05,4424.69,0.0794
375,4,379.49,10474.23,23370.27,5850.56,2160.91,4884.56,0.0977
375,4,276.52,4975.63,17497.98,5642.02,2426.14,4454.18,0.0734
375,4,349.78,9986.66,21505.57,5171.77,2181.32,4165.82,0.0747
375,4,285.90,5925.08,17552.93,5343.27,2240.64,4043.94,0.0706
375,4,268.21,4536.39,16566.68,5616.60,2286.60,4127.09,0.0865
375,4,328.60,9060.01,20677.15,5271.25,2083.32,4262.58,0.0650
375,4,348.35,9153.46,21543.20,5837.15,2357.67,4194.92,0.0731
375,4,295.51,7059.02,18441.41,5078.92,1963.17,4340.31,0.0768
375,4,347.01,8867.63,20891.79,5473.29,2268.25,4282.62,0.0687
375,4,379.65,11594.71,23874.01,5496.11,2323.08,4460.11,0.0859
375,4,289.56,4135.33,17442.40,6736.34,2468.84,4101.90,0.0681
375,4,357.77,9319.53,21346.41,5581.89,2100.46,4344.53,0.0522
375,4,290.36,5959.66,18179.73,5406.05,2171.87,4642.15,0.0833
375,4,376.01,10963.54,23360.60,6046.95,2166.46,4183.65,0.0770
375,4,295.61,5693.38,18523.92,5780.60,2256.82,4793.12,0.0629
375,4,239.23,4253.94,15477.94,5716.89,2046.78,3460.32,0.0722
375,4,406.12,12557.34,24949.88,5578.83,2159.11,4654.60,0.0708
375,4,279.59,5674.61,18048.95,6142.57,2562.98,3668.79,0.0877
375,4,294.67,6483.96,18293.50,5485.84,2231.75,4091.95,0.0717
375,4,293.90,5934.02,17443.54,5748.61,2212.20,3548.71,0.0746
375,4,307.83,6892.65,18716.05,5624.50,2091.52,4107.38,0.0716
375,4,293.86,6809.61,17925.53,5794.69,2072.63,3248.61,0.0691
375,4,334.35,7444.56,20661.38,5977.51,2068.14,5171.18,0.0954
375,4,304.16,7480.01,19075.82,5665.91,2219.73,3710.17,0.0867
375,4,242.23,4295.52,15255.56,5486.66,2072.62,3400.76,0.0790
375,4,317.03,5657.57,19382.98,6286.41,2571.37,4867.64,0.0761
375,4,251.98,4510.34,15359.20,5433.60,2095.50,3319.76,0.0657
375,4,370.90,9446.14,22146.46,5756.32,2211.15,4732.85,0.0664
375,4,420.46,13622.98,26676.90,6267.11,2377.73,4409.09,0.0858
375,4,238.86,2420.82,14563.97,6080.09,2269.84,3793.22,0.0809
375,4,333.65,8861.33,21355.41,5975.60,2383.71,4134.76,0.0805
375,4,323.50,6608.43,18960.84,5924.87,2284.69,4142.85,0.0788
375,4,341.98,9832.53,21164.20,5479.20,2043.85,3808.62,0.0715
375,4,336.92,8666.13,21453.04,6250.03,2403.36,4133.51,0.0713
375,4,309.10,6354.15,18817.19,5973.27,2366.59,4123.18,0.0690
375,4,293.00,5722.04,18351.59,5976.31,2644.56,4008.68,0.0632
375,4,395.44,11783.86,24070.86,5340.01,1888.47,5058.51,0.0651
375,4,392.58,12147.78,24456.25,5615.02,2161.61,4531.84,0.0756
375,4,287.55,7127.79,18409.44,5305.81,2138.72,3837.11,0.0868
375,4,354.19,9898.22,21517.69,5246.89,2188.17,4184.40,0.0775
375,4,329.36,6821.71,19711.04,5552.17,2300.59,5036.57,0.0639
375,4,336.01,10204.34,20786.06,4774.21,1784.59,4022.93,0.0876
375,4,327.25,9109.62,19951.19,5090.21,2127.42,3623.94,0.0629
375,4,375.14,10686.08,22403.66,5300.21,2111.07,4306.29,0.0685
375,4,372.90,11395.19,22750.47,4985.10,2096.30,4273.88,0.0729
375,4,270.24,5002.93,17621.36,6162.89,2501.31,3954.22,0.0718
375,4,350.87,9004.27,21297.13,5807.03,2177.78,4308.06,0.0962
375,4,383.37,11008.88,23961.80,5658.59,2466.51,4827.82,0.0795
375,4,300.51,6289.89,19615.49,6370.77,2579.63,4375.20,0.1026
375,4,347.54,7993.31,21610.29,5993.87,2610.33,5012.78,0.0761
375,4,231.64,2041.84,14229.65,5983.81,2444.28,3759.72,0.0811
375,4,288.41,6543.30,18410.60,5558.92,2081.21,4227.16,0.0649
375,4,388.55,10706.46,23103.61,5459.68,2085.04,4852.43,0.0830
375,4,306.32,7351.41,18481.59,5291.71,2083.19,3755.27,0.0740
375,4,315.48,8227.80,19994.49,5361.67,2222.07,4182.95,0.0724
375,4,346.01,10008.74,22202.62,5512.32,2325.30,4356.27,0.0704
375,4,448.86,16002.59,27871.50,5423.27,2060.59,4385.06,0.0821
375,4,299.87,6379.90,18979.62,6018.87,2449.49,4131.36,0.0881
375,4,324.56,8900.69,21460.86,5606.72,2525.28,4428.17,0.0771
375,4,322.95,7845.85,20226.16,5866.79,2483.27,4030.25,0.0759
375,4,369.40,9500.65,22053.11,5664.68,2290.08,4597.69,0.0828
375,4,295.78,7234.58,18597.43,5472.01,2076.87,3813.97,0.0899
375,4,367.12,11347.86,22874.93,5639.59,2200.66,3686.81,0.0760
375,4,357.04,11169.91,20959.56,4424.51,1535.95,3829.19,0.0805
375,4,311.27,9558.77,19141.84,4685.94,1796.48,3100.64,0.0633
375,4,306.07,8424.16,19823.72,5443.99,2106.54,3849.03,0.0834
375,4,325.49,8759.36,19893.19,5210.48,1932.52,3990.83,0.0875
375,4,334.75,8757.76,21110.57,5776.23,2254.03,4322.54,0.0685
375,4,337.04,8652.18,20827.97,5793.64,2007.26,4374.89,0.0692
375,4,357.59,9361.11,22434.20,5949.37,2342.00,4781.71,0.0796
375,4,352.55,8458.19,21873.12,6150.99,2407.65,4856.29,0.0648
375,4,373.97,9264.26,22573.70,5887.10,2572.88,4849.47,0.0941
375,4,299.47,6135.05,18732.91,5984.33,2186.03,4427.51,0.0743
375,4,376.17,11406.81,24209.03,5747.11,2468.77,4586.34,0.0697
375,4,252.51,4918.57,16069.98,5728.98,2191.45,3230.98,0.0664
375,4,349.20,9550.29,21174.54,5098.72,1875.88,4649.65,0.0684
375,4,380.02,10629.52,22409.45,5493.19,2073.93,4212.81,0.0471
375,4,315.88,8638.49,18919.48,5068.45,1853.81,3358.73,0.0776
375,4,269.54,4961.75,17135.94,5625.16,2223.25,4325.78,0.0549
375,4,376.31,8876.25,22834.68,6269.40,2466.03,5223.00,0.0847
400,4,275.10,5710.29,16739.38,5177.95,1972.69,3878.45,0.0844
400,4,324.83,9554.84,21430.58,5605.42,2063.49,4206.84,0.0888
400,4,368.16,9724.15,22304.27,5950.91,2282.14,4347.07,0.0719
400,4,273.46,6359.98,17204.86,5332.77,2218.50,3293.61,0.0676
400,4,427.19,12481.04,25886.98,5752.62,2324.17,5329.16,0.0789
400,4,347.14,8652.00,21510.89,5867.60,2294.18,4697.10,0.0890
400,4,371.00,9560.29,23091.51,6383.26,2364.64,4783.32,0.0591
400,4,304.60,6505.71,19035.85,5798.67,1965.82,4765.66,0.0678
400,4,291.60,6214.43,18631.02,5758.38,2347.94,4310.26,0.1082
400,4,307.06,8460.92,19773.91,4948.80,2051.33,4312.86,0.0885
400,4,306.26,7679.39,19596.63,5720.56,2074.83,4121.85,0.0795
400,4,270.72,6000.25,16786.36,5315.33,2200.68,3270.09,0.0865
400,4,350.56,10087.98,23113.68,6478.42,2661.50,3885.77,0.0712
400,4,270.03,3403.80,16270.31,6023.33,2510.73,4332.46,0.1045
400,4,237.71,3191.77,14670.31,5928.80,2138.58,3411.16,0.0753
400,4,341.24,9076.23,21660.79,5841.44,2287.08,4456.04,0.0845
400,4,354.14,9316.55,22620.43,6297.69,2339.20,4666.98,0.1047
400,4,315.16,6424.84,19260.97,6315.57,2588.13,3932.42,0.0856
400,4,407.75,12205.70,24622.96,6051.24,2458.28,3907.74,0.0924
400,4,272.11,4236.81,16346.70,5551.00,2200.44,4358.45,0.0600
400,4,376.56,11830.64,24240.53,5441.09,2174.89,4793.91,0.0751
400,4,283.94,4523.31,17666.18,6076.92,2600.23,4465.72,0.0780
400,4,337.30,9329.31,21222.75,5474.77,2172.25,4246.43,0.0692
400,4,285.98,5464.66,17485.84,5735.01,2372.11,3914.06,0.0623
400,4,289.75,5715.64,17905.69,5576.52,2300.25,4313.27,0.0865
400,4,334.22,8992.57,20980.66,5699.75,2034.05,4254.29,0.0663
400,4,352.36,10346.16,22665.72,5743.29,2314.86,4261.41,0.0693
400,4,299.00,6686.29,18061.89,5039.98,1996.73,4338.89,0.0669
400,4,324.07,8440.09,20888.61,5774.87,2279.07,4394.58,0.0915
400,4,366.09,10647.20,22741.12,5444.22,2249.48,4400.21,0.0681
400,4,268.18,4994.24,17348.23,5947.46,2354.08,4052.45,0.0880
400,4,357.29,10210.61,22058.46,5440.56,2027.22,4380.07,0.0788
400,4,274.63,5878.52,17492.33,5234.13,2018.61,4361.07,0.0870
400,4,369.53,10764.31,22929.28,5753.95,2218.30,4192.72,0.0938
400,4,315.38,6046.67,19116.50,5939.44,2303.46,4826.93,0.0816
400,4,239.42,3619.16,14849.83,5740.33,2134.77,3355.58,0.0632
400,4,417.88,13688.09,25859.87,5357.79,2186.03,4627.96,0.0933
400,4,270.74,5049.26,17522.47,6114.32,2696.90,3661.99,0.0989
400,4,294.20,6249.68,18239.50,5737.50,2207.56,4044.76,0.0752
400,4,288.95,4704.75,16371.08,5841.08,2290.70,3534.54,0.0730
400,4,302.48,7891.68,18851.58,5107.39,1883.38,3969.13,0.0800
400,4,289.73,6940.93,17697.83,5516.95,2056.49,3183.46,0.0716
400,4,356.99,8746.41,21925.46,5814.74,2113.27,5251.03,0.0737
400,4,317.45,8323.17,19923.23,5582.06,2295.21,3722.79,0.0849
400,4,229.30,3142.00,14103.99,5528.52,2124.74,3308.73,0.0859
400,4,327.22,7092.51,20780.06,6098.16,2552.42,5036.97,0.0727
400,4,251.28,4638.12,15879.78,5661.89,2236.12,3343.65,0.0731
400,4,360.72,9488.93,22246.42,5753.40,2214.77,4789.31,0.0867
400,4,404.17,13545.46,26554.28,6236.96,2430.69,4341.16,0.0937
400,4,243.03,2451.17,14655.00,6046.53,2218.13,3939.17,0.0722
400,4,339.26,9489.32,21767.16,5780.86,2308.17,4188.82,0.0865
400,4,310.92,7727.67,19225.00,5272.64,2119.53,4105.16,0.0741
400,4,336.62,9037.83,20695.03,5785.91,2159.13,3712.16,0.0721
400,4,347.74,9838.70,22364.93,5831.96,2437.32,4256.95,0.1030
400,4,305.82,7356.85,19567.22,5766.72,2232.69,4210.95,0.0791
400,4,278.86,5451.80,17767.88,6002.37,2367.55,3946.16,0.0809
400,4,406.39,12011.62,24270.26,5356.24,1900.28,5002.12,0.0763
400,4,420.09,12880.66,24781.85,5271.40,2120.99,4508.80,0.0716
400,4,300.31,6818.89,18671.98,5662.66,2290.85,3899.57,0.1017
400,4,345.39,8707.70,20617.62,5483.31,2233.93,4192.67,0.0884
400,4,322.44,6352.46,19794.20,6022.36,2324.08,5095.30,0.0890
400,4,332.27,9330.24,20286.37,5013.43,1930.61,4012.09,0.0612
400,4,338.91,9773.93,20814.23,5298.19,2033.99,3708.11,0.0980
400,4,369.26,10572.91,22771.65,5690.69,2154.45,4353.59,0.0769
400,4,378.91,10580.86,22936.73,5723.80,2299.15,4332.91,0.0657
400,4,278.75,5595.53,18363.06,6315.97,2519.87,3931.69,0.1058
400,4,335.37,9119.21,20831.17,5317.57,2047.93,4346.46,0.0711
400,4,399.82,11092.23,24362.48,5979.15,2521.46,4769.64,0.1017
400,4,317.68,7668.00,20376.67,5755.66,2554.30,4398.71,0.0988
400,4,335.91,8075.49,21211.53,5801.25,2411.68,4923.11,0.0953
400,4,234.43,2870.38,14607.54,5707.29,2324.03,3705.83,0.0783
400,4,300.56,6531.54,18244.11,5384.28,2032.82,4295.47,0.0727
400,4,378.93,10395.82,22791.37,5543.54,2009.18,4842.84,0.0807
400,4,292.65,6471.46,17954.58,5700.01,2095.66,3687.45,0.0648
400,4,330.15,8295.87,20023.56,5385.27,2242.42,4099.99,0.0806
400,4,349.06,9127.36,21368.48,5651.37,2339.26,4250.50,0.0970
400,4,445.83,15722.89,27973.88,5621.57,2228.69,4400.72,0.0940
400,4,297.77,6520.32,18777.75,5776.56,2413.09,4067.78,0.0776
400,4,329.06,8728.36,21509.97,5794.48,2519.78,4467.35,0.0836
400,4,306.52,6983.76,19291.52,5740.82,2477.14,4089.80,0.0768
400,4,370.06,10438.54,23109.20,5629.75,2340.78,4700.13,0.0816
400,4,313.81,8060.15,19873.68,5778.56,2287.65,3747.33,0.0740
400,4,356.72,10916.61,22325.18,5610.53,2221.23,3576.81,0.0891
400,4,358.62,11597.11,21316.98,4284.01,1544.29,3891.57,0.0560
400,4,339.91,10228.27,20567.71,5158.06,1941.95,3239.42,0.0664
400,4,319.32,7699.09,19747.71,5969.14,2196.48,3883.00,0.1011
400,4,337.87,9397.60,20297.21,4851.90,2011.85,4035.85,0.0789
400,4,317.89,7739.79,19784.75,5686.16,2100.08,4258.72,0.1071
400,4,297.08,7540.05,19684.18,5751.53,2034.92,4357.67,0.0738
400,4,345.75,8352.99,21144.03,6000.34,2239.23,4551.47,0.0941
400,4,333.03,8421.48,21276.41,5707.72,2268.94,4878.26,0.0893
400,4,348.79,10176.30,22862.34,5411.35,2361.71,4912.98,0.0977
400,4,307.12,7092.60,19543.06,5707.38,2305.65,4437.43,0.0636
400,4,385.59,11469.20,24338.03,5914.19,2415.99,4538.65,0.0773
400,4,255.55,5076.80,15641.47,5450.18,1983.53,3130.96,0.0809
400,4,339.94,9084.08,20552.58,5190.43,1754.77,4523.30,0.0760
400,4,366.91,11185.07,22613.15,5258.69,1992.60,4176.80,0.0821
400,4,326.29,8812.10,19006.99,5007.09,1817.21,3370.58,0.0713
400,4,265.83,4013.79,16457.97,5671.86,2390.02,4382.30,0.0546
400,4,371.85,9839.62,23093.66,5781.15,2234.55,5238.33,0.0596
