300,4,608.64,35640.34,42550.87,650.92,1267.32,4992.285340
300,4,733.08,42190.36,50179.48,690.79,1656.40,5641.926795
300,4,774.30,44593.80,52559.62,752.31,1634.68,5578.830382
300,4,668.92,40675.38,47167.71,717.30,1505.04,4269.991847
300,4,858.39,49762.66,59090.01,621.61,1905.08,6800.662855
300,4,738.21,41499.57,49713.75,692.43,1696.52,5825.221594
300,4,815.72,46622.24,55273.15,575.12,1832.04,6243.752619
300,4,630.77,35311.72,43771.79,678.07,1489.42,6292.577221
300,4,605.35,37004.57,44514.37,569.16,1444.17,5496.474539
300,4,691.47,40132.23,48187.29,826.18,1653.42,5575.457082
300,4,633.43,39302.03,46849.84,774.58,1460.81,5312.410410
300,4,626.33,37179.85,43658.93,584.56,1555.61,4338.915056
300,4,875.34,50424.98,57772.15,572.67,1857.00,4917.510873
300,4,586.51,33298.89,41391.25,709.72,1602.89,5779.753020
300,4,528.22,31596.15,38362.43,611.24,1516.63,4638.418844
300,4,768.52,43612.91,52040.92,724.21,1785.87,5917.919392
300,4,822.46,47368.53,56036.10,699.78,1765.64,6202.152106
300,4,750.94,43250.25,51178.16,624.93,1957.52,5345.457005
300,4,929.32,54528.48,62397.29,837.17,1873.30,5158.347474
300,4,562.43,33092.48,40983.26,812.47,1446.53,5631.772966
300,4,856.58,48376.62,56874.51,623.38,1688.66,6185.862137
300,4,662.31,37538.27,46027.37,769.21,1743.49,5976.389530
300,4,697.93,43350.84,50587.07,624.17,1484.58,5127.472985
300,4,671.94,38011.75,45751.83,731.39,1730.88,5277.808127
300,4,622.28,37136.01,44789.23,653.76,1594.11,5405.362030
300,4,732.16,40959.86,48945.62,706.24,1651.46,5628.066304
300,4,810.96,45618.02,53825.26,759.10,1844.03,5604.112046
300,4,607.62,35738.16,43484.77,679.54,1489.18,5577.895968
300,4,806.90,47058.47,55062.10,684.76,1671.06,5647.822104
300,4,898.57,50456.60,59055.77,808.48,1928.56,5862.119394
300,4,627.53,37085.58,44860.38,837.66,1652.39,5284.744263
300,4,752.03,43522.06,51403.15,681.49,1626.28,5573.320699
300,4,613.48,36037.00,44083.37,685.27,1518.93,5842.176007
300,4,834.87,48463.25,56728.64,761.84,1883.64,5619.905479
300,4,643.21,37404.00,46096.12,704.03,1650.04,6338.045183
300,4,542.76,32599.13,39015.69,640.08,1347.05,4429.434530
300,4,928.14,53838.97,61979.31,768.91,1557.18,5814.250033
300,4,621.22,38058.64,45377.50,734.49,1814.37,4769.998893
300,4,637.15,36925.77,44345.70,738.81,1596.93,5084.199295
300,4,643.92,37562.63,44807.66,713.08,1690.25,4841.700470
300,4,678.91,39303.59,46658.43,630.27,1519.77,5204.803785
300,4,649.61,38247.64,44430.45,535.18,1497.94,4149.693899
300,4,814.01,44768.50,54056.12,568.07,1807.20,6912.345488
300,4,716.55,41676.48,48832.15,661.51,1505.46,4988.706357
300,4,503.55,31826.40,38098.14,590.80,1306.06,4374.880753
300,4,689.22,39590.00,48499.11,770.82,1823.00,6315.290977
300,4,623.05,37033.72,43569.48,745.20,1489.35,4301.220224
300,4,772.09,45241.63,53534.53,632.51,1661.85,5998.543274
300,4,964.44,55776.60,64370.12,733.33,1991.03,5869.157106
300,4,510.11,29089.77,36131.38,631.27,1457.07,4953.273078
300,4,732.86,42774.28,50647.12,837.15,1795.48,5240.210369
300,4,683.89,39401.14,47226.32,701.17,1689.65,5434.356390
300,4,856.89,48435.14,56490.13,787.12,2081.20,5186.676696
300,4,788.91,45911.53,53460.50,664.57,1508.28,5376.114055
300,4,669.13,39860.02,47872.89,788.24,1655.37,5569.260534
300,4,673.35,39967.30,47470.93,656.40,1681.51,5165.720917
300,4,791.64,44852.69,53678.62,973.41,1508.00,6344.518432
300,4,865.93,49878.51,58215.85,719.67,1661.40,5956.279941
300,4,699.77,40555.91,48077.99,697.98,1628.29,5195.812441
300,4,764.53,44950.91,52045.52,465.42,1482.51,5146.668179
300,4,656.72,37326.66,45990.44,641.51,1667.52,6354.759499
300,4,767.98,42612.40,50654.70,934.66,1627.66,5479.983464
300,4,745.95,43162.72,50287.75,721.08,1739.17,4664.772515
300,4,820.84,46536.50,54717.13,693.41,1747.32,5739.891988
300,4,797.02,46319.72,54407.02,754.82,1657.13,5675.348861
300,4,681.59,39967.79,47772.08,741.51,1753.98,5308.809204
300,4,815.07,46503.25,54675.51,740.31,1607.76,5824.191456
300,4,830.30,47369.95,55599.45,532.19,1733.61,5963.709479
300,4,719.25,42834.67,50289.53,516.29,1487.89,5450.680856
300,4,717.72,42682.44,51298.45,670.87,1664.28,6280.863404
300,4,505.87,30666.99,37688.14,644.92,1508.41,4867.809771
300,4,662.67,37913.45,45968.36,854.18,1732.51,5468.233354
300,4,849.77,47724.21,55970.55,520.52,1576.36,6149.461977
300,4,636.33,37157.68,44810.09,957.53,1630.09,5064.789202
300,4,745.09,42915.93,51094.49,681.68,1911.15,5585.734324
300,4,832.22,48330.08,56423.71,677.23,1770.32,5646.078918
300,4,918.29,52323.46,61458.46,935.96,2112.10,6086.933962
300,4,684.25,39960.45,47655.97,589.72,1762.34,5343.456866
300,4,804.63,45781.59,54231.32,552.82,1955.80,5941.118713
300,4,768.87,44508.47,52779.08,684.45,1922.16,5664.000045
300,4,785.26,45495.79,53500.15,578.71,1470.11,5955.533247
300,4,721.47,42946.08,50009.88,505.95,1441.60,5116.236981
300,4,769.94,46114.85,53221.83,750.84,1592.98,4763.162100
300,4,730.76,41888.16,49164.65,856.38,1307.30,5112.802603
300,4,716.65,43481.26,49795.41,601.23,1428.19,4284.738228
300,4,720.63,41581.94,48920.55,547.39,1682.47,5108.749385
300,4,779.80,43652.23,51590.07,892.13,1751.65,5294.058878
300,4,731.04,43390.90,51053.28,614.78,1528.39,5519.205976
300,4,729.04,42041.80,49844.53,582.79,1612.51,5607.436092
300,4,831.41,46475.11,55034.46,540.42,1885.41,6133.521770
300,4,749.50,43571.82,52144.04,708.33,1731.54,6132.345543
300,4,877.47,49999.87,58954.73,561.60,1979.06,6414.192258
300,4,705.90,40748.86,49115.63,700.43,1738.23,5928.112207
300,4,950.21,53679.56,62351.82,613.70,2052.52,6006.044117
300,4,529.50,32968.56,39499.64,852.34,1436.42,4242.319933
300,4,756.98,42260.04,50926.05,1191.43,1434.33,6040.241375
300,4,798.87,48022.29,55437.37,655.83,1519.29,5239.960227
300,4,699.73,42284.42,48690.11,596.42,1413.12,4396.152344
300,4,591.35,33567.92,41149.62,548.47,1511.83,5521.404721
300,4,830.43,47166.95,56253.39,702.54,1745.16,6638.741627
