25,4,238.46,13312.14,19518.13,278.22,1626.33,4301.45,5.3657
25,4,234.67,14048.76,20547.98,397.78,1995.21,4106.23,3.4858
25,4,279.77,16555.85,24533.43,462.46,2256.83,5258.30,3.4782
25,4,274.03,16297.23,22389.06,320.44,1787.75,3983.63,3.0430
25,4,254.77,14292.41,22133.69,446.21,2077.47,5317.60,3.2901
25,4,265.87,14945.70,23166.68,376.58,2005.11,5839.28,3.1389
25,4,255.64,14452.57,21866.53,400.95,2021.19,4991.81,3.7448
25,4,306.50,15071.68,22385.77,294.29,1795.60,5224.20,3.2722
25,4,254.43,13750.63,20737.18,310.57,1776.24,4899.74,3.5799
25,4,294.42,15346.12,23232.08,382.41,2003.49,5500.07,4.1099
25,4,279.12,15942.69,23747.22,413.88,2084.88,5305.76,3.2384
25,4,253.40,14942.44,22137.11,382.56,2015.71,4796.40,3.5052
25,4,248.28,15580.40,23085.29,474.24,2311.72,4718.92,3.1454
25,4,273.64,16465.29,24231.65,459.72,2270.33,5036.32,2.9721
25,4,253.19,15296.50,22948.52,425.72,2118.99,5107.31,3.2696
25,4,248.26,13720.31,21289.11,409.80,1901.90,5257.10,3.2834
25,4,265.32,15483.75,23209.88,443.86,2202.16,5080.12,3.0607
25,4,257.19,16140.92,24497.59,583.51,2643.04,5130.13,2.9172
25,4,276.88,15902.15,23067.18,413.82,1991.49,4759.72,3.6796
25,4,296.32,15851.55,24397.81,307.91,1877.26,6361.09,4.7400
25,4,274.15,15961.56,23255.49,394.76,1938.29,4960.88,4.5572
25,4,276.55,13872.58,20607.81,336.69,1683.61,4714.92,3.0133
25,4,260.46,13990.27,20934.86,343.46,1851.18,4749.94,3.1578
25,4,249.37,13384.33,20749.51,431.19,2007.04,4926.96,3.2020
25,4,240.37,14260.05,20816.11,391.51,1880.48,4284.07,2.8883
25,4,250.20,14328.21,20508.66,310.65,1781.52,4088.28,3.2382
25,4,266.74,14016.35,22689.69,388.99,2009.14,6275.22,4.4073
25,4,245.33,13377.64,21122.96,347.47,1872.89,5524.97,4.2252
25,4,248.81,14784.75,23694.42,523.46,2552.87,5833.33,3.1946
25,4,297.00,16424.74,23914.11,397.40,2195.92,4896.04,3.3886
25,4,287.31,16069.01,24459.65,394.48,2095.96,5900.20,3.0109
25,4,293.02,15322.04,23941.90,364.24,2085.45,6170.17,4.3531
25,4,251.25,15428.93,22989.49,446.70,2140.71,4973.15,4.6856
25,4,277.79,15523.04,22950.46,311.40,1749.24,5366.78,3.2224
25,4,246.83,13775.54,20767.13,373.85,1811.13,4806.61,4.6976
25,4,268.18,15638.68,22821.33,408.75,2068.52,4705.39,3.2724
25,4,251.90,13803.19,22470.30,469.55,2245.41,5952.15,4.1938
25,4,283.37,15806.85,23857.45,343.00,1979.46,5728.14,3.2629
25,4,301.35,17797.53,25146.48,410.43,2253.91,4684.61,3.0985
25,4,284.15,15505.06,23532.19,416.16,1960.23,5650.74,3.0387
25,4,203.54,12424.94,19276.72,373.39,2011.37,4467.02,3.0799
25,4,295.33,16664.00,24036.21,342.23,1980.13,5049.85,3.6339
25,4,220.20,13243.70,21539.64,485.39,2291.39,5519.17,3.4556
25,4,270.51,16039.43,23227.06,343.84,1933.99,4909.80,5.1528
25,4,263.32,14462.20,21122.75,313.05,1706.92,4640.58,5.1004
25,4,246.92,13288.71,21834.76,459.21,2073.92,6012.91,4.0082
25,4,256.29,14811.98,22320.23,389.70,2012.60,5105.96,3.7497
25,4,268.36,15608.52,22923.28,416.12,1974.62,4924.02,5.0143
25,4,290.70,15643.38,24069.37,433.21,2151.31,5841.48,3.1978
25,4,253.00,14960.56,22350.64,472.62,2217.27,4700.19,3.0623
25,4,222.18,13354.24,20084.53,354.95,1708.11,4667.24,3.1260
25,4,242.11,13022.75,20340.41,322.50,1681.63,5313.52,3.2044
25,4,216.76,13221.96,21933.81,431.35,2027.23,6253.27,4.6491
25,4,276.19,16014.24,22598.63,386.09,2035.39,4162.92,3.0189
25,4,239.76,14410.94,21392.00,419.30,2041.28,4520.47,3.2810
25,4,266.17,15436.89,23016.02,418.13,2271.10,4889.90,3.3480
25,4,239.26,13904.86,21014.35,425.25,2153.56,4530.67,3.0546
25,4,281.00,17506.50,24592.32,469.96,2256.37,4359.49,3.0871
25,4,247.31,13973.37,21447.38,413.78,2061.96,4998.27,3.2300
25,4,308.72,17183.54,24364.28,404.84,2157.26,4618.64,3.0706
25,4,269.84,16154.81,24316.22,472.95,2361.94,5326.52,3.0790
25,4,247.28,14748.14,22087.49,313.40,1867.22,5158.74,3.2371
25,4,256.38,13860.42,20315.65,302.06,1727.53,4425.63,3.4585
25,4,308.73,17697.25,24405.97,323.12,1927.25,4458.36,3.4363
25,4,230.08,15146.55,22145.87,444.77,2022.71,4531.83,2.8938
25,4,246.01,15064.17,21893.40,375.15,1958.12,4495.96,3.3342
25,4,240.44,14334.09,21449.77,336.55,1888.18,4890.95,3.3659
25,4,258.60,15597.24,22446.53,396.25,1913.45,4539.59,3.2947
25,4,259.37,14409.06,20765.66,311.12,1690.61,4354.87,3.5447
25,4,269.74,15069.60,24014.77,470.91,2352.22,6122.04,3.0062
25,4,277.29,16499.97,23760.55,433.00,2255.54,4572.03,2.7995
25,4,233.83,14072.67,21751.83,399.04,2028.58,5251.54,3.3195
25,4,266.35,14348.31,22767.67,396.32,2091.72,5931.32,3.0759
25,4,273.04,16584.62,24745.59,490.13,2369.57,5301.27,2.9392
25,4,270.04,15524.37,24224.85,434.78,2236.11,6029.59,3.0584
25,4,228.98,13369.30,20619.75,367.94,1830.56,5051.95,3.1364
25,4,285.36,15653.84,22638.06,369.90,1998.96,4615.37,2.9982
25,4,241.25,13720.82,21055.59,407.11,2057.37,4870.29,3.0729
25,4,287.66,16248.74,24267.37,473.56,2291.92,5253.15,2.9088
25,4,287.81,16662.14,24170.80,415.56,2137.14,4955.96,2.9299
25,4,273.24,16608.60,23075.83,341.28,1854.93,4271.02,2.9546
25,4,264.68,16220.53,23936.85,545.97,2539.57,4630.78,2.7503
25,4,260.77,13906.55,22460.91,444.62,2195.94,5913.80,2.8969
25,4,262.24,14290.00,21989.77,375.48,2003.13,5321.17,2.7781
25,4,256.16,14666.14,22240.19,322.87,1856.66,5394.53,3.0274
25,4,255.40,14122.65,21746.52,379.10,2001.73,5243.04,3.2561
25,4,258.74,14368.81,22324.53,508.47,2292.82,5154.43,3.4260
25,4,286.94,15541.85,23644.63,433.99,2088.09,5580.69,3.0772
25,4,263.37,15651.81,22440.72,405.48,2063.20,4320.23,3.3299
25,4,277.11,15194.60,21802.76,315.99,1809.29,4482.88,3.5032
25,4,220.20,13001.07,20322.72,411.69,2146.02,4763.94,3.7086
25,4,257.97,14113.64,23068.88,441.45,2192.47,6321.33,3.9520
25,4,247.81,14619.09,22305.84,482.50,2341.31,4862.93,3.7008
25,4,300.22,16986.72,24313.91,355.46,1993.35,4978.38,5.3752
25,4,274.26,16878.55,24793.74,481.66,2540.53,4893.00,3.0945
25,4,272.57,15036.59,22250.50,378.93,2084.90,4750.08,4.2556
25,4,258.93,15539.03,24083.67,480.21,2366.77,5697.66,4.7757
25,4,279.20,16372.97,23895.17,367.13,2126.23,5028.85,3.8753
25,4,252.15,14219.90,22526.33,425.11,2100.25,5781.07,4.2749
25,4,247.48,14434.97,20856.86,334.16,1772.10,4315.63,3.3779
50,4,397.62,23303.49,32104.69,481.71,2031.10,6288.39,7.5483
50,4,412.46,26627.36,36123.88,413.52,2597.50,6485.49,7.7405
50,4,483.01,29226.16,39783.72,483.16,2874.99,7199.41,7.7357
50,4,621.34,33722.00,44134.49,376.86,2848.66,7186.96,8.5284
50,4,459.71,26819.62,37384.77,445.64,2629.79,7489.72,7.6238
50,4,396.98,23174.51,33032.18,371.63,2311.31,7174.73,7.6516
50,4,442.69,24961.54,34291.72,401.46,2517.05,6411.66,7.9557
50,4,533.52,27513.49,37717.74,477.45,2326.68,7400.12,5.2485
50,4,401.54,25641.58,34618.18,370.00,2419.91,6186.70,7.8904
50,4,445.74,26522.85,36419.62,380.59,2419.94,7096.24,7.5321
50,4,400.29,25198.61,34377.07,424.93,2390.69,6362.84,7.4041
50,4,419.87,24839.48,33661.65,354.33,2390.71,6077.13,7.6860
50,4,545.63,32178.94,43743.15,506.32,2954.67,8103.22,7.7817
50,4,513.91,30792.62,41457.47,457.70,2845.54,7361.61,7.6253
50,4,397.11,25841.19,35389.75,415.59,2670.13,6462.85,7.6197
50,4,357.99,23961.12,33097.08,404.57,2290.36,6441.03,7.2280
50,4,369.53,25908.70,35265.91,487.04,2603.71,6266.46,6.6828
50,4,513.25,30459.48,41675.49,586.45,3142.94,7486.62,8.0560
50,4,423.81,27930.88,37019.91,462.34,2420.12,6206.56,7.2920
50,4,444.60,24161.55,35295.01,373.99,2381.71,8377.76,7.3545
50,4,390.31,23925.20,32433.93,413.99,2332.15,5762.58,6.8391
50,4,481.48,25849.76,35113.45,321.64,2248.19,6693.85,6.8876
50,4,449.63,25950.88,35827.73,373.79,2547.04,6956.02,7.9003
50,4,500.50,28889.41,39450.74,391.30,2485.79,7684.25,8.3573
50,4,484.58,27869.94,37592.32,395.24,2566.70,6760.44,7.6844
50,4,460.51,25734.33,34213.51,320.29,2393.43,5765.45,8.2631
50,4,457.25,26615.22,38055.54,385.15,2596.91,8458.25,7.6874
50,4,412.85,25524.04,35423.45,389.29,2539.65,6970.47,7.3884
50,4,401.44,25783.81,36138.86,488.93,2779.75,7086.37,7.2677
50,4,483.89,28021.20,37416.68,398.12,2492.58,6504.79,7.8585
50,4,429.96,23220.01,32180.78,324.36,2069.06,6567.35,8.7142
50,4,448.46,25833.57,36657.78,396.68,2418.06,8009.47,7.7817
50,4,427.84,27327.78,36967.93,438.68,2679.96,6521.51,7.7421
50,4,419.85,23645.70,32160.47,303.47,2057.57,6153.73,7.5959
50,4,381.81,23565.10,32613.35,401.38,2291.23,6355.64,7.0199
50,4,490.31,27134.22,36842.36,429.30,2513.18,6765.67,7.3948
50,4,387.84,25827.22,35703.68,444.49,2386.85,7045.12,6.6300
50,4,484.47,27930.50,38726.01,366.71,2568.87,7859.94,8.0993
50,4,608.98,33656.24,44783.12,441.45,3065.66,7619.76,7.7770
50,4,385.80,24954.07,34670.75,447.38,2379.68,6889.62,6.9352
50,4,317.29,21056.10,27894.81,364.11,2165.50,4309.09,6.6949
50,4,522.03,28726.24,38412.67,463.05,2385.86,6837.52,7.1011
50,4,341.91,22749.93,31930.25,475.60,2414.80,6289.91,8.2545
50,4,472.11,26083.75,35143.54,322.64,2278.41,6458.74,7.6843
50,4,427.15,24654.18,33639.35,328.43,2298.65,6358.09,6.7491
50,4,385.00,23806.51,33585.78,433.97,2407.55,6937.75,7.1429
50,4,518.04,29965.78,40089.69,369.51,2649.50,7104.91,6.9439
50,4,418.22,24168.75,32908.44,395.95,2430.70,5913.04,7.5033
50,4,489.23,26706.94,36801.66,443.66,2640.99,7010.08,7.2348
50,4,420.39,27886.21,37615.21,476.10,2695.70,6557.19,6.6516
50,4,412.67,24374.96,33741.27,344.49,2269.50,6752.32,7.0217
50,4,357.60,20822.46,29077.86,345.09,2101.56,5808.76,7.0633
50,4,344.45,22344.30,32992.17,463.01,2468.23,7716.63,6.7295
50,4,468.83,29513.23,38517.69,374.65,2575.33,6054.49,7.2125
50,4,406.61,25801.47,35781.45,400.81,2544.36,7034.81,7.0616
50,4,458.04,26332.49,35617.00,430.45,2712.03,6142.03,7.5117
50,4,368.30,25079.02,33978.41,450.69,2506.33,5942.37,6.8134
50,4,505.45,32568.18,42145.34,463.87,2924.92,6188.37,7.8028
50,4,401.15,25034.58,34950.20,403.10,2477.67,7034.85,7.6605
50,4,504.83,28882.41,37735.56,375.29,2497.46,5980.41,7.3065
50,4,440.75,27643.53,37216.08,411.17,2611.33,6550.06,7.1756
50,4,411.98,24949.53,34254.85,350.27,2255.11,6699.94,7.2822
50,4,433.33,24147.00,32700.37,285.92,2176.30,6091.15,7.6319
50,4,573.30,31020.86,40514.46,345.06,2513.87,6634.67,8.3663
50,4,395.64,26012.79,34356.38,397.49,2440.25,5505.85,6.4017
50,4,429.25,25191.23,33665.77,351.90,2445.53,5677.10,6.7813
50,4,465.40,26723.71,36597.34,393.22,2569.05,6911.35,7.5786
50,4,433.21,25243.19,33156.93,388.90,2328.43,5196.40,7.2427
50,4,479.22,26517.14,35839.11,320.95,2166.26,6834.75,7.5897
50,4,462.48,27551.19,37884.02,440.19,2619.71,7272.94,7.2654
50,4,443.81,26718.90,36307.74,450.95,2614.51,6523.38,6.5449
50,4,362.97,22993.88,32188.73,389.36,2371.40,6434.08,7.2627
50,4,405.34,23598.83,33622.61,401.18,2342.07,7280.52,7.0813
50,4,465.26,29319.63,40100.27,505.25,2962.18,7313.20,7.0271
50,4,416.31,26375.52,37253.72,448.91,2779.65,7649.64,7.2431
50,4,381.66,23855.06,32736.62,360.56,2260.68,6260.32,7.1198
50,4,498.62,29229.21,39361.25,405.47,2715.82,7010.74,7.6847
50,4,386.29,24002.48,33230.07,438.56,2528.02,6261.00,7.4023
50,4,442.89,27722.48,37756.61,493.14,2758.75,6782.24,7.3102
50,4,511.80,30855.33,41442.03,452.83,2865.25,7268.62,7.1905
50,4,618.27,33430.66,43701.59,352.09,2634.08,7284.75,7.0341
50,4,508.82,31219.07,41969.00,547.71,3023.53,7178.69,7.2116
50,4,388.60,24479.66,35423.53,441.67,2631.78,7870.42,6.9507
50,4,352.61,21381.29,29905.50,373.17,2164.21,5986.82,6.9562
50,4,458.02,24776.85,34281.16,323.17,2166.98,7014.17,6.9886
50,4,323.86,21167.17,30158.99,419.83,2270.06,6301.93,7.0862
50,4,459.64,27383.31,38575.62,486.46,2831.12,7874.73,7.3725
50,4,482.73,27105.42,37388.64,396.04,2640.38,7246.79,7.7053
50,4,455.50,27948.24,36279.58,406.28,2355.98,5569.09,7.0835
50,4,518.25,27167.32,35779.84,313.12,2274.03,6025.37,6.7508
50,4,307.34,23609.79,32488.40,443.41,2447.43,5987.76,6.4392
50,4,396.41,24534.12,35348.46,445.37,2575.50,7793.47,7.4570
50,4,541.94,30692.06,41655.56,417.81,2737.85,7807.85,7.2382
50,4,551.17,30968.21,40548.80,313.62,2495.08,6771.90,8.2563
50,4,488.62,31173.23,41621.54,469.87,3035.20,6943.23,6.8004
50,4,480.25,25952.09,34976.11,381.80,2457.18,6185.04,8.1245
50,4,459.03,27904.48,39075.41,499.87,2958.55,7712.52,7.2512
50,4,486.76,27306.64,37089.61,332.79,2465.33,6984.85,8.0204
50,4,418.91,24939.24,35502.54,424.90,2565.39,7573.01,6.6548
50,4,542.99,31055.03,39882.15,361.75,2317.75,6147.63,7.2521
75,4,494.44,28686.49,37066.75,256.91,2072.03,6051.33,12.6039
75,4,444.61,31917.42,41618.59,421.38,2695.41,6584.37,11.4326
75,4,546.90,35892.63,46514.26,451.82,2828.04,7341.77,11.2523
75,4,764.11,42123.88,53293.62,343.64,3125.02,7701.07,12.9503
75,4,511.44,33680.24,44432.53,462.58,2701.37,7588.33,11.2967
75,4,423.71,26496.48,36434.43,381.87,2436.32,7119.76,11.4057
75,4,500.49,32838.54,43061.00,402.39,2616.34,7203.73,11.1148
75,4,636.08,35923.64,46778.86,357.20,2649.26,7848.76,12.8204
75,4,481.31,30828.85,39787.00,332.43,2515.05,6110.67,12.1747
75,4,497.96,33356.21,43849.83,391.18,2627.00,7475.43,12.4550
75,4,508.51,32838.95,42411.99,400.24,2532.22,6640.59,10.9241
75,4,530.35,34695.88,44696.02,396.10,2652.94,6951.10,12.2453
75,4,595.02,39711.37,51249.04,468.02,3066.48,8003.17,12.0268
75,4,572.00,37130.58,48300.87,465.75,3088.23,7616.32,11.6397
75,4,483.16,32362.81,42057.21,402.90,2624.78,6666.72,10.6892
75,4,383.21,27775.64,37108.08,431.57,2506.25,6394.62,10.3358
75,4,433.01,31520.38,41221.68,465.22,2741.35,6494.73,10.5081
75,4,574.65,38253.36,50207.85,619.84,3538.99,7795.65,11.6033
75,4,501.98,32541.04,41793.86,434.35,2466.40,6352.08,11.5116
75,4,552.82,31414.72,43099.45,338.72,2460.05,8885.96,11.6066
75,4,455.67,30739.43,39475.41,361.96,2302.33,6071.70,11.2887
75,4,556.42,33622.42,43704.67,353.29,2442.48,7286.47,11.1681
75,4,533.54,34171.36,45048.38,389.00,2740.93,7747.09,11.9408
75,4,649.94,36656.86,47602.72,400.46,2723.65,7821.76,12.2201
75,4,541.94,34971.21,45088.69,385.88,2719.86,7011.73,11.5982
75,4,620.41,37864.68,48443.77,453.41,2738.92,7386.77,11.8948
75,4,526.16,31034.04,42452.76,391.90,2704.71,8322.11,11.6024
75,4,482.11,30853.48,41120.30,410.77,2682.63,7173.42,10.8846
75,4,456.45,31794.19,42914.14,513.61,2983.80,7622.54,10.9392
75,4,595.96,38066.04,48327.49,430.37,2731.64,7099.44,11.8330
75,4,556.10,31405.99,41417.82,321.09,2447.66,7243.08,12.4249
75,4,565.12,33597.81,45026.04,349.00,2530.65,8548.58,12.1851
75,4,492.71,32824.07,42646.49,442.38,2727.04,6653.00,11.6080
75,4,468.05,27636.13,36848.37,369.61,2370.39,6472.24,11.2440
75,4,384.01,26130.53,34963.96,378.67,2182.50,6272.27,10.3448
75,4,593.71,35412.82,46551.04,620.63,2906.29,7611.30,6.0218
75,4,477.07,32962.89,43927.33,459.64,2769.17,7735.63,10.8806
75,4,570.39,32306.60,43248.31,330.17,2657.45,7954.08,11.7173
75,4,699.72,41674.75,53303.57,442.76,3316.97,7869.09,11.7522
75,4,431.93,29607.75,39339.43,423.20,2385.05,6923.43,10.8875
75,4,438.99,29606.27,38399.06,359.43,2521.87,5911.48,11.6118
75,4,657.49,36895.66,47490.55,324.87,2588.58,7681.45,12.5552
75,4,381.28,27886.23,37449.60,459.09,2571.83,6532.46,10.5085
75,4,518.44,33918.58,44001.25,373.22,2671.81,7037.64,12.5209
75,4,485.82,30565.01,40324.25,357.54,2506.09,6895.60,11.5558
75,4,469.98,30547.45,41312.16,429.05,2509.95,7825.71,12.4074
75,4,612.14,34566.93,45086.84,384.94,2998.64,7136.33,11.0263
75,4,566.38,33390.63,43032.67,412.71,2649.97,6579.36,11.5109
75,4,598.19,35711.54,47262.32,470.59,2942.62,8137.57,11.9600
75,4,504.37,33737.58,43729.11,486.37,2860.48,6644.67,10.9382
75,4,459.11,30101.45,39784.65,366.23,2328.39,6988.57,11.1467
75,4,457.26,28482.60,38044.28,370.41,2367.19,6824.08,11.3536
75,4,398.16,27708.87,38484.22,419.88,2479.62,7875.84,10.8678
75,4,552.97,35460.42,44718.33,358.62,2635.49,6263.81,11.2552
75,4,521.12,33563.16,43740.61,417.75,2573.35,7186.35,11.2891
75,4,563.22,37141.88,48067.13,451.23,3173.67,7300.34,11.7195
75,4,403.02,29012.88,38205.78,427.02,2517.05,6248.82,13.4847
75,4,579.56,39639.60,49802.03,471.48,3151.61,6539.34,11.3987
75,4,524.64,31476.15,41571.53,375.49,2468.67,7251.22,11.4901
75,4,588.14,34263.86,43493.84,377.51,2546.70,6305.77,11.4338
75,4,547.08,36629.17,47443.07,451.22,2984.97,7377.71,11.7963
75,4,422.15,29010.47,38551.19,335.82,2408.69,6796.22,11.2298
75,4,497.30,30543.62,39896.52,321.94,2402.61,6628.35,11.1577
75,4,613.20,37055.81,47174.59,373.28,2696.73,7048.77,12.3878
75,4,437.38,31488.48,40097.56,406.89,2530.25,5671.94,10.3074
75,4,519.21,33621.71,42639.48,348.65,2421.20,6247.93,11.5270
75,4,609.42,34499.95,45084.93,371.05,2897.08,7316.85,11.8855
75,4,526.61,31585.09,40300.20,395.83,2639.12,5680.15,11.0601
75,4,544.52,32203.04,42006.84,288.13,2309.82,7205.84,12.1555
75,4,554.74,35327.97,47581.72,501.52,3103.14,8649.08,11.8490
75,4,542.30,35701.12,45727.68,435.36,2873.77,6717.44,11.0532
75,4,459.76,30519.76,40349.94,421.03,2720.00,6689.16,11.4050
75,4,421.52,29532.92,40143.44,476.03,2549.63,7584.86,10.9830
75,4,541.68,35017.69,45948.33,473.14,2956.62,7500.88,10.6259
75,4,490.29,33662.98,45078.74,457.93,2907.68,8050.14,11.7002
75,4,415.89,27926.00,37202.61,375.95,2329.00,6571.66,10.8685
75,4,618.38,35627.06,46298.54,402.48,2884.79,7384.22,12.5918
75,4,513.32,34591.75,45385.75,431.80,2868.62,7493.58,11.5738
75,4,512.34,35180.35,45658.09,489.43,2894.54,7093.77,11.2629
75,4,579.54,38659.16,49956.88,509.14,3190.49,7598.09,11.2348
75,4,764.94,40980.86,52225.15,362.42,2981.95,7899.92,12.5053
75,4,637.18,41825.60,53749.85,553.44,3461.16,7909.65,11.5861
75,4,488.38,31431.74,42526.76,429.61,2684.00,7981.42,10.8356
75,4,439.68,27207.00,36367.12,390.14,2420.13,6349.85,11.1343
75,4,498.86,29418.17,39439.70,321.71,2491.68,7208.14,11.2905
75,4,391.65,26422.58,35194.88,372.93,2216.29,6183.08,10.8709
75,4,573.95,37913.86,50025.12,501.36,3088.34,8521.57,11.0877
75,4,600.60,36278.23,47973.11,467.55,3112.63,8114.70,11.4465
75,4,556.31,36154.72,45208.05,409.60,2617.71,6026.02,11.3546
75,4,658.55,35651.15,45691.94,331.29,2604.81,7104.69,11.3387
75,4,352.84,27550.59,36543.21,430.18,2495.48,6066.96,10.3712
75,4,483.66,29901.74,41099.68,427.04,2646.36,8124.54,10.7273
75,4,609.59,36528.06,48107.19,443.74,3011.40,8123.99,12.2950
75,4,654.94,38091.20,48553.03,317.87,2913.37,7230.59,12.6672
75,4,583.08,38542.40,49637.03,443.57,3270.74,7380.31,10.3060
75,4,710.64,39093.81,50741.75,356.32,3041.20,8250.42,12.0977
75,4,550.72,35677.93,47302.10,519.81,3140.84,7963.51,11.8436
75,4,594.68,35121.52,46045.00,393.92,2902.31,7627.24,11.9984
75,4,427.43,31433.72,42071.27,462.45,2550.60,7624.51,10.8187
75,4,672.60,37896.55,47427.94,344.31,2838.06,6349.01,11.9627
100,4,555.56,33247.29,42585.13,278.42,2379.14,6680.28,17.9831
100,4,503.07,35457.78,45147.02,393.98,2788.32,6506.94,15.4528
100,4,639.82,40961.46,52012.83,402.38,3056.99,7592.01,16.1108
100,4,826.44,51058.91,62979.73,382.52,3101.31,8436.98,17.6860
100,4,542.04,36861.18,47691.30,451.19,2800.33,7578.60,15.1291
100,4,487.62,33142.35,43527.36,372.45,2552.66,7459.92,16.2924
100,4,567.54,35824.08,46238.78,407.77,2674.31,7332.63,16.2669
100,4,666.47,40743.29,51906.48,323.77,2618.04,8221.38,16.6435
100,4,464.59,33332.91,42578.75,382.20,2578.11,6285.52,16.2372
100,4,574.85,38877.58,49514.72,387.55,2704.67,7544.92,15.0259
100,4,518.67,36478.74,46280.10,375.96,2610.06,6815.34,14.6215
100,4,604.80,39921.10,50189.33,405.16,2840.03,7023.04,15.6207
100,4,692.82,45602.19,57746.82,483.13,3316.48,8345.03,16.2633
100,4,612.95,41858.28,53025.58,466.37,3059.46,7641.46,16.1644
100,4,516.30,36424.66,46397.77,396.90,2878.65,6697.56,15.2350
100,4,439.48,32448.52,42165.96,442.68,2610.68,6664.08,15.4474
100,4,456.80,34571.65,44324.89,465.10,2798.37,6489.77,14.5171
100,4,607.02,44831.03,56963.44,609.41,3517.72,8005.27,15.7724
100,4,545.19,36823.69,45973.53,389.45,2454.44,6305.94,16.2633
100,4,624.74,36777.86,48157.30,319.42,2670.41,8389.61,15.1343
100,4,482.37,33690.03,42747.49,366.65,2438.32,6252.48,15.6301
100,4,573.88,36778.43,46997.69,329.58,2477.71,7411.97,15.2623
100,4,596.09,39398.27,50296.47,395.95,2689.70,7812.55,16.6455
100,4,709.33,38853.65,50235.67,384.77,2913.90,8083.35,16.8690
100,4,589.69,39004.94,49326.56,398.44,2777.49,7145.69,15.5874
100,4,689.54,43171.06,54160.50,310.10,3124.14,7555.20,17.2268
100,4,562.47,36505.49,48584.07,414.63,2930.60,8733.35,16.8152
100,4,521.48,35179.16,45487.95,398.43,2636.99,7273.37,15.4034
100,4,476.40,35317.93,46567.28,512.43,3142.09,7594.83,15.2663
100,4,619.45,41244.92,51550.33,420.71,2804.42,7080.27,15.8340
100,4,615.94,39096.06,50840.50,391.34,2740.70,8612.40,17.2438
100,4,590.06,36480.35,48155.21,365.45,2680.39,8629.02,17.2339
100,4,548.33,35642.28,45661.60,433.70,2743.48,6842.15,15.8435
100,4,527.64,33395.20,42796.95,327.57,2481.40,6592.78,15.7836
100,4,433.05,30381.58,39672.57,380.25,2316.04,6594.69,15.1778
100,4,644.41,42056.76,53141.47,424.73,2892.43,7767.55,15.4932
100,4,510.56,36110.60,47132.51,483.63,2855.18,7683.09,14.8510
100,4,653.24,40000.04,51394.83,353.23,2889.00,8152.55,16.6089
100,4,765.03,48928.03,60773.99,442.20,3445.30,7958.46,15.7071
100,4,453.29,32797.55,42776.24,440.96,2520.51,7017.22,14.8060
100,4,434.51,31355.22,40524.47,448.69,2667.04,6053.52,15.0382
100,4,661.37,39606.94,50414.21,527.90,2714.11,7565.26,14.3057
100,4,386.66,29660.29,39255.07,474.45,2619.01,6501.32,14.8848
100,4,576.29,39471.17,50180.66,406.08,2892.56,7410.86,16.4765
100,4,521.65,35338.30,45186.12,355.66,2565.60,6926.57,15.7621
100,4,517.69,34186.72,44965.21,419.29,2586.11,7773.09,15.6973
100,4,650.28,42065.33,52914.22,377.08,2965.66,7506.15,14.9326
100,4,627.09,40718.77,50922.25,419.13,2905.55,6878.80,16.0908
100,4,611.65,41244.34,52720.37,473.69,2856.59,8145.75,15.6699
100,4,518.81,38019.21,48136.27,481.65,2861.50,6773.92,14.8393
100,4,517.00,33632.50,43482.18,362.44,2555.47,6931.77,14.7842
100,4,476.99,31805.65,41311.51,343.99,2301.56,6860.31,15.7450
100,4,417.12,30617.97,41477.91,454.74,2575.30,7829.90,14.8420
100,4,594.06,40011.42,49658.57,379.34,2908.47,6359.34,15.7156
100,4,522.24,35505.78,46038.46,434.58,2751.01,7347.09,15.5481
100,4,661.19,42814.81,53904.89,443.61,3150.84,7495.63,15.7287
100,4,434.06,32830.57,42018.42,457.03,2660.29,6070.53,14.1280
100,4,624.09,44132.30,54343.80,482.59,3149.40,6579.51,15.4974
100,4,514.27,35312.33,45802.41,441.13,2727.59,7321.37,16.5892
100,4,535.04,38498.60,47939.65,428.36,2642.77,6369.93,16.0655
100,4,611.69,40825.92,51877.82,407.63,3067.38,7576.89,15.8096
100,4,485.18,32251.84,41937.97,322.80,2500.25,6863.09,16.3034
100,4,559.20,36320.54,45634.85,297.11,2422.34,6594.86,15.1681
100,4,703.12,43457.04,53803.68,318.26,2684.48,7343.91,16.7052
100,4,459.85,35029.75,43910.55,427.32,2673.39,5780.09,15.0069
100,4,553.40,37530.84,46897.36,368.39,2581.59,6416.54,16.1718
100,4,619.43,38164.18,49520.56,395.72,3031.02,7929.63,16.0593
100,4,608.08,37324.29,46120.92,358.46,2603.65,5834.53,14.6415
100,4,583.05,37357.38,47531.03,306.50,2521.06,7346.09,16.1351
100,4,613.94,40986.00,53437.92,498.23,3198.29,8755.40,16.1058
100,4,570.77,39465.92,49603.60,449.14,2957.47,6731.07,15.5318
100,4,501.50,34473.78,44813.60,405.64,2806.17,7128.01,15.7465
100,4,448.23,32992.73,43689.64,438.94,2619.94,7638.02,15.1523
100,4,560.51,41473.40,52525.95,483.32,3017.36,7551.87,14.9758
100,4,524.41,35665.81,47071.58,437.98,2883.23,8084.56,16.6077
100,4,458.33,32498.94,42114.89,392.18,2368.82,6854.95,15.8430
100,4,720.36,41887.73,52961.77,369.55,3084.61,7619.88,16.9142
100,4,592.11,39078.31,49928.60,440.95,2887.61,7521.73,16.8705
100,4,565.48,38061.31,48771.98,485.87,3055.44,7169.36,15.9631
100,4,624.46,43303.81,54902.94,520.29,3349.65,7729.18,15.2937
100,4,784.38,47441.01,58506.55,332.96,2751.30,7981.29,17.4756
100,4,675.90,47060.30,59227.05,558.25,3592.72,8015.78,16.2606
100,4,463.46,34538.85,45722.18,441.53,2727.85,8013.96,15.0642
100,4,436.65,30404.73,39494.98,373.86,2313.03,6403.36,14.8345
100,4,550.15,35977.77,46224.58,297.33,2551.28,7398.20,15.9268
100,4,403.86,29166.97,38227.19,433.04,2441.87,6185.32,14.9506
100,4,603.15,41868.31,54009.48,510.63,3169.88,8460.66,15.5493
100,4,664.72,42211.95,53749.27,436.55,3061.31,8039.46,15.5969
100,4,551.00,40654.42,50282.76,440.92,2950.99,6236.43,16.2801
100,4,739.40,42681.72,53417.45,319.66,2797.94,7618.13,16.1638
100,4,395.76,30765.65,40010.72,425.11,2655.60,6164.36,14.8117
100,4,474.60,33742.95,45313.12,457.83,2792.67,8319.67,16.1997
100,4,643.05,42291.34,53895.69,449.22,3129.43,8025.70,16.2646
100,4,713.45,43503.72,54159.98,319.38,2907.57,7429.32,17.8176
100,4,561.70,42552.64,54051.39,526.34,3484.90,7487.51,15.3406
100,4,800.73,45484.16,57679.69,402.18,3212.88,8580.47,16.9415
100,4,570.21,40137.77,52025.57,515.24,3295.78,8076.78,16.6267
100,4,636.62,40426.84,51527.38,365.35,2941.18,7794.00,17.0516
100,4,483.81,35384.16,46628.53,505.77,2987.06,7751.54,15.6989
100,4,744.08,44108.84,54554.79,337.67,2831.48,7276.80,16.9845
125,4,584.87,35491.05,45119.30,439.64,2434.89,6753.72,11.7617
125,4,506.71,39223.80,49211.55,414.77,2929.77,6643.21,20.0904
125,4,655.74,44924.38,56221.17,434.04,3212.77,7649.98,20.3872
125,4,895.16,54447.95,66325.90,335.98,3267.71,8274.26,22.9945
125,4,566.49,40602.58,51369.49,455.44,2808.59,7502.88,19.7451
125,4,537.13,36430.77,46801.10,381.42,2581.97,7406.94,19.8938
125,4,614.83,41242.34,51668.74,383.36,2610.80,7432.24,20.8827
125,4,737.65,43672.98,55459.87,621.24,2747.50,8418.16,10.6247
125,4,591.04,37237.20,46943.92,580.12,2773.04,6353.56,10.8729
125,4,603.57,39355.63,49977.74,473.15,2612.09,7536.87,15.3482
125,4,552.58,38752.74,48601.35,390.37,2663.42,6794.81,19.2037
125,4,598.87,41024.15,51103.34,371.47,2776.64,6931.08,20.4152
125,4,697.75,48970.87,61058.51,502.52,3308.36,8276.75,21.4868
125,4,649.52,44807.78,55825.29,404.77,2902.36,7710.38,19.8742
125,4,586.63,39757.17,49820.37,412.24,2888.47,6762.49,20.0225
125,4,456.70,33864.91,43664.32,449.44,2685.40,6664.57,20.2109
125,4,493.13,37294.62,47115.88,468.86,2786.68,6565.72,19.0652
125,4,621.38,48191.08,60321.30,579.85,3510.85,8039.52,20.9048
125,4,556.76,39205.48,48764.72,423.97,2598.17,6537.10,20.1661
125,4,604.77,39119.86,51473.49,596.29,2775.41,8981.93,11.3529
125,4,536.19,37677.15,46975.13,375.85,2635.52,6286.62,20.4284
125,4,643.83,41486.15,52193.33,534.89,2665.82,7506.48,13.5453
125,4,668.98,43174.44,54388.65,362.23,2908.44,7943.54,20.1638
125,4,756.12,47234.47,59350.56,394.10,3064.83,8657.16,21.5829
125,4,604.06,42080.79,52481.26,406.64,2845.38,7148.45,20.6048
125,4,816.81,46762.64,57392.64,300.45,2940.32,7389.23,22.0635
125,4,613.44,40120.16,52177.66,390.91,2966.82,8699.77,20.1575
125,4,537.47,38427.67,48963.22,387.97,2780.60,7366.99,19.5195
125,4,496.49,38217.93,49243.72,513.97,2945.55,7566.26,19.9404
125,4,698.44,47826.37,58529.46,401.19,3014.27,7287.63,21.4705
125,4,681.88,43713.05,55501.12,346.03,2776.38,8665.66,22.0338
125,4,634.39,40434.56,52155.04,361.75,2718.65,8640.09,21.5678
125,4,594.94,40418.82,50557.17,419.09,3004.93,6714.32,19.7412
125,4,522.73,35660.55,45131.49,340.58,2386.92,6743.45,19.7538
125,4,456.87,34139.51,43485.67,402.87,2451.23,6492.06,18.9980
125,4,701.59,46375.00,57840.70,434.88,3085.77,7945.05,20.2764
125,4,523.64,38305.52,49371.46,464.58,2936.64,7664.72,20.0334
125,4,701.74,42928.70,54887.11,380.56,3131.88,8445.97,21.8178
125,4,840.71,52915.56,64932.82,439.45,3509.49,8068.32,20.4292
125,4,487.46,35387.57,45365.55,426.53,2522.87,7028.58,19.1406
125,4,493.80,35794.49,44728.16,366.55,2620.67,5946.46,19.0861
125,4,651.32,44999.55,56249.03,370.20,2875.46,8003.82,24.2654
125,4,402.42,31583.27,41211.18,472.55,2626.80,6528.56,19.0260
125,4,613.71,43135.15,53804.50,413.88,2861.15,7394.31,21.1926
125,4,590.22,37887.63,47751.93,331.02,2590.28,6943.00,19.4114
125,4,551.27,37719.57,48363.67,397.99,2558.50,7687.62,19.4233
125,4,715.46,47255.87,58378.12,367.97,3057.52,7696.77,20.4497
125,4,603.56,42800.48,53035.00,441.11,2814.36,6979.05,21.6640
125,4,660.26,44588.29,56488.76,452.83,3114.24,8333.40,21.7645
125,4,520.24,40763.56,50917.93,479.46,3039.88,6635.03,20.3222
125,4,553.83,36234.07,46110.53,379.23,2448.25,7048.98,20.7572
