25,4,256.79,13945.37,20807.14,1047.25,1240.27,4574.25,41.4885
25,4,290.12,15275.41,22406.28,1003.04,1495.79,4632.04,31.6716
25,4,316.66,16607.29,23611.84,715.62,1391.30,4897.63,37.6187
25,4,331.77,17756.04,23870.37,530.70,1456.64,4126.99,30.1836
25,4,321.17,15567.32,23202.37,690.05,1562.29,5382.72,30.5774
25,4,287.73,14591.54,22701.12,864.72,1577.79,5667.07,33.3610
25,4,318.49,15808.25,23080.78,808.09,1427.95,5036.48,32.4099
25,4,312.34,15176.00,22202.62,699.39,1413.22,4914.01,32.4136
25,4,269.19,14235.07,21195.11,786.46,1403.45,4770.14,30.3541
25,4,295.36,15137.64,22373.42,717.27,1391.75,5126.76,35.8777
25,4,299.99,15259.40,22617.39,940.72,1494.22,4923.06,37.7934
25,4,307.22,14912.42,22413.37,943.72,1512.20,5045.04,34.6642
25,4,340.66,17548.87,24308.28,649.44,1471.74,4638.24,30.9658
25,4,319.14,16149.70,23285.45,837.77,1530.93,4767.04,32.9088
25,4,283.64,14692.54,22285.07,1088.81,1519.09,4984.63,34.7382
25,4,294.63,14696.04,22228.67,872.11,1372.87,5287.65,34.9590
25,4,294.25,15412.42,22595.88,780.36,1543.70,4859.40,37.7798
25,4,320.67,16471.08,23354.01,721.59,1461.81,4699.52,35.3958
25,4,313.56,16292.31,23089.19,771.38,1444.53,4580.97,32.1618
25,4,285.78,14055.45,22146.73,1044.00,1461.06,5586.21,36.2891
25,4,275.69,14703.71,21822.76,1071.16,1412.62,4635.27,33.3042
25,4,319.30,15840.89,23179.05,668.19,1484.15,5185.84,36.9075
25,4,321.20,14693.69,22018.22,751.07,1464.87,5108.60,31.1090
25,4,324.79,15869.25,23210.94,668.03,1364.96,5308.70,37.4679
25,4,294.60,15837.00,22906.28,900.55,1411.80,4756.93,32.1293
25,4,283.82,15934.95,22842.47,907.07,1380.82,4619.64,31.1149
25,4,311.47,15249.55,23485.08,671.55,1641.30,5922.68,33.3727
25,4,291.81,14409.60,22231.13,889.30,1575.73,5356.50,41.1613
25,4,291.68,14742.94,22923.70,1039.10,1599.36,5542.30,36.6093
25,4,322.00,16454.81,23256.25,718.07,1491.71,4591.67,35.8415
25,4,310.67,15047.83,23019.11,1071.54,1524.96,5374.78,32.4283
25,4,306.84,14120.00,22075.87,893.74,1450.52,5611.61,38.8288
25,4,298.96,15290.19,22447.93,834.89,1480.66,4842.19,42.8916
25,4,257.97,14400.67,21828.47,1005.45,1418.28,5004.07,38.9412
25,4,257.70,13907.30,21211.50,889.84,1345.87,5068.49,35.2352
25,4,317.73,16774.02,23715.89,609.00,1425.09,4907.78,35.9530
25,4,286.18,14715.63,22329.48,865.74,1384.73,5363.39,35.7813
25,4,317.79,15288.44,23009.15,728.37,1632.46,5359.88,48.2556
25,4,317.57,17260.94,23986.12,883.48,1565.54,4276.16,34.1173
25,4,294.00,14778.13,22282.40,746.09,1487.72,5270.47,30.8459
25,4,258.26,14953.57,21849.42,881.81,1411.24,4602.79,33.8185
25,4,330.06,15631.27,22419.37,648.41,1528.69,4611.00,36.0254
25,4,273.57,14258.88,21893.47,894.25,1474.80,5265.53,38.6438
25,4,289.68,15573.05,22568.55,855.29,1505.51,4634.70,34.1402
25,4,290.04,14309.49,21614.42,921.84,1442.86,4940.23,51.6696
25,4,292.33,14262.96,22312.36,949.95,1446.89,5652.56,42.6875
25,4,308.84,16012.73,22853.84,598.35,1480.59,4762.17,47.5514
25,4,299.98,15035.81,22102.18,833.43,1393.19,4839.74,45.2329
25,4,306.97,15121.26,22446.04,776.41,1318.96,5229.40,35.8584
25,4,302.42,16017.05,22945.31,901.64,1421.37,4605.25,34.2116
25,4,285.79,14819.37,22372.41,792.99,1462.15,5297.90,32.4839
25,4,280.67,13262.85,20898.15,880.09,1491.14,5264.07,31.4782
25,4,276.41,13901.25,22586.00,1034.37,1499.85,6150.52,32.2339
25,4,311.89,16219.13,22774.81,914.58,1483.60,4157.51,32.0140
25,4,293.24,14807.83,21978.18,840.15,1389.70,4940.50,31.9840
25,4,305.69,15423.95,22826.86,1107.83,1665.93,4629.15,31.6674
25,4,264.48,14419.45,21497.54,914.93,1440.25,4722.90,31.6364
25,4,340.38,17541.84,23663.61,653.14,1449.44,4019.19,31.2373
25,4,299.90,14824.22,22330.61,876.84,1414.61,5214.93,32.1401
25,4,328.62,16346.50,23026.63,957.61,1500.85,4221.68,31.1508
25,4,306.86,16033.35,22975.43,721.29,1490.53,4730.26,31.2922
25,4,283.53,14211.82,21973.11,1039.00,1467.36,5254.92,31.7821
25,4,276.58,14979.71,22019.62,818.73,1342.16,4879.02,31.4170
25,4,332.95,16913.77,23175.50,656.77,1459.05,4145.91,34.2721
25,4,290.03,15463.72,22149.09,943.16,1507.65,4234.55,31.5526
25,4,286.90,15317.19,21898.74,817.06,1381.33,4383.16,33.2563
25,4,305.91,15637.61,23186.18,856.34,1613.68,5078.55,31.5857
25,4,290.60,15137.15,21816.90,787.04,1451.44,4441.27,31.3018
25,4,303.42,15133.67,21957.56,752.01,1363.19,4708.69,31.1217
25,4,317.09,15405.12,23161.97,716.28,1469.33,5571.25,31.3737
25,4,303.99,16513.12,23174.83,835.29,1455.04,4371.38,31.2935
25,4,265.39,14410.45,22173.65,1134.10,1540.05,5089.06,31.3888
25,4,278.69,14368.73,22532.82,1069.61,1445.04,5649.44,31.3955
25,4,322.73,16700.29,23693.67,669.08,1483.62,4840.69,31.9047
25,4,301.29,14826.78,22956.82,929.94,1673.27,5526.83,31.4640
25,4,292.54,14824.60,22107.00,793.50,1382.94,5105.96,30.1584
25,4,334.62,16569.51,23462.15,644.56,1418.81,4829.27,30.1244
25,4,299.80,14277.77,21794.00,1101.48,1590.87,4823.87,30.2621
25,4,317.43,16089.39,23296.38,802.45,1512.67,4891.87,29.2493
25,4,331.93,16281.56,23333.68,763.34,1612.12,4676.65,29.5349
25,4,348.37,17633.36,23989.40,646.22,1458.47,4251.35,30.4138
25,4,331.87,15793.50,22748.27,1005.61,1723.26,4225.90,99.2778
25,4,268.12,14442.87,22576.78,1048.57,1403.23,5682.11,29.2798
25,4,273.70,13794.67,21314.54,934.94,1423.53,5161.39,29.3181
25,4,281.96,14596.34,21978.05,819.19,1393.16,5169.37,29.4205
25,4,262.05,13888.13,21399.56,1073.71,1347.69,5090.03,30.2675
25,4,332.18,15632.77,23061.61,737.58,1480.89,5210.37,34.0082
25,4,329.41,15168.60,22734.48,821.67,1538.28,5205.93,31.8976
25,4,288.18,15558.02,22109.46,888.67,1402.72,4260.05,31.2380
25,4,307.06,15800.43,22245.58,665.33,1341.07,4438.75,71.5041
25,4,272.74,14518.66,21681.41,739.11,1503.72,4919.92,39.6516
25,4,294.27,14170.17,22701.26,844.11,1520.90,6166.08,39.1825
25,4,313.99,16666.65,23893.25,830.31,1535.53,4860.77,39.2188
25,4,319.66,16783.66,23635.52,708.00,1453.91,4689.95,75.4637
25,4,328.91,17236.07,23899.04,682.48,1446.22,4534.27,41.4595
25,4,318.89,15694.98,22805.12,617.77,1627.92,4864.44,41.7000
25,4,305.18,15365.84,23139.37,884.87,1544.58,5344.07,41.8063
25,4,315.21,16209.62,23309.54,772.83,1483.24,4843.85,41.2928
25,4,296.82,14435.68,22207.26,698.69,1463.05,5609.83,36.0527
25,4,290.23,16585.07,22905.99,691.76,1345.92,4283.23,36.1800
50,4,464.75,23305.15,32800.03,1253.16,1776.85,6464.87,34.5589
50,4,509.95,26983.46,36620.41,975.76,2018.70,6642.50,39.2170
50,4,573.92,29757.75,39928.96,820.20,2029.01,7322.01,37.3337
50,4,653.79,33718.01,44183.33,1011.48,2204.68,7249.17,33.5892
50,4,521.36,28065.29,38347.03,844.38,1806.80,7630.55,34.3745
50,4,454.14,24872.38,35363.61,1111.73,1932.39,7447.10,34.4161
50,4,537.17,27858.28,37309.36,660.06,1687.20,7103.83,33.1175
50,4,557.26,28069.61,38889.67,1052.20,1853.18,7914.69,33.4567
50,4,450.14,25434.10,34166.21,830.48,1755.28,6146.35,32.9036
50,4,517.64,26389.22,36907.70,1235.59,1947.43,7335.46,33.2881
50,4,483.92,26490.00,35892.19,881.39,1803.91,6716.89,32.8365
50,4,522.15,28028.27,37449.48,899.43,1817.68,6704.10,32.6042
50,4,627.45,32680.06,43359.29,856.62,2037.72,7784.88,32.7391
50,4,559.12,30365.09,40518.41,857.88,1977.86,7317.58,33.0295
50,4,465.19,26547.38,35791.37,1002.63,1778.98,6462.37,33.4523
50,4,450.46,24549.68,33584.80,828.89,1679.49,6526.74,32.6744
50,4,473.28,26231.30,35690.64,1052.53,1964.56,6442.26,33.0314
50,4,609.21,31642.26,42132.15,946.57,2114.08,7429.24,30.8914
50,4,518.09,28667.30,37702.56,857.70,1786.65,6390.92,32.2874
50,4,518.65,25761.77,37022.62,884.96,1879.70,8496.19,31.0372
50,4,476.17,26701.41,35729.93,959.81,1808.95,6259.75,31.1313
50,4,551.16,27737.13,38081.45,1105.92,1952.95,7285.46,31.8707
50,4,492.17,27038.95,37406.51,1192.25,1783.99,7391.32,32.6687
50,4,623.67,30632.90,41524.22,656.33,1911.07,8323.91,32.8179
50,4,542.35,29574.13,39437.27,890.95,1900.13,7072.06,33.1018
50,4,570.07,29399.63,39521.25,909.70,2027.10,7184.82,32.4747
50,4,524.66,26789.93,38282.36,901.54,2054.62,8536.27,32.8166
50,4,492.71,25911.34,35851.78,821.93,1965.36,7153.15,40.7887
50,4,477.88,27062.96,37562.61,1012.29,1982.59,7504.77,33.0770
50,4,566.01,29720.42,39373.18,966.57,1903.42,6782.77,33.6388
50,4,540.58,28878.85,39930.05,899.92,1866.35,8284.93,34.9257
50,4,518.74,27252.25,38412.81,909.28,1904.62,8346.65,34.6407
50,4,493.80,27496.81,36785.96,927.94,1850.84,6510.38,32.7619
50,4,453.99,24640.74,34158.57,1064.59,1771.87,6681.38,33.0228
50,4,452.40,24167.97,33286.41,769.00,1754.12,6595.31,33.4428
50,4,551.39,28929.86,39338.36,1118.86,1970.61,7319.03,32.8266
50,4,496.20,26776.05,36936.69,871.61,1844.38,7444.65,32.5147
50,4,537.50,28387.02,38944.70,722.70,1939.86,7895.11,31.2392
50,4,646.43,34126.84,44359.13,721.53,2032.00,7478.76,31.1212
50,4,465.26,25882.55,35266.36,787.95,1603.83,6992.03,32.3077
50,4,431.64,24947.84,33933.06,1195.73,1907.08,5882.41,31.4832
50,4,594.89,30482.91,40928.30,746.84,2103.44,7595.11,38.2189
50,4,407.72,23678.69,32579.59,733.76,1655.32,6511.83,31.1370
50,4,543.56,29059.74,39067.94,1073.18,1942.16,6992.86,31.3943
50,4,478.32,25367.82,34919.16,963.40,1716.57,6871.37,35.4566
50,4,500.82,25352.52,35698.75,832.67,1904.50,7609.05,31.6570
50,4,540.23,30052.85,40143.73,965.16,1873.44,7252.28,31.2243
50,4,523.53,28104.73,37435.81,920.27,1801.86,6608.94,31.1588
50,4,542.13,29605.12,40189.39,832.03,1893.21,7859.03,33.7074
50,4,528.50,28827.79,38176.41,803.08,1949.17,6596.37,31.2640
50,4,486.63,25341.80,35313.11,1020.02,1873.61,7077.68,34.1071
50,4,445.92,23948.13,33343.81,1021.24,1613.09,6761.34,31.4478
50,4,436.02,23299.36,33876.65,796.46,1851.59,7929.25,31.4898
50,4,549.55,29411.85,38581.95,910.09,2028.04,6231.97,31.1143
50,4,485.30,28058.34,37759.12,824.98,1709.59,7166.20,31.4892
50,4,569.62,29170.94,39350.19,814.89,2150.49,7213.86,34.5166
50,4,450.55,25737.04,34690.75,1006.65,1837.66,6109.40,32.5627
50,4,616.92,33396.10,42609.45,803.71,2133.84,6275.79,32.2689
50,4,509.61,26532.36,36411.06,742.83,1813.24,7322.63,32.3479
50,4,554.48,29628.35,38744.00,946.89,1848.67,6320.09,31.4515
50,4,594.34,30176.04,40879.38,907.55,2271.77,7524.01,31.3581
50,4,457.66,24596.22,34526.98,1128.59,1863.07,6939.10,31.2641
50,4,464.82,25328.67,34242.69,846.10,1554.62,6513.30,31.6147
50,4,579.63,31577.00,41073.81,809.80,1819.34,6867.66,31.3638
50,4,469.12,26994.14,35662.89,1016.69,1840.46,5811.58,31.1208
50,4,527.56,27778.77,37458.51,1151.36,2086.71,6441.66,31.1589
50,4,492.28,28202.99,38439.40,930.29,1780.54,7525.58,31.1787
50,4,477.85,26713.85,35174.19,1041.37,1710.16,5708.81,31.0627
50,4,496.17,26594.13,36826.16,1362.82,1756.07,7113.14,31.2942
50,4,567.21,29250.65,40395.54,833.10,1983.36,8328.43,31.8351
50,4,540.68,29160.82,38439.98,882.41,1877.09,6519.66,31.2418
50,4,461.18,26167.77,35710.77,787.65,1950.39,6804.96,31.3209
50,4,473.59,24760.77,35014.77,874.47,1790.74,7588.79,31.2376
50,4,563.08,30366.17,40514.10,791.22,1963.76,7392.95,31.2382
50,4,537.72,26968.98,38176.80,1008.86,2166.44,8032.51,31.2738
50,4,436.70,25356.82,34833.09,869.51,1663.77,6942.99,31.3982
50,4,589.05,29932.73,40365.11,911.92,2014.32,7506.14,31.9152
50,4,523.29,28226.26,38474.80,853.34,2054.73,7340.47,31.1878
50,4,545.95,29136.88,38886.19,704.17,1959.04,7086.10,31.2962
50,4,555.19,30464.06,40821.99,1099.76,1968.64,7289.54,31.4745
50,4,623.86,32590.17,42601.01,873.47,1839.69,7297.68,31.4282
50,4,601.08,32576.96,43028.07,962.21,2208.16,7280.74,31.2601
50,4,486.69,26249.41,36907.27,757.26,1954.36,7946.24,31.2208
50,4,415.83,23422.69,32218.41,740.07,1623.56,6432.09,31.7363
50,4,484.99,26229.63,36052.03,804.27,1737.01,7281.12,31.2667
50,4,426.52,22995.91,32392.33,1137.10,1749.81,6509.50,31.2517
50,4,576.58,29669.90,40838.52,978.74,2108.32,8081.56,33.8466
50,4,556.20,28709.26,39303.46,1081.43,1945.45,7567.32,31.4378
50,4,491.49,28494.48,36875.10,736.11,1716.05,5928.46,31.5503
50,4,570.18,30374.72,40628.83,1003.29,1952.62,7298.20,31.4244
50,4,414.44,24206.22,33155.71,935.37,1878.97,6135.15,31.5237
50,4,465.62,25505.39,36295.21,912.50,1798.16,8079.15,31.3691
50,4,585.36,31323.66,41660.43,660.03,1959.27,7717.47,31.0823
50,4,590.38,31512.60,41658.94,976.72,2016.51,7153.12,32.3580
50,4,574.78,31737.71,41660.04,988.16,1907.02,7027.15,31.4778
50,4,584.22,30682.42,41747.91,1068.74,2110.87,7885.87,31.9070
50,4,551.68,28673.62,39410.37,838.81,2052.42,7845.52,31.2208
50,4,554.70,29715.07,40112.01,928.75,2019.06,7449.12,32.0796
50,4,485.02,26144.35,36357.89,779.50,1769.56,7664.48,31.2905
50,4,582.60,31164.44,41032.52,1021.92,2015.15,6831.01,31.4595
75,4,581.83,33118.46,43033.69,894.23,1807.95,7213.04,32.8881
75,4,609.52,34018.70,44253.49,1104.44,2039.53,7090.83,32.5964
75,4,684.12,38264.95,49146.25,878.51,2156.55,7846.24,32.6265
75,4,883.58,46429.86,58600.66,914.99,2529.74,8726.06,33.2719
75,4,677.58,36255.10,47650.20,908.51,2146.10,8340.49,32.6907
75,4,588.53,32386.53,43657.10,1091.52,2105.45,8073.61,32.7849
75,4,686.53,35739.72,46622.28,788.37,2096.19,7998.00,32.6775
75,4,717.89,37298.24,49213.92,1186.84,2038.17,8690.68,32.7840
75,4,605.05,33843.16,43486.15,732.15,2154.01,6756.84,32.6058
75,4,655.11,35599.81,46670.78,870.89,2157.18,8042.90,33.4916
75,4,633.79,34509.60,44320.64,728.55,2020.60,7061.90,32.9350
75,4,655.64,37154.40,47513.32,782.36,2114.10,7462.46,32.9003
75,4,783.01,42680.25,54524.34,938.50,2228.17,8677.41,32.9904
75,4,727.21,39487.21,50984.32,1076.77,2323.16,8097.17,33.3782
75,4,573.57,34572.00,44279.53,759.56,1884.45,7063.53,32.8554
75,4,557.47,31428.97,41212.33,851.50,1846.27,7085.59,33.1192
75,4,575.87,33986.20,43656.14,794.38,1991.27,6884.30,32.6061
75,4,759.58,41385.05,52733.73,884.41,2298.71,8165.55,33.5324
75,4,627.28,35665.52,45471.78,881.54,1978.72,6946.00,32.6997
75,4,612.39,32865.75,45614.60,1310.24,2000.46,9438.15,32.9764
75,4,611.18,34889.54,44654.10,871.96,2059.72,6832.89,32.6783
75,4,694.95,36351.93,47068.54,753.61,2033.60,7929.41,33.4367
75,4,686.60,36713.61,47750.00,829.68,2022.18,8184.52,32.8078
75,4,783.10,40420.98,52341.96,710.84,2115.26,9094.87,33.0793
75,4,672.47,37659.75,48503.44,984.60,2157.68,7701.41,32.6846
75,4,705.77,39230.72,50395.85,1123.62,2138.39,7903.12,34.9285
75,4,626.28,34276.14,46450.20,947.04,2064.89,9162.12,33.1386
75,4,625.55,33976.30,44732.02,850.26,2149.18,7756.28,33.5406
75,4,618.29,34254.51,45504.10,899.36,2166.92,8183.31,32.5801
75,4,690.27,39436.28,49680.09,826.64,1958.55,7458.62,33.0414
75,4,676.24,35504.17,47498.73,881.71,2066.11,9046.74,32.7733
75,4,624.66,35203.01,46989.36,887.05,1886.67,9012.62,33.6052
75,4,620.98,35233.66,45375.55,908.33,2132.50,7101.06,33.0867
75,4,536.22,31158.52,40848.10,886.08,1745.07,7058.44,33.2436
75,4,531.94,29744.88,39612.73,889.43,1942.70,7035.72,35.4678
75,4,710.83,39285.33,50612.25,982.93,2097.32,8246.67,32.6019
75,4,640.04,34321.11,45746.49,978.71,2178.09,8268.58,32.6387
75,4,679.54,36340.61,48035.04,793.60,2205.82,8695.00,32.4942
75,4,833.07,44244.67,55736.86,757.81,2449.73,8284.65,33.2772
75,4,563.16,32793.65,43043.60,809.90,1856.39,7583.66,32.6906
75,4,544.32,31892.10,41239.73,1007.17,1966.81,6373.64,35.8739
75,4,719.02,39414.16,50907.69,1008.79,2168.82,8315.92,33.0269
75,4,497.48,29588.46,39341.78,922.77,1932.68,6897.86,32.8086
75,4,648.65,36978.63,47909.28,1137.70,2038.42,7754.53,32.6628
75,4,610.51,32707.72,43247.36,1096.49,1885.55,7557.61,32.7460
75,4,623.80,32780.31,43812.53,682.31,2034.48,8315.43,32.7098
75,4,738.72,39461.45,50759.03,983.23,2338.64,7975.70,35.9206
75,4,643.35,37681.22,47692.54,869.58,1984.25,7157.48,32.4497
75,4,696.88,38099.15,49289.21,718.41,2044.94,8426.71,33.0150
75,4,628.67,36136.46,46398.36,986.31,2134.47,7141.12,32.7036
75,4,540.50,31002.65,41183.35,1022.31,1838.55,7319.85,32.5878
75,4,540.14,31041.13,41050.46,930.18,1844.57,7234.58,32.4764
75,4,522.16,29584.53,41077.45,1032.41,2027.92,8432.58,33.3931
75,4,717.75,39266.83,49725.07,1013.06,2427.47,7017.71,32.6935
75,4,634.05,36052.25,46717.85,942.44,2006.29,7716.86,32.3631
75,4,719.69,39524.21,50664.33,765.95,2435.73,7938.44,32.8106
75,4,554.66,31963.52,41611.36,1071.20,2036.49,6540.15,32.5632
75,4,742.35,42532.98,52423.54,854.06,2110.48,6926.03,36.7125
75,4,623.12,33657.85,44397.12,839.75,1964.00,7935.53,35.7864
75,4,680.37,38561.46,48705.59,1143.43,2005.28,6995.43,35.1147
75,4,744.70,39089.57,50790.77,982.36,2519.19,8199.65,33.1028
75,4,563.34,31744.73,42449.76,1143.82,1952.82,7608.39,32.9328
75,4,619.35,33396.85,43095.07,858.45,1770.72,7069.04,32.6463
75,4,753.42,41173.85,51860.30,1122.18,2008.82,7555.45,32.7487
75,4,598.74,34703.01,43598.70,746.94,1987.92,6160.83,34.2253
75,4,656.59,35559.52,45848.39,1026.08,2232.66,7030.12,32.7297
75,4,639.10,36850.81,48301.85,1093.10,2196.45,8161.49,32.7501
75,4,611.67,35033.03,44262.14,996.61,1988.14,6244.37,32.5793
75,4,615.39,33237.20,44494.32,1510.23,1843.28,7903.61,32.4663
75,4,730.68,38208.06,50688.79,792.04,2418.39,9270.29,32.5032
75,4,673.40,38101.14,48579.09,1037.34,2140.81,7299.80,33.1735
75,4,582.41,33460.71,43927.95,869.21,2197.77,7400.26,32.4714
75,4,576.61,31631.11,42593.10,848.86,2028.66,8084.46,32.4454
75,4,703.55,39439.23,50646.54,921.34,2213.83,8072.15,32.3800
75,4,631.14,35364.10,47117.62,926.01,2239.86,8587.65,32.4261
75,4,551.05,32052.51,42230.01,855.22,1857.88,7464.40,32.4442
75,4,760.76,39647.52,50584.66,834.25,2060.47,8042.41,33.6907
75,4,668.34,36922.01,48217.89,857.03,2318.67,8120.19,32.6114
75,4,677.39,37283.43,47630.40,762.78,2051.74,7532.45,32.9275
75,4,737.16,40896.05,52093.07,943.30,2261.23,7992.49,32.5837
75,4,768.17,41310.03,52337.62,825.94,1985.46,8216.19,32.8345
75,4,810.83,43538.01,55364.31,1112.64,2570.01,8143.64,32.5534
75,4,604.52,33323.41,45055.10,950.50,2093.60,8687.59,32.8204
75,4,525.48,30349.76,40150.66,807.07,1926.66,7067.18,32.6432
75,4,581.02,32003.77,42953.54,1212.42,1958.99,7778.36,32.6534
75,4,528.01,29770.01,39421.52,866.91,1895.49,6889.12,32.0473
75,4,720.16,39509.93,51632.19,1014.96,2201.49,8905.81,32.9124
75,4,732.07,38535.85,49925.79,897.05,2150.78,8342.12,32.5015
75,4,658.01,38195.91,47725.42,925.20,2068.68,6535.63,33.5816
75,4,721.00,39367.19,50631.94,1006.32,2148.86,8109.58,32.4565
75,4,521.61,30770.64,40356.19,760.05,2040.84,6784.66,32.1746
75,4,607.07,32865.40,44738.74,858.68,2188.89,8825.76,33.0001
75,4,782.96,40819.76,52639.40,693.90,2401.50,8724.24,32.7262
75,4,756.45,40383.19,51686.28,982.21,2291.52,8029.36,32.6372
75,4,707.18,41194.97,52318.48,929.18,2350.50,7843.84,35.3476
75,4,754.75,41188.24,53007.60,862.22,2232.40,8724.74,32.2054
75,4,688.91,37676.71,49296.73,882.01,2229.16,8508.85,32.3932
75,4,697.98,37989.71,49083.46,945.69,2045.87,8102.19,32.9043
75,4,572.24,33293.69,44363.36,941.12,1954.18,8174.37,32.5200
75,4,801.99,41926.47,52642.71,838.89,2325.16,7552.20,33.4175
100,4,664.81,37434.02,47580.10,844.21,1879.86,7422.01,32.7246
100,4,674.98,40408.30,51202.83,957.69,2325.80,7511.04,34.2814
100,4,739.16,45182.72,56426.52,932.80,2136.08,8174.93,33.2112
100,4,1039.39,55772.91,68990.09,1049.86,2719.53,9447.79,33.9287
100,4,792.51,43031.37,54498.11,663.30,2322.10,8481.35,33.0177
100,4,703.09,37909.19,49389.35,888.66,2319.53,8271.97,33.0157
100,4,747.09,41563.61,52608.89,767.84,2144.73,8132.72,35.5820
100,4,827.17,44147.78,56798.42,1263.52,2116.95,9270.17,33.9432
100,4,671.89,38496.17,48510.77,806.44,2254.63,6953.53,32.8905
100,4,730.34,41005.61,52769.30,1220.72,2270.28,8272.70,33.1392
100,4,710.37,40777.59,51021.97,940.86,1885.19,7418.33,32.6909
100,4,747.06,42737.30,53363.57,753.49,2201.49,7671.28,33.2032
100,4,938.58,50312.63,63169.56,982.04,2652.37,9222.52,34.0598
100,4,860.88,47448.20,59105.86,715.94,2424.04,8517.68,33.3388
100,4,738.82,40458.78,50765.19,826.52,2177.12,7302.77,33.2474
100,4,632.17,35820.38,46202.57,1015.09,2009.88,7357.22,33.1041
100,4,667.17,38750.11,48973.89,841.25,2209.64,7172.89,33.0016
100,4,891.99,49642.96,61427.99,788.00,2467.05,8529.98,35.4171
100,4,752.60,41921.39,51947.04,718.77,2097.90,7208.97,32.9021
100,4,768.62,40323.16,53844.95,1267.45,2315.76,9938.59,32.9719
100,4,687.48,40459.82,50656.66,992.66,2163.77,7040.41,32.9122
100,4,782.90,41465.14,52716.44,832.08,2037.39,8381.83,32.8510
100,4,814.98,43591.77,55626.08,903.02,2353.58,8777.71,33.1347
100,4,870.38,46579.43,58598.34,740.57,2042.07,9236.28,33.7032
100,4,767.68,43525.46,54757.75,1213.74,2167.46,7851.10,33.4570
100,4,823.60,47103.23,58761.95,996.90,2173.56,8488.25,33.0676
100,4,761.10,42071.06,54936.97,907.92,2328.18,9629.80,32.8040
100,4,658.57,38406.40,49500.10,899.83,2204.71,7989.16,32.8266
100,4,692.39,39469.34,50528.95,775.14,2116.87,8167.61,33.7694
100,4,846.73,48366.87,59410.54,761.24,2378.36,7904.07,33.1791
100,4,774.66,42758.74,55599.67,947.89,2312.56,9580.47,33.0277
100,4,710.41,40442.63,52952.10,1046.45,2017.53,9445.49,33.0795
100,4,695.35,40444.65,50764.09,1003.92,2092.85,7222.67,33.0382
100,4,640.81,36564.96,47046.82,1135.31,2010.89,7335.66,32.6820
100,4,641.56,35710.58,45881.19,780.43,2055.66,7334.52,35.5570
100,4,852.68,47427.95,59357.84,867.08,2300.16,8762.65,34.2261
100,4,713.61,39856.57,51336.91,813.04,2266.28,8401.02,33.2080
100,4,769.85,43190.34,55579.85,1130.24,2215.36,9043.91,32.9232
100,4,899.71,52126.24,64067.21,857.28,2475.81,8607.88,33.1582
100,4,674.75,37986.56,48643.36,862.37,1990.72,7803.70,33.5185
100,4,627.92,37509.69,47155.26,893.71,2129.72,6622.15,32.8874
100,4,816.97,45302.70,57421.47,1329.83,2126.05,8662.90,33.1391
100,4,577.50,33943.08,43738.43,761.14,1882.14,7152.07,32.6937
100,4,818.75,44462.64,55619.79,646.87,2255.48,8254.80,33.3092
100,4,687.69,38889.95,49765.63,1113.61,1971.79,7790.28,33.2561
100,4,668.38,36953.29,48371.58,782.52,2113.82,8521.96,33.4364
100,4,873.45,47112.55,58889.80,941.99,2426.36,8408.90,33.0928
100,4,793.92,44787.59,55192.42,728.80,2227.65,7448.38,32.9651
100,4,818.56,45156.51,57040.80,872.54,2189.09,8822.65,32.6306
100,4,724.12,42010.63,52772.36,988.07,2294.77,7478.89,32.8547
100,4,639.28,36832.08,47533.87,904.55,1954.46,7842.77,33.0188
100,4,609.48,35684.27,45884.88,773.57,1773.29,7653.75,33.4396
100,4,585.38,33894.36,45614.39,999.84,2097.79,8622.40,32.9074
100,4,825.87,46744.90,57142.22,644.31,2388.10,7364.90,33.2803
100,4,669.91,40985.03,51776.08,922.43,1955.17,7913.45,32.7201
100,4,864.32,47141.38,58742.43,707.80,2582.55,8310.70,33.2709
100,4,638.34,37599.44,47327.38,865.64,2053.96,6808.35,33.4096
100,4,866.52,49594.46,60313.32,884.55,2493.38,7340.93,33.1638
100,4,713.29,39560.36,50917.38,868.33,2121.16,8367.52,33.2887
100,4,806.65,45452.98,55941.01,859.40,2301.10,7327.53,33.0644
100,4,843.33,46670.38,58827.20,892.16,2589.61,8675.05,33.2340
100,4,624.63,36586.93,47832.67,1223.58,2075.40,7946.76,33.0354
100,4,687.95,39154.75,49299.10,1093.02,1817.01,7234.33,33.8675
100,4,861.79,48366.41,59231.90,843.68,2089.94,7931.87,33.0254
100,4,687.90,40087.08,49328.16,770.05,2125.49,6345.54,32.7852
100,4,711.95,40574.83,50931.53,911.93,2228.79,7215.98,32.7446
100,4,792.77,43766.57,55686.67,1021.65,2374.28,8524.16,33.5543
100,4,745.26,41917.04,51661.67,1026.15,2166.80,6551.68,33.7674
100,4,735.68,40303.33,51737.35,1125.58,2008.51,8299.93,32.9992
100,4,853.53,45191.91,58599.25,1063.36,2566.82,9777.16,33.4627
100,4,778.64,45648.54,56557.12,720.63,2428.27,7759.68,33.0976
100,4,698.69,39083.43,49804.82,744.60,2254.37,7722.42,32.9095
100,4,651.94,36371.56,47720.42,849.40,2036.38,8463.07,32.8866
100,4,835.08,46318.23,58169.22,927.71,2381.02,8542.27,33.7110
100,4,716.43,40420.11,52213.58,766.28,2146.29,8880.89,33.2963
100,4,617.90,36309.87,46965.29,983.50,2014.04,7657.87,32.8712
100,4,837.21,46523.72,58240.31,1075.66,2147.11,8493.82,33.3848
100,4,752.80,43570.86,55313.13,730.93,2407.92,8603.43,33.0223
100,4,766.23,42912.88,53681.44,934.53,2166.94,7667.08,34.0319
100,4,862.05,47386.55,58969.55,699.45,2477.06,8406.49,33.2524
100,4,915.43,49425.37,61384.94,989.08,2233.77,8736.72,33.1716
100,4,950.32,52057.81,64228.66,741.57,2745.22,8684.07,33.0617
100,4,701.60,38385.24,50634.70,944.77,2340.35,8964.34,32.6819
100,4,609.97,35046.75,45132.26,898.77,1953.88,7232.86,32.7698
100,4,711.13,39354.03,50750.10,1154.96,2048.43,8192.68,33.6654
100,4,591.20,33277.08,43484.38,1121.70,1996.75,7088.84,32.7646
100,4,865.54,46581.72,59400.17,943.75,2637.83,9236.86,33.2020
100,4,884.40,47116.61,59171.03,888.51,2306.60,8859.32,33.1961
100,4,776.49,44698.90,54427.44,793.57,2155.15,6779.82,33.4493
100,4,843.07,46445.41,58146.46,902.71,2311.75,8486.59,33.5760
100,4,598.83,35141.42,45322.72,999.02,2227.30,6954.99,32.9822
100,4,689.78,37859.81,50027.85,791.34,2291.66,9085.05,33.0018
100,4,862.67,47448.72,59756.72,897.92,2364.01,9046.08,32.9646
100,4,847.50,47062.09,59027.17,1375.76,2339.26,8250.06,33.5728
100,4,849.60,48162.75,59726.19,838.28,2528.08,8197.09,35.9475
100,4,868.00,48313.13,61159.69,1007.89,2552.40,9286.27,33.7377
100,4,799.92,44477.21,56431.61,687.58,2439.19,8827.63,33.2954
100,4,825.91,46236.87,57867.34,844.24,2184.77,8601.46,33.3743
100,4,654.10,39238.79,50564.11,779.26,2116.22,8429.84,32.9442
100,4,872.79,48184.94,59338.07,998.10,2297.64,7857.39,33.0004
125,4,772.84,42752.86,53292.99,858.12,1996.80,7685.21,34.5575
125,4,798.49,45692.93,56963.97,1048.19,2470.69,7752.16,34.3957
125,4,908.31,51259.13,63001.21,793.01,2426.59,8522.49,34.4364
125,4,1115.96,60083.69,73722.14,1177.00,2806.13,9655.32,34.7977
125,4,841.87,47375.85,59455.27,783.22,2498.45,8797.74,34.1981
125,4,774.69,42888.42,54753.44,821.19,2472.79,8571.03,35.0922
125,4,812.88,46027.69,57820.20,1144.53,2287.25,8360.73,34.2888
125,4,933.32,49666.53,62655.59,1091.72,2254.53,9642.81,34.4736
125,4,729.85,42855.01,52835.25,803.03,2063.76,7113.45,34.0740
125,4,840.30,46041.55,57936.81,810.38,2394.75,8690.13,34.5353
125,4,745.82,44583.19,54980.85,942.48,1914.64,7540.53,33.8836
125,4,846.61,48758.16,59668.26,704.57,2289.36,7916.18,34.8149
125,4,1015.08,55777.59,68854.49,958.97,2799.15,9318.77,34.5073
125,4,925.68,51143.13,63392.49,1031.90,2514.72,8702.74,34.6210
125,4,812.68,46322.57,56769.23,787.44,2172.74,7486.48,34.8616
125,4,682.52,40413.52,51011.39,852.62,2160.59,7584.67,34.2754
125,4,722.78,43080.24,53810.77,856.34,2445.35,7428.84,35.0729
125,4,987.42,54439.07,66458.97,765.32,2538.48,8716.11,34.8118
125,4,801.44,45056.53,55785.06,1029.41,2281.15,7417.98,34.4988
125,4,823.69,44817.85,58531.37,1144.87,2408.09,10160.55,34.0591
125,4,757.57,43914.43,54321.05,912.47,2231.39,7262.76,34.0856
125,4,849.32,47022.54,58307.96,710.44,2104.55,8470.42,34.4024
125,4,871.78,49175.25,61400.52,918.20,2338.24,8968.83,34.4881
125,4,1016.82,53727.81,66530.67,847.68,2259.47,9695.70,34.9007
125,4,866.73,48603.02,60312.04,1107.03,2459.48,8142.50,35.0032
125,4,902.99,52247.99,64366.54,1206.71,2257.75,8654.10,34.4723
125,4,815.09,45647.07,58743.73,829.36,2434.65,9832.65,35.0044
125,4,787.54,43568.03,54835.53,823.88,2234.30,8209.33,34.4152
125,4,762.80,44276.07,56391.34,1023.86,2558.92,8532.49,34.3732
125,4,933.38,53831.88,65306.26,887.95,2442.74,8143.69,34.6028
125,4,903.00,49618.87,62505.72,720.55,2450.40,9715.89,34.0265
125,4,794.23,46148.16,58805.38,837.04,2131.15,9689.03,34.7259
125,4,780.72,46031.11,56771.34,907.86,2313.50,7518.87,34.3044
125,4,701.75,40367.28,51057.91,989.32,2044.63,7656.67,34.0030
125,4,682.04,38753.47,49514.84,1119.55,2216.01,7425.81,34.1997
125,4,932.30,52554.08,65035.18,1228.72,2372.37,8880.02,34.9142
125,4,797.63,44353.49,56098.85,697.75,2413.61,8633.99,34.9506
125,4,861.65,49455.70,62352.45,1143.42,2405.26,9348.07,34.1722
125,4,983.98,57298.79,69489.06,921.20,2505.51,8763.57,34.7213
125,4,723.56,41798.76,52707.30,790.86,2150.49,7967.20,34.1747
125,4,734.67,41947.36,52167.89,1082.67,2340.67,6797.19,34.1407
125,4,914.98,52238.40,64838.43,1078.03,2397.45,9124.55,34.9332
125,4,646.40,37410.77,47801.05,885.14,2145.90,7359.24,34.0639
125,4,879.62,48837.79,60561.24,854.70,2428.63,8440.13,34.8866
125,4,761.84,44390.27,55432.89,859.00,2140.94,8042.69,34.5551
125,4,744.23,43272.73,55012.54,787.22,2171.02,8781.57,34.2185
125,4,931.62,52507.79,64767.63,1072.12,2618.60,8569.13,34.9743
125,4,902.37,49442.28,60232.39,729.02,2310.73,7750.37,34.3410
125,4,874.67,50084.83,62180.64,803.09,2182.88,9109.84,34.2653
125,4,810.43,47143.70,58066.65,927.83,2438.58,7556.54,34.4166
125,4,713.74,41165.77,52201.51,930.45,2100.53,8004.76,34.6166
