400,1,50.78,5130.03,6683.32,548.31,390.27,614.701104
400,1,60.71,7243.83,8662.76,374.21,295.24,749.479986
400,1,55.07,7143.26,8699.53,382.63,355.01,818.629731
400,1,63.16,5977.19,7457.28,507.09,334.52,638.479355
400,1,65.84,7543.43,9523.32,632.20,506.10,841.583386
400,1,75.51,9312.59,11158.87,580.24,349.03,917.020935
400,1,55.41,6591.60,8591.97,744.23,451.91,804.225458
400,1,69.14,6769.98,8455.35,451.72,344.75,888.903688
400,1,51.26,5380.27,7335.23,807.09,504.69,643.175147
400,1,57.56,5959.17,7697.46,557.62,408.74,771.931320
400,1,43.58,6206.51,7435.19,294.84,258.00,675.847348
400,1,48.81,5435.13,7148.19,741.43,391.48,580.150246
400,1,54.16,6076.78,7670.57,388.47,340.30,865.018030
400,1,59.15,7013.68,8657.93,468.59,319.88,855.773013
400,1,41.45,5889.23,6872.18,186.56,248.49,547.889151
400,1,60.10,8580.69,9976.75,269.17,340.67,786.223999
400,1,62.88,8284.35,10157.46,533.18,511.88,828.053706
400,1,64.79,6895.64,8355.16,308.76,204.34,946.412672
400,1,50.12,6644.59,8046.05,359.84,281.68,759.934665
400,1,72.45,8350.20,10524.86,741.46,446.30,986.895395
400,1,63.02,6932.91,8635.11,482.55,410.69,808.960815
400,1,55.71,5891.92,7747.54,621.71,407.66,826.235479
400,1,61.08,7533.50,9161.81,425.97,369.60,832.741765
400,1,77.01,8758.94,10991.80,832.18,419.04,981.642331
400,1,49.82,7129.73,8516.75,250.43,305.39,831.197338
400,1,70.65,6133.58,8012.92,808.85,387.24,683.244454
400,1,66.76,7554.44,9449.41,571.33,510.00,813.641528
400,1,67.71,6948.78,8756.67,501.71,348.67,957.512211
400,1,55.08,6154.65,7613.58,486.56,360.89,611.474477
400,1,50.60,5801.22,7461.79,491.73,347.39,821.464315
400,1,70.31,7837.18,9623.23,503.32,398.86,883.876267
400,1,45.03,4968.68,6569.69,559.88,543.49,497.636250
400,1,70.58,7087.68,9141.84,624.11,483.60,946.449084
400,1,48.53,5648.02,7322.86,644.64,426.58,603.624742
400,1,80.66,8582.89,10996.97,950.05,628.44,835.596654
400,1,46.74,5616.84,6999.33,513.35,315.75,553.389479
400,1,52.02,6161.91,7519.71,309.27,286.96,761.571148
400,1,57.33,6938.57,8497.51,440.17,389.64,729.128210
400,1,62.36,8226.03,9629.59,412.57,330.86,660.116195
400,1,60.40,6827.62,8446.67,432.32,396.89,789.848134
400,1,69.15,6799.29,8558.98,634.77,322.67,802.252319
400,1,42.93,4847.74,6503.75,710.91,438.88,506.226547
400,1,71.49,8546.06,10829.61,816.13,643.16,824.254378
400,1,41.15,4647.37,6220.70,616.33,429.51,527.486393
400,1,35.65,4526.43,5801.82,426.27,329.27,519.846784
400,1,60.64,6207.41,7994.02,547.08,408.39,831.140103
400,1,44.72,5601.00,6936.63,328.48,458.16,548.995607
400,1,72.53,8194.92,10403.88,778.23,570.97,859.755311
400,1,78.35,7476.33,9867.93,973.93,561.80,855.865862
400,1,59.28,5441.77,7409.82,857.89,414.78,695.381469
400,1,49.27,6812.79,8211.40,289.23,409.13,700.253917
400,1,56.13,7783.51,9071.47,311.77,314.65,661.543715
400,1,48.23,5259.11,6965.05,689.53,503.28,513.131287
400,1,54.78,6716.56,8546.37,499.17,444.06,886.575754
400,1,59.00,6340.45,8369.84,570.24,519.26,939.893319
400,1,60.52,7104.99,9274.65,865.93,501.87,801.856481
400,1,62.26,7978.09,9552.35,314.69,418.83,840.737284
400,1,61.69,7471.65,9513.13,752.01,418.51,870.959919
400,1,52.14,5291.92,6989.47,549.25,355.54,792.763137
400,1,43.62,4512.43,5979.82,570.75,379.02,517.616854
400,1,71.64,7606.70,9622.82,674.53,514.07,827.537572
400,1,56.85,6112.01,7956.82,753.85,336.81,754.155031
400,1,45.71,4695.14,6040.25,414.27,275.78,655.053764
400,1,46.29,6244.52,7688.09,407.29,394.51,641.763401
400,1,67.61,7713.47,9440.57,530.58,329.77,866.748248
400,1,69.33,7480.62,9491.20,718.05,483.07,809.475299
400,1,63.08,7041.14,9031.01,681.31,456.05,852.506571
400,1,57.72,6538.69,8680.31,816.64,531.58,793.392558
400,1,53.87,4953.08,6395.93,528.67,318.21,595.976124
400,1,75.47,6827.52,9260.63,850.94,560.04,1022.114964
400,1,48.88,6071.28,7741.71,636.42,325.41,708.603109
400,1,40.66,5687.90,6954.63,339.14,344.66,582.930581
400,1,56.57,6181.56,8105.44,648.98,454.36,820.538897
400,1,49.65,5062.42,6300.94,358.15,305.00,575.358680
400,1,46.24,5036.18,6743.24,682.72,395.91,628.429511
400,1,71.27,8512.18,10296.52,413.75,349.53,1021.057411
400,1,67.00,7437.16,9405.46,619.29,432.93,916.071581
400,1,46.78,6281.29,7602.25,331.40,255.09,734.472267
400,1,61.00,6945.57,8489.47,450.65,414.74,678.522341
400,1,55.44,5552.32,7394.63,593.43,382.41,866.474033
400,1,58.65,6659.32,8382.11,598.69,422.68,701.424495
400,1,53.57,6080.76,7441.78,355.66,295.16,710.209803
400,1,36.58,4027.21,5589.87,649.87,439.41,473.374248
400,1,50.26,6002.97,7706.97,641.19,348.08,714.722536
400,1,53.71,5402.57,6836.39,538.62,337.08,558.119887
400,1,53.32,7086.27,8445.68,308.64,284.88,765.893570
400,1,52.03,7807.60,9206.08,344.80,329.33,724.362075
400,1,47.96,6273.70,7570.12,371.96,285.09,639.372294
400,1,58.47,7065.42,9014.28,602.95,561.82,784.092190
400,1,47.63,5397.58,7126.17,515.58,440.40,772.620710
400,1,62.24,7146.28,9015.17,565.84,504.40,798.658472
400,1,67.26,8962.76,10865.60,593.68,362.49,946.663885
400,1,50.18,6273.87,7818.28,464.97,461.54,617.888529
400,1,53.62,6484.69,8285.24,684.14,460.13,656.285862
400,1,41.53,5401.46,6452.40,250.06,265.85,535.029376
400,1,66.76,8126.63,10173.08,755.66,476.83,813.961247
400,1,44.51,5792.47,7309.58,633.56,373.32,510.225789
400,1,37.03,5059.77,6025.20,190.75,282.47,492.211821
400,1,65.71,8393.80,10129.33,489.63,334.24,911.660396
400,1,68.05,8666.11,10985.96,895.26,503.69,920.891938
400,2,177.14,16721.28,20079.01,822.37,613.54,1921.818951
400,2,146.00,11980.04,15920.83,1184.95,920.71,1835.138737
400,2,187.89,16238.77,20020.00,1062.05,738.99,1980.183712
400,2,127.30,11220.38,14389.53,1014.15,592.54,1562.449922
400,2,176.31,14590.22,19157.08,1355.52,908.17,2303.172492
400,2,171.45,12980.05,17765.34,1735.42,953.92,2095.949957
400,2,205.23,18616.85,23131.14,1477.62,887.36,2149.302544
400,2,162.75,13324.50,17425.92,1344.94,758.11,1998.365511
400,2,174.37,14094.24,18050.51,1172.21,664.36,2119.690514
400,2,182.12,14101.13,17995.37,1201.84,729.12,1963.279943
400,2,121.55,10220.35,13410.05,939.19,605.92,1644.586953
400,2,122.44,11179.38,13756.69,520.58,447.73,1609.009535
400,2,145.84,12828.82,16004.33,790.73,649.55,1735.237773
400,2,137.69,11235.47,15078.57,1314.53,866.29,1662.285380
400,2,118.79,8931.32,12482.85,1395.52,781.48,1374.536676
400,2,172.22,16896.16,20357.60,874.11,712.24,1875.098761
400,2,189.85,15911.06,20281.83,1146.92,838.12,2385.734907
400,2,137.62,12513.05,16163.89,1163.07,727.45,1760.315202
400,2,143.03,12632.17,16469.82,1428.32,785.67,1623.654537
400,2,180.07,16696.98,20153.29,833.69,593.94,2028.678525
400,2,188.83,15235.97,19807.10,1549.35,823.27,2198.498300
400,2,184.33,15243.40,19517.56,1467.36,771.69,2035.114618
400,2,148.63,11866.32,16043.10,1513.22,788.14,1875.415893
400,2,204.03,19078.15,23339.64,1399.58,770.69,2091.215154
400,2,169.42,14535.66,18308.90,1147.09,697.02,1929.139212
400,2,126.35,10686.18,14115.72,989.07,975.16,1465.305941
400,2,193.32,18365.04,22247.65,1043.66,662.04,2176.901541
400,2,146.38,12724.41,16382.23,1225.56,766.85,1665.407184
400,2,151.26,12748.76,17020.29,1601.40,880.41,1789.721453
400,2,136.38,12387.77,16074.74,1209.71,704.75,1772.511283
400,2,152.05,11898.57,16114.48,1521.20,796.66,1898.047355
400,2,146.84,14678.64,17731.30,695.30,669.07,1688.291824
400,2,142.38,12704.09,16197.92,788.93,780.93,1923.975022
400,2,147.84,12998.50,16676.08,1163.09,753.63,1760.865408
400,2,175.01,16311.78,20896.15,1646.17,876.37,2061.833963
400,2,132.26,12089.35,15452.29,1284.25,724.70,1353.991516
400,2,151.48,13063.16,16997.32,1198.51,695.24,2040.403475
400,2,170.61,14122.24,17581.48,953.30,511.50,1994.442840
400,2,142.71,13313.48,16481.63,1045.71,637.89,1484.551591
400,2,148.82,12846.17,16040.84,1026.44,628.57,1539.659342
400,2,134.24,12277.94,15373.68,767.07,658.49,1670.180474
400,2,129.23,13516.62,16089.09,656.35,418.40,1497.717524
400,2,152.16,13594.21,18118.20,1456.24,884.21,2183.543624
400,2,129.86,11887.56,15243.49,1118.09,764.22,1473.614374
400,2,106.08,10884.47,13217.33,355.34,500.12,1477.407719
400,2,197.89,17806.55,21983.93,1130.50,795.03,2251.849160
400,2,104.35,10486.69,13097.18,660.98,521.33,1428.176978
400,2,141.32,13352.51,16768.15,813.98,656.17,1945.497305
400,2,201.79,18857.95,22760.50,1098.27,821.68,1982.599965
400,2,105.79,11160.15,13687.32,716.41,536.82,1273.940493
400,2,151.84,14517.05,17447.02,656.30,601.05,1672.623107
400,2,149.07,11615.59,15222.92,1042.21,701.33,1863.788174
400,2,146.85,13587.95,16833.87,1013.12,601.69,1631.108458
400,2,177.11,14055.05,17998.19,1211.82,644.91,2086.410992
400,2,174.39,16209.36,19844.43,674.83,548.53,2411.716329
400,2,151.16,14044.99,17034.56,537.18,525.86,1926.524937
400,2,166.95,14012.97,18296.23,1441.96,861.31,1979.988151
400,2,181.56,16808.13,21198.04,1521.93,909.75,1958.237558
400,2,133.59,11625.94,14913.79,949.00,704.27,1634.582423
400,2,185.41,15929.70,19418.95,964.85,699.30,1825.101319
400,2,161.75,13802.08,18335.79,1497.51,896.24,2139.950583
400,2,121.07,10744.80,14314.49,1276.68,868.69,1424.316277
400,2,140.39,14546.63,17247.09,809.57,565.91,1324.979961
400,2,148.51,13503.61,17180.97,1025.75,765.17,1886.448724
400,2,176.06,15265.68,19861.00,1709.20,876.80,2009.320252
400,2,153.68,13211.41,16664.42,986.93,615.80,1850.275586
400,2,190.29,18107.00,22068.29,1170.88,748.49,2041.912007
400,2,174.72,16702.17,20529.33,968.43,785.87,2072.865849
400,2,122.89,11905.53,14765.48,757.77,786.15,1316.020685
400,2,209.63,17242.10,21659.37,1303.70,748.37,2365.212769
400,2,172.87,16817.57,19665.72,549.03,551.30,1747.813652
400,2,106.76,10323.17,13296.35,631.80,680.30,1661.089031
400,2,214.44,18894.61,23293.27,1250.38,840.29,2307.985669
400,2,149.76,13487.54,16669.29,986.01,649.62,1546.119779
400,2,138.30,11587.14,14808.56,945.99,649.80,1625.628467
400,2,197.69,16813.19,20633.97,1090.76,604.56,2125.454264
400,2,210.02,19796.86,23554.56,882.17,675.47,2200.068356
400,2,164.35,15396.11,18466.56,805.43,588.63,1676.383229
400,2,169.88,14202.01,18031.61,1021.24,848.83,1959.523532
400,2,191.18,16774.14,20675.28,1083.46,675.67,2142.012263
400,2,164.82,14795.17,19164.18,1632.97,962.07,1773.970779
400,2,121.88,10132.46,13451.91,916.80,599.89,1802.763427
400,2,130.21,12053.73,14795.43,577.16,534.75,1629.786367
400,2,158.21,14570.47,17703.21,828.85,555.24,1748.650488
400,2,113.07,11097.54,13770.07,761.82,497.54,1413.171252
400,2,156.28,13664.49,17357.21,1149.91,707.90,1834.913168
400,2,167.90,16271.22,19819.49,1053.18,748.96,1746.132816
400,2,175.17,15990.67,19334.20,977.63,636.27,1729.633887
400,2,145.95,12159.78,15758.72,875.46,557.01,2166.466956
400,2,142.23,14073.74,17571.24,904.65,757.26,1835.594132
400,2,209.60,18923.89,23037.94,1266.67,782.95,2064.430699
400,2,191.19,17050.55,21837.08,1514.93,936.13,2335.463154
400,2,129.49,10757.24,14286.60,982.94,846.64,1699.776786
400,2,146.31,13280.24,17353.02,1420.86,935.52,1716.393401
400,2,132.16,10561.27,13872.91,1217.85,665.88,1427.920519
400,2,182.14,16697.74,20353.94,842.92,630.79,2182.482049
400,2,162.96,13880.73,17699.95,1318.00,727.40,1773.813596
400,2,137.12,10954.74,14499.73,1397.63,704.14,1443.217286
400,2,167.29,13181.33,17279.69,1487.26,778.67,1832.424321
400,2,177.90,16067.31,20599.38,1386.44,783.58,2362.047379
400,3,223.48,17825.84,23003.97,1650.29,1070.56,2457.268975
400,3,247.31,18440.00,24080.81,1696.07,984.41,2960.330047
400,3,299.37,23194.42,28452.37,1393.26,880.91,2983.768201
400,3,198.53,16040.75,20887.55,1700.17,938.74,2207.886577
400,3,310.41,22902.65,29494.28,1747.38,1299.40,3544.843032
400,3,244.30,21505.57,26056.59,985.26,765.96,2799.784640
400,3,277.16,24012.28,29724.92,1636.08,978.87,3097.698415
400,3,261.90,20587.79,26799.55,1937.24,1168.49,3106.031656
400,3,255.51,18167.62,23683.55,1576.25,968.27,2971.400844
400,3,213.33,16881.33,21684.37,1200.51,868.95,2733.587012
400,3,290.63,24830.70,29696.49,1235.52,970.11,2660.156535
400,3,180.74,13084.25,17939.54,1658.47,1051.15,2145.669700
400,3,233.27,17435.55,23017.78,2044.93,1090.44,2446.845374
400,3,267.90,21470.15,27204.71,1673.22,1134.74,2926.604414
400,3,184.13,11864.51,18030.33,2520.45,1388.63,2256.740595
400,3,300.73,25378.63,31527.53,1812.33,1062.38,3274.185608
400,3,315.57,24279.48,30941.57,1755.12,1117.11,3789.863473
400,3,244.80,18931.91,24258.27,1580.01,1013.02,2733.326768
400,3,216.62,17804.72,22731.18,1395.44,926.59,2604.417929
400,3,278.09,23727.84,29296.50,1315.01,1284.79,2968.863581
400,3,276.29,21276.37,27535.80,1872.57,1074.83,3312.024286
400,3,312.52,25788.32,31601.64,1547.11,1128.94,3137.276356
400,3,284.54,23111.46,28700.01,1670.24,1112.49,2805.815586
400,3,221.75,17016.43,21875.83,1262.99,783.67,2812.741788
400,3,239.74,19524.28,24956.04,1570.29,1222.83,2638.633912
400,3,254.61,20661.57,26272.51,1900.57,1092.57,2617.803961
400,3,281.22,22056.30,27344.41,1451.29,902.61,2934.220582
400,3,294.77,23453.11,30102.95,2285.85,1422.43,2941.567273
400,3,263.91,22152.17,28019.30,1791.64,1102.62,2972.871266
400,3,231.07,19213.48,24004.50,1094.58,897.68,2798.760476
400,3,239.94,17455.00,23727.68,2132.36,1263.20,2877.119077
400,3,226.19,19812.34,24496.16,1063.76,862.48,2757.575696
400,3,262.00,23282.33,28005.87,981.57,750.90,2991.066755
400,3,254.37,21519.01,26384.29,1123.91,867.97,2873.398048
400,3,252.69,22444.72,27797.01,1496.79,1013.36,2842.140094
400,3,241.91,20548.03,24818.75,1225.66,821.64,2223.418129
400,3,245.05,17788.15,24459.62,2307.77,1310.39,3053.316291
400,3,208.93,18094.40,22969.45,1347.06,908.56,2619.421581
400,3,218.01,17797.93,22690.28,1217.73,898.40,2776.214283
400,3,224.19,19403.71,22936.73,434.96,617.30,2480.765998
400,3,208.99,14293.51,19698.87,2014.04,951.25,2440.071982
400,3,195.51,15327.55,20325.62,1641.63,1070.34,2286.108137
400,3,247.74,19167.10,26105.02,1962.43,1277.44,3698.051413
400,3,218.33,20061.89,24841.52,1410.24,978.86,2390.514391
400,3,180.21,15328.36,19681.77,1163.98,881.60,2307.826616
400,3,304.67,23286.77,29347.12,1696.65,1076.87,3286.830388
400,3,190.80,16029.14,20729.66,1480.44,1038.77,2181.315377
400,3,258.90,19371.70,24793.95,1269.18,880.64,3272.432233
400,3,263.38,18833.94,25319.23,2293.32,1183.86,3008.095001
400,3,199.69,15880.48,20518.12,1246.75,1025.94,2364.952788
400,3,236.69,20981.87,26227.68,1602.44,953.68,2689.687793
400,3,341.63,27974.76,33543.55,1576.48,1039.76,2952.543091
400,3,242.24,17259.66,23456.25,2071.36,1202.22,2923.015371
400,3,234.75,17177.82,22770.53,1665.84,903.24,3023.629999
400,3,257.88,20145.13,26138.65,1775.12,1133.61,3084.792282
400,3,252.83,21584.60,26584.91,1404.05,967.91,2628.353766
400,3,265.79,19398.47,26216.83,2052.01,1212.42,3553.937972
400,3,259.97,19735.88,25429.53,1639.62,1013.65,3040.382981
400,3,295.41,24547.60,29605.29,1392.12,920.67,2744.901055
400,3,228.00,19367.96,24148.24,1197.76,894.51,2688.013059
400,3,256.69,18274.58,25004.72,2042.71,1279.32,3408.109926
400,3,263.14,22357.29,27375.53,1256.59,902.96,2858.688292
400,3,215.55,16638.34,22029.77,2008.05,1160.42,2222.962255
400,3,243.78,19091.27,24596.10,1693.37,1028.58,2782.887638
400,3,255.91,21711.99,26620.91,1406.92,895.52,2606.482243
400,3,260.50,23330.44,28299.74,1118.30,1051.43,2799.562242
400,3,277.61,20532.20,26383.46,1809.28,1155.71,2886.272389
400,3,269.68,21796.63,27046.31,1161.58,823.70,3264.397822
400,3,235.97,19505.02,25266.80,1951.62,1106.38,2703.773987
400,3,275.17,20945.87,27663.54,2132.50,1136.06,3449.107944
400,3,175.70,14416.98,19011.63,1279.83,953.18,2361.640211
400,3,266.36,20669.37,26400.21,1672.74,1037.92,3020.177975
400,3,315.24,28523.37,33513.63,1140.63,908.28,2941.352337
400,3,245.09,18816.75,24376.97,1893.64,1006.24,2660.338193
400,3,223.15,17961.65,23815.27,1905.92,1268.37,2679.321921
400,3,252.99,20099.61,26585.50,2323.93,1240.97,2920.983546
400,3,243.41,19398.73,25046.96,1823.16,909.56,2915.503975
400,3,270.07,22212.78,27491.68,1224.53,877.49,3176.870259
400,3,314.78,23511.45,30015.92,1947.16,1310.73,3246.575245
400,3,276.34,22081.71,27835.68,2021.36,1066.66,2665.954683
400,3,224.09,17153.48,23074.62,1973.21,1027.06,2920.872388
400,3,266.53,22617.95,28182.34,1812.83,1085.72,2665.838411
400,3,191.57,17298.86,21120.83,922.45,725.46,2174.060707
400,3,234.59,20669.16,25005.77,879.85,702.35,2754.410233
400,3,147.44,12959.11,16755.70,950.61,680.94,2165.045546
400,3,298.33,23837.78,29402.91,1646.20,1045.64,2873.290485
400,3,193.91,16334.72,20468.26,1125.36,862.87,2145.310238
400,3,226.89,18732.56,23878.47,1581.71,995.00,2569.203029
400,3,190.13,15373.91,20634.14,1450.08,949.86,2860.292583
400,3,284.82,23506.33,28902.60,1374.36,893.20,3128.705678
400,3,282.38,22772.97,29138.10,1838.80,1227.20,3299.130564
400,3,274.67,21102.97,27178.77,1634.93,1093.72,3347.145659
400,3,252.57,21087.36,26004.95,1099.57,917.66,2900.354779
400,3,256.36,20395.39,25547.11,1147.11,905.54,3099.070633
400,3,212.99,16999.75,21954.56,1732.92,1033.43,2188.467769
400,3,264.92,22563.73,28293.28,1421.06,1006.29,3302.190457
400,3,223.87,18402.24,22848.61,849.58,615.16,2981.637846
400,3,192.65,14687.98,19710.85,1720.45,1109.23,2193.176048
400,3,225.39,17851.42,23668.05,1857.48,966.52,2992.634632
400,3,255.66,20162.24,25894.75,1305.47,921.92,3505.103605
400,4,300.40,21121.79,28541.72,2685.40,1288.01,3446.518554
400,4,346.77,25909.60,33478.24,2352.93,1398.91,3816.804618
400,4,369.70,25641.68,33034.20,2369.38,1311.21,3711.931625
400,4,307.27,23759.51,30508.68,2303.87,1464.48,2980.814934
400,4,400.41,30823.41,39104.05,1896.31,1480.34,4903.982518
400,4,313.87,24251.85,31208.34,1623.85,1223.92,4108.711832
400,4,369.35,26905.26,35409.47,2707.34,1516.46,4280.404311
400,4,287.92,20297.54,27283.36,1777.45,1077.49,4130.875406
400,4,266.42,21408.74,27157.26,1318.09,1030.60,3399.831101
400,4,339.89,24780.56,32053.97,2020.46,1231.10,4021.850656
400,4,345.18,25399.25,32633.46,2136.00,1272.92,3825.284211
400,4,244.54,19289.43,24949.80,1760.24,1193.66,2706.457977
400,4,324.22,26337.67,34906.38,3490.45,1854.36,3223.911031
400,4,281.49,17952.66,26508.85,3158.99,1651.19,3746.012922
400,4,243.06,18225.26,24636.24,2080.01,1226.53,3104.435232
400,4,376.07,26577.86,34519.16,2621.97,1349.25,3970.081226
400,4,386.37,26668.05,35560.43,3072.16,1609.78,4210.441943
400,4,314.94,22451.73,29991.36,2400.69,1612.10,3526.849420
400,4,431.61,34210.00,41583.07,2332.73,1383.30,3657.041091
400,4,246.77,17538.54,23991.64,1701.28,1238.27,3513.556089
400,4,375.98,29766.65,36838.48,1688.78,1158.41,4224.639357
400,4,323.53,22057.43,29958.72,2441.37,1550.50,3909.425611
400,4,323.49,25181.00,31745.82,1730.52,1250.77,3583.524019
400,4,335.39,24201.82,30773.80,1753.01,1206.48,3612.491084
400,4,314.96,23856.30,31459.37,2332.90,1532.56,3737.605443
400,4,331.52,24012.95,31029.20,2055.94,1333.65,3626.662095
400,4,350.32,26347.49,33368.81,1951.56,1382.62,3687.134090
400,4,283.93,22554.49,28585.63,1319.06,1080.18,3631.894436
400,4,327.87,28005.09,35158.23,1950.13,1274.41,3928.601134
400,4,385.97,30042.96,36847.47,1710.25,1338.69,3755.560915
400,4,308.22,21622.24,29149.78,2443.11,1498.01,3586.430968
400,4,335.78,26119.34,32796.49,1807.71,1115.34,3754.095855
400,4,289.96,20877.93,27889.97,1795.59,1170.17,4046.279290
400,4,317.99,25940.00,33650.74,2652.39,1435.35,3622.995834
400,4,349.69,23466.36,32014.48,2596.66,1396.31,4555.147117
400,4,253.44,18881.00,25080.72,1941.83,1274.99,2982.892085
400,4,411.54,32807.39,40351.02,2360.38,1240.63,3942.627039
400,4,299.19,20748.47,28940.02,3026.59,1932.80,3232.158372
400,4,300.44,22432.09,29374.14,2047.40,1307.14,3587.509858
400,4,301.37,22922.56,29193.41,1895.12,1236.89,3138.837023
400,4,303.28,23381.86,28976.85,1087.81,1000.95,3506.227899
400,4,246.42,18690.65,24790.39,2288.53,1194.59,2616.619636
400,4,397.20,26742.98,35810.68,2896.79,1410.10,4760.815118
400,4,335.09,25036.84,32500.67,2584.84,1437.41,3441.574370
400,4,223.27,16106.10,22260.22,2050.07,1200.29,2903.758185
400,4,343.79,24012.73,32762.60,2841.90,1602.08,4305.890974
400,4,280.31,21609.60,27908.12,2080.92,1325.06,2892.539864
400,4,380.53,26195.25,34338.84,2571.81,1403.35,4168.425687
400,4,440.03,33137.77,41382.20,2649.12,1521.31,4074.004375
400,4,264.15,17196.10,24510.93,2304.46,1401.65,3608.722100
400,4,367.65,25531.48,33428.99,2723.76,1550.78,3622.959209
400,4,298.55,22824.02,29201.06,1610.38,1156.27,3610.392482
400,4,356.82,28762.79,35737.64,2346.60,1347.56,3280.690052
400,4,396.42,27284.32,36142.82,3179.01,1656.92,4022.572833
400,4,309.34,22728.69,29767.74,2122.20,1275.65,3641.195591
400,4,322.73,22802.76,30204.01,2383.42,1568.72,3449.107282
400,4,365.55,30275.87,36550.83,1130.23,895.32,4249.407695
400,4,347.05,26934.96,33741.48,1842.23,1111.88,3852.410773
400,4,323.88,24067.74,31386.16,2318.70,1448.43,3551.291840
400,4,331.98,26526.43,32886.34,1560.20,1225.89,3573.826744
400,4,319.25,22519.86,30094.88,1921.27,1288.71,4365.044614
400,4,344.91,26744.10,33029.48,1371.42,1125.02,3788.942264
400,4,305.82,26351.78,32573.13,1845.94,1206.21,3169.189960
400,4,351.84,27723.55,34930.50,2142.58,1294.77,3769.599323
400,4,342.96,26328.16,33009.83,1910.18,1220.01,3551.483511
400,4,331.11,24464.86,32006.05,2035.12,1804.59,3701.492242
400,4,327.58,25467.10,33150.17,2607.33,1364.43,3711.311111
400,4,367.64,26587.32,34548.58,2224.41,1508.71,4228.133458
400,4,354.46,26794.60,35356.95,2807.94,1759.29,3995.130330
400,4,349.69,25351.51,33490.63,2205.88,1579.31,4353.940499
400,4,282.67,18965.62,26317.21,2362.73,1494.93,3493.929948
400,4,304.42,21830.59,28383.03,1729.74,1266.36,3556.344462
400,4,378.30,29177.51,35859.78,1389.44,1079.24,4213.600069
400,4,291.72,22201.09,28119.61,1405.58,1038.97,3473.968287
400,4,309.43,23637.22,30848.05,2096.00,1412.17,3702.655316
400,4,389.26,29277.72,37385.83,2535.62,1552.08,4020.416186
400,4,433.32,33632.34,41154.80,2014.47,1361.51,4146.481405
400,4,334.29,23936.41,31147.77,2103.26,1346.50,3761.599377
400,4,352.26,27249.35,34517.02,1689.06,1544.10,4034.511870
400,4,335.01,24465.74,32304.58,2618.71,1580.39,3639.735340
400,4,353.48,27240.58,34860.86,2108.26,1235.66,4276.368501
400,4,314.56,23490.04,31974.20,3458.12,1497.75,3528.296420
400,4,361.57,27607.52,34304.95,2154.54,1422.71,3120.182830
400,4,284.05,22496.76,28190.75,1574.21,934.87,3184.904344
400,4,235.37,22059.54,26745.75,1252.60,828.23,2605.377589
400,4,333.02,24122.02,31347.28,2423.58,1397.96,3403.724494
400,4,282.73,23917.16,29074.36,1070.45,1031.53,3055.223641
400,4,353.81,25039.30,32933.00,2666.96,1432.10,3794.644392
400,4,339.12,25190.46,32639.11,2296.52,1279.86,3872.261916
400,4,346.90,27055.63,34453.12,2030.92,1464.24,3902.334712
400,4,370.31,25793.59,33746.90,2217.83,1305.07,4430.416793
400,4,383.90,29637.41,37269.98,1787.68,1480.21,4364.676751
400,4,284.31,22775.13,29418.56,1607.07,1208.56,3827.802019
400,4,429.99,32633.36,41253.94,2847.22,1570.69,4202.664039
400,4,226.34,16379.52,22422.83,2156.82,1230.28,2656.208250
400,4,316.00,23923.97,30616.16,1608.85,1015.65,4067.688886
400,4,312.14,27478.45,34435.14,2309.91,1277.23,3369.554008
400,4,262.62,21058.49,26315.91,1569.70,1034.53,2653.183496
400,4,278.45,19099.53,26811.10,2536.37,1404.13,3771.070138
400,4,386.26,28702.68,37475.66,2639.78,1626.82,4506.375640
400,5,459.52,34197.17,42862.71,2560.06,1747.69,4357.790613
400,5,473.48,35527.61,44258.75,2416.41,1567.25,4747.481893
400,5,413.71,27614.95,37627.52,3609.60,1975.56,4427.417576
400,5,269.23,17441.66,25525.45,2953.51,1760.23,3370.042947
400,5,350.23,23488.70,33794.89,3311.40,1695.88,5298.913020
400,5,344.22,24712.19,33327.21,2389.86,1561.12,4664.048397
400,5,371.83,26684.06,35318.98,2485.30,1390.35,4759.271362
400,5,506.21,36538.33,46120.99,2939.53,1816.44,4826.687721
400,5,439.75,28911.08,39041.62,3532.65,2026.02,4571.867781
400,5,360.30,24399.17,32875.24,2364.85,1713.24,4397.985686
400,5,390.67,27160.64,36598.88,3197.99,1811.20,4429.056342
400,5,361.59,24834.48,33371.41,3178.83,1834.32,3523.771535
400,5,345.39,27459.24,35140.54,1944.99,1617.03,4119.273566
400,5,336.81,23982.13,32806.93,2516.98,1483.76,4824.058293
400,5,383.10,28247.23,36944.42,2962.26,1732.97,4001.959150
400,5,506.11,35467.18,45062.20,2868.87,1763.51,4962.640095
400,5,455.66,32591.19,41481.81,2458.37,1306.50,5125.742675
400,5,305.87,20177.93,28830.27,2359.27,1867.88,4425.175218
400,5,421.20,28363.14,38386.55,3652.98,2003.21,4367.215908
400,5,460.78,33536.14,42210.82,2332.97,1556.92,4784.784174
400,5,467.84,35950.84,45126.55,2614.60,1568.01,4993.099442
400,5,409.92,27361.92,37139.18,3551.47,1722.60,4503.187742
400,5,335.56,24116.40,32826.93,2337.63,1550.54,4822.365513
400,5,442.11,30543.11,39479.77,2788.17,1622.04,4526.444888
400,5,413.23,29529.40,38552.75,2632.05,1733.58,4657.722284
400,5,394.68,27062.46,36671.23,3420.29,1838.19,4350.288638
400,5,376.82,23892.21,33839.71,3640.24,1837.18,4470.085888
400,5,473.83,35486.21,45382.77,2843.33,1856.02,5197.206385
400,5,424.74,33687.83,42090.33,2140.73,1575.79,4685.969976
400,5,434.22,30710.92,40061.33,3009.37,1662.89,4678.153748
400,5,293.21,21630.42,29018.17,2169.56,1577.49,3640.701809
400,5,394.86,27911.05,37344.21,3030.06,1886.62,4516.473555
400,5,477.71,34289.44,44052.65,2947.33,1832.94,4982.929901
400,5,329.17,23138.99,31970.20,2560.96,1609.02,4661.234341
400,5,486.97,36381.70,45362.79,2248.68,1607.13,5125.272790
400,5,320.13,23104.33,30498.12,2283.05,1605.39,3505.347626
400,5,443.49,30228.31,39729.22,3021.50,1758.81,4720.597162
400,5,353.25,26349.06,34495.53,2453.88,1549.89,4142.701802
400,5,376.58,28123.22,36719.13,2740.65,1695.34,4159.918885
400,5,335.81,22168.38,30955.53,3114.27,1735.47,3937.410172
400,5,417.63,33346.66,40230.04,1990.37,1224.48,3668.529517
400,5,393.32,27425.36,35888.96,3138.79,1835.86,3488.945503
400,5,496.99,32215.99,43877.18,3871.29,2198.96,5590.939200
400,5,393.44,27584.10,38252.52,4131.39,2014.83,4522.187827
400,5,393.94,27788.42,36726.96,2718.42,1912.45,4307.672453
400,5,495.67,35003.60,44313.34,2358.14,1606.82,5344.780319
400,5,372.96,25158.90,33391.74,2618.54,1730.83,3883.475215
400,5,436.12,29543.89,38323.42,2249.30,1732.21,4798.012312
400,5,458.03,32861.50,43212.30,3327.64,1892.19,5130.962431
400,5,352.97,27390.88,35268.16,2336.93,1733.40,3806.960438
400,5,376.61,24360.31,33887.50,3274.41,1893.97,4358.811793
400,5,356.06,25931.44,33132.88,1770.07,1347.86,4083.508853
400,5,309.33,21455.74,29618.44,2286.62,1484.27,4391.813987
400,5,412.99,31483.46,40216.37,2934.07,1702.12,4096.718484
400,5,471.31,33999.09,42075.53,2191.11,1385.98,4499.349686
400,5,372.44,26644.82,35150.61,2500.48,1447.35,4557.959360
400,5,339.64,23350.89,31279.44,1969.18,1497.51,4461.854087
400,5,515.36,34858.90,44162.31,2847.73,1732.70,4722.989491
400,5,342.16,24324.63,32486.86,2345.91,1973.53,3842.794962
400,5,378.06,25975.57,34705.99,2555.21,1820.34,4354.869835
400,5,414.70,28422.22,38305.18,3151.16,1879.56,4852.230711
400,5,386.05,27644.32,36821.07,2453.75,1757.69,4965.307911
400,5,352.11,28080.11,34914.56,1814.54,1366.16,3653.755770
400,5,318.66,20971.97,30085.66,3010.74,2101.64,4001.319260
400,5,311.23,23307.86,31761.26,2532.50,1808.37,4112.531659
400,5,351.68,24081.38,33129.07,2738.88,2089.87,4218.937415
400,5,469.95,30922.13,41194.06,3440.59,1905.33,4926.002186
400,5,400.92,27398.67,37568.40,3233.25,1953.07,4983.412385
400,5,424.61,28345.96,38092.16,3034.79,1774.42,4936.991374
400,5,433.11,30463.70,39365.99,2015.28,1474.22,5412.795572
400,5,396.92,25315.66,36589.79,4912.68,2069.64,4291.802236
400,5,424.87,32152.95,40632.45,2463.36,1563.40,4452.744365
400,5,479.81,36522.88,45131.14,2164.28,1630.74,4813.240678
400,5,365.43,27998.31,36101.63,2260.81,1431.32,4411.205646
400,5,378.82,24198.71,33662.26,2924.08,1724.86,4814.620116
400,5,383.19,25454.44,34877.56,2905.14,1786.17,4731.819528
400,5,348.57,26393.50,34121.21,1873.49,1136.17,4718.049162
400,5,405.01,31826.48,39308.67,2088.98,1259.31,4133.894292
400,5,434.08,31073.08,40088.76,2545.12,1563.54,4907.016132
400,5,391.61,24363.23,34527.57,3640.88,1955.56,4567.900476
400,5,391.89,25772.93,34589.53,2690.22,1596.69,4529.688343
400,5,387.20,29897.09,38116.29,2596.85,1580.58,4041.763543
400,5,410.15,27543.35,36335.66,2761.31,1864.38,4166.630743
400,5,336.30,25437.50,32704.01,2111.78,1366.71,3788.022842
400,5,361.86,28570.55,36142.15,2808.76,1470.41,3292.422838
400,5,351.89,28615.00,35741.76,1418.12,1372.51,4336.126799
400,5,368.37,23490.09,32366.20,2940.63,1653.23,4282.242875
400,5,384.00,26234.12,36057.94,3661.17,1910.04,4252.612535
400,5,383.62,28042.51,36030.87,2298.50,1457.02,4232.840495
400,5,385.44,26604.87,35474.40,2914.51,1619.47,4335.536539
400,5,403.61,30057.33,37887.11,1828.93,1466.08,4534.770633
400,5,389.21,24687.47,35279.78,3193.79,2103.79,5294.714021
400,5,421.24,31896.99,40099.70,1944.79,1469.18,4788.733722
400,5,432.20,29858.48,40340.18,3278.36,2043.12,5160.221538
400,5,340.45,23617.40,32112.07,3088.69,1646.87,3759.113913
400,5,450.27,32610.29,41580.31,2429.70,1488.90,5051.427522
400,5,290.49,22406.68,29024.23,1822.09,1247.60,3547.862631
400,5,375.82,24890.85,33844.72,2934.97,2034.82,3984.081324
400,5,377.53,24202.34,33821.07,3710.25,2040.66,3867.819471
400,5,323.45,22453.16,31437.72,2658.16,1585.91,4740.485504
400,6,439.65,29871.77,40783.41,3529.51,2257.43,5124.700203
400,6,548.45,39948.56,50116.93,2646.16,2045.79,5476.427875
400,6,548.76,35586.49,47065.33,3978.13,2015.13,5485.583918
400,6,421.56,26996.40,38401.95,4656.14,2492.78,4256.623849
400,6,487.71,33522.89,45146.19,3597.25,1909.62,6116.430473
400,6,485.13,36037.92,46610.68,3646.83,1904.39,5021.533650
400,6,468.19,33801.11,44804.38,3255.51,1958.98,5788.786906
400,6,456.05,34236.52,43596.53,2547.75,1484.95,5327.313045
400,6,421.34,27403.21,38840.26,3892.40,2588.01,4956.642471
400,6,509.78,35900.45,47157.61,4035.27,2189.98,5031.910598
400,6,421.28,30968.59,39934.32,2632.07,1498.54,4835.133138
400,6,424.52,30799.61,40487.22,3020.52,1947.57,4719.517014
400,6,453.08,33192.87,43423.10,3002.83,1929.01,5298.387134
400,6,521.31,35476.45,46931.70,3128.68,2179.50,6147.079336
400,6,399.96,26672.47,36419.61,2799.11,1790.59,5157.445303
400,6,558.08,37161.78,48549.66,3760.32,2216.53,5411.044976
400,6,578.82,40646.28,52020.30,3247.77,2091.44,6034.823295
400,6,358.66,24846.33,34525.85,2580.88,1857.01,5241.615140
400,6,404.43,29349.55,40205.26,3625.65,2294.98,4935.087945
400,6,402.14,25982.78,36905.34,3319.49,2046.01,5557.069977
400,6,466.29,33130.75,43205.71,2616.96,2098.00,5360.000436
400,6,479.25,32763.76,43762.34,3839.16,2324.00,4835.416653
400,6,381.24,24083.15,34917.93,3286.44,2200.95,5347.389070
400,6,499.57,35018.81,47462.22,4805.09,2631.74,5006.581414
400,6,513.73,38658.55,48218.10,2496.72,1722.19,5340.644889
400,6,420.63,29148.06,38330.71,2723.19,1605.67,4853.804646
400,6,429.85,28114.30,38867.88,3865.02,2238.28,4650.275032
400,6,442.86,31581.57,42397.58,3021.91,1963.05,5831.049709
400,6,437.34,28693.16,39300.62,3698.08,1981.92,4927.466355
400,6,371.84,28738.45,37138.08,2061.12,1727.35,4611.155888
400,6,392.71,26249.45,36768.33,3284.68,2278.90,4955.297558
400,6,386.71,27111.47,36055.73,2578.79,1587.33,4778.142308
400,6,480.52,29897.46,42251.41,4251.01,2467.35,5635.594752
400,6,487.67,32945.63,44252.49,3694.17,2283.54,5329.143880
400,6,546.14,38553.84,49263.27,3552.02,2076.38,5081.027814
400,6,406.87,28751.70,37609.29,2658.91,1843.37,4355.311747
400,6,464.09,32260.62,43035.52,3446.83,1930.85,5397.226199
400,6,473.06,34375.16,44276.62,2757.22,1854.93,5289.301030
400,6,468.63,35277.03,44198.34,2429.01,1590.67,4901.635944
400,6,378.93,25969.87,36311.06,3883.80,2206.05,4251.338975
400,6,414.57,30248.89,39480.50,3124.84,1941.14,4165.633787
400,6,381.34,24727.09,34102.25,3381.23,1932.03,4061.894774
400,6,503.74,30052.25,42827.05,4007.87,2482.80,6284.133985
400,6,410.96,26184.57,37869.24,4204.79,2376.08,5103.800492
400,6,387.28,30648.51,38954.49,2163.16,1764.49,4378.324639
400,6,480.37,33904.92,43885.37,2524.17,1604.40,5851.878197
400,6,416.73,28648.89,38153.70,3034.00,1854.49,4616.324674
400,6,517.31,33625.46,44364.86,3327.80,1936.17,5475.423179
400,6,574.56,38400.20,51181.31,4499.29,2243.48,6038.334823
400,6,325.46,19442.15,29797.78,4051.46,2042.91,4261.255971
400,6,519.09,33459.22,44875.66,3942.04,2196.96,5277.450221
400,6,463.51,36534.25,45570.74,2307.67,1806.20,4922.623705
400,6,445.02,32484.54,42025.00,2806.96,1735.01,4998.483200
400,6,419.91,29858.81,40353.36,3558.35,2000.96,4935.243179
400,6,471.78,35764.23,46586.23,3129.87,2021.31,5670.823339
400,6,485.32,32604.22,43178.51,3594.01,2099.67,4880.619642
400,6,517.45,36416.10,47124.36,3447.99,2152.22,5108.045609
400,6,551.38,38560.46,48741.25,2636.79,1887.42,5656.575975
400,6,345.95,25093.30,33807.51,2028.67,1876.98,4808.553281
400,6,497.47,33414.09,43636.85,3120.66,2216.57,4885.530712
400,6,493.31,34213.83,44954.72,2844.36,2078.49,5818.046437
400,6,492.87,35111.04,45001.91,2400.37,2020.22,5470.287876
400,6,319.19,23028.99,31571.09,2540.90,1588.64,4412.554585
400,6,441.99,30476.64,41364.88,3808.93,2140.68,4938.638000
400,6,337.21,21513.31,30676.10,3096.16,1738.24,4328.392191
400,6,449.76,29240.40,40169.95,3144.99,2193.06,5591.500552
400,6,539.77,37681.17,49034.53,3814.19,2012.15,5527.023469
400,6,487.38,33991.50,44954.93,3445.86,2017.35,5500.232022
400,6,495.61,34728.46,44404.74,2667.65,1889.21,5119.421365
400,6,479.46,32229.28,43163.39,3433.28,2152.82,5348.008981
400,6,413.42,27634.19,38745.18,4270.22,2404.04,4436.729911
400,6,416.62,29603.51,39636.30,2704.58,2064.82,5263.400367
400,6,389.11,25201.45,35102.01,2666.44,1751.55,5482.568577
400,6,503.34,37873.54,48973.56,3612.13,2189.53,5298.362359
400,6,430.32,31902.84,41321.25,2667.71,1644.38,5106.311490
400,6,464.64,30073.78,40578.28,3389.87,1762.49,5352.130944
400,6,373.86,27956.55,36528.94,2341.81,1571.07,4659.514018
400,6,449.30,30815.87,42054.09,4227.77,2490.59,4519.859227
400,6,509.91,34296.98,44999.27,3060.79,1954.89,5686.608165
400,6,390.54,24718.30,35671.35,3659.34,2052.52,5241.181290
400,6,390.72,28735.75,38139.06,2432.84,1786.21,5184.266705
400,6,408.72,27420.40,37558.56,3549.53,2040.26,4548.382548
400,6,404.40,28658.72,38589.87,3270.17,2112.10,4548.885182
400,6,342.09,22729.55,31759.99,2554.38,1873.54,4602.525241
400,6,315.42,18248.85,28519.71,3924.12,2537.39,3809.340476
400,6,476.79,34850.21,44382.78,2490.56,1795.63,5246.383542
400,6,347.87,21900.36,31781.45,3560.75,2017.85,4302.485602
400,6,419.70,29995.36,39577.16,2882.03,1986.59,4713.190853
400,6,445.42,28255.19,40926.68,5026.57,2591.64,5053.283886
400,6,422.73,35446.64,43498.49,1934.98,1327.34,4789.525703
400,6,448.57,32057.53,40923.99,2075.63,1445.96,5344.869159
400,6,467.73,32404.89,42417.97,2714.01,1845.35,5453.709252
400,6,482.91,33081.18,44058.78,3276.08,2256.91,5444.604612
400,6,464.98,32706.52,43550.92,3217.75,1770.96,5855.693130
400,6,331.75,22259.62,30660.78,2472.69,1693.90,4234.571764
400,6,465.07,32806.91,43705.26,3107.73,2237.51,5553.112176
400,6,395.78,29202.24,38350.60,2728.22,1822.19,4597.938370
400,6,410.24,30525.01,40245.34,3397.45,2153.35,4169.533043
400,6,455.18,27018.32,39560.61,4714.81,2613.23,5214.260125
400,6,485.89,35114.53,45584.03,3175.96,2190.11,5103.432058
400,7,466.74,30021.67,41057.93,3245.15,2114.86,5676.248061
400,7,564.14,39018.75,50245.24,3119.96,2314.35,5792.174810
400,7,407.74,23706.85,36972.16,4722.77,2645.39,5897.150346
400,7,450.35,30917.76,41239.81,3067.27,1964.46,5290.321311
400,7,594.60,39953.20,54004.77,4268.69,2467.56,7315.322848
400,7,414.60,23058.11,36572.83,5324.86,2869.33,5320.535485
400,7,572.53,38372.28,51746.24,4646.15,2480.32,6247.489858
400,7,599.69,44965.22,55724.05,2922.09,1795.30,6041.438600
400,7,483.71,29650.51,43036.27,5365.49,2946.87,5073.404454
400,7,405.82,27079.10,37564.57,3073.39,1941.87,5470.222058
400,7,437.13,29486.09,39532.31,2869.57,1774.22,5402.431527
400,7,469.88,33787.93,43366.70,2707.81,1858.21,5012.747223
400,7,447.73,31461.14,40960.55,2806.27,1724.04,4969.089641
400,7,496.63,32930.35,45325.02,3851.27,1898.51,6644.878844
400,7,440.50,28075.27,38929.16,3308.14,2258.13,5287.617786
400,7,548.04,34401.74,45864.68,3545.18,2331.94,5585.818176
400,7,573.00,37213.32,50009.25,3617.00,2345.18,6833.741860
400,7,456.95,32686.48,42753.58,2758.74,2090.80,5217.549542
400,7,405.34,23411.97,35697.79,4146.49,3036.32,5103.008116
400,7,477.41,30130.34,42994.64,4378.55,2457.39,6028.361177
400,7,519.30,32565.48,45787.96,4248.50,3114.04,5859.939805
400,7,527.85,33846.58,46928.77,4494.99,2400.28,6186.927047
400,7,526.12,35525.71,48227.67,4749.16,2531.95,5420.850557
400,7,450.25,27874.88,39105.81,3730.50,1982.19,5518.249121
400,7,520.95,32931.04,46392.90,4517.90,3267.74,5676.223768
400,7,581.28,40448.27,52775.84,3697.03,2592.83,6037.706430
400,7,579.93,38525.00,51332.66,3994.92,2905.86,5906.879979
400,7,483.73,28583.39,42359.91,4992.89,2773.53,6010.106274
400,7,477.33,30772.29,42443.09,3714.59,2352.04,5604.169279
400,7,612.63,39981.75,53003.17,4172.86,2815.01,6033.540367
400,7,441.43,28095.51,39569.01,3728.89,2279.36,5465.252047
400,7,416.62,26534.74,37200.07,3287.53,2002.47,5375.335174
400,7,477.16,33810.50,43955.89,2422.29,1916.16,5806.938161
400,7,551.61,37731.63,50243.11,4084.91,1945.44,6481.136380
400,7,484.69,33793.78,45494.22,3569.94,2072.74,6057.758908
400,7,460.70,29495.86,41176.45,4308.96,2677.07,4694.557074
400,7,502.36,33823.77,45217.42,3702.02,2099.50,5592.131892
400,7,509.63,37294.02,46997.70,2119.34,2038.43,5545.910219
400,7,416.34,26567.00,36763.23,2910.38,2192.53,5093.320577
400,7,374.69,24524.35,34481.73,3137.43,2087.51,4732.441477
400,7,430.46,30890.53,41194.23,3548.95,2060.52,4694.225314
400,7,358.98,23735.40,32678.44,2617.44,1797.96,4527.636546
400,7,585.72,35330.25,49591.68,4826.65,2833.98,6600.798328
400,7,626.23,41316.78,53647.59,4143.47,2413.84,5773.498645
400,7,388.25,24808.83,35555.21,3519.66,2179.24,5047.471081
400,7,487.10,37782.07,48163.98,1999.05,1542.24,6840.621954
400,7,460.90,28406.37,40503.16,3918.50,2622.86,5555.440935
400,7,536.34,37169.63,48604.15,3551.32,2032.98,5850.218504
400,7,516.86,30054.82,44161.10,5497.17,2623.50,5985.610751
400,7,441.83,24579.50,37981.98,5560.00,2680.91,5161.556119
400,7,442.53,28405.92,40006.75,3727.24,2599.12,5274.471882
400,7,488.37,33522.88,44473.36,3183.10,2148.78,5618.603521
400,7,492.67,36085.33,46272.94,3094.22,1874.05,5219.337079
400,7,496.16,33437.14,45708.73,4195.25,2240.30,5836.046063
400,7,466.49,32391.54,42786.98,2689.39,1836.01,5870.038696
400,7,515.72,35800.18,47928.19,4378.91,2364.85,5384.240422
400,7,481.37,33743.89,44544.39,2923.74,2126.98,5749.784428
400,7,580.67,41905.27,54612.51,4038.24,2441.10,6227.893995
400,7,564.68,38413.84,50849.99,4209.84,2505.86,5720.449156
400,7,538.52,38285.86,49147.56,3138.98,2248.28,5474.436459
400,7,562.48,39266.01,50389.68,3093.83,2011.17,6018.672639
400,7,490.24,32479.73,43973.75,3103.99,2398.01,5992.026470
400,7,433.64,29634.72,40513.75,3811.63,2310.49,4756.901545
400,7,581.34,41462.50,53769.10,3944.38,2385.96,5976.253290
400,7,454.38,28153.55,41076.18,5038.74,2650.18,5233.712276
400,7,607.71,39632.02,53115.49,4604.32,2845.52,6033.626119
400,7,611.09,41191.92,52256.17,3186.50,1867.35,6010.398003
400,7,633.58,43481.70,55914.51,4230.90,2413.13,5788.781223
400,7,447.52,30538.73,42797.17,3624.50,2542.52,6091.421550
400,7,434.90,28939.56,38895.35,2601.93,1830.59,5523.262028
400,7,512.55,33443.41,45508.88,3754.13,2358.04,5953.296690
400,7,531.24,36384.81,47969.65,3215.18,2383.42,5986.250714
400,7,463.65,31264.06,43618.83,4179.01,2555.15,5620.610326
400,7,422.81,31547.84,40042.44,1709.17,1498.87,5286.552427
400,7,513.11,34926.57,46361.44,4073.31,1985.43,5376.125456
400,7,549.12,35106.14,46943.03,4124.61,2246.65,5465.626835
400,7,419.27,28403.12,39200.43,3119.06,2192.43,5485.814547
400,7,550.31,40395.44,52008.52,3560.97,2472.66,5579.443701
400,7,569.08,35028.21,48732.47,4454.58,2361.76,6887.914059
400,7,446.03,30515.51,40835.92,2915.79,2082.63,5321.986424
400,7,509.08,38875.20,48262.15,2065.94,1753.66,5567.354046
400,7,416.62,25665.51,37602.97,3859.44,2569.83,5508.195646
400,7,569.25,41313.38,51979.34,3316.55,2078.29,5271.132907
400,7,459.85,31219.36,42644.10,4092.61,2579.02,4753.112794
400,7,429.02,31734.09,40649.52,2833.74,1794.18,4287.505000
400,7,545.52,37305.41,48996.12,3336.93,2410.32,5943.462021
400,7,423.56,27450.22,37764.90,3185.76,2353.20,4775.719288
400,7,557.92,38379.89,50184.44,3551.24,2292.32,5960.997025
400,7,475.41,30823.09,42936.39,4042.53,2335.85,5734.925240
400,7,447.81,29900.51,41443.17,3800.72,2096.50,5645.445185
400,7,508.17,36641.67,46819.48,1884.57,1806.94,6486.297965
400,7,466.32,30698.27,42084.00,2954.77,2195.45,6235.515412
400,7,491.82,32024.15,44375.54,3889.16,2375.24,6086.988722
400,7,535.38,34438.42,48219.28,4740.65,3054.21,5985.999249
400,7,476.30,28790.58,41732.18,5151.65,2758.10,5031.845244
400,7,531.44,37413.37,49270.08,3561.89,2328.76,5966.064474
400,7,459.75,34412.81,44372.48,3158.46,2220.21,4581.000861
400,7,414.49,28027.04,38435.86,3395.83,2317.50,4695.490286
400,7,513.17,32186.96,45594.90,4759.58,2477.95,6170.401780
400,7,454.18,31991.49,42975.43,2910.55,2083.07,5990.314418
400,8,457.37,29719.58,42398.21,4477.99,2627.23,5573.421178
400,8,558.21,36282.61,48896.55,3650.48,2658.52,6304.941266
400,8,422.62,27331.26,39852.93,4441.48,2382.27,5697.923058
400,8,565.60,38937.37,51318.13,4160.98,2533.41,5686.372361
400,8,540.48,35905.23,49797.36,4507.39,2718.45,6666.294274
400,8,535.16,33423.12,47963.44,5131.61,2856.18,6552.527619
400,8,479.35,30385.46,42863.39,3992.40,2355.87,6129.661008
400,8,519.20,34804.69,48785.17,4369.42,3018.06,6592.998305
400,8,500.52,32095.86,44799.68,4151.68,2828.83,5723.302438
400,8,398.57,24283.70,36499.30,3912.94,2503.25,5799.406325
400,8,416.91,28583.02,39756.32,3275.37,2224.75,5673.176919
400,8,393.35,25006.65,37836.78,4761.55,2870.09,5198.487814
400,8,397.73,22825.18,36260.86,4835.42,2630.28,5969.974484
400,8,386.29,22193.44,36185.48,5160.69,3070.73,5760.623754
400,8,511.94,32641.12,45181.46,4478.82,2630.45,5431.071141
400,8,525.02,32849.50,45325.37,4022.43,2537.95,5915.487392
400,8,601.65,39030.23,52914.49,4185.14,2761.40,6937.720264
400,8,545.94,31966.50,47538.41,6112.34,2905.46,6554.113513
400,8,510.26,32390.42,45481.13,5221.13,2714.54,5155.035473
400,8,459.48,28667.46,41349.82,4294.16,2543.26,5844.936583
400,8,600.25,41919.75,54450.07,3470.48,2439.31,6620.527830
400,8,521.81,34446.91,47807.70,4017.94,2753.07,6589.777041
400,8,526.71,31910.18,45480.55,5083.71,2656.51,5830.153936
400,8,486.46,28794.09,42817.91,5319.46,2956.45,5747.910067
400,8,524.04,35822.55,47784.42,3643.34,2361.33,5957.207751
400,8,652.96,42410.22,56992.80,5201.30,2901.61,6479.667543
400,8,571.41,39019.06,52549.44,4481.84,2793.50,6255.035841
400,8,508.43,30489.90,44564.46,4786.86,2773.81,6513.897211
400,8,601.78,40136.92,54473.03,4552.24,3248.83,6535.040276
400,8,571.51,39940.21,52719.94,4033.59,2654.78,6091.355407
400,8,471.22,32201.83,43665.05,3341.41,2340.25,5781.557145
400,8,465.23,27304.09,39812.13,4282.42,2588.85,5636.765949
400,8,581.58,38701.00,52482.70,4473.50,2979.77,6328.430424
400,8,542.63,33732.79,48963.80,5747.09,3179.19,6304.733911
400,8,553.38,38452.16,51384.01,4599.27,2429.06,5903.525018
400,8,480.55,31626.08,43547.39,3912.39,2736.15,5272.772410
400,8,488.75,31153.87,42921.45,3598.45,2070.79,6098.331545
400,8,662.70,44267.01,57312.72,4488.33,2315.44,6241.942101
400,8,486.89,32808.21,45494.80,4792.73,2712.42,5181.435470
400,8,507.05,32679.06,44766.10,4190.35,2524.52,5372.164783
400,8,294.97,18553.76,27599.72,2509.47,1834.94,4701.547169
400,8,583.40,41433.67,53472.06,4290.64,2651.49,5096.259257
400,8,687.41,43981.76,59846.46,5135.64,2641.23,8087.837912
400,8,538.86,34751.48,48383.61,4810.70,2900.54,5920.890193
400,8,374.97,24474.54,35933.83,3894.17,2384.19,5180.919757
400,8,518.87,32581.30,45377.50,3365.11,2312.67,7118.415867
400,8,479.12,30924.49,42632.37,3759.94,2558.53,5389.423992
400,8,491.43,29694.14,43215.37,4739.61,2542.98,6238.635781
400,8,635.52,40214.80,57833.20,6610.94,3562.81,7444.655048
400,8,520.16,32884.89,47143.06,5511.00,3272.18,5474.987607
400,8,488.76,27465.99,42195.42,5405.98,2998.97,6324.490847
400,8,547.88,36922.83,49525.55,3963.33,2733.47,5905.918848
400,8,475.18,29274.04,41907.84,4546.06,2673.65,5414.078054
400,8,405.37,29209.98,40140.15,3466.05,2056.92,5407.200742
400,8,498.95,36840.47,47426.16,2568.88,1902.52,6114.293444
400,8,619.88,44755.94,57755.99,4318.04,2526.77,6155.243568
400,8,488.43,31251.46,44217.45,4037.48,2502.74,6425.761221
400,8,444.60,25133.36,38741.96,4927.87,2929.45,5751.277473
400,8,495.96,31331.59,43284.53,3607.17,2517.70,5828.059764
400,8,613.17,41155.76,54750.37,5113.27,2837.79,5643.549839
400,8,533.80,34594.48,47043.66,3995.18,2312.56,6141.438782
400,8,548.20,34094.09,47310.25,4968.59,2578.14,5669.432544
400,8,455.84,29293.30,41816.29,4403.45,2752.96,5366.573530
400,8,537.31,35122.12,48909.67,4959.06,2878.82,5949.667727
400,8,493.94,27946.86,43426.93,6162.23,3401.26,5916.587685
400,8,602.60,39383.44,52224.86,3928.07,2714.01,6199.347864
400,8,535.85,33488.53,46284.26,4007.66,2256.69,6531.375714
400,8,652.95,43954.50,57986.49,5176.82,2950.41,5904.761492
400,8,530.56,31969.94,45342.82,4585.64,2449.25,6337.993917
400,8,600.72,41113.50,52760.16,2821.30,2170.97,6654.394605
400,8,521.14,30262.52,46444.23,6876.10,3587.97,5717.647897
400,8,427.34,25585.44,38465.96,4308.14,2870.48,5701.887022
400,8,602.71,43794.65,56227.09,3569.07,2228.24,6635.125069
400,8,443.36,28108.06,39964.05,3578.60,2554.72,5722.666265
400,8,420.91,25652.63,37957.11,4236.88,2272.59,5795.006651
400,8,528.61,30591.07,45194.51,4987.88,2836.46,6779.098462
400,8,406.50,26313.46,38923.44,4347.98,2399.13,5862.875587
400,8,501.19,32874.11,46325.96,4925.84,2825.69,5700.316742
400,8,498.45,32749.65,45601.61,3840.47,2230.22,6781.261252
400,8,473.06,27796.63,41118.40,4724.39,2537.18,6060.194219
400,8,503.50,36773.57,46619.77,2217.85,1942.08,5686.272045
400,8,455.50,28952.98,43271.70,5411.07,2988.36,5919.292317
400,8,457.21,26956.59,40223.24,4733.20,2722.55,5810.893435
400,8,368.99,22375.93,33265.52,3653.99,2158.58,5077.019499
400,8,435.01,26099.55,38161.48,4453.24,2505.01,5103.680599
400,8,574.37,37633.23,50786.35,4636.51,2711.57,5805.036581
400,8,442.27,28403.81,39152.92,3498.46,2292.38,4958.266511
400,8,631.13,43594.40,56153.36,3644.51,2721.56,6192.885925
400,8,449.95,27096.85,40038.75,4272.08,2655.31,6014.498859
400,8,445.91,33528.97,43238.30,2407.44,1810.03,5491.860356
400,8,595.10,37201.95,50650.35,3806.84,2308.77,7332.792814
400,8,532.22,29056.35,44234.98,5455.28,3096.77,6626.575130
400,8,501.43,39041.60,48707.48,2035.00,1824.86,5806.013013
400,8,484.20,28539.19,42791.10,4937.63,3197.34,6116.936116
400,8,473.00,30521.45,42725.82,4367.00,2447.84,5389.528187
400,8,507.28,30440.21,44884.15,5021.03,2951.54,6471.376897
400,8,459.82,26311.57,41092.35,6078.04,3509.47,5193.262439
400,8,520.25,34899.77,46035.03,3628.38,2321.65,5185.231565
400,8,476.16,27951.63,40745.29,4313.80,2522.10,5957.759222
400,8,471.73,29162.77,42844.42,4743.95,2683.74,6253.968988
400,9,543.18,32375.39,47432.17,5565.50,3159.16,6332.121541
400,9,426.60,24804.19,38927.23,5206.42,3137.14,5779.484002
400,9,586.27,40894.65,52142.66,2793.10,2466.96,5987.952477
400,9,484.97,27260.65,42336.10,6139.57,2987.03,5948.859207
400,9,506.73,30589.34,44955.98,4455.81,3060.29,6850.533386
400,9,446.28,29285.27,41047.38,3395.39,2299.19,6067.531493
400,9,647.14,47008.64,60296.14,3880.95,2579.19,6827.354284
400,9,427.18,27358.66,39411.31,3234.82,2208.94,6608.897448
400,9,492.05,32994.45,46419.67,4364.26,2888.07,6172.886403
400,9,562.87,35801.76,49806.10,4877.09,2952.67,6174.572104
400,9,540.68,34277.38,46958.34,3834.46,2508.75,6337.749032
400,9,423.17,23162.88,36878.21,5420.85,3143.88,5150.616126
400,9,604.79,39145.11,53445.70,5175.48,3048.02,6077.095133
400,9,613.35,36617.54,53126.20,5812.49,3404.24,7291.935412
400,9,470.76,30402.48,44486.27,5075.24,2634.75,6373.802518
400,9,475.58,33964.48,45871.44,3434.48,2191.69,6280.796260
400,9,495.19,28363.06,42087.47,4149.68,2764.91,6809.812155
400,9,527.26,28069.82,43547.18,5567.57,3643.35,6266.436931
400,9,575.26,37838.80,51619.23,4891.10,2680.47,6208.869425
400,9,498.86,31644.14,44643.57,3971.89,2371.91,6655.639013
400,9,514.65,31783.24,45717.40,4719.26,2870.95,6343.954238
400,9,734.49,49231.69,64666.06,4974.98,3202.13,7257.258685
400,9,569.71,42304.22,53607.14,3346.03,2096.82,5860.062295
400,9,519.90,30487.83,44554.28,5405.16,3035.50,5625.793806
400,9,493.60,27295.16,41527.94,5261.49,3092.88,5878.409520
400,9,605.88,36185.97,52965.77,6972.36,3292.49,6514.947175
400,9,508.96,30909.88,45608.05,5400.97,2883.69,6413.505311
400,9,654.57,45018.56,58920.54,4593.98,2968.53,6339.462354
400,9,522.54,30646.07,46591.65,6458.83,3295.82,6190.930820
400,9,517.59,34405.59,46907.98,3728.79,2600.43,6173.165575
400,9,496.71,27610.46,43580.11,6169.23,3365.90,6434.532831
400,9,518.53,33831.03,47486.14,4785.80,2931.45,5937.856593
400,9,520.90,32206.95,46166.94,4951.30,2967.39,6041.294626
400,9,542.04,32364.55,46849.97,4719.27,2979.96,6786.189940
400,9,517.80,27959.68,44102.18,6284.25,3038.36,6819.898537
400,9,482.39,28815.47,42797.37,5375.31,2802.78,5803.812325
400,9,537.66,35579.41,47888.98,2934.13,2794.66,6580.787190
400,9,391.79,23648.08,36131.09,3920.17,2392.24,6170.606277
400,9,485.42,28840.25,42968.90,5472.39,3127.86,5528.397098
400,9,452.55,27124.94,39819.32,3691.52,2710.84,6292.021660
400,9,468.35,30534.33,44460.77,5448.81,3106.58,5371.047784
400,9,458.44,28807.41,40613.94,3965.30,2546.68,5294.549651
400,9,653.91,38534.52,55440.29,5787.88,3232.43,7885.465152
400,9,474.04,32002.27,45504.84,4397.06,2880.47,6225.044099
400,9,417.74,25526.59,37276.84,3607.09,2368.70,5774.457119
400,9,665.54,46344.28,59769.76,3637.17,2454.86,7333.456251
400,9,542.04,34527.35,48331.43,4912.78,2834.08,6057.223577
400,9,502.00,29254.38,42996.81,4724.63,2679.50,6338.299255
400,9,544.99,33047.20,48257.10,4820.60,3126.82,7262.481598
400,9,643.87,40802.20,54086.89,4046.00,2856.92,6381.772452
400,9,638.11,43385.37,56960.93,4619.01,2945.71,6010.844187
400,9,430.05,27500.33,39330.23,3851.26,2394.08,5584.563289
400,9,608.33,39010.38,53326.83,5052.96,3013.95,6249.552481
400,9,587.26,35888.13,51554.67,5709.85,3147.70,6808.990952
400,9,549.18,36687.62,48930.42,3492.89,2597.91,6151.991021
400,9,599.52,37898.91,51798.03,5173.77,2741.04,5984.311682
400,9,456.98,28695.26,41449.51,3735.28,2622.58,6396.388047
400,9,487.51,31901.59,45286.55,4012.96,2601.25,6770.749855
400,9,468.64,26519.98,41529.05,5062.42,3287.83,6658.814245
400,9,473.49,31808.22,45219.39,4068.81,2876.83,6465.524059
400,9,630.61,41881.05,56240.93,4910.24,2982.49,6467.159326
400,9,580.67,36277.25,49744.64,4634.03,2809.15,6024.215690
400,9,347.43,22051.92,33479.87,3590.88,2513.12,5323.958417
400,9,628.89,41056.00,55909.34,5394.27,3146.95,6312.119425
400,9,512.35,33713.77,47581.89,4726.62,2743.13,6398.365535
400,9,461.08,25083.76,40757.83,5918.09,3407.01,6348.970885
400,9,612.46,40796.73,55530.34,5320.69,2901.99,6510.928347
400,9,564.66,35144.60,49825.21,5292.61,3232.56,6155.439964
400,9,663.88,40593.49,56529.84,5955.49,3367.01,6613.854656
400,9,635.78,40424.96,55639.87,4781.96,2878.62,7554.338443
400,9,480.96,28135.10,43016.45,5851.13,3230.22,5800.002759
400,9,454.36,27250.18,39872.99,4094.84,2809.65,5718.326964
400,9,554.26,37565.53,51804.14,4644.04,2914.28,6680.288676
400,9,429.30,26839.99,39999.87,4447.45,2854.93,5857.503627
400,9,510.36,31714.70,44777.62,4448.28,2636.21,5978.429576
400,9,482.35,26505.62,40922.32,4786.32,2966.57,6663.815841
400,9,472.20,28943.46,41887.66,4317.23,2844.69,5782.273799
400,9,531.58,34245.97,47684.11,4595.06,3025.25,5817.828559
400,9,595.51,41690.06,55624.55,3995.78,2622.80,7315.910603
400,9,489.30,29943.80,43171.96,4415.40,2615.69,6197.060749
400,9,475.91,25772.72,39381.46,4924.61,2563.97,6120.154706
400,9,557.49,34296.26,48569.67,5141.52,3232.65,5899.247937
400,9,582.16,35098.01,51230.85,6346.51,3631.86,6154.466874
400,9,514.41,32856.45,46349.46,5110.02,2892.16,5490.832029
400,9,460.21,27433.96,40653.15,5172.58,2769.62,5276.992051
400,9,524.53,35314.27,47599.92,3669.72,2478.24,6137.682149
400,9,530.25,35680.04,47915.01,3286.95,2672.65,6275.368634
400,9,593.58,34718.71,50420.02,5518.18,3564.81,6618.319585
400,9,522.40,32137.03,46566.54,5320.50,3260.25,5848.775296
400,9,602.37,38717.10,53559.24,4826.74,2992.98,7022.420278
400,9,622.03,39544.69,53947.06,4429.75,2852.22,7120.394154
400,9,634.85,39511.73,56405.82,6451.88,3543.18,6899.021823
400,9,497.64,30924.21,45539.64,4927.93,2926.57,6760.933451
400,9,609.43,41101.64,55789.12,4915.35,3139.15,6632.984245
400,9,502.00,31835.95,45418.50,5168.88,3037.71,5375.962314
400,9,515.20,34370.57,45974.87,3188.59,2312.15,6103.556784
400,9,502.03,28952.12,43483.52,5654.63,3323.29,5553.474497
400,9,534.40,28823.65,44742.18,6801.91,3433.62,5682.993887
400,9,573.71,36157.83,50443.56,4820.90,2821.67,6643.160220
400,9,435.46,27394.33,41505.45,4866.80,3040.42,6203.895755
400,10,534.29,33090.66,48576.80,5916.09,3204.56,6365.481196
400,10,560.86,32173.51,48715.86,6144.60,3548.88,6848.869900
400,10,515.91,31914.82,44812.64,3794.78,2869.05,6233.992667
400,10,477.69,27583.60,42787.12,5552.44,3418.38,6232.695163
400,10,618.62,35508.61,51710.04,5052.38,3619.09,7529.960564
400,10,478.57,27835.54,42027.19,4747.04,2879.27,6565.347488
400,10,573.81,36249.63,51564.13,5476.54,3247.42,6590.537153
400,10,484.03,30877.78,43759.06,3943.19,2511.52,6426.564252
400,10,574.93,32031.03,51169.78,7814.92,4218.75,7105.068107
400,10,471.01,27240.66,42113.33,4979.00,3221.29,6672.380054
400,10,570.17,33768.22,49176.40,5625.31,3343.56,6439.301179
400,10,473.33,28082.35,42196.16,4968.96,3114.62,6030.233113
400,10,687.31,50185.40,62120.30,3084.47,2624.77,6225.667175
400,10,487.00,29485.30,43834.01,4459.92,2844.45,7044.343061
400,10,599.22,35756.54,50178.55,4907.63,3098.30,6416.074029
400,10,588.22,31774.87,48570.89,6013.03,3580.14,7202.856375
400,10,528.31,33424.72,46341.58,3768.11,2652.47,6496.288778
400,10,567.50,31173.39,47250.34,6111.39,3527.03,6438.534400
400,10,608.32,38266.06,52297.70,4395.72,3399.30,6236.612220
400,10,611.93,42475.33,56654.75,4464.89,3089.37,6625.158706
400,10,629.83,36534.98,52878.54,5657.54,3867.64,6818.375145
400,10,633.99,38612.53,55274.26,5957.97,3761.63,6942.139320
400,10,571.91,33971.46,49644.52,5986.38,3530.71,6155.969363
400,10,585.62,32710.91,49253.79,6303.20,3558.68,6681.001297
400,10,581.99,36091.61,50860.10,5170.83,3286.63,6311.033857
400,10,642.33,37152.34,54632.68,7046.24,3893.30,6540.798574
400,10,449.08,25469.80,40563.70,5320.95,3244.04,6528.911597
400,10,511.24,28332.72,44872.37,6177.18,3861.20,6501.275433
400,10,528.65,29814.25,46991.61,6943.62,3692.01,6541.727560
400,10,590.22,37316.88,53507.03,5464.75,3755.05,6970.343326
400,10,554.73,33943.45,48143.28,5036.36,2816.10,6347.364152
400,10,530.68,34214.97,48272.51,4783.71,3299.92,5973.909738
400,10,561.30,34533.37,49282.48,4921.20,3327.39,6500.534237
400,10,607.67,34201.51,52423.76,6945.22,3772.95,7504.081969
400,10,615.02,39786.00,52909.98,3299.49,2874.72,6949.761652
400,10,456.84,27292.20,41587.50,5417.31,3330.21,5547.785547
400,10,665.42,39740.97,55365.78,5390.31,3134.53,7099.971934
400,10,594.18,36230.09,51256.68,5683.78,3179.35,6163.460021
400,10,578.06,32902.73,50159.83,7453.85,3815.63,5987.623736
400,10,444.80,26335.69,40542.18,4633.13,3272.28,6301.080446
400,10,493.64,29610.21,44165.68,5851.27,3024.08,5680.117353
400,10,432.37,26372.20,40428.37,5111.34,3092.58,5852.250469
400,10,736.04,45842.60,61881.49,4984.32,2674.92,8379.657788
400,10,465.74,28541.94,42506.81,4535.45,3006.85,6422.573996
400,10,550.71,37744.86,51375.14,4150.77,3078.43,6401.091233
400,10,650.49,41174.91,56214.75,4421.37,3150.23,7468.237970
400,10,508.15,30458.24,45342.25,5133.66,3405.38,6344.964250
400,10,497.83,31919.97,46166.26,4559.92,3072.17,6614.203780
400,10,515.89,28256.76,44939.35,6066.20,3434.40,7181.985571
400,10,441.74,23497.52,38712.61,5377.08,3289.93,6548.073339
400,10,670.98,42024.01,57230.55,5204.03,3329.61,6672.892912
400,10,597.37,44164.00,55343.97,3245.19,2428.77,5506.010000
400,10,519.00,30232.85,46695.52,6121.10,3571.48,6770.089763
400,10,576.75,34575.18,50455.01,5480.54,3212.29,7186.997533
400,10,621.09,34658.43,52765.48,7470.71,3916.78,6719.559885
400,10,487.51,30469.72,44732.94,5166.48,2988.91,6107.824971
400,10,484.35,32262.96,44851.47,3300.08,2880.47,6407.970700
400,10,476.43,31021.63,43440.37,3583.73,2514.45,6320.566771
400,10,582.46,36067.57,51287.88,5175.64,3232.78,6811.900026
400,10,510.52,30142.56,45670.78,5947.53,3334.72,6245.963465
400,10,629.88,38824.82,54792.32,5157.99,3458.21,7351.297442
400,10,559.95,29388.19,46719.92,7030.69,3775.45,6525.585957
400,10,571.43,33012.46,48400.38,5808.53,3858.88,5720.507017
400,10,674.80,40686.43,56319.70,5327.70,3053.39,7252.186082
400,10,584.33,32834.23,49479.12,5543.78,3513.58,7587.520799
400,10,696.62,43930.38,59119.97,4721.89,3547.15,6920.549540
400,10,630.52,38068.53,54184.05,6076.73,3196.57,6842.217029
400,10,490.47,30446.34,43867.61,4326.94,2960.00,6134.332539
400,10,638.01,38022.42,55000.87,5724.10,3609.67,7644.674832
400,10,574.10,32759.89,49021.48,6055.17,3077.76,7128.661034
400,10,478.17,28731.57,42654.11,4554.75,3052.55,6315.240580
400,10,495.12,29379.33,43059.71,4070.37,3002.57,6607.434519
400,10,508.49,28206.88,42987.13,5073.59,3763.06,5943.597826
400,10,487.64,29991.03,43867.10,5129.87,2843.25,5902.953487
400,10,572.42,30893.34,47867.73,5786.69,3556.47,7631.227103
400,10,553.63,31225.27,49165.29,7318.56,3640.08,6981.381835
400,10,534.68,32118.38,47531.02,5936.52,3321.39,6154.726125
400,10,570.90,31866.77,49432.03,7448.66,3616.68,6499.920213
400,10,647.43,39850.01,54915.98,5025.43,3096.38,6944.167725
400,10,598.22,41606.17,56137.46,4801.59,2987.01,6742.686592
400,10,607.75,35290.28,51783.50,5740.87,3335.13,7417.224468
400,10,438.22,28560.87,42444.39,4735.79,3086.70,6061.021531
400,10,525.22,31237.95,45801.77,4746.96,3130.99,6685.867983
400,10,478.46,30030.81,44101.92,5352.42,2809.64,5909.054566
400,10,405.96,23056.66,36685.43,5024.98,3244.25,5359.541947
400,10,577.61,35707.32,51530.08,5729.15,3481.38,6612.227924
400,10,456.35,30227.62,42396.95,3951.01,2335.50,5882.813998
400,10,477.11,29139.94,42933.27,4674.54,2768.77,6350.012456
400,10,463.20,26538.97,41524.73,5446.16,3399.97,6139.620920
400,10,529.21,31752.81,46722.38,5283.97,2997.58,6688.009485
400,10,544.23,34417.61,48592.92,4411.98,3096.44,6666.892405
400,10,587.44,39897.70,53592.18,4026.56,2740.40,6927.516973
400,10,570.87,34835.78,49039.90,4666.33,3238.03,6299.759821
400,10,584.90,34074.48,50284.17,5914.14,3278.50,7017.051339
400,10,616.72,36790.96,53791.08,6559.89,4131.08,6309.151229
400,10,602.65,34626.87,51051.84,5955.15,3618.61,6851.207847
400,10,461.06,28000.26,42082.61,5512.78,3040.57,5529.002116
400,10,526.26,28332.88,44380.51,6549.22,3478.91,6019.511557
400,10,637.23,38509.14,56143.84,6671.52,3522.76,7440.417280
400,10,742.41,49771.19,64173.68,4437.69,3055.75,6909.054166
400,11,581.88,33802.36,49784.65,5841.12,3774.90,6366.268383
400,11,649.72,41920.83,58424.44,5590.66,3440.62,7472.335259
400,11,631.56,35854.28,53008.56,6814.48,3649.67,6690.122965
400,11,592.14,35661.63,52749.76,6788.94,3579.42,6719.776471
400,11,594.19,29389.72,49482.59,7979.15,4324.94,7788.780567
400,11,555.83,34261.75,49679.90,4778.48,3226.42,7413.250810
400,11,544.41,28763.59,46332.04,6562.25,3644.47,7361.725811
400,11,546.71,31340.17,47648.45,5131.20,3882.85,7294.232201
400,11,592.57,31605.17,48343.53,6385.39,3727.23,6625.742221
400,11,535.38,35148.40,47707.90,3080.24,2808.69,6670.583143
400,11,526.72,29650.56,45890.16,6272.64,3523.63,6443.335558
400,11,576.46,32623.54,49634.41,6837.01,3600.00,6573.864230
400,11,611.95,42414.74,55731.16,4114.30,2959.69,6242.432750
400,11,457.62,24911.91,40078.89,4945.75,3031.57,7189.658808
400,11,551.07,30815.58,48592.43,6806.09,4083.09,6887.658205
400,11,671.82,42412.57,60829.62,6990.82,4024.05,7402.178738
400,11,584.18,39104.90,53202.22,4180.34,2834.00,7082.978729
400,11,585.54,34315.77,49756.70,5288.40,3310.23,6842.302380
400,11,618.09,34362.23,52852.42,7114.10,3996.88,7379.204796
400,11,602.59,36573.09,53927.41,6218.40,4032.43,7103.498611
400,11,580.61,33084.29,50274.00,6456.54,3910.06,6823.119089
400,11,652.51,38579.60,56137.78,6869.88,3644.81,7043.493125
400,11,790.57,47802.28,67340.09,7349.03,4335.17,7853.603748
400,11,539.33,29597.52,45042.20,5469.88,3151.13,6823.665113
400,11,589.75,36528.87,52097.63,5345.49,3175.18,7048.098411
400,11,676.68,40566.09,58070.11,6949.29,4119.43,6435.292717
400,11,527.29,27326.88,45295.13,7069.58,3998.04,6900.632384
400,11,596.10,31651.15,49909.16,6702.10,4103.50,7452.409102
400,11,501.34,25621.75,43551.78,6974.12,3942.48,7013.430825
400,11,574.88,34346.38,49851.48,5203.52,3379.40,6922.182595
400,11,536.99,31234.54,47192.31,5824.50,3306.04,6827.222569
400,11,540.56,28051.20,46037.25,6524.16,4379.21,7082.680090
400,11,600.67,36518.10,54419.95,6716.56,4129.97,7055.317358
400,11,547.23,30709.89,47586.57,7001.63,3502.50,6372.549027
400,11,656.04,42767.74,57192.85,4144.44,3149.31,7131.354285
400,11,402.22,17889.89,35537.06,7500.98,4438.67,5707.525128
400,11,621.97,38045.31,53691.38,4800.52,3525.75,7319.811165
400,11,567.29,35507.87,50416.34,4803.30,3382.35,6722.820623
400,11,493.48,25648.13,42526.39,6616.93,3851.80,6409.534778
400,11,638.03,39239.54,55322.53,5763.69,3739.11,6580.192191
400,11,554.86,34546.42,48984.21,5241.58,3058.41,6137.789672
400,11,496.89,26497.39,42915.76,6988.18,3547.04,5883.152952
400,11,611.41,35051.38,52710.28,6050.00,3212.76,8396.135237
400,11,455.83,27994.12,41741.97,4794.39,3059.55,5893.899445
400,11,658.48,41931.10,58006.64,5986.45,3678.70,6410.392086
400,11,489.07,27065.82,43273.15,5772.14,3589.48,6845.715773
400,11,589.79,32481.59,49574.38,6298.07,4090.82,6703.897849
400,11,583.45,33932.04,49959.43,6143.39,3478.93,6405.078599
400,11,649.21,37002.49,55183.08,7236.05,3517.95,7426.580486
400,11,575.60,30139.36,48133.19,7200.38,4318.55,6474.897382
400,11,503.00,28441.29,45285.71,6895.98,3576.11,6372.320876
400,11,506.87,34140.70,46001.59,3418.60,2360.69,6081.605776
400,11,505.05,27312.86,44268.68,6937.68,3696.60,6321.534072
400,11,634.40,41554.92,56492.37,4685.73,3107.82,7143.903281
400,11,636.45,34439.25,52808.39,6869.17,4007.99,7491.976764
400,11,414.05,22391.27,37411.60,5287.63,3301.30,6431.398450
400,11,525.54,30297.01,45307.01,5029.78,2845.68,7134.538273
400,11,546.68,27860.82,45926.39,7169.60,4197.17,6698.800207
400,11,574.85,40658.43,53357.72,3664.42,2589.95,6444.913106
400,11,471.87,28311.32,43326.44,5126.90,3372.82,6515.397665
400,11,591.19,31001.50,49857.50,7228.75,4006.15,7621.088176
400,11,445.83,25173.00,38672.39,3916.98,3005.09,6577.320085
400,11,604.18,34777.55,50573.64,5769.20,3538.54,6488.347199
400,11,632.77,39780.57,53985.09,4373.94,2925.16,6905.414038
400,11,544.00,25462.67,44978.97,7944.76,4332.63,7238.915218
400,11,535.95,31399.98,48136.91,5821.99,3825.09,7089.858381
400,11,718.89,40456.35,59608.10,7452.41,3806.46,7892.883298
400,11,611.31,37826.72,52624.67,5115.85,2974.02,6708.079669
400,11,658.60,39600.31,56808.63,6251.21,3719.41,7237.686917
400,11,523.83,33689.05,47651.26,4127.39,2982.40,6852.421442
400,11,618.10,37707.15,54070.68,6326.70,3453.65,6583.185110
400,11,515.65,28210.07,45073.81,6307.30,3553.85,7002.590931
400,11,505.85,28374.39,44018.32,5205.98,3424.76,7013.182376
400,11,577.50,32639.86,49132.72,5809.66,3619.41,7063.797354
400,11,576.35,31653.76,49784.49,7083.68,3872.25,7174.796121
400,11,541.29,32031.16,48829.63,6547.96,3582.54,6667.968339
400,11,515.77,29082.19,44626.29,5658.58,3451.88,6433.639658
400,11,535.13,33086.19,47902.51,4875.17,2965.23,6975.921898
400,11,745.59,45689.15,62743.46,6288.33,3641.97,7124.003817
400,11,553.48,31235.86,48098.59,6309.36,3647.16,6906.216806
400,11,559.46,31354.81,49413.31,6580.91,4313.14,7164.455343
400,11,453.95,25094.30,40828.89,5436.39,3602.81,6695.395879
400,11,529.34,26635.92,45180.29,7263.12,4031.42,7249.833361
400,11,520.08,29241.11,44345.46,5590.82,3295.90,6217.634777
400,11,549.93,32165.09,47541.03,5935.61,3398.76,6041.568550
400,11,650.47,41561.20,56959.47,4939.76,3522.13,6936.383295
400,11,619.71,38853.50,53957.35,4987.04,3644.96,6471.851265
400,11,485.86,23861.87,42138.18,7390.05,3958.81,6927.445408
400,11,605.61,35304.69,51712.72,6209.13,3734.73,6464.163566
400,11,669.51,39865.39,57106.02,6613.62,4020.38,6606.643117
400,11,579.41,33321.22,50805.04,6949.46,3998.91,6535.457930
400,11,515.64,31995.44,45244.23,3315.42,2649.87,7283.496626
400,11,484.37,24628.40,41732.40,6940.18,3680.13,6483.693730
400,11,520.12,31987.03,47848.15,5412.07,3826.61,6622.440923
400,11,554.74,32056.03,49242.03,6817.79,3794.53,6573.691741
400,11,580.66,30984.21,48384.20,6788.32,3609.21,7002.450948
400,11,416.94,24881.57,38572.13,4667.80,2859.76,6162.996615
400,11,561.93,31319.74,48907.44,7490.07,3738.02,6359.617096
400,11,584.08,31955.04,50868.00,7740.27,3975.25,7197.444630
400,11,608.23,37071.81,53730.64,5508.92,3680.53,7469.378686
400,12,570.02,29212.25,48140.15,7637.94,4055.33,7234.621029
400,12,636.94,41861.99,56866.84,4144.73,3285.98,7574.156392
400,12,556.61,30328.62,47974.68,6712.48,3725.84,7207.728577
400,12,669.38,39750.66,56821.15,5732.23,4207.79,7130.477833
400,12,614.94,33705.87,52253.57,7059.66,3845.75,7642.299315
400,12,623.56,33741.36,52266.35,7719.82,3813.02,6992.148066
400,12,501.88,25644.38,45022.63,7739.15,4102.00,7537.098216
400,12,591.08,34787.28,50843.45,5110.40,3845.68,7100.088222
400,12,515.25,26626.23,44149.61,6634.75,3877.42,7011.214187
400,12,530.12,31196.82,47859.51,6378.50,3481.49,6802.708928
400,12,499.52,24243.11,43704.79,7963.71,4620.47,6877.489418
400,12,512.24,25468.02,44829.83,7466.79,4456.29,7438.727931
400,12,568.69,35801.15,49742.30,3892.16,3221.65,6827.334652
400,12,582.39,33170.38,50375.93,5978.02,3692.42,7535.109715
400,12,627.65,37304.18,54729.35,6207.85,3775.02,7442.312501
400,12,689.88,39826.26,57430.54,5978.40,3529.41,8096.472243
400,12,677.78,39517.21,56872.52,6539.93,3460.44,7354.936983
400,12,568.30,30747.32,48383.59,6379.44,4183.59,7073.238644
400,12,765.08,43129.13,61507.50,6320.82,4356.66,7700.879136
400,12,639.16,38899.13,56030.73,6099.04,3609.22,7423.337334
400,12,578.51,34979.33,48885.89,3739.21,2802.78,7364.570115
400,12,628.09,31646.86,51484.64,7658.74,4191.02,7988.017108
400,12,773.99,44165.71,64335.38,7858.50,4478.38,7832.794875
400,12,589.29,32369.33,49889.96,6660.16,3578.88,7281.590937
400,12,565.85,34890.06,50308.43,5360.51,3315.42,6742.433556
400,12,512.92,27606.94,45011.07,7034.72,3853.16,6516.240799
400,12,680.24,40725.22,59460.95,7526.19,4008.88,7200.660955
400,12,689.22,36414.22,56826.31,8266.61,4279.10,7866.386197
400,12,538.07,29116.21,48078.12,7196.98,4377.63,7387.292424
400,12,669.37,38321.54,56803.76,7070.12,4251.87,7160.224024
400,12,574.92,36051.81,50986.01,4989.45,3287.77,6656.972963
400,12,558.30,31358.16,47877.07,5571.93,3876.20,7070.779916
400,12,694.37,41639.54,58244.29,4796.76,3709.14,8098.849846
400,12,610.05,33957.81,51493.92,6939.02,3974.81,6622.290930
400,12,569.95,30353.88,47835.70,6511.14,3803.07,7167.609479
400,12,627.16,36880.89,54281.42,6562.54,4384.39,6453.601806
400,12,611.86,37917.37,53980.81,5343.90,3593.33,7126.207789
400,12,636.72,36938.68,54764.37,6770.37,4205.73,6849.585393
400,12,512.28,21612.94,43064.01,9130.44,5276.66,7043.966774
400,12,590.99,30815.05,50305.95,8099.64,4513.44,6877.819982
400,12,520.23,28675.51,45081.46,6123.85,3778.56,6503.534580
400,12,500.78,25643.65,43636.35,7873.16,4097.60,6021.949610
400,12,631.19,35756.46,53108.41,5976.55,3100.93,8274.469270
400,12,521.58,25980.17,45443.50,8288.45,4572.31,6602.561730
400,12,621.48,38932.97,54348.52,5195.89,3285.37,6934.277027
400,12,735.34,42789.67,61363.63,7204.77,3820.67,7548.522922
400,12,539.20,28785.88,48097.03,7896.35,4590.83,6823.958912
400,12,652.97,38354.69,56564.15,7087.42,3944.55,7177.492880
400,12,672.02,31680.08,54020.10,9181.70,4756.19,8402.125622
400,12,577.20,29267.24,48928.67,7520.73,4173.45,7967.257364
400,12,497.36,23368.06,41853.94,7187.53,3965.75,7332.599828
400,12,545.82,30235.23,45543.95,5430.81,3500.73,6377.178715
400,12,535.85,29950.57,45965.63,5705.11,3409.58,6900.368583
400,12,703.18,39529.75,58635.44,7606.54,4295.79,7203.362074
400,12,516.11,30743.54,46154.34,4941.84,3118.84,7350.111966
400,12,686.71,46220.75,60453.31,4708.37,3205.08,6319.110733
400,12,580.49,33609.81,50396.37,6061.23,3888.89,6836.434879
400,12,538.36,30709.18,47474.27,5959.27,3731.18,7074.642370
400,12,620.70,40254.96,56711.39,5595.39,3498.24,7362.795804
400,12,553.00,31396.50,47957.65,5747.17,3802.79,7011.188936
400,12,564.47,29509.05,48722.97,7292.98,4159.16,7761.775621
400,12,559.80,34727.09,49233.33,3914.73,3311.37,7280.139026
400,12,599.93,36846.47,52588.41,4912.41,3558.96,7270.573281
400,12,641.39,37199.62,55659.34,7053.74,3809.64,7596.334437
400,12,518.30,29937.11,45334.49,4839.39,3390.78,7167.211550
400,12,699.83,43957.73,61152.52,5362.38,4019.06,7813.349952
400,12,672.03,34353.71,55875.44,9256.05,4858.67,7407.011256
400,12,581.64,33297.90,50331.10,6110.94,3865.89,7056.362249
400,12,683.57,39915.73,57417.39,5998.29,4279.67,7223.691642
400,12,671.20,39647.14,56114.88,5686.92,3621.29,7159.533609
400,12,516.17,30392.37,46467.15,5473.73,3584.86,7016.188276
400,12,647.61,37340.96,56597.81,7726.47,4353.21,7177.157296
400,12,539.13,31561.79,48524.48,5849.67,3706.64,7406.376775
400,12,687.56,35848.87,56008.41,7942.32,4834.79,7382.428779
400,12,478.09,21898.00,41994.20,8543.91,4389.38,7162.907227
400,12,542.19,27758.13,46814.20,7530.21,4308.96,7216.898995
400,12,547.09,33938.35,50281.41,5730.23,3893.14,6719.691874
400,12,487.06,26833.77,42455.52,5132.72,3231.50,7257.524525
400,12,662.00,37328.50,57220.65,7097.82,4065.89,8728.441365
400,12,544.51,29066.70,45673.53,6309.33,3706.01,6591.488552
400,12,639.79,34598.06,53316.46,7407.69,4088.31,7222.402165
400,12,622.77,34924.46,52102.19,5987.20,3699.32,7491.200165
400,12,558.39,32065.30,47436.98,5320.59,3273.56,6777.527431
400,12,571.11,35660.02,49612.01,4355.18,3154.46,6442.354685
400,12,567.92,31296.58,50436.92,7835.87,4937.57,6366.898588
400,12,547.66,27928.35,48037.75,7798.63,4614.73,7696.039208
400,12,506.88,27812.45,44817.81,5704.31,4148.18,7152.871848
400,12,513.49,23890.39,42957.16,7828.78,4502.52,6735.462543
400,12,694.77,36842.86,55776.37,7822.84,4047.82,7062.855941
400,12,588.91,32655.87,52000.66,7687.51,4654.58,7002.697141
400,12,609.62,35570.02,53963.81,6828.39,4175.43,7389.964697
400,12,589.32,34154.56,50383.46,5049.74,3763.35,7415.806503
400,12,512.76,28300.27,46298.28,6819.54,4456.28,6722.198701
400,12,718.36,40762.22,59919.33,7979.88,4235.92,6941.300989
400,12,532.45,28963.66,45738.21,6585.96,3896.42,6292.166148
400,12,650.90,38448.46,56883.96,6966.70,4001.18,7467.626167
400,12,530.80,30615.82,47843.87,6927.13,3970.22,6330.710115
400,12,626.27,38697.39,55859.33,6595.81,3534.07,7032.057758
400,12,548.54,29533.16,48068.42,7030.13,3877.43,7627.691071
400,12,496.97,24515.16,43921.79,7898.46,4289.12,7219.052679
400,13,604.16,33649.50,52387.66,6832.70,4335.95,7569.507975
400,13,577.89,32550.37,49996.41,5951.63,4104.71,7389.695364
400,13,628.28,35672.95,53348.71,6600.18,3561.30,7514.276797
400,13,726.61,38720.81,59537.03,8483.73,4797.07,7535.418167
400,13,637.30,33168.68,55337.96,8048.98,5232.39,8887.907197
400,13,571.98,27461.47,48390.96,8869.08,4416.20,7644.214688
400,13,612.19,30552.41,52080.23,8942.47,4898.08,7687.274533
400,13,589.87,30481.07,49894.45,6938.07,4427.96,8047.345144
400,13,539.59,27669.48,47125.29,7110.23,4621.47,7724.120611
400,13,575.31,33222.60,50658.11,5747.44,4073.80,7614.265472
400,13,592.39,33678.67,51775.83,6754.30,4134.87,7207.996634
400,13,542.22,24827.09,45553.51,7571.84,5660.42,7494.166223
400,13,614.06,31067.65,52658.58,9094.11,4589.22,7907.599632
400,13,649.16,36886.28,56358.79,7598.81,4157.88,7715.817825
400,13,593.81,31630.93,51516.91,7713.13,4569.91,7602.943317
400,13,609.89,34519.61,51570.30,5196.74,3775.61,8078.328467
400,13,660.16,35599.98,55535.84,7754.92,4427.49,7753.451387
400,13,643.23,35513.51,53344.92,6626.12,4050.24,7155.048623
400,13,792.45,50300.39,68187.14,6356.83,3737.71,7792.207393
400,13,664.38,38365.90,56845.55,6722.52,4048.30,7708.833948
400,13,645.88,35054.74,54606.35,7432.15,4149.25,7970.216108
400,13,672.52,37700.77,59073.91,8500.55,4831.72,8040.863765
400,13,584.16,33544.50,52608.36,7171.12,4057.63,7835.100795
400,13,642.44,38203.86,55846.73,6430.53,4027.00,7185.338277
400,13,538.77,29935.53,47384.77,5909.59,3882.20,7657.445956
400,13,616.10,34457.99,53781.92,7543.68,4384.65,7395.597667
400,13,603.47,29471.98,50950.54,8625.54,4596.83,8256.195656
400,13,539.65,31212.16,48163.96,5839.05,3190.04,7922.703368
400,13,612.13,29206.46,51984.54,10078.10,5077.91,7622.062303
400,13,612.25,33788.63,51946.48,6239.45,4197.62,7720.777070
400,13,591.87,35612.50,51839.57,5526.68,3280.72,7419.677818
400,13,635.74,36158.37,54420.88,6844.42,4229.74,7188.347096
400,13,619.90,33992.47,51978.43,6315.75,4554.33,7115.881750
400,13,651.31,37566.16,55072.62,6352.83,4001.72,7151.917941
400,13,648.69,34836.96,54669.98,8100.48,4645.05,7087.483661
400,13,491.60,25189.37,42466.86,6294.68,3779.77,7203.048211
400,13,581.42,32074.32,51690.77,7468.05,4659.28,7489.124268
400,13,555.41,32855.16,48443.48,4516.30,3707.07,7364.953612
400,13,516.69,26837.63,44143.28,6313.66,3680.83,7311.164714
400,13,558.90,29417.28,48744.77,7810.33,4561.83,6955.332603
400,13,501.57,27436.33,43721.72,6173.22,3820.55,6291.616447
400,13,574.47,31404.86,51977.57,8547.68,5467.65,6557.373659
400,13,694.93,39016.45,58162.96,6360.12,3697.86,9088.535227
400,13,635.13,32311.17,53475.86,9077.36,4909.85,7177.486984
400,13,651.67,38220.65,56706.91,6273.43,4399.49,7813.333762
400,13,747.38,44196.47,62717.56,7189.36,3703.02,7628.703043
400,13,559.37,35120.31,50054.79,4622.21,3587.13,6725.150037
400,13,691.93,38794.37,58577.44,7278.92,4428.34,8075.818358
400,13,675.32,32552.42,54838.79,8933.44,5035.14,8317.797301
400,13,543.08,30449.41,47724.69,6095.47,3540.93,7638.876623
400,13,613.21,28972.66,49946.83,8742.58,4657.50,7574.086355
400,13,593.11,35957.32,51649.24,5067.53,3502.49,7121.905527
400,13,551.19,32391.88,49200.04,5287.81,3541.91,7978.444319
400,13,636.29,37396.82,54875.17,5815.56,3877.70,7785.095346
400,13,566.16,29124.13,49386.74,7439.46,4594.24,8228.907670
400,13,679.45,38719.79,57996.43,8047.98,4103.93,7124.731849
400,13,653.32,34186.19,53724.85,7927.97,4216.21,7394.482606
400,13,590.31,28700.68,48544.68,7803.41,4581.78,7458.808747
400,13,655.40,40883.17,56345.95,4091.59,3326.78,8044.410940
400,13,560.96,32385.47,50084.96,5812.77,4232.36,7654.365715
400,13,613.60,30281.38,51905.12,9448.26,4810.27,7365.210432
400,13,640.31,35072.28,52478.26,6050.39,4102.06,7253.527958
400,13,610.82,33135.36,51161.92,7331.77,4003.73,6691.056052
400,13,735.56,41346.63,61965.87,7981.52,4355.93,8281.784091
400,13,570.62,28262.45,49461.21,9059.60,4805.66,7333.506281
400,13,605.97,31000.98,51104.77,8190.39,4014.93,7898.468967
400,13,687.35,39219.18,60029.33,8525.27,4668.90,7615.988673
400,13,612.19,29974.94,51855.86,9106.70,5008.39,7765.830424
400,13,614.28,34826.76,54519.80,7849.64,4154.33,7689.064860
400,13,662.17,36158.52,54843.35,6508.98,4170.07,8005.786630
400,13,653.96,37251.79,55457.25,6410.63,4057.95,7736.878876
400,13,699.34,42051.57,59368.44,5872.58,4027.67,7416.621247
400,13,549.34,29504.06,48211.30,7328.99,4466.96,6911.285654
400,13,635.33,31542.93,51129.19,7511.75,4257.50,7817.005238
400,13,637.71,32454.90,52885.37,8292.12,5016.74,7121.617656
400,13,652.86,34745.99,56504.39,9123.42,4708.05,7926.929937
400,13,588.62,32448.88,51473.62,7422.06,4189.22,7413.463598
400,13,795.48,44127.79,64464.57,8319.25,4489.30,7528.222533
400,13,726.95,43688.96,62835.36,6195.15,4171.96,8779.291280
400,13,613.06,30725.37,51649.12,8381.21,4887.42,7655.118165
400,13,639.66,37462.86,54661.03,5900.50,4003.27,7294.410900
400,13,567.47,30445.98,49206.34,6826.55,4288.98,7644.827034
400,13,601.57,36730.03,52213.51,5002.44,3550.10,6930.951731
400,13,519.84,33410.14,47804.03,4465.25,3047.01,6881.622205
400,13,605.91,33870.62,52480.50,7300.67,4502.82,6806.400980
400,13,686.52,46583.39,61752.18,4384.12,3257.52,7527.144583
400,13,581.24,30870.95,50919.73,7425.05,4751.20,7872.534144
400,13,685.55,39320.99,56610.22,6191.68,4125.66,6971.889158
400,13,664.41,37548.98,56232.05,7340.53,3801.95,7540.587244
400,13,522.03,27265.25,45710.08,7183.38,4086.50,7174.954354
400,13,678.64,35378.53,54969.77,7507.82,4687.72,7395.699139
400,13,534.84,29365.81,46629.41,5318.84,4134.11,7810.660192
400,13,536.17,27423.73,47650.09,7807.62,4972.38,7446.360583
400,13,706.18,39776.02,59487.64,7191.71,4421.06,8098.844594
400,13,638.96,31182.95,52861.42,9090.90,4977.49,7610.088606
400,13,579.59,32202.38,51236.74,6783.25,4261.74,7989.365299
400,13,538.70,32260.09,49802.34,6426.23,4192.32,6923.687746
400,13,690.69,38569.23,56429.79,6714.79,4121.52,7024.251568
400,13,578.65,30090.85,51507.58,8702.81,4683.69,8030.224498
400,13,655.52,37352.63,57764.09,8236.97,4374.61,7799.874540
