400,1,209.52,12991.35,14883.46,247.70,521.42,1122.988085
400,1,324.47,17911.41,20599.56,564.30,519.68,1604.169573
400,1,364.54,20889.33,23957.19,421.37,757.76,1888.738724
400,1,233.51,13896.95,15479.49,93.18,479.27,1010.094742
400,1,271.55,17119.11,19724.46,216.40,837.64,1551.308852
400,1,434.22,24584.74,27290.51,218.55,519.34,1967.877976
400,1,326.09,18830.44,21526.38,200.19,670.99,1824.756690
400,1,361.33,20097.52,23042.73,357.46,748.73,1839.010952
400,1,238.55,14400.17,16542.74,234.38,611.15,1297.035670
400,1,243.91,15383.55,17643.84,212.68,546.70,1500.916541
400,1,300.04,17047.40,19580.91,474.72,473.94,1584.860121
400,1,287.65,16753.93,18652.28,100.64,575.39,1222.317664
400,1,252.57,14323.13,16960.81,379.67,593.61,1664.397841
400,1,318.47,18187.35,20943.66,485.99,536.97,1733.358280
400,1,249.00,14209.19,16195.07,349.43,547.10,1089.350008
400,1,433.21,24530.98,27438.80,314.10,657.03,1936.692390
400,1,421.64,24906.76,27894.86,121.47,868.90,1997.730810
400,1,325.21,17705.22,20341.36,309.23,382.94,1943.980669
400,1,326.35,18101.99,20777.39,450.76,508.25,1716.384148
400,1,345.83,20263.82,23009.97,264.60,578.58,1902.973361
400,1,382.02,21402.64,24364.51,321.97,754.09,1885.804730
400,1,233.01,14191.42,16718.80,386.64,581.63,1559.114080
400,1,348.92,19799.69,22373.91,214.17,651.62,1708.434359
400,1,372.05,21634.34,24313.01,332.68,482.14,1863.847580
400,1,381.53,21373.78,24305.99,348.06,650.19,1933.957073
400,1,262.28,15073.12,16979.07,177.80,643.02,1085.135971
400,1,333.19,20365.05,23420.81,332.17,883.42,1840.166149
400,1,320.25,17865.40,20498.43,239.10,440.56,1953.366841
400,1,264.70,16364.82,18453.81,148.43,639.06,1301.499098
400,1,277.49,15267.76,17975.29,483.25,481.54,1742.733186
400,1,359.27,20707.06,23652.07,306.64,723.58,1914.793267
400,1,222.85,14671.82,16452.76,149.04,623.72,1008.182824
400,1,356.29,20728.15,23787.24,375.03,766.54,1917.521098
400,1,238.45,15078.89,17098.08,115.85,629.04,1274.295215
400,1,330.87,21343.18,24246.66,278.05,1023.63,1601.802934
400,1,237.44,14556.57,16304.39,170.57,528.41,1048.845608
400,1,299.09,16801.49,19093.40,45.39,499.70,1746.817726
400,1,311.70,17787.75,19928.91,145.02,595.89,1400.251382
400,1,373.67,22413.95,24715.37,253.10,560.31,1488.009596
400,1,371.85,20474.19,23487.45,653.18,705.19,1654.884812
400,1,294.30,16496.05,19204.48,598.60,612.27,1497.561100
400,1,200.48,13039.81,14776.75,112.64,599.48,1024.820637
400,1,400.89,24423.39,27204.55,192.32,786.20,1802.630121
400,1,215.43,13011.11,14806.39,173.26,567.84,1054.170721
400,1,221.64,13277.79,15238.29,245.00,529.92,1185.578288
400,1,306.25,17662.15,20535.11,343.82,707.71,1821.429195
400,1,244.38,15803.64,18099.52,323.45,745.53,1226.907312
400,1,394.64,24030.22,26897.44,149.82,822.48,1894.918035
400,1,342.12,19967.57,22488.89,126.29,821.29,1573.740884
400,1,193.12,11806.06,13881.56,413.66,517.52,1144.313122
400,1,341.86,19875.83,22532.46,233.00,749.23,1674.392643
400,1,380.46,21871.40,24123.65,72.22,642.75,1537.276629
400,1,237.84,15137.42,17031.02,162.99,655.48,1075.130135
400,1,305.07,17511.55,20685.20,495.05,698.35,1980.234659
400,1,236.88,15025.40,18119.34,333.83,795.31,1964.791153
400,1,310.28,18387.15,20580.80,169.44,497.03,1527.176646
400,1,410.40,23305.64,26158.89,124.21,762.18,1966.859036
400,1,418.88,23590.51,26306.46,290.29,499.69,1925.971294
400,1,285.47,15820.62,17902.96,212.73,386.68,1482.924825
400,1,193.53,12398.77,14221.84,246.21,505.52,1071.338681
400,1,314.64,19240.68,21911.32,202.70,819.76,1648.171611
400,1,283.76,15927.85,18352.21,454.66,529.33,1440.370859
400,1,286.16,16246.59,18530.97,418.47,532.85,1333.059797
400,1,285.32,17145.35,19207.73,98.15,661.41,1302.810373
400,1,344.37,19524.05,22087.87,183.87,585.66,1794.291655
400,1,300.47,18503.89,21453.30,502.33,832.00,1615.071154
400,1,347.37,20311.53,23216.13,306.85,715.51,1882.241462
400,1,342.61,20091.50,23024.38,238.43,808.59,1885.858374
400,1,193.92,11640.44,13376.72,239.73,483.31,1013.232503
400,1,294.04,17325.46,20676.95,636.01,743.68,1971.792925
400,1,305.32,17579.38,19447.92,101.18,358.01,1409.348046
400,1,247.99,15264.42,16981.53,175.07,408.29,1133.753451
400,1,303.22,17768.09,20561.83,391.83,650.64,1751.273709
400,1,208.38,12559.70,14517.09,246.61,544.11,1166.671659
400,1,179.70,11724.01,13692.81,320.75,617.72,1030.321536
400,1,384.23,21700.87,24488.10,126.61,708.58,1952.040006
400,1,307.86,19195.58,22097.16,338.19,710.63,1852.762690
400,1,314.47,18506.36,20706.30,77.49,452.86,1669.586752
400,1,272.61,16774.53,19059.93,168.94,778.58,1337.872027
400,1,254.44,15077.12,17806.33,555.76,478.95,1694.503404
400,1,305.75,17734.42,20247.95,335.04,737.43,1441.057214
400,1,235.89,14321.48,16300.39,134.01,516.10,1328.790874
400,1,216.36,13090.79,15090.03,339.67,623.65,1035.913969
400,1,291.24,16842.00,18964.56,215.18,549.26,1358.113868
400,1,246.21,14613.06,16555.43,387.94,456.74,1097.687595
400,1,343.23,20028.23,22696.56,233.61,587.68,1847.038974
400,1,317.14,19959.09,22183.20,145.41,528.46,1550.247743
400,1,270.18,16324.05,18177.81,144.25,400.03,1309.474276
400,1,328.59,21277.62,23927.79,153.86,763.28,1733.025262
400,1,261.62,15275.29,17901.04,378.24,650.28,1597.230212
400,1,304.92,18608.18,21182.32,223.20,745.65,1605.289238
400,1,409.08,23449.25,25855.28,149.37,414.82,1841.835525
400,1,306.46,17855.14,19865.50,80.77,644.00,1285.581908
400,1,279.99,17539.00,19747.81,182.26,663.23,1363.316552
400,1,235.11,13428.81,14929.34,101.33,337.10,1062.103848
400,1,367.67,22193.05,24746.92,243.06,580.21,1730.601107
400,1,266.22,16250.93,17900.41,114.64,471.38,1063.457909
400,1,245.23,14807.46,16755.41,316.95,459.64,1171.356103
400,1,380.52,21481.04,24270.19,373.31,556.71,1859.132728
400,1,416.21,24878.42,27711.81,129.76,706.82,1996.814415
400,2,552.09,32693.47,37397.13,612.31,1112.67,2978.667998
400,2,353.10,22324.60,26242.87,388.16,840.05,2690.059722
400,2,598.18,33968.31,38900.53,354.21,1251.08,3326.928242
400,2,333.25,21072.80,24793.78,565.32,790.31,2365.344928
400,2,471.95,28487.38,33571.53,403.88,1198.27,3481.989925
400,2,444.96,26177.30,30670.05,462.30,971.63,3058.813389
400,2,717.67,42284.77,47377.27,370.60,1285.39,3436.501029
400,2,471.54,27893.90,33066.11,669.03,1202.53,3300.645271
400,2,415.36,24861.87,29329.80,536.49,939.00,2992.438425
400,2,493.32,29438.74,34161.07,577.48,958.99,3185.859519
400,2,318.01,19765.55,23923.05,612.33,925.39,2619.779235
400,2,330.84,20069.30,23649.21,466.33,715.97,2397.618248
400,2,387.21,24281.82,28184.88,339.39,799.15,2764.530097
400,2,409.99,25496.22,29695.36,435.28,1067.20,2696.658418
400,2,331.07,21388.05,24851.30,418.48,953.07,2091.707460
400,2,524.47,31458.10,36278.60,478.28,1325.72,3016.507709
400,2,559.37,33153.67,38536.12,385.86,1225.43,3771.162907
400,2,431.46,25716.18,30015.73,542.83,873.54,2883.181113
400,2,441.36,26605.15,30760.66,413.07,926.38,2816.057175
400,2,623.48,35416.72,40413.34,481.70,1046.41,3468.508007
400,2,515.21,31243.98,36063.09,396.92,1092.94,3329.246412
400,2,499.54,29303.46,33922.94,376.23,1088.94,3154.312103
400,2,386.69,23925.63,28367.49,476.60,1031.23,2934.021185
400,2,608.48,36421.67,40861.63,303.24,1081.90,3054.813267
400,2,503.42,29703.46,34099.12,459.30,1004.70,2931.652684
400,2,363.65,24322.80,28147.42,326.40,1123.26,2374.963802
400,2,651.13,38014.35,43228.06,574.76,1108.85,3530.099376
400,2,464.29,28117.34,32481.95,437.38,1061.51,2865.712475
400,2,458.48,27343.63,31783.97,345.25,1186.64,2908.449533
400,2,416.69,25104.78,29254.33,387.76,924.95,2836.844830
400,2,434.11,25597.33,30406.04,512.95,1125.55,3170.211268
400,2,465.21,28661.92,32745.67,290.22,978.21,2815.331032
400,2,489.85,30342.18,35381.06,651.93,991.50,3395.452060
400,2,438.25,26274.71,30772.40,533.49,1097.55,2866.649922
400,2,615.48,36640.68,41581.04,329.70,1168.06,3442.596132
400,2,444.90,26385.59,29756.37,214.42,906.37,2249.999673
400,2,414.13,25009.24,29298.38,416.33,987.25,2885.554543
400,2,497.11,28270.61,32704.05,574.43,857.62,3001.396717
400,2,517.47,30085.27,34418.08,601.53,1097.95,2633.317042
400,2,507.64,29681.69,33981.43,714.07,954.99,2630.686253
400,2,408.99,25320.47,29613.34,418.21,1077.15,2797.499874
400,2,456.20,27133.14,30708.88,362.25,786.00,2427.493929
400,2,498.44,28769.32,33947.98,383.20,1091.97,3703.502226
400,2,453.09,27576.17,31775.61,569.79,1015.22,2614.429215
400,2,363.98,21677.22,25783.26,677.78,851.80,2576.457037
400,2,594.76,34193.93,39200.50,347.18,1364.48,3294.912628
400,2,390.33,23207.49,26912.46,295.04,919.59,2490.340489
400,2,574.84,32876.59,38332.48,621.69,1070.55,3763.660222
400,2,671.82,40704.29,45939.01,561.33,1329.50,3343.878219
400,2,465.50,28296.41,31939.51,347.37,877.91,2417.817760
400,2,557.30,31696.89,36365.57,387.50,1164.37,3116.805652
400,2,371.91,23087.65,27430.19,509.32,1018.05,2815.167670
400,2,472.09,29045.59,32945.49,260.01,897.49,2742.408002
400,2,551.29,30310.48,35619.30,772.01,1044.40,3492.411635
400,2,533.34,30711.88,35941.73,723.47,912.06,3594.323493
400,2,490.81,28219.24,32981.22,649.19,882.72,3230.068436
400,2,511.07,29609.10,34515.99,495.80,1230.18,3180.908588
400,2,588.61,34670.81,39203.85,394.62,1049.58,3088.830590
400,2,426.15,25167.91,29356.41,564.04,1057.22,2567.239021
400,2,544.85,33397.55,37546.83,271.37,1053.88,2824.031361
400,2,455.41,27632.57,32368.89,274.91,1189.12,3272.292280
400,2,400.20,25591.49,29292.90,311.74,940.69,2448.979836
400,2,534.01,31484.51,35349.28,573.63,964.40,2326.739519
400,2,437.57,25815.22,30468.02,586.40,1053.49,3012.914400
400,2,438.26,26973.48,31280.65,545.86,1015.28,2746.029761
400,2,475.44,27707.88,32130.17,452.67,979.66,2989.961574
400,2,631.42,36108.12,41045.88,522.09,1102.09,3313.585154
400,2,576.05,35385.74,40725.93,507.15,1202.66,3630.375441
400,2,391.84,24417.66,27837.60,258.07,963.19,2198.672637
400,2,590.55,35218.34,40915.30,676.16,1204.20,3816.597408
400,2,442.83,27963.22,31779.64,321.91,1035.52,2458.993613
400,2,330.47,20820.62,24820.14,312.68,904.86,2781.981387
400,2,661.40,37673.21,42850.11,415.33,1271.80,3489.772766
400,2,464.96,27505.00,31542.05,443.16,1111.69,2482.197062
400,2,371.40,22564.09,26420.44,441.67,869.29,2545.386038
400,2,518.13,30485.71,35003.33,413.05,1016.89,3087.672634
400,2,684.38,38889.00,43765.19,265.50,1159.79,3450.904018
400,2,494.83,29499.54,33560.39,382.88,1067.28,2610.683700
400,2,508.12,30587.16,35275.56,340.72,1260.12,3087.558700
400,2,534.19,31252.89,35852.40,522.31,955.05,3122.143988
400,2,497.90,30120.13,34220.14,344.70,1060.79,2694.526605
400,2,364.69,22163.23,26015.25,315.24,743.18,2793.591960
400,2,385.53,23195.50,27121.22,500.59,951.47,2473.666656
400,2,525.58,30662.02,35091.59,522.26,1159.26,2748.049961
400,2,428.58,24933.99,28964.47,586.12,896.50,2547.862120
400,2,513.45,29689.35,34064.61,465.76,1044.38,2865.120446
400,2,557.54,33260.56,37437.84,329.08,1045.35,2802.853591
400,2,501.96,28829.90,32938.56,376.44,1106.75,2625.467903
400,2,529.79,30190.73,35111.94,360.12,984.36,3576.736395
400,2,488.72,29530.50,33862.37,402.11,976.65,2953.110430
400,2,667.65,38892.86,43707.69,363.17,1155.90,3295.754065
400,2,578.99,34552.54,39439.97,290.52,1068.40,3528.511662
400,2,375.80,23229.63,27412.08,326.48,1043.82,2812.147875
400,2,498.20,30291.00,34740.81,447.58,1001.75,3000.478077
400,2,326.64,20130.43,23684.47,517.84,874.54,2161.658192
400,2,619.15,36380.19,41432.62,427.71,1130.21,3494.506996
400,2,450.93,27154.06,31310.73,503.88,1083.68,2569.108957
400,2,356.59,20925.77,24369.96,530.23,863.23,2050.727580
400,2,489.95,28394.32,32808.87,387.79,1012.04,3014.718899
400,2,541.41,31987.88,37327.63,496.97,1057.16,3785.625456
400,3,595.95,35309.80,41237.98,738.53,1347.04,3842.619345
400,3,623.89,38947.51,45302.50,669.48,1299.76,4385.751279
400,3,780.54,44740.78,51693.17,792.43,1462.65,4697.300945
400,3,503.11,30011.11,34925.20,478.04,1170.81,3265.236849
400,3,720.02,42349.33,49700.12,648.01,1529.71,5173.063328
400,3,690.06,41162.49,47561.13,461.08,1303.26,4634.311021
400,3,835.61,47804.43,55176.20,633.17,1647.46,5091.147396
400,3,679.15,39095.46,45719.49,423.51,1550.34,4650.173750
400,3,583.59,33595.60,39932.13,520.39,1404.23,4411.907222
400,3,595.97,33567.12,40254.48,743.48,1362.60,4581.282883
400,3,746.49,43528.28,49068.23,417.72,1359.26,3762.966176
400,3,397.28,25520.28,30493.80,485.23,1168.43,3319.864045
400,3,568.29,34216.09,39699.87,496.11,1345.15,3642.514448
400,3,673.11,40828.29,47130.80,459.28,1364.26,4478.979756
400,3,363.94,24101.15,29120.54,494.66,1171.68,3353.048961
400,3,776.28,46432.47,52737.35,474.56,1181.82,4648.492368
400,3,709.86,42958.34,49823.12,391.47,1210.75,5262.556351
400,3,592.09,35263.77,41047.77,622.38,1320.43,3841.194380
400,3,514.39,30976.29,36245.64,450.25,1045.19,3773.911495
400,3,790.62,47097.54,54018.81,522.98,1581.84,4816.452382
400,3,718.23,43341.28,50315.78,656.34,1442.34,4875.821391
400,3,777.61,45386.95,51959.15,531.88,1573.58,4466.730521
400,3,758.69,43761.38,50013.30,500.46,1449.56,4301.913985
400,3,581.83,34570.71,40732.28,594.43,1271.60,4295.545192
400,3,707.40,41128.46,47764.58,661.10,1677.78,4297.240771
400,3,724.42,43466.72,49414.96,616.24,1407.36,3924.642574
400,3,718.16,41894.36,48379.13,657.60,1402.81,4424.357238
400,3,706.53,42525.51,48629.75,360.22,1534.60,4209.413298
400,3,715.43,42820.09,49289.72,560.35,1482.25,4427.031415
400,3,663.39,38264.33,44656.23,528.72,1396.20,4466.968939
400,3,570.33,34530.19,40716.57,484.94,1435.08,4266.358592
400,3,663.61,39135.27,45844.15,758.79,1507.69,4442.395446
400,3,805.42,45733.71,52934.87,1039.90,1461.31,4699.949013
400,3,704.11,40775.19,47120.57,524.38,1377.35,4443.647735
400,3,806.66,46678.26,53724.65,616.14,1647.53,4782.721594
400,3,616.64,36617.26,41560.32,468.40,1252.14,3222.517115
400,3,570.83,33740.28,40162.02,453.14,1490.69,4477.905775
400,3,652.12,38510.62,44629.54,766.87,1388.46,3963.589687
400,3,555.90,33276.23,39339.36,532.07,1225.72,4305.335458
400,3,610.94,35441.50,40899.13,547.85,1257.88,3651.898160
400,3,461.36,27961.95,33431.07,481.43,1071.62,3916.070081
400,3,472.83,29672.10,34659.61,437.15,1195.78,3354.584292
400,3,616.64,35316.69,42911.95,484.14,1538.93,5572.192607
400,3,625.29,37977.12,43188.83,468.21,1236.65,3506.846813
400,3,464.13,30631.63,36043.95,566.19,1352.94,3493.201157
400,3,774.23,44346.06,51433.79,503.03,1616.84,4967.852634
400,3,513.50,32564.04,37936.16,808.07,1222.45,3341.604751
400,3,607.21,35392.23,41933.03,452.81,1346.01,4741.975340
400,3,591.93,34913.19,41131.78,519.45,1392.73,4306.422273
400,3,485.72,29516.75,34928.51,575.05,1367.49,3469.220052
400,3,735.33,42590.01,48535.20,513.66,1348.30,4083.225102
400,3,870.07,50907.89,57427.17,468.36,1748.26,4302.668191
400,3,531.63,31666.37,37786.87,595.15,1283.16,4242.190191
400,3,534.66,31795.67,38458.25,798.52,1316.09,4547.965349
400,3,702.51,40490.90,47222.88,411.48,1448.07,4872.418489
400,3,710.36,42389.65,48599.07,520.61,1380.81,4307.988205
400,3,586.03,34391.90,41285.42,488.11,1407.66,4997.755446
400,3,669.86,39235.99,45727.96,543.12,1348.20,4600.650323
400,3,793.83,45963.98,52133.96,564.88,1458.65,4146.454468
400,3,637.98,38120.56,43971.04,621.42,1221.60,4007.465542
400,3,578.42,34751.47,41826.29,644.55,1362.70,5067.566323
400,3,716.94,41746.34,47755.96,542.83,1205.21,4261.588497
400,3,538.59,32979.99,38188.34,416.03,1329.55,3462.771162
400,3,595.17,35870.07,42152.54,738.49,1468.30,4075.679720
400,3,749.49,43492.19,49773.99,524.53,1450.03,4307.236664
400,3,778.17,46145.94,52567.19,514.50,1525.71,4381.041440
400,3,686.76,39896.98,46280.23,640.27,1451.55,4291.431115
400,3,786.16,44168.61,51614.62,964.87,1377.70,5103.437054
400,3,651.49,37246.56,43200.53,577.53,1508.13,3868.316910
400,3,721.20,42856.32,50041.29,490.50,1469.91,5224.566939
400,3,434.74,27044.01,32658.32,644.93,1258.09,3711.291294
400,3,624.69,36908.86,43000.22,519.07,1333.55,4238.739203
400,3,981.29,54587.84,62074.85,705.34,1805.15,4976.517650
400,3,597.92,35951.21,41612.58,458.49,1341.67,3861.218194
400,3,615.52,36159.56,41937.59,422.63,1312.86,4042.540748
400,3,664.32,38626.48,44911.13,461.59,1468.14,4354.921067
400,3,648.67,38951.22,45555.29,533.22,1272.61,4798.246948
400,3,707.30,41579.19,48060.33,529.40,1381.44,4570.306845
400,3,705.18,41521.20,48391.15,478.89,1726.75,4664.302423
400,3,823.86,46320.47,52840.85,655.86,1651.79,4212.739829
400,3,584.30,34146.19,40522.65,535.88,1356.60,4483.982086
400,3,729.44,43233.13,48962.80,379.95,1350.34,3999.382253
400,3,592.03,36264.08,41518.82,569.53,1196.03,3489.179475
400,3,604.33,36641.86,42821.11,1040.20,1166.48,3972.575057
400,3,462.57,26922.74,32104.99,1001.61,869.44,3311.206896
400,3,725.73,43899.82,50033.79,491.66,1568.68,4073.617498
400,3,542.96,33687.14,38949.90,449.94,1135.83,3676.993864
400,3,606.20,35924.90,42149.60,714.00,1343.51,4167.184265
400,3,534.92,31683.79,38574.82,669.56,1418.97,4802.502125
400,3,707.63,42124.84,48832.26,559.57,1425.43,4722.421642
400,3,796.48,46005.60,52938.05,449.56,1473.52,5009.368908
400,3,696.17,39816.00,46872.14,494.20,1420.54,5141.397758
400,3,637.31,37729.63,44047.94,611.13,1307.38,4399.793435
400,3,681.67,39982.12,46557.68,548.90,1305.78,4720.878025
400,3,512.92,32664.96,37451.39,521.78,1106.85,3157.799375
400,3,827.34,47883.55,55126.24,558.23,1381.34,5303.124360
400,3,585.69,34870.54,41116.39,792.78,1148.01,4305.064843
400,3,439.50,27532.84,32593.31,548.88,1179.04,3332.558245
400,3,612.67,36835.49,43786.82,990.72,1265.82,4694.792674
400,3,553.78,34547.79,41539.05,536.13,1235.97,5219.161806
400,4,688.60,39599.82,46471.70,547.76,1322.25,5001.866772
400,4,813.52,48689.73,56837.41,708.56,1712.25,5726.876709
400,4,822.53,48905.45,56813.05,645.27,1643.02,5619.304919
400,4,759.60,44966.01,51513.94,602.36,1642.42,4303.149210
400,4,951.93,55796.44,64829.01,453.82,1694.52,6884.236703
400,4,766.12,44485.14,52938.37,856.52,1636.42,5960.278726
400,4,898.07,51576.11,60783.43,755.37,1911.54,6540.410871
400,4,754.25,43433.33,51928.31,567.10,1574.52,6353.354488
400,4,673.61,39970.43,47810.58,842.73,1450.45,5546.970598
400,4,735.97,43881.91,51982.61,814.21,1608.39,5678.101525
400,4,734.78,44933.50,52671.52,744.27,1590.37,5403.372085
400,4,679.15,41474.25,48132.80,652.86,1609.72,4395.977286
400,4,952.00,56342.21,63828.83,558.78,1844.51,5083.330400
400,4,605.34,37374.73,45563.21,641.93,1620.05,5926.506059
400,4,573.23,35096.65,42204.67,757.64,1581.92,4768.463806
400,4,841.27,48452.02,56905.14,677.77,1817.33,5958.028878
400,4,885.46,50903.14,59819.44,711.01,1933.96,6271.327898
400,4,826.78,48813.69,56681.86,611.56,1865.54,5391.064926
400,4,1045.43,60575.13,68685.74,766.88,2061.95,5281.783466
400,4,625.44,37188.48,45333.30,761.04,1594.24,5789.535306
400,4,916.67,53758.82,62328.27,610.86,1608.21,6350.372544
400,4,706.11,41543.90,50200.85,707.25,1877.46,6072.244037
400,4,825.47,49718.92,57253.39,562.37,1652.35,5319.744084
400,4,714.75,42053.08,49802.86,728.95,1692.46,5328.379872
400,4,725.86,42373.88,50176.91,619.58,1706.83,5476.623757
400,4,788.46,46971.00,54958.02,594.00,1698.57,5694.454418
400,4,828.99,50171.38,58600.09,869.12,1837.56,5722.024723
400,4,654.68,38549.01,46691.43,850.63,1524.49,5767.304449
400,4,900.42,51672.58,59906.43,576.08,1905.97,5751.803973
400,4,991.56,55883.34,64711.29,716.90,2079.43,6031.629285
400,4,702.51,41997.09,49769.54,693.53,1649.30,5429.619267
400,4,825.52,48572.21,56830.29,937.10,1649.75,5671.240491
400,4,659.82,39589.34,48052.99,967.09,1463.22,6033.340094
400,4,958.26,54893.58,63515.25,831.05,1958.14,5832.476019
400,4,687.20,41780.37,50803.51,743.54,1755.23,6524.377712
400,4,595.36,35988.09,42502.78,647.99,1389.95,4476.744400
400,4,1036.16,60576.93,68708.52,578.33,1589.00,5964.264376
400,4,713.81,41717.69,48889.98,659.53,1722.31,4790.452320
400,4,661.57,41483.79,48817.58,688.73,1387.87,5257.194052
400,4,707.54,41584.40,48769.68,598.07,1687.56,4899.647132
400,4,739.43,43824.03,51185.87,614.21,1438.50,5309.124379
400,4,693.28,42819.65,49101.00,527.55,1461.92,4291.876542
400,4,863.20,49326.28,58973.27,772.68,1852.15,7022.162532
400,4,782.45,46249.52,53806.30,634.87,1818.56,5103.341072
400,4,564.12,34231.01,40851.37,756.35,1431.89,4432.122306
400,4,767.73,44448.19,53435.13,538.52,1872.08,6576.339259
400,4,694.33,41705.66,48461.38,606.65,1653.27,4495.801357
400,4,861.76,50557.64,59040.92,520.26,1750.41,6212.611537
400,4,1094.99,63759.17,72776.24,800.82,2220.92,5995.331615
400,4,556.08,32105.19,39050.73,585.15,1385.68,4974.701316
400,4,814.50,48040.82,55785.29,497.62,1872.14,5374.713550
400,4,705.28,42505.90,50199.66,666.14,1595.86,5431.763937
400,4,944.58,54355.25,62421.97,604.19,2175.35,5287.187098
400,4,891.18,51583.88,59407.65,604.03,1712.85,5506.887159
400,4,754.24,44603.01,52732.29,764.10,1735.08,5630.104983
400,4,739.99,43965.03,51801.00,727.15,1856.51,5252.301735
400,4,930.72,51780.13,61113.80,1097.32,1723.73,6512.626034
400,4,892.93,54428.19,62833.76,739.29,1607.11,6059.168440
400,4,751.72,45090.74,52673.62,617.01,1724.97,5240.901038
400,4,852.31,50047.20,57351.47,629.13,1459.29,5215.850929
400,4,727.67,41368.99,50405.12,674.23,1759.74,6602.165773
400,4,850.02,48743.73,57030.95,890.33,1774.36,5622.531725
400,4,819.37,48306.54,55610.41,761.59,1707.68,4834.595002
400,4,892.61,52320.33,60515.80,472.84,1874.13,5848.497509
400,4,871.60,50571.38,58892.31,939.01,1690.41,5691.504783
400,4,729.81,44317.16,52290.54,693.20,1875.35,5404.823993
400,4,879.69,51176.35,59332.04,690.68,1612.48,5852.530960
400,4,930.83,53397.08,61950.61,589.69,1819.91,6143.927873
400,4,808.33,48104.14,55932.74,503.07,1673.78,5651.750791
400,4,799.87,48454.89,57480.33,628.80,1920.74,6475.892724
400,4,538.99,33580.54,40550.32,652.77,1379.21,4937.798478
400,4,738.87,42946.61,51279.96,967.54,1728.76,5637.045209
400,4,944.49,52360.23,61131.97,725.47,1744.94,6301.329164
400,4,696.64,40874.50,48666.80,902.00,1730.83,5159.466874
400,4,805.93,47894.03,56176.76,628.14,2011.10,5643.475732
400,4,925.57,53789.02,62236.55,636.76,1955.83,5854.946662
400,4,1022.79,58938.62,68202.62,979.33,2203.67,6080.998528
400,4,723.32,43316.14,51233.03,810.57,1699.87,5406.444220
400,4,857.59,50404.85,59142.85,617.92,2082.74,6037.343850
400,4,846.75,48750.07,57374.34,805.12,2025.35,5793.795443
400,4,885.72,49889.30,58401.41,734.53,1702.19,6075.398671
400,4,809.57,47708.26,55039.69,581.17,1555.35,5194.911930
400,4,881.24,52646.30,59943.64,694.76,1778.90,4823.691564
400,4,797.55,46166.20,53575.37,968.01,1321.13,5120.034909
400,4,763.79,45290.02,51961.06,888.77,1459.03,4323.238131
400,4,809.87,47035.21,54922.72,957.07,1686.75,5243.688916
400,4,826.67,48479.65,56227.84,711.62,1656.92,5379.648313
400,4,813.09,48757.88,56577.41,535.00,1623.72,5660.804633
400,4,797.66,47147.95,55036.49,568.65,1578.66,5741.229297
400,4,868.42,51500.15,60040.68,597.76,1773.96,6168.810099
400,4,825.03,48472.75,57230.14,744.65,1722.56,6290.188311
400,4,981.83,56316.06,65570.42,642.95,2020.10,6591.305560
400,4,776.11,44700.42,53035.27,562.42,1777.18,5995.258904
400,4,1064.38,59961.45,68790.02,610.39,2111.56,6106.616920
400,4,613.94,37223.67,44150.58,873.62,1656.70,4396.583865
400,4,782.37,46815.98,55448.50,1046.97,1469.74,6115.804961
400,4,901.53,53468.81,61105.25,675.84,1587.28,5373.330835
400,4,732.90,45256.92,51951.72,810.59,1470.52,4413.686113
400,4,637.96,37105.34,45098.37,660.63,1700.13,5632.259461
400,4,867.72,52305.55,61392.35,647.56,1686.67,6752.565322
400,5,1086.22,63896.66,73503.80,840.33,2179.09,6587.717161
400,5,1195.28,68550.42,78967.01,765.28,2214.37,7436.935070
400,5,950.97,54505.48,64301.74,776.44,2110.66,6909.168196
400,5,647.74,38507.93,46675.89,1013.52,1844.52,5309.933647
400,5,764.51,44170.61,55372.91,852.39,1954.77,8395.132105
400,5,794.47,46409.51,56433.00,903.25,1899.23,7221.000243
400,5,948.58,54300.73,65121.30,1154.03,1816.76,7849.782091
400,5,1178.48,67547.76,78464.02,920.28,2512.45,7483.524176
400,5,953.35,55145.73,65244.18,920.55,2374.76,6803.133181
400,5,827.96,49063.26,58418.61,777.41,1882.92,6695.017513
400,5,913.99,53061.72,63425.73,1070.32,2320.67,6973.019978
400,5,885.91,51136.90,60036.62,898.41,2133.14,5868.168987
400,5,867.45,50753.64,60392.89,936.89,2230.81,6471.546154
400,5,782.81,46817.78,56806.32,705.57,1727.72,7555.246658
400,5,1022.98,59972.22,69504.00,724.71,2305.75,6501.323155
400,5,1124.53,65320.17,75680.11,798.19,2287.53,7274.225584
400,5,1129.71,63900.57,74155.40,703.00,1856.26,7695.562032
400,5,692.96,41268.18,50783.92,794.98,1930.24,6790.510399
400,5,935.13,53522.09,63451.19,924.58,2287.09,6717.429185
400,5,1080.28,62451.38,73297.35,1043.44,2363.85,7438.687611
400,5,1135.41,64908.98,75355.60,797.25,2268.05,7381.314005
400,5,906.77,54263.43,63926.35,682.68,1987.69,6992.532613
400,5,748.76,46671.35,56157.79,790.52,1713.93,6981.993837
400,5,935.81,54459.10,63903.57,664.32,2123.78,6656.378931
400,5,898.12,51808.59,62200.19,1115.18,2229.82,7046.599603
400,5,918.52,53735.48,63553.35,705.84,2312.67,6799.370873
400,5,768.49,45762.32,55645.72,861.57,2015.23,7006.600864
400,5,1047.00,59006.78,69514.52,890.46,2269.11,7348.173201
400,5,1103.02,61785.88,72286.47,933.48,2312.16,7254.950734
400,5,980.67,56848.45,67005.29,927.82,2026.37,7202.650086
400,5,775.18,46845.83,56000.22,846.87,2003.17,6304.350943
400,5,796.56,48073.23,57680.53,975.24,2148.93,6483.126097
400,5,1032.16,61669.91,71493.41,809.96,2013.49,7000.055930
400,5,725.80,41670.04,51263.07,698.92,1761.55,7132.563489
400,5,1100.30,65446.43,75894.12,917.94,1966.21,7563.530216
400,5,688.12,43572.43,51422.39,853.33,1739.85,5256.778068
400,5,1046.12,59488.53,69883.34,825.44,2358.81,7210.549037
400,5,821.86,48186.57,57279.19,831.42,1887.24,6373.963802
400,5,916.91,53512.62,62684.45,891.74,2004.85,6275.237299
400,5,772.94,46925.19,55822.92,865.97,1898.45,6133.310265
400,5,1082.92,61493.85,70601.77,889.89,1876.76,6341.273524
400,5,960.53,55637.98,63981.21,784.20,1942.22,5616.816965
400,5,1045.39,59809.62,71936.37,986.37,2636.64,8503.731381
400,5,933.57,53839.02,63273.73,898.66,1883.67,6652.376653
400,5,835.11,51163.14,60093.01,881.83,1922.65,6125.388635
400,5,1081.24,60873.12,72191.73,1182.10,2164.81,7971.710028
400,5,735.90,45545.78,54056.92,821.95,1944.64,5744.540989
400,5,905.61,53561.04,63907.75,845.17,2132.62,7368.922369
400,5,1044.71,59164.01,69995.84,759.00,2455.43,7617.416121
400,5,976.26,56871.37,65749.16,841.45,2002.38,6033.961420
400,5,800.39,48443.58,58251.19,1003.77,2082.75,6721.084441
400,5,886.69,52378.95,61786.40,896.25,1988.20,6523.007186
400,5,674.27,39886.55,48861.56,783.30,1641.02,6550.679983
400,5,1070.40,63563.35,73114.27,890.20,2046.98,6613.746002
400,5,1153.37,64438.83,75344.97,1121.60,2430.29,7354.243983
400,5,865.65,50117.59,59701.43,1018.41,2018.47,6546.951525
400,5,807.68,45888.12,56136.88,925.67,1961.28,7361.800550
400,5,1125.97,63738.35,74095.27,944.36,2328.59,7083.975818
400,5,869.12,50443.07,59820.92,925.18,2188.29,6264.387944
400,5,768.81,46692.74,55903.82,902.47,1921.39,6387.227878
400,5,982.26,56007.88,66492.61,683.71,2172.66,7628.352783
400,5,843.69,49888.21,59418.89,703.07,1767.07,7060.529776
400,5,860.75,52489.02,60927.55,821.38,1887.12,5730.022212
400,5,761.34,45255.87,54978.43,913.70,2157.24,6651.616432
400,5,761.62,45123.18,54727.54,976.45,2021.08,6606.822253
400,5,865.15,50668.13,60692.93,969.32,2230.67,6824.818131
400,5,990.03,57935.35,68586.68,1143.27,2300.28,7207.780066
400,5,793.47,48467.73,58293.82,775.53,1873.28,7177.279579
400,5,997.65,57575.35,67663.88,1108.14,1924.56,7055.841706
400,5,936.36,55012.32,65848.77,645.30,2072.03,8119.121895
400,5,884.45,54064.29,63029.35,1064.30,1777.79,6122.973440
400,5,1104.08,62321.48,72651.75,962.72,2284.89,7082.658660
400,5,1164.98,68990.47,79125.70,757.71,2058.53,7318.994279
400,5,903.55,53606.78,62918.12,904.96,1868.11,6538.264376
400,5,784.49,45553.52,55505.68,876.59,1968.71,7106.859009
400,5,866.99,49838.39,60104.95,995.17,2058.02,7213.357349
400,5,839.04,48396.52,58763.42,1153.69,1800.76,7412.455518
400,5,1030.35,60220.01,69547.70,840.12,1953.55,6534.030982
400,5,1011.25,56952.19,67755.23,1050.18,2091.64,7661.208899
400,5,885.14,49044.74,58926.52,757.40,2034.53,7089.842321
400,5,873.27,53879.17,63275.23,650.06,1783.35,6962.658342
400,5,999.19,57328.10,66641.98,823.09,2214.91,6275.877038
400,5,882.71,52434.97,61285.94,830.01,2028.50,5992.465362
400,5,912.43,52741.95,61837.16,802.64,1876.44,6416.135174
400,5,936.06,56325.91,64335.34,974.15,1780.29,5254.994222
400,5,898.96,53642.91,63170.21,569.69,1946.02,7011.599028
400,5,781.52,46678.52,55950.85,931.39,1949.37,6391.569640
400,5,926.94,53942.33,63719.06,931.12,2216.97,6628.641657
400,5,1001.73,57993.69,67971.95,975.43,2277.40,6725.439702
400,5,938.24,53742.38,63445.50,783.16,2072.31,6847.645729
400,5,1015.26,58072.98,68232.27,851.80,2145.04,7162.454344
400,5,808.36,47096.16,57974.01,848.94,2128.97,7899.938403
400,5,1039.36,60219.49,70685.05,869.33,2138.68,7457.543237
400,5,946.34,53661.15,64344.07,940.95,2263.70,7478.274544
400,5,836.13,49700.11,57888.37,669.52,1856.79,5661.945676
400,5,1076.98,61029.06,71431.48,825.84,2204.06,7372.525007
400,5,780.96,46441.11,54978.73,964.61,1678.54,5894.475579
400,5,861.61,49164.27,57980.54,731.92,2104.21,5980.147256
400,5,856.53,51229.91,60958.31,1105.62,2236.66,6386.116494
400,5,775.56,44732.46,55416.06,952.10,1983.18,7748.314511
400,6,925.31,54985.75,65995.13,931.05,2287.74,7790.584356
400,6,1255.74,71136.25,83445.18,898.77,2716.16,8694.011700
400,6,1185.82,66841.23,78412.82,943.73,2507.59,8120.263942
400,6,978.59,58917.91,69690.15,1013.23,2618.67,7140.348469
400,6,1153.96,64108.20,77584.25,1121.85,2543.93,9810.268386
400,6,1315.22,73703.24,85459.55,910.34,2679.69,8166.264943
400,6,1095.95,63900.20,77208.82,1459.66,2393.51,9455.443740
400,6,1165.41,64000.95,75775.36,1087.26,2166.17,8520.985305
400,6,893.40,52553.77,63445.31,913.52,2322.13,7655.893620
400,6,1260.39,73588.70,84832.15,1028.06,2592.43,7622.955682
400,6,1055.71,60167.29,71175.11,890.92,2184.83,7932.076826
400,6,1031.36,59087.35,69768.98,923.90,2411.49,7346.233074
400,6,1003.24,58620.19,69485.58,888.20,2054.88,7922.312665
400,6,1167.39,65174.16,78151.86,1022.45,2754.86,9200.388707
400,6,926.56,54871.43,66163.84,1229.57,2092.23,7970.620624
400,6,1246.43,69969.49,82151.45,1022.11,2745.70,8414.140838
400,6,1377.32,78038.35,91095.66,838.24,2681.70,9537.372385
400,6,772.32,47104.35,58208.41,1118.08,1953.36,8032.624248
400,6,1016.08,58821.02,69856.23,920.17,2320.58,7794.460230
400,6,909.57,52606.18,64916.74,986.60,2346.75,8977.210672
400,6,1005.56,59515.37,71131.04,902.84,2269.22,8443.611213
400,6,1217.44,70349.13,82448.40,1240.75,2838.05,8020.460056
400,6,737.27,43379.99,54199.36,1005.25,2116.46,7697.662342
400,6,1227.42,70590.80,81794.38,792.23,2476.39,7934.960578
400,6,1227.00,71422.60,83296.33,929.62,2371.26,8572.850891
400,6,1100.59,63487.29,75094.34,1286.54,2225.82,8094.700628
400,6,1040.73,62657.19,74303.11,1041.46,2570.89,8033.566284
400,6,987.59,56393.51,68146.73,821.46,2255.57,8676.197450
400,6,1058.09,61944.15,73237.70,959.98,2222.96,8110.613881
400,6,1051.28,61772.56,73824.20,1508.12,2592.70,7950.820640
400,6,979.31,57363.28,68999.17,1065.68,2351.59,8218.628890
400,6,968.23,56954.12,68064.25,1159.38,1904.29,8046.460816
400,6,993.19,58315.64,70020.20,886.30,2343.66,8474.594771
400,6,1102.99,61839.50,73715.35,950.23,2673.86,8251.762793
400,6,1329.14,75028.63,87228.83,1025.14,2752.19,8422.873209
400,6,902.46,54126.83,63855.15,869.79,2127.60,6730.938947
400,6,1095.68,64064.37,75718.41,791.59,2244.29,8618.158389
400,6,1092.16,63771.51,75007.43,1128.12,2267.87,7839.926136
400,6,1075.49,64575.05,75021.02,841.39,2146.63,7457.950437
400,6,911.36,53713.96,64444.30,1210.38,2482.08,7037.877720
400,6,1121.64,65238.94,75820.52,982.52,2478.14,7120.919478
400,6,923.70,54154.97,64263.55,974.50,2244.31,6889.759743
400,6,1045.82,56683.48,69839.21,890.68,2487.72,9777.328911
400,6,943.00,55470.59,66718.89,1078.12,2305.22,7864.959849
400,6,1024.04,62065.11,72473.66,961.71,2194.85,7251.987363
400,6,1125.01,66018.38,79503.40,1845.57,2347.87,9291.581078
400,6,911.96,53722.69,64346.15,1172.84,2174.84,7275.779043
400,6,1078.83,62848.25,74737.47,1262.19,2131.99,8495.028460
400,6,1322.48,74160.95,86940.43,842.10,2691.50,9245.874589
400,6,765.38,44765.38,55277.39,1212.98,2068.21,7230.823506
400,6,1111.23,65361.90,77153.83,1076.54,2512.49,8202.900459
400,6,1206.07,68746.97,80471.55,1145.93,2316.79,8261.857564
400,6,1112.76,64796.83,75888.76,989.72,2227.27,7874.938251
400,6,1111.67,64297.06,75828.20,1056.18,2358.23,8116.730817
400,6,1177.11,67546.33,79855.04,1113.50,2577.25,8617.957489
400,6,1116.49,64151.75,75146.27,1090.76,2234.82,7668.934059
400,6,1277.17,72161.17,85171.42,1206.18,3021.85,8782.216731
400,6,1211.78,68064.09,80132.45,917.60,2461.76,8688.993062
400,6,909.04,53502.61,64569.54,1156.18,2022.15,7888.589030
400,6,1059.43,62024.60,72884.09,993.26,2364.10,7502.127718
400,6,1139.14,64117.19,76727.52,983.96,2542.30,9084.082541
400,6,1034.98,58849.05,70247.06,941.19,2388.25,8068.569772
400,6,792.19,46652.63,56767.94,1110.79,1933.22,7071.304437
400,6,1097.16,61221.32,72447.59,946.95,2393.45,7885.867619
400,6,829.68,48125.34,59006.74,1101.87,2162.22,7617.315931
400,6,978.78,56141.73,67675.20,946.43,2213.54,8373.499179
400,6,1197.82,68214.26,80772.90,1284.85,2608.85,8664.946607
400,6,1118.64,63732.72,75399.00,959.45,2368.77,8338.059531
400,6,1152.35,65123.58,77150.09,1032.51,2453.78,8540.228157
400,6,1171.97,68154.21,80800.94,1229.10,2713.93,8703.686826
400,6,938.75,56269.16,67514.11,1155.44,2767.15,7322.363397
400,6,971.84,56392.14,68117.39,1064.11,2257.40,8403.745844
400,6,993.95,56096.32,67871.65,1206.87,2241.38,8327.078250
400,6,1205.60,69038.89,80648.47,899.50,2635.05,8075.031640
400,6,954.75,54810.73,65816.38,1059.40,2194.63,7751.606375
400,6,1062.58,59068.74,71144.57,932.03,2377.25,8766.549602
400,6,1029.87,59810.40,71397.05,1275.77,2163.19,8147.686995
400,6,1155.70,66481.75,78027.92,1075.32,2897.79,7573.067001
400,6,1136.65,63630.52,76211.89,1001.85,2451.47,9128.049550
400,6,884.06,51442.81,62658.23,952.14,2012.42,8250.863491
400,6,1041.72,58323.84,70487.03,1320.59,2439.93,8402.674514
400,6,988.30,57111.32,67855.18,909.51,2264.87,7569.480893
400,6,946.64,56522.41,67265.42,1003.29,2548.12,7191.590830
400,6,815.19,48679.76,58901.89,1158.79,2022.73,7040.603982
400,6,657.12,40775.02,49920.30,999.33,2084.71,6061.242829
400,6,1171.73,66871.06,78689.95,938.17,2260.21,8620.510514
400,6,833.45,50250.33,60462.68,1118.42,2120.84,6973.088814
400,6,1115.75,65094.59,76580.22,899.79,2474.46,8111.387813
400,6,1051.64,61387.79,72518.72,850.86,2353.68,7926.394427
400,6,1226.54,68359.01,79890.91,873.90,2260.85,8397.157357
400,6,1179.58,65510.98,78112.72,1282.08,2499.23,8820.433327
400,6,1165.96,65903.83,78412.83,716.16,2764.56,9028.286486
400,6,988.96,59067.38,70660.47,978.50,2426.37,8188.218789
400,6,1102.08,62880.21,74559.20,941.30,2334.99,8402.698650
400,6,767.49,45479.58,55347.49,980.44,2058.43,6829.025570
400,6,1045.75,61690.17,73174.18,802.66,2358.04,8323.314854
400,6,884.94,54697.07,65462.55,1329.59,2200.00,7235.891004
400,6,1034.55,61155.73,71507.17,1024.86,2508.69,6817.897916
400,6,946.22,55498.96,66907.51,955.56,2483.03,7969.966856
400,6,1190.82,68967.90,81644.65,1173.44,2766.12,8737.181287
400,7,1022.05,58856.19,71921.40,1423.30,2489.98,9151.929009
400,7,1325.53,75754.11,89481.75,871.06,2907.60,9948.978696
400,7,863.89,50591.67,63933.19,1295.82,2558.07,9487.620764
400,7,1094.75,64699.70,77222.68,1419.93,2545.36,8557.684383
400,7,1312.72,75742.79,91273.26,1142.19,2942.23,11446.051970
400,7,982.48,57639.99,71103.68,1034.89,2864.46,9564.336926
400,7,1326.28,78015.46,92545.80,1371.29,2802.07,10356.981216
400,7,1452.79,82906.70,96287.70,935.68,2759.55,9685.763819
400,7,1213.89,69801.37,82872.93,1256.64,3068.14,8746.779274
400,7,1041.30,59931.29,72267.90,1172.87,2180.64,8983.108751
400,7,1044.99,58245.04,70789.18,1141.52,2536.79,8865.830457
400,7,1187.76,68584.66,80298.09,936.16,2457.56,8319.719538
400,7,1172.20,66312.91,79012.90,1288.38,2521.51,8890.098880
400,7,1097.68,61611.88,75274.40,1305.07,2218.70,10138.748457
400,7,1013.81,59405.80,71954.53,1068.73,2608.06,8871.935258
400,7,1302.61,73334.66,86931.91,1069.02,2879.68,9648.546619
400,7,1207.66,71180.55,85554.34,1230.24,2357.43,10786.128223
400,7,1244.34,69929.63,83426.33,1072.53,2760.80,9663.374214
400,7,918.47,53300.70,65997.47,1146.14,2640.87,8909.758807
400,7,1057.23,62023.09,75581.02,1250.89,2731.50,9575.540069
400,7,1145.76,67466.83,80930.09,1220.53,2964.90,9277.832998
400,7,1169.67,67150.91,80336.58,1006.69,2672.49,9506.484937
400,7,1336.31,76848.39,90218.73,1266.86,3039.99,9063.479098
400,7,1079.83,62226.15,75052.40,1141.43,2305.23,9379.587784
400,7,1254.14,69991.86,84001.95,1397.17,3134.26,9478.654377
400,7,1286.62,74368.14,88124.67,1091.16,2860.37,9805.003781
400,7,1313.17,75648.90,89333.88,1149.16,3068.68,9467.147124
400,7,1023.62,59372.73,72523.81,989.48,2452.92,9708.689657
400,7,1150.71,65926.93,79610.16,1163.97,2769.74,9749.510774
400,7,1208.74,71711.58,84978.72,1348.24,2799.52,9119.372771
400,7,1006.75,59298.73,72083.92,1117.06,2572.66,9095.465424
400,7,942.84,55127.13,68210.76,1450.03,2491.60,9142.001817
400,7,1097.82,64177.58,77278.79,1210.26,2462.66,9428.282144
400,7,1184.61,70212.60,82987.04,1004.37,2297.93,9472.131870
400,7,1188.83,69881.62,83124.67,949.05,2380.60,9913.402233
400,7,1104.08,65236.00,77638.08,1266.88,2925.78,8209.425415
400,7,1219.65,69846.32,83781.89,1409.19,2799.18,9727.204222
400,7,1260.65,73097.54,86416.32,1354.20,2594.17,9370.409233
400,7,874.90,53041.44,64716.08,1065.23,2358.72,8250.678983
400,7,931.48,56246.71,67984.53,1009.82,2353.23,8374.780278
400,7,1092.56,64276.45,76339.39,1322.59,2521.08,8219.266223
400,7,913.98,54855.39,65862.31,1252.32,2132.60,7622.002113
400,7,1327.98,72986.11,88261.90,1184.09,3072.79,11018.913913
400,7,1459.00,83785.24,97387.26,1252.41,2978.86,9370.749327
400,7,988.64,58067.47,71096.07,1414.39,2748.50,8865.700157
400,7,1305.22,72333.89,87292.41,1474.00,2443.29,11041.221260
400,7,937.01,54090.60,65920.64,1040.61,2365.65,8423.788805
400,7,1276.12,71774.00,84848.88,1116.35,2626.20,9332.318269
400,7,1209.22,68776.98,83647.92,1210.91,2974.56,10685.466809
400,7,980.63,57969.25,70443.71,1326.39,2492.42,8655.641633
400,7,1115.84,65105.37,78887.58,1221.13,2975.78,9585.307324
400,7,1154.50,66077.79,79084.76,1090.73,2696.28,9219.962930
400,7,1275.88,73437.54,85866.99,1263.91,2597.99,8567.555172
400,7,1192.54,67719.56,80841.57,1183.20,2666.97,9271.828212
400,7,1104.88,65137.96,78731.47,1495.05,2353.96,9744.496952
400,7,1316.58,74557.66,87359.01,1144.51,2713.70,8943.141108
400,7,1219.92,68832.27,81964.23,890.19,2667.02,9574.760039
400,7,1410.11,81406.88,94249.71,880.78,2337.25,9624.810768
400,7,1382.67,79149.52,92751.35,1338.44,2882.84,9380.542859
400,7,1223.15,70101.67,83242.78,1192.07,2987.71,8961.336274
400,7,1440.81,80247.82,94518.71,1407.21,2681.22,10182.469828
400,7,1054.68,60884.18,73562.30,992.82,2576.07,9109.225666
400,7,1030.50,62138.32,73683.42,1089.58,2452.43,8003.096864
400,7,1302.51,76727.20,89990.58,1058.98,2808.23,9396.161552
400,7,1044.19,60695.48,73695.53,1507.36,2575.69,8916.991010
400,7,1430.27,80491.89,95240.48,1265.49,3356.46,10126.640324
400,7,1395.92,77268.50,91491.39,1465.96,2769.24,9987.681477
400,7,1424.54,82376.68,96331.47,1112.03,3120.40,9722.358996
400,7,1084.47,61769.12,75572.49,1109.66,2739.77,9953.946626
400,7,1134.28,64038.56,77712.24,1158.18,2532.31,9983.192368
400,7,1126.05,66578.42,79571.08,1228.37,2691.94,9072.356045
400,7,1206.36,69522.60,83185.74,1313.12,2690.41,9659.612353
400,7,1288.23,72613.19,86311.51,1265.36,2915.68,9517.277752
400,7,1098.36,63067.24,76334.27,1410.16,2562.14,9294.741226
400,7,1194.04,69772.75,82144.38,1326.36,2365.95,8679.327544
400,7,1357.45,77117.74,91124.50,1371.96,3085.98,9548.818066
400,7,906.21,55195.79,67994.61,1166.31,2376.52,9255.987507
400,7,1339.33,78985.97,92159.27,1311.50,2902.89,8958.903191
400,7,1159.37,65686.40,80522.12,1441.61,2671.46,10722.645663
400,7,1073.12,62880.32,76168.38,1340.16,2787.82,9160.077061
400,7,1342.17,76147.06,89664.87,1076.79,2674.81,9766.211990
400,7,928.88,53936.12,66348.78,1169.82,2510.41,8732.437533
400,7,1337.80,78620.59,90889.49,1186.33,2614.06,8468.499405
400,7,1101.69,63038.39,75127.64,1228.58,2804.37,8056.300982
400,7,1204.38,71066.62,81655.13,888.30,2330.12,7370.091128
400,7,1250.46,71024.16,84528.52,1101.05,2710.05,9693.250170
400,7,992.55,60141.45,72101.06,1361.19,2548.08,8050.331925
400,7,1319.99,75651.72,88599.74,1047.90,2524.66,9375.467343
400,7,1142.23,63842.95,77067.02,1377.92,2763.55,9082.599448
400,7,1001.81,57842.52,70755.00,1200.67,2467.43,9244.383738
400,7,1165.14,64793.25,78464.07,1090.30,2524.18,10056.345499
400,7,1137.73,66224.17,79982.51,1078.65,2655.55,10024.136654
400,7,1086.98,64157.25,77347.32,1279.52,2429.41,9481.146359
400,7,1265.72,71509.41,85538.04,1087.53,2852.62,10088.484515
400,7,1131.75,66054.44,77977.17,1127.62,2441.85,8353.262222
400,7,1245.72,70995.20,84913.49,1312.54,2834.54,9771.212763
400,7,1219.30,71571.29,83757.21,1157.72,2941.96,8086.235662
400,7,1072.22,61730.32,73624.81,1132.40,2401.06,8361.032400
400,7,1174.09,66503.68,79795.89,1155.60,2640.65,9495.966706
400,7,1105.98,65051.07,79309.12,1408.33,2599.07,10250.644410
400,8,1207.10,68781.63,82967.53,1350.65,2978.95,9856.293523
400,8,1256.87,70168.46,85968.71,1776.12,3138.69,10885.440769
400,8,1145.68,64845.72,79407.13,1321.28,2664.48,10575.646491
400,8,1284.60,74623.42,88416.26,1275.88,3034.45,9482.511164
400,8,1400.92,79159.03,96122.12,1311.55,3290.16,12361.373580
400,8,1293.98,72296.65,87552.86,1250.39,2916.54,11089.279387
400,8,1158.66,65815.41,81947.62,1647.60,2889.13,11595.467635
400,8,1165.92,67049.80,82993.19,1466.49,3272.74,11204.164739
400,8,1283.84,74214.00,88814.91,1241.64,3050.06,10309.208106
400,8,993.92,58467.01,72780.03,1450.09,2705.17,10157.766926
400,8,1035.33,59077.14,72839.74,1525.30,2566.84,9670.458110
400,8,1003.92,59572.59,72620.80,1307.10,2710.14,9030.978275
400,8,920.05,56081.66,70298.42,1367.12,2437.44,10412.192526
400,8,1017.02,59696.52,75497.41,1581.92,3036.73,11182.248943
400,8,1219.39,70633.43,85097.07,1735.81,2980.73,9747.102161
400,8,1198.99,68872.45,83520.80,1244.11,3003.65,10400.587267
400,8,1354.89,77691.72,94387.36,1404.80,3091.66,12199.169080
400,8,1184.41,67400.99,82133.17,1254.04,2853.10,10625.029538
400,8,1346.46,76994.56,91753.11,1549.76,3305.83,9902.957723
400,8,1183.71,67924.48,83453.85,1295.49,2982.31,11251.566282
400,8,1334.42,76302.54,90904.73,1309.18,2777.83,10515.181724
400,8,1247.77,69808.99,85185.70,1281.55,2905.58,11189.576381
400,8,1207.47,68506.20,83249.25,1603.33,2929.92,10209.792402
400,8,1204.01,68715.87,83342.07,1404.32,2939.18,10282.694223
400,8,1329.75,73376.73,88364.20,1303.32,2960.14,10724.015397
400,8,1420.58,80216.53,95126.98,1249.33,3107.78,10553.338339
400,8,1452.60,85032.86,99920.95,1359.86,3263.54,10264.680907
400,8,1050.33,61713.00,76284.33,1315.48,2831.39,10424.460656
400,8,1460.94,81654.80,97214.86,1298.74,3073.74,11187.583080
400,8,1432.65,79919.68,95284.07,1400.45,3406.26,10557.682862
400,8,1226.51,68590.34,84061.07,1557.60,3069.96,10843.182742
400,8,1105.25,64916.81,79500.81,1480.28,2811.52,10292.201817
400,8,1395.19,78976.21,94341.66,1293.43,3415.77,10656.257314
400,8,1310.66,75181.50,89904.91,1296.63,2902.62,10524.161592
400,8,1523.50,85896.89,102273.55,1680.74,3315.78,11380.148061
400,8,1128.92,65074.06,78251.29,1241.28,2904.55,9031.395964
400,8,1208.20,69818.08,84747.26,1367.62,2640.07,10921.485114
400,8,1670.34,93356.52,108366.95,1120.02,3107.50,10782.917245
400,8,1295.89,74218.83,88515.47,1425.30,3139.75,9731.587000
400,8,1263.56,74390.22,88393.17,1339.51,2979.24,9684.192829
400,8,774.64,46213.14,58909.52,1588.04,2154.36,8953.986146
400,8,1424.37,83806.13,97336.95,1395.92,3341.00,8793.895170
400,8,1553.90,84201.31,100503.63,949.39,2662.94,12689.992323
400,8,1299.30,72872.56,87496.83,1297.23,3154.91,10172.122346
400,8,1028.88,61636.18,75925.48,1660.81,2820.30,9808.182778
400,8,1264.18,74257.87,90547.27,1477.27,2730.21,12081.916757
400,8,1193.49,70259.31,84736.61,1340.99,3165.94,9970.369576
400,8,1141.47,64916.38,80135.22,1358.16,2757.78,11102.902003
400,8,1513.49,85534.26,102057.07,1148.56,3408.53,11965.719588
400,8,1325.67,77630.11,93418.08,1425.41,3750.17,10612.394274
400,8,1099.31,62465.20,76901.90,1238.60,2939.31,10258.807169
400,8,1346.09,76431.40,91114.88,1246.71,3145.55,10291.227074
400,8,1218.18,69815.97,84590.79,1339.95,3156.25,10278.616414
400,8,1229.41,71748.45,87224.67,1963.38,2919.01,10593.833570
400,8,1368.23,75480.99,90664.75,1452.54,2769.60,10961.616041
400,8,1469.87,85534.99,100086.33,1368.27,2940.19,10242.884483
400,8,1093.86,62422.02,77607.45,1568.52,2700.63,10916.279609
400,8,1130.84,64127.36,79192.69,1391.40,3045.62,10628.306719
400,8,1205.80,69364.71,84743.45,1373.23,3207.30,10798.209962
400,8,1540.01,87726.41,102975.98,1655.08,3479.24,10115.255854
400,8,1323.68,75062.76,91371.31,1625.16,3130.32,11553.075486
400,8,1282.60,76094.63,90295.48,1539.64,2769.67,9891.545594
400,8,1049.60,63407.43,76512.99,1492.22,2715.84,8897.503785
400,8,1281.56,74739.42,89941.80,1566.40,3121.47,10514.514236
400,8,1128.16,65826.13,80386.52,1479.43,2921.55,10159.396064
400,8,1488.76,83404.31,99985.34,1580.91,3393.43,11606.699953
400,8,1184.24,68051.82,83047.21,1302.35,2601.77,11091.270043
400,8,1650.37,95126.71,111121.13,1522.48,3328.44,11143.504374
400,8,1214.66,68889.21,83713.61,1394.69,2659.86,10769.850999
400,8,1366.37,78665.44,94736.04,1286.61,3157.77,11626.222455
400,8,1258.37,72896.23,87476.94,1294.53,3359.18,9926.997481
400,8,1011.46,59257.18,73350.56,1300.70,2813.48,9979.205299
400,8,1468.86,82067.43,97564.35,1432.50,2974.08,11090.339541
400,8,1225.20,69937.92,84398.71,1440.29,2717.40,10303.106996
400,8,1129.09,66389.47,80513.27,1484.63,2597.61,10041.556348
400,8,1162.64,65564.63,81071.97,1486.27,2872.47,11148.602257
400,8,1050.07,61720.15,75915.89,1513.60,2326.23,10355.913786
400,8,1289.70,72173.57,86628.06,1234.86,2842.96,10376.669442
400,8,1302.25,74000.00,90997.46,1558.68,2970.61,12468.171377
400,8,1149.49,65164.02,79910.69,1320.57,2789.08,10637.017680
400,8,1340.18,73593.45,89023.93,1563.38,2870.27,10996.827179
400,8,1145.44,64658.39,79308.98,1206.62,3117.82,10326.149853
400,8,1063.06,60811.24,75409.22,1524.05,2978.39,10095.547816
400,8,944.03,55992.49,69091.50,1737.75,2516.28,8844.972202
400,8,996.84,58969.53,71189.51,1376.09,2553.78,8290.103407
400,8,1379.93,80224.59,95318.15,1326.33,3138.30,10628.934247
400,8,1122.01,64518.48,77679.78,1354.60,2747.71,9058.983376
400,8,1507.45,87502.50,102773.65,1440.37,3059.95,10770.812448
400,8,1071.25,62290.47,77107.98,1425.35,2811.83,10580.332213
400,8,1279.57,71710.02,87243.88,2062.99,2763.04,10707.828950
400,8,1242.06,70526.13,85581.78,1193.04,2365.29,11497.322507
400,8,1177.60,66689.83,83080.35,1745.40,3060.20,11584.922718
400,8,1460.14,79015.13,94119.20,1301.78,3289.75,10512.541741
400,8,1206.52,68867.63,84346.82,1288.67,3098.86,11091.655017
400,8,1186.83,69271.69,83201.56,1374.42,2912.09,9643.363591
400,8,1206.81,69360.84,84169.51,1172.81,2591.12,11044.744546
400,8,1135.71,67426.18,81297.09,1633.71,3226.71,9010.484783
400,8,1297.44,74982.73,88679.71,1362.69,2860.06,9474.228462
400,8,1090.53,63675.27,78750.52,1759.61,2818.29,10497.347873
400,8,1197.07,67097.91,82427.21,1439.64,2733.11,11156.549348
400,9,1228.66,71820.43,87132.51,1461.98,3033.83,10816.270644
400,9,1169.21,66692.44,83815.28,1771.40,3209.38,12142.044257
400,9,1502.92,83962.17,100241.05,1595.36,3351.52,11332.004381
400,9,1139.70,66927.14,82139.20,1460.57,2906.73,10844.766694
400,9,1370.34,77957.70,96428.04,1579.65,3658.31,13232.372638
400,9,1290.95,72818.50,89425.82,1465.58,3118.29,12023.444462
400,9,1653.50,90664.97,108316.61,1730.94,3390.16,12530.533883
400,9,1141.80,67254.76,83834.10,1772.98,2738.50,12067.857656
400,9,1232.90,71701.99,87380.16,1520.70,3136.10,11021.360498
400,9,1452.36,84635.95,100891.34,1435.73,3370.97,11448.695583
400,9,1205.40,69605.84,84670.98,1524.53,2831.72,10708.898737
400,9,1164.61,68994.55,84133.66,1791.77,3123.29,10224.045619
400,9,1522.96,87014.29,104053.08,1792.53,3698.49,11547.761108
400,9,1381.05,80164.29,98124.77,1689.96,3411.67,12858.847165
400,9,1272.56,72403.79,88481.69,1489.66,2934.59,11653.652800
400,9,1246.57,71059.91,86669.82,1459.13,2782.70,11368.072341
400,9,1182.28,65770.20,83362.88,1750.12,3181.10,12661.457971
400,9,1225.87,70804.68,87476.73,1599.62,3311.23,11761.193488
400,9,1452.09,84385.17,100745.72,1706.85,3317.42,11336.276652
400,9,1294.46,73088.98,90008.87,1530.62,2927.89,12461.375273
400,9,1371.52,78567.25,95845.76,1746.65,3662.28,11869.579910
400,9,1733.10,96979.99,114053.80,1484.86,3519.33,12069.623786
400,9,1586.23,89613.55,106499.59,1734.60,3346.62,11804.820596
400,9,1344.19,76672.84,92946.46,1869.18,3170.61,11233.834976
400,9,1411.18,79896.41,97322.56,1490.19,3656.54,12279.418523
400,9,1413.64,82304.01,98631.31,1590.45,3356.40,11380.448697
400,9,1290.61,75496.30,91777.93,1727.63,2879.79,11674.209268
400,9,1650.10,93256.85,110310.63,1698.37,3589.53,11765.878914
400,9,1365.79,77875.73,94943.64,1632.59,3301.78,12133.551457
400,9,1366.81,78084.30,94666.12,1489.97,3294.42,11797.429407
400,9,1163.02,67020.21,83264.56,1487.74,3058.15,11698.461953
400,9,1377.25,79235.16,95288.02,1377.18,3316.56,11359.113420
400,9,1326.53,75760.00,92879.58,1654.22,3457.64,12007.710201
400,9,1317.14,73826.86,90510.68,1766.34,3144.39,11773.088176
400,9,1213.78,68681.16,85941.68,1875.74,3207.62,12177.146418
400,9,1118.75,66403.69,81668.74,1663.91,3025.71,10575.438992
400,9,1353.35,78365.93,94536.60,1487.25,3042.50,11640.927038
400,9,1008.80,58481.12,74344.84,1450.05,2726.68,11686.997475
400,9,1160.67,69393.00,84150.41,1355.87,2936.32,10465.214573
400,9,1007.33,59535.68,75012.84,1514.26,2622.03,11340.878860
400,9,1308.86,76576.35,91501.78,1631.08,3105.32,10189.026718
400,9,1152.66,70110.68,84010.75,1461.24,2712.29,9726.544086
400,9,1417.39,80427.75,99096.48,1526.16,3164.93,13977.642529
400,9,1345.95,75991.65,91930.64,1495.62,3067.14,11376.239661
400,9,1058.08,63371.27,79192.23,2096.48,2675.76,11048.725495
400,9,1666.58,92411.97,109952.73,1568.89,3235.37,12736.498185
400,9,1383.80,81479.87,97189.93,1519.78,3018.68,11171.593867
400,9,1262.01,69989.14,86325.70,1575.04,2919.45,11842.078379
400,9,1371.88,78519.70,96976.07,1689.46,3168.86,13598.043557
400,9,1427.81,79468.97,95704.82,1534.64,3297.42,11403.796437
400,9,1774.70,98685.90,116086.86,1554.59,4037.08,11809.289733
400,9,1171.79,67839.53,83601.67,1709.98,2916.52,11135.634539
400,9,1423.62,82294.10,99218.61,1669.73,3570.34,11684.431526
400,9,1400.20,80942.55,97836.87,1375.92,3157.73,12360.662639
400,9,1417.16,82525.02,99671.57,1757.96,3351.04,12037.544553
400,9,1536.11,88584.45,105258.98,1734.89,3411.70,11527.941553
400,9,1162.26,69054.37,85815.19,1672.34,2968.62,12119.850055
400,9,1265.70,70000.27,86427.89,1300.14,3048.80,12078.684359
400,9,1171.43,66641.52,83222.27,1508.20,3212.91,11859.638656
400,9,1184.44,68758.65,85071.89,1782.58,2984.78,11545.879181
400,9,1741.73,96380.09,114682.98,1819.82,3737.51,12745.553368
400,9,1347.19,79197.21,94701.47,1711.11,3255.01,10538.141069
400,9,946.01,56677.57,71269.78,1651.39,2640.14,10300.681846
400,9,1626.13,91649.27,108741.06,1566.63,3573.48,11951.672997
400,9,1495.99,84873.95,101590.97,1642.39,3285.02,11789.617395
400,9,1167.85,66719.15,85082.18,1902.37,3438.08,13022.586745
400,9,1532.64,87469.86,104426.71,1559.45,3231.37,12166.031259
400,9,1419.80,80737.73,98301.08,1596.14,3630.80,12336.412148
400,9,1643.08,92407.31,109283.80,1640.33,3321.97,11914.197997
400,9,1450.49,82486.96,100409.41,1590.75,3155.06,13176.637152
400,9,1148.21,68615.70,84383.76,1674.22,3161.35,10932.489964
400,9,1181.57,69542.04,85995.78,1879.15,3296.80,11277.787948
400,9,1446.45,82098.88,98689.01,1455.99,3244.69,11889.447697
400,9,1192.47,68232.15,84278.43,1561.21,3201.70,11283.365184
400,9,1279.75,74339.04,90617.13,1745.52,3219.60,11312.964536
400,9,1196.14,67103.74,84043.57,1587.72,3151.20,12200.917827
400,9,1277.10,74664.92,90386.74,1466.78,3194.73,11060.312729
400,9,1410.72,81370.92,98473.08,1708.36,3515.81,11877.994669
400,9,1600.92,88632.18,106846.79,1644.24,3311.16,13259.215034
400,9,1254.28,73098.66,89339.81,1424.99,3069.57,11746.600123
400,9,1121.14,64678.81,80694.35,1476.52,2773.01,11766.010472
400,9,1407.96,81202.22,97486.13,1550.32,3398.75,11334.839158
400,9,1517.91,87553.18,104108.60,1627.64,3666.11,11261.671951
400,9,1306.84,75120.85,90351.66,1449.58,3489.76,10291.463088
400,9,1137.46,67915.26,81606.92,1545.18,2706.14,9440.342093
400,9,1424.40,82656.55,99531.22,1647.37,3116.51,12110.789976
400,9,1351.77,78242.44,93725.63,1523.62,3159.82,10799.748747
400,9,1425.95,80652.95,97428.26,1294.96,3388.81,12091.537418
400,9,1354.00,78513.96,95521.67,2037.04,3558.22,11412.459741
400,9,1479.33,84724.09,101394.40,1409.04,3393.14,11868.127069
400,9,1475.07,84013.95,101484.76,1578.31,3333.09,12559.410767
400,9,1650.14,93606.64,112038.35,1791.88,3777.13,12862.693252
400,9,1246.75,70348.84,87441.11,1748.29,3197.64,12146.338864
400,9,1596.42,89922.10,107677.59,1816.78,3669.44,12269.273835
400,9,1407.16,80527.45,96018.10,1328.98,3440.33,10721.339914
400,9,1408.67,78960.23,95535.12,1818.82,3092.79,11663.281584
400,9,1288.24,75373.03,90720.66,1807.35,3277.13,10263.157847
400,9,1276.10,73030.63,89088.93,1678.64,3385.50,10994.167327
400,9,1443.36,81204.21,98496.77,1532.71,3471.64,12288.220606
400,9,1211.29,69663.18,86393.20,1466.18,3127.70,12136.139001
400,10,1286.81,77456.67,93762.24,1640.03,3100.34,11565.199169
400,10,1338.67,76589.45,95297.41,1784.56,3473.71,13449.693787
400,10,1300.66,76225.58,93911.18,1904.24,3225.13,12556.237195
400,10,1238.70,71910.15,88582.17,1748.57,3187.63,11735.820789
400,10,1495.29,82497.93,102364.82,1589.11,3724.34,14553.441247
400,10,1275.89,73456.82,91088.12,1814.54,3007.91,12808.856373
400,10,1544.70,87686.36,106403.81,1838.03,3804.58,13074.841433
400,10,1349.20,76502.86,94345.94,1537.22,3305.16,13000.700965
400,10,1392.79,80501.35,98637.61,1685.73,3494.28,12956.245130
400,10,1124.23,65305.16,83277.29,1833.29,3132.45,13006.387131
400,10,1497.83,84742.04,101623.06,1559.44,3226.53,12095.046120
400,10,1229.80,72833.49,89764.46,1924.38,3177.37,11829.212034
400,10,1883.49,105706.67,124359.12,1629.15,4085.25,12938.037707
400,10,1320.85,76581.37,96118.77,2292.87,3258.79,13985.744034
400,10,1427.21,84994.58,102658.07,1745.14,3474.92,12443.431274
400,10,1300.63,75280.34,93467.53,1912.62,3352.85,12921.718357
400,10,1519.28,84766.08,103787.97,1740.74,3425.50,13855.641470
400,10,1374.18,79737.22,98240.37,2095.34,3558.33,12849.491207
400,10,1593.37,91846.99,110327.44,1741.05,4047.39,12692.008888
400,10,1735.03,99004.03,117745.91,1944.25,3645.69,13151.932804
400,10,1544.39,86175.65,105253.32,1777.62,4030.84,13269.214248
400,10,1567.03,87005.93,105306.01,1364.40,3701.63,13234.052693
400,10,1534.22,86684.60,104876.79,1966.70,3770.95,12454.542634
400,10,1388.57,78937.28,95975.00,1691.79,3192.66,12153.267099
400,10,1539.08,85780.01,105075.70,2039.31,3849.41,13406.966925
400,10,1596.43,91342.30,109799.92,1835.69,3919.39,12702.540302
400,10,1096.31,63823.47,81649.60,1808.71,3233.29,12784.119090
400,10,1327.54,75970.49,94056.11,1861.03,3567.13,12657.465522
400,10,1455.01,82051.82,100352.33,2110.68,3553.23,12636.595577
400,10,1496.43,83928.75,102789.89,1760.62,3977.28,13123.234834
400,10,1408.98,80824.22,98968.94,1934.21,3375.47,12835.048435
400,10,1423.98,80813.69,98353.81,1731.80,3417.57,12390.753641
400,10,1578.88,87559.38,106928.68,1713.63,3962.15,13693.520947
400,10,1323.78,74646.62,92590.12,1802.38,3252.20,12888.921169
400,10,1525.27,86591.40,104965.47,1670.56,3534.19,13169.320465
400,10,1298.04,76402.75,92999.75,1812.59,3308.43,11475.990100
400,10,1588.04,92870.16,110244.44,1549.25,3118.72,12706.308377
400,10,1525.57,85556.60,103246.91,1950.39,3578.55,12161.361990
400,10,1550.28,88813.66,106134.07,1960.40,3829.22,11530.780147
400,10,1105.33,63044.76,80140.64,1951.85,3239.95,11904.082584
400,10,1363.34,80606.62,97609.07,2251.22,3575.17,11176.065806
400,10,1121.17,66054.56,81401.66,1594.93,2948.13,10804.038150
400,10,1682.44,99677.83,120403.92,1929.84,3399.61,15396.642534
400,10,1233.07,70508.86,88306.65,1839.11,3322.98,12635.695719
400,10,1476.87,84023.72,101973.17,1751.97,3749.89,12447.591402
400,10,1566.47,88628.70,108502.78,2120.41,3623.73,14129.946895
400,10,1217.53,73092.88,90289.41,1643.84,3259.62,12293.067766
400,10,1440.39,80489.80,98707.21,1694.41,3558.58,12964.417016
400,10,1360.52,75862.28,95300.08,1922.04,3457.98,14057.780637
400,10,1163.76,69418.13,87565.86,2065.66,3282.89,12799.174257
400,10,1795.41,101431.35,120751.66,1826.53,4111.92,13381.857248
400,10,1736.80,97293.37,114919.12,2065.26,3643.82,11916.667627
400,10,1338.65,76714.27,94429.41,1623.67,3426.30,12665.176363
400,10,1373.37,76884.59,95044.16,1484.67,3429.25,13245.645006
400,10,1551.34,88164.97,105756.05,1402.99,3357.68,12830.405197
400,10,1436.00,80221.58,98187.35,1925.76,3455.12,12584.885668
400,10,1439.09,80419.17,98325.35,1539.74,3378.67,12987.768772
400,10,1392.81,78255.32,96767.09,2155.97,3332.86,13022.944914
400,10,1465.32,84096.69,102618.78,1641.93,3511.34,13368.816745
400,10,1258.07,75916.86,93045.95,1890.06,3266.08,11972.957082
400,10,1610.81,88757.18,108405.99,1590.98,3993.49,14064.339772
400,10,1242.18,74132.91,90317.95,1575.96,2973.66,11635.419785
400,10,1428.04,84976.94,102265.91,1975.48,3872.17,11441.320638
400,10,1558.13,88030.31,106771.03,1677.05,3671.37,13392.304274
400,10,1270.42,74395.93,93144.62,1877.22,3174.30,13697.161658
400,10,1752.28,97880.35,117853.54,1851.14,4007.64,14114.408991
400,10,1537.61,89509.61,107616.18,1903.95,3363.50,12839.124203
400,10,1320.63,75067.19,93164.05,1926.66,3234.95,12935.245077
400,10,1375.11,81706.88,99792.91,1640.42,3144.16,13301.452710
400,10,1422.88,79402.68,98590.26,1765.37,3426.37,13995.834138
400,10,1225.94,73468.79,90746.66,1867.01,3254.79,12156.065867
400,10,1331.62,76982.84,94925.88,1890.72,3478.82,12573.504847
400,10,1310.69,77299.83,95059.71,1710.04,3555.27,12494.567953
400,10,1347.04,76379.16,93689.12,1695.27,3353.56,12261.129600
400,10,1196.20,69742.25,87326.44,1776.95,3023.79,12783.450863
400,10,1444.33,81079.74,100106.79,1915.26,3666.28,13445.512947
400,10,1417.61,81651.84,98843.18,1795.83,3408.87,11986.635011
400,10,1498.28,86204.82,105445.55,2076.64,3844.66,13319.440580
400,10,1765.51,96134.47,116338.30,1932.91,3965.79,14305.143031
400,10,1608.74,89947.40,107454.94,1506.87,3365.14,12635.527134
400,10,1379.38,77587.08,95216.60,1478.96,3281.30,12869.253882
400,10,1261.96,72939.88,89972.01,1526.10,3151.38,12354.648979
400,10,1331.63,78637.17,96383.74,1565.27,3223.45,12957.853337
400,10,1182.12,70734.81,86432.05,1584.99,3025.48,11086.768951
400,10,1032.08,62606.13,78053.49,1690.97,3222.47,10533.916055
400,10,1458.77,81143.03,99775.77,1881.18,3561.08,13190.483286
400,10,1291.06,76263.92,93307.08,1873.44,3059.32,12110.394480
400,10,1425.32,82073.43,100570.25,1889.14,3280.40,13327.270765
400,10,1311.11,73791.74,92286.97,1743.11,3704.28,13047.832273
400,10,1419.43,80397.42,97724.09,1516.05,3182.12,12628.495594
400,10,1391.39,78541.49,97021.90,1729.73,3472.41,13278.265468
400,10,1633.10,91525.07,111007.98,1648.38,3875.31,13959.213069
400,10,1430.01,82484.74,100691.69,1753.07,3677.67,12776.223426
400,10,1399.89,78571.54,97677.05,1707.02,3714.78,13683.708903
400,10,1576.34,87940.10,105027.46,1627.13,3755.34,11704.886030
400,10,1433.37,83079.66,102079.10,2068.89,3674.12,13256.430217
400,10,1313.64,77195.13,93574.01,1712.44,3346.78,11319.668947
400,10,1303.54,76682.37,93840.44,1649.72,3391.67,12116.680842
400,10,1556.43,85493.77,104253.09,1566.65,3589.06,13603.608887
400,10,1883.59,103580.43,122295.70,1636.85,3955.75,13122.675606
400,11,1499.01,85248.56,104329.13,2135.86,3911.05,13033.655129
400,11,1778.43,100910.42,121800.04,2006.66,4031.21,14851.745769
400,11,1641.67,92129.67,112279.53,2227.72,4155.30,13766.843228
400,11,1659.47,93298.14,111967.12,1814.89,3634.14,13219.958496
400,11,1483.62,83271.07,104990.18,2051.88,3814.78,15852.448837
400,11,1450.98,83294.34,102438.61,1922.75,3532.24,13689.292350
400,11,1360.41,78433.29,98372.62,1659.82,3630.59,14648.919312
400,11,1360.09,78436.31,98414.96,1918.58,3777.07,14283.001600
400,11,1505.31,85716.12,105601.74,2018.93,4006.43,13860.263667
400,11,1482.50,84991.47,103891.21,1999.81,3496.21,13403.716407
400,11,1495.41,84868.92,103332.22,1642.34,3829.57,12991.400071
400,11,1496.45,87036.53,105652.63,2011.98,3539.99,13064.118429
400,11,1728.47,97867.38,117277.10,1567.56,3953.31,13888.849403
400,11,1123.11,63747.69,83603.98,1965.81,3149.76,14740.709882
400,11,1470.19,82540.91,101871.18,1837.45,3871.42,13621.393952
400,11,1640.11,91384.56,111129.62,1769.64,4087.50,13887.916332
400,11,1653.48,89803.07,109711.73,2318.56,3343.53,14246.566291
400,11,1526.75,86868.78,106261.56,1942.55,3735.07,13715.163188
400,11,1515.11,86793.65,105826.75,1571.02,3466.02,13996.069072
400,11,1600.25,88389.30,108523.06,1860.97,3988.76,14284.037774
400,11,1561.86,89749.94,110129.42,2237.75,4015.17,14126.559195
400,11,1756.55,95832.35,116684.43,2125.67,4066.34,14660.069954
400,11,1868.40,107256.72,127571.14,2090.63,4036.76,14187.032564
400,11,1406.01,81477.62,100515.91,2168.43,3374.34,13495.521190
400,11,1544.38,88244.23,108251.81,1918.02,3673.68,14415.876895
400,11,1787.88,101417.64,121480.26,1924.78,4529.73,13608.099724
400,11,1420.37,82413.15,102525.88,1884.66,3904.28,14323.788744
400,11,1323.18,76618.36,96751.26,2089.45,3707.10,14336.348277
400,11,1238.68,70307.91,89783.60,1889.33,3596.73,13989.637887
400,11,1690.86,93990.99,115136.01,2326.64,4174.51,14643.862732
400,11,1494.43,84061.03,104074.21,1729.63,3750.81,14532.741296
400,11,1237.48,70548.56,89369.49,1940.39,3647.60,13232.939911
400,11,1818.39,99612.57,120166.72,1902.68,4224.22,14427.248801
400,11,1513.41,86520.63,105770.94,2091.38,3753.89,13405.053414
400,11,1734.00,97535.94,116619.69,1613.51,3588.56,13881.676233
400,11,1033.76,63741.54,82012.70,2250.32,3651.89,12368.936263
400,11,1455.53,85882.51,104923.60,2167.46,3395.62,13478.006958
400,11,1425.30,84831.23,103263.47,1744.05,3406.37,13281.818243
400,11,1229.81,72794.15,90725.80,1895.80,3507.78,12528.065823
400,11,1654.09,94230.75,112870.57,1839.60,3717.37,13082.847802
400,11,1421.43,82356.19,99994.38,1842.70,3638.40,12157.087298
400,11,1361.31,79114.49,95753.07,1830.81,3263.16,11544.610608
400,11,1581.04,86500.06,109223.22,2115.65,3658.97,16948.546121
400,11,1459.39,81896.16,101065.59,2110.09,3617.92,13441.430825
400,11,1744.99,99126.36,118097.30,1943.72,3994.28,13032.940607
400,11,1292.02,72971.85,93155.29,1762.12,3588.22,14833.088767
400,11,1494.77,87541.16,107036.57,1990.97,3994.64,13509.798573
400,11,1614.78,90618.88,110593.82,1932.85,3909.74,14132.352334
400,11,1900.22,105774.29,127974.41,2127.70,4395.16,15677.260152
400,11,1483.74,83725.51,103637.76,1982.59,3986.41,13943.243730
400,11,1573.26,86686.94,106347.01,1646.31,3897.97,14115.778938
400,11,1621.08,93005.08,112163.19,2492.99,3495.69,13169.432150
400,11,1335.89,78660.86,98684.54,2583.49,3741.82,13698.364107
400,11,1574.94,91672.22,111001.09,1555.56,3557.01,14216.308703
400,11,1474.33,82793.43,102538.45,1743.36,3613.59,14388.062757
400,11,1121.71,65126.83,84077.84,2033.76,3358.82,13558.431649
400,11,1434.39,80239.94,99074.40,1718.78,3350.26,13765.417621
400,11,1475.52,82427.32,102312.00,1827.52,3881.60,14175.570981
400,11,1713.40,97178.37,117492.70,2221.84,3889.60,14202.887942
400,11,1368.21,77837.36,96881.62,2069.16,3770.63,13204.470847
400,11,1450.35,82412.37,103318.50,2087.33,3773.82,15044.992082
400,11,1159.71,67267.10,86023.96,2256.02,3296.80,13204.038849
400,11,1589.89,90589.77,108823.92,1619.51,3709.05,12905.584982
400,11,1656.35,92472.69,112326.78,2071.12,4052.43,13730.548359
400,11,1294.80,74508.37,94199.19,1935.37,3620.38,14135.070011
400,11,1548.42,85388.79,107005.46,2260.06,4125.38,15231.231891
400,11,1605.03,91494.25,110652.19,1783.82,3571.52,13802.599492
400,11,1684.51,97259.91,116981.39,2012.14,3893.89,13815.450954
400,11,1695.13,95628.34,115789.32,2062.34,3759.13,14339.515432
400,11,1621.32,91945.99,112214.40,1835.34,3664.09,14768.975027
400,11,1636.72,94846.65,114012.00,1999.83,3710.94,13454.577646
400,11,1318.33,75108.95,94859.82,2184.29,3502.69,14063.882394
400,11,1252.09,73075.67,93030.95,2061.29,3387.73,14506.271739
400,11,1392.69,79766.31,99137.95,2078.88,3602.78,13689.978397
400,11,1396.74,80536.29,99317.14,2034.70,3535.79,13210.368417
400,11,1562.03,87114.45,107502.92,2058.27,4070.24,14259.966531
400,11,1385.44,78573.23,97026.68,1819.94,3787.63,12845.877417
400,11,1432.49,79126.11,99200.80,1784.62,3429.45,14860.631607
400,11,1900.01,108246.16,129831.37,2208.52,4278.48,15098.221782
400,11,1317.45,76345.67,95778.25,2262.10,3714.88,13455.590708
400,11,1455.10,84261.00,104476.62,1660.40,3860.24,14694.978278
400,11,1167.87,68398.83,87194.77,2007.38,3311.45,13477.114836
400,11,1137.24,67097.13,86384.70,2189.69,3313.15,13784.725926
400,11,1248.20,74005.74,91485.56,1800.57,3480.47,12198.785970
400,11,1309.88,77573.83,93883.08,1646.08,3357.44,11305.719931
400,11,1763.07,96541.38,117186.92,2318.32,4114.10,14213.118362
400,11,1627.41,91300.56,110439.19,2044.24,3949.84,13144.557789
400,11,1312.00,74406.23,95806.37,2508.37,4158.60,14733.171606
400,11,1640.45,93064.89,113321.73,2255.16,4109.79,13891.888557
400,11,1760.98,101036.82,120853.19,2121.15,4117.78,13577.438651
400,11,1688.44,93703.79,114143.34,2182.82,4246.07,14010.662937
400,11,1296.00,74656.13,94634.97,1701.21,3192.64,15084.991902
400,11,1302.86,76374.44,95671.39,2120.21,3667.56,13509.181606
400,11,1547.10,87428.36,107885.85,1907.18,3771.26,14779.047869
400,11,1656.28,92054.01,109872.11,1542.93,3494.60,12780.580130
400,11,1567.31,86679.79,106941.28,1879.34,3763.81,14618.342751
400,11,1172.18,69586.28,88153.10,2544.78,3286.00,12736.042173
400,11,1494.35,86272.50,105418.13,2152.11,3865.72,13127.796719
400,11,1503.28,85562.05,105520.80,1960.66,3845.81,14152.281192
400,11,1517.35,85333.61,105698.91,2081.87,3726.14,14557.290916
400,12,1378.21,79527.18,99953.89,2364.30,3866.58,14195.837147
400,12,1816.70,99624.82,121553.72,2217.01,3873.49,15838.399343
400,12,1524.36,86744.97,107564.61,2177.65,3767.71,14874.274470
400,12,1703.71,97045.01,118385.99,2045.02,4503.18,14792.783170
400,12,1687.91,95925.84,119326.02,2140.98,4260.92,16998.287599
400,12,1709.63,98128.02,119992.59,2357.73,4222.85,15283.991301
400,12,1332.34,76187.99,98463.37,2347.06,3814.80,16113.527226
400,12,1572.39,87351.62,108852.87,2166.06,4368.39,14966.804887
400,12,1443.93,84541.98,105400.87,2057.08,3629.12,15172.687576
400,12,1573.33,90377.62,111047.40,2040.93,3792.63,14836.220778
400,12,1317.49,75852.54,96301.12,2185.81,4177.06,14085.713705
400,12,1262.09,72793.87,93351.33,2061.23,3839.51,14656.722426
400,12,1472.13,83068.98,103153.29,2121.96,3617.37,14344.978774
400,12,1507.22,86125.10,109233.98,2583.21,4211.12,16314.552089
400,12,1555.19,86869.13,107611.03,2001.48,3756.67,14983.745902
400,12,1527.01,86631.12,107411.50,2009.02,3724.19,15047.157653
400,12,1836.14,104557.42,126540.91,2139.51,4004.46,15839.526962
400,12,1517.43,85161.25,107611.60,2773.84,4421.45,15255.061291
400,12,1981.56,108203.45,129592.01,1704.05,4339.16,15345.347656
400,12,1834.24,100490.44,121763.10,1826.92,4064.97,15380.771684
400,12,1541.96,89321.03,111576.31,2374.62,3813.34,16067.319235
400,12,1483.62,83681.51,105817.04,1983.32,3994.73,16157.477515
400,12,1914.49,109746.21,131718.55,2142.24,4055.11,15774.988559
400,12,1482.47,88474.98,108835.47,2103.18,3499.18,14758.143233
400,12,1645.73,94373.74,116056.31,2378.58,3949.80,15354.198146
400,12,1377.43,82446.81,103120.63,2512.31,3922.24,14239.267905
400,12,1923.02,107318.83,130388.09,2642.37,4585.91,15840.979598
400,12,1654.31,93267.85,115280.96,2139.34,4041.87,15831.913381
400,12,1400.36,80695.98,101950.52,1901.64,3903.16,15449.741223
400,12,1788.71,102416.25,125028.66,2251.63,4379.83,15980.951701
400,12,1743.96,97818.61,118973.04,2180.12,3973.01,15001.309679
400,12,1400.87,80619.04,100702.99,2027.32,3893.40,14163.241802
400,12,1710.69,96154.26,117689.26,1959.54,3860.49,15714.971134
400,12,1532.16,90216.83,110952.07,2182.94,3949.86,14602.440719
400,12,1493.58,85164.30,106818.33,2619.20,4232.87,14801.969599
400,12,1751.92,99883.68,120559.84,2314.40,4420.76,13940.994500
400,12,1642.43,95573.86,116856.05,2225.10,3952.36,15104.729225
400,12,1636.80,93632.48,114432.75,2102.89,4227.73,14469.654217
400,12,1168.59,68885.07,89321.10,2377.11,3883.98,14174.938445
400,12,1541.02,88623.03,108805.31,2206.37,4054.80,13921.111077
400,12,1289.68,77270.11,96534.74,1946.96,3769.23,13548.437066
400,12,1443.78,82165.63,101521.31,2594.46,4158.84,12602.370269
400,12,1698.94,94516.58,118003.15,2129.38,3880.66,17476.539986
400,12,1433.59,82266.44,103836.35,2454.73,4172.66,14942.518995
400,12,1717.10,96324.58,115942.90,1892.64,3579.63,14146.043679
400,12,1902.62,104671.04,127298.40,2199.55,4335.36,16092.450402
400,12,1626.98,90409.25,110654.20,1855.48,4046.94,14342.529074
400,12,1846.10,103492.91,124910.92,2113.54,4103.71,15200.762444
400,12,1505.71,85902.25,108985.80,2208.77,3841.05,17033.725237
400,12,1382.29,78730.42,100055.85,2208.58,3783.70,15333.147045
400,12,1313.93,73889.56,95730.63,2197.19,3837.16,15806.726366
400,12,1503.02,83439.07,103945.45,2174.93,4114.05,14217.389241
400,12,1452.64,81336.75,102624.02,2313.15,3947.96,15026.157648
400,12,1727.72,99654.76,120994.72,2075.65,4235.72,15028.596543
400,12,1522.91,85630.11,106881.13,1998.82,3982.53,15269.666776
400,12,1920.40,109548.69,130296.81,2296.13,4271.42,14180.568921
400,12,1653.13,93430.70,114260.85,1805.49,4066.32,14958.343234
400,12,1470.19,84567.63,105398.21,2099.37,3827.83,14903.378151
400,12,1708.73,95373.93,117671.96,2411.25,4261.52,15625.269964
400,12,1454.26,81192.57,102353.01,2468.30,4072.05,14620.096447
400,12,1453.02,81629.27,103316.08,1915.89,3706.23,16064.687904
400,12,1452.80,82820.91,103450.29,2193.40,3806.59,14629.394103
400,12,1530.36,87834.74,107693.31,1931.95,3775.64,14150.981484
400,12,1665.93,94561.63,116126.32,2479.73,4014.99,15069.975768
400,12,1373.38,80259.62,101165.42,2062.74,3658.04,15185.011126
400,12,1904.00,105231.54,128000.60,2000.51,4483.93,16284.615276
400,12,1649.94,93438.68,114699.39,1979.88,4083.83,15196.996055
400,12,1641.43,93143.03,114921.54,2441.37,4226.09,15111.048577
400,12,1737.67,99625.61,122109.33,2068.34,4529.70,15885.687492
400,12,1773.47,99198.41,121965.92,2177.18,4454.12,16136.216586
400,12,1440.76,83589.35,104657.99,2407.40,3777.53,14883.703626
400,12,1880.95,103887.70,126097.86,2202.61,4418.32,15589.230722
400,12,1476.88,85123.14,106989.50,2333.80,3876.07,15656.492794
400,12,1600.25,89368.53,110067.82,2128.92,4226.54,14343.830498
400,12,1258.13,70807.42,91325.13,2243.57,3763.92,14510.229826
400,12,1452.95,82131.34,103838.15,2214.82,3935.61,15556.373935
400,12,1596.39,91534.79,112576.78,2447.26,4252.17,14342.553122
400,12,1374.50,79150.57,100605.33,2102.96,3796.23,15555.572270
400,12,1606.09,88657.58,111118.79,1966.75,4009.79,16484.670333
400,12,1331.79,80798.71,101324.35,2585.32,3884.73,14055.580142
400,12,1750.63,97343.52,119478.76,2149.09,4612.44,15373.712857
400,12,1446.76,82884.18,103706.46,2290.29,3757.16,14774.833193
400,12,1448.82,84570.38,105407.56,2589.42,3574.02,14673.732007
400,12,1523.77,88513.30,108220.53,2353.52,3832.90,13520.810160
400,12,1527.60,88692.11,107477.39,1802.85,4066.58,12915.855521
400,12,1373.87,78372.07,99795.82,1913.53,3931.70,15578.518648
400,12,1363.76,77359.03,97357.11,2071.91,3853.01,14073.163766
400,12,1324.98,77433.09,99184.09,2380.81,3949.20,15420.979223
400,12,1741.71,98150.36,119009.06,2035.92,4063.03,14759.748737
400,12,1630.20,94324.20,114173.37,1935.88,4077.35,13835.937965
400,12,1799.16,100437.34,121607.83,1950.22,4267.61,14952.669315
400,12,1579.23,90907.11,113705.38,2213.63,4201.20,16383.431186
400,12,1538.51,87224.15,108485.44,2072.32,4165.43,15023.532511
400,12,1908.68,106636.55,129513.91,2312.06,4695.43,15869.870851
400,12,1534.81,86688.28,106861.89,1832.79,4053.38,14287.447136
400,12,1872.98,103857.21,125610.04,2143.75,4129.30,15479.780467
400,12,1430.74,83840.90,104183.40,2482.97,4166.26,13693.277401
400,12,1727.48,96819.20,116945.61,2129.34,3895.25,14101.818050
400,12,1429.06,80789.49,101105.55,1772.38,3686.71,14856.981653
400,12,1416.92,80345.90,101942.46,2154.37,4008.54,15433.652933
400,13,1656.56,94160.42,116358.78,2425.94,4009.95,15762.462131
400,13,1654.95,93643.63,117256.21,2205.15,4386.36,17021.072064
400,13,1736.18,95328.62,116998.99,2350.85,3806.94,15512.590566
400,13,1873.47,106315.37,129012.77,2320.48,4423.77,15953.148995
400,13,1688.25,93154.70,118415.21,2226.02,4674.65,18359.837932
400,13,1529.41,86510.74,110078.69,2771.44,4156.58,16639.932361
400,13,1689.20,93318.25,117485.85,2578.47,4598.34,16990.792317
400,13,1465.61,84536.22,106840.67,2110.73,3828.86,16364.867141
400,13,1476.42,85278.31,108287.91,2055.39,4195.12,16759.089609
400,13,1512.11,86901.95,110294.27,2569.92,4161.92,16660.482254
400,13,1598.99,90111.15,111253.12,2077.58,4105.82,14958.560573
400,13,1351.95,78248.71,101015.92,2152.11,4423.59,16191.516423
400,13,1527.59,87498.56,109925.56,2546.43,4088.62,15791.954502
400,13,1855.30,102001.85,126007.80,2346.61,4393.32,17266.022802
400,13,1588.97,90156.83,111830.27,2136.98,4219.50,15316.956408
400,13,1637.50,93048.43,116154.55,2181.29,4240.60,16684.238254
400,13,1683.08,98601.10,121503.29,2216.80,4247.20,16438.193828
400,13,1642.47,93449.09,115707.19,2329.20,4372.78,15556.120576
400,13,2178.36,118367.94,141357.80,2151.29,4541.47,16297.102404
400,13,1791.07,102164.02,125355.92,2136.33,4411.19,16644.381863
400,13,1653.21,91707.21,115746.15,2596.25,4303.85,17138.842124
400,13,1808.01,102142.44,125723.51,2276.78,4590.51,16713.774361
400,13,1734.23,95299.78,117780.57,2090.64,4185.30,16204.853351
400,13,1724.06,99078.00,121668.04,2632.65,4374.86,15582.530288
400,13,1559.38,86614.95,109934.87,2323.43,4068.36,16928.141540
400,13,1659.06,93016.46,114576.08,1742.52,4270.74,15546.359525
400,13,1531.03,86585.69,109341.66,2148.82,4031.87,16575.276822
400,13,1395.03,81529.20,103799.77,2696.78,3390.35,16183.446937
400,13,1580.02,89979.54,113869.22,2648.94,4576.16,16664.577858
400,13,1594.85,89910.73,112995.36,2105.83,4139.67,16839.124539
400,13,1544.05,87769.10,109449.88,1869.13,3728.16,16083.489594
400,13,1799.32,101214.30,123258.46,2177.42,4278.32,15588.428627
400,13,1656.32,93063.96,116729.14,2409.18,4664.05,16591.947615
400,13,1926.85,107303.81,129779.65,2074.21,4510.74,15890.894251
400,13,1734.67,98382.91,121839.13,2767.07,4717.53,15971.617628
400,13,1261.51,73130.67,93818.87,2217.69,3706.81,14763.706139
400,13,1592.25,90117.64,112860.96,2304.73,4211.79,16226.798604
400,13,1450.00,83184.75,104719.25,1956.10,4088.00,15490.395866
400,13,1277.65,74425.46,95651.08,2082.36,3963.13,15180.133660
400,13,1466.12,85041.17,106616.22,2391.66,4243.73,14939.656327
400,13,1432.08,83645.83,104765.25,3197.62,4297.89,13623.917044
400,13,1733.51,99370.65,120053.90,2398.36,4500.79,13784.096252
400,13,1750.52,97125.98,122270.10,2329.80,4198.17,18616.144259
400,13,1734.67,97261.55,120542.21,2470.51,4667.85,16142.306938
400,13,1544.50,90729.26,111706.37,2187.31,3843.72,14946.080279
400,13,1992.67,110022.67,133652.53,2378.49,4414.15,16837.221321
400,13,1646.83,92120.71,114468.02,2427.40,4307.94,15611.967386
400,13,1826.28,103275.51,126662.37,2310.98,4308.99,16766.891835
400,13,1599.50,90574.02,115303.02,2442.11,4584.67,17702.216151
400,13,1604.92,90734.60,113410.18,2224.49,4080.58,16370.511024
400,13,1597.54,90457.59,113612.57,1976.36,4289.01,16889.621712
400,13,1732.27,97710.82,120199.75,2780.96,4149.30,15558.676270
400,13,1400.12,80439.07,103158.82,2433.49,3755.41,16530.855398
400,13,1649.20,93393.42,115856.05,2157.62,4086.75,16218.254383
400,13,1371.42,77696.74,100324.32,2248.65,4053.66,16325.265598
400,13,1936.53,110878.20,133054.32,2669.70,4129.45,15376.970600
400,13,1724.45,97407.94,120236.82,2730.14,4469.53,15629.209405
400,13,1593.54,88941.88,111244.78,2432.25,4141.54,15729.110683
400,13,1611.33,90711.17,113714.49,2425.53,3848.50,16729.296779
400,13,1443.44,83906.88,106408.41,2403.06,4077.38,16021.081703
400,13,1719.33,95701.19,119657.20,2306.76,4646.74,17002.508107
400,13,1747.37,97630.18,120021.31,2359.33,4355.44,15676.358283
400,13,1588.34,92840.01,114361.03,2693.18,3910.14,14917.697969
400,13,2002.55,111645.97,135205.14,2229.65,4417.79,16911.721094
400,13,1629.39,94882.49,118147.29,2500.40,4659.40,16105.004629
400,13,1756.10,95027.54,119944.27,2691.72,4436.38,17788.633558
400,13,1902.49,109488.11,131894.46,2318.02,4134.85,15953.485296
400,13,1594.85,89501.27,112165.22,2121.09,4456.16,16086.703209
400,13,1762.22,95829.41,118900.24,2565.45,4093.60,16411.779464
400,13,1702.44,97121.79,120243.67,2245.44,4242.94,16633.492614
400,13,1667.74,97915.80,121088.89,2535.08,4325.19,16312.817426
400,13,1993.37,109422.71,133442.38,2165.68,4938.80,16915.196737
400,13,1734.93,95473.24,119037.14,2443.08,4701.38,16419.441313
400,13,1566.27,88621.94,110466.61,2276.52,4031.13,15537.020887
400,13,1753.02,98477.84,120438.81,2098.90,4481.54,15380.532737
400,13,1744.62,97905.58,120820.65,2082.31,4476.59,16356.179154
400,13,1650.96,93039.19,115617.61,2500.17,4379.44,15698.814445
400,13,2100.42,114867.09,138649.19,2161.24,4955.82,16665.039946
400,13,1935.46,108466.45,132244.84,2026.66,4422.53,17329.203503
400,13,1397.89,81622.56,102880.58,2123.50,4020.65,15113.867186
400,13,1872.18,104750.34,128554.18,2708.26,4706.57,16389.014778
400,13,1468.40,81810.34,104961.86,2348.32,4298.14,16505.057077
400,13,1657.16,93650.06,115503.35,2100.21,4121.76,15631.316486
400,13,1404.78,82385.25,102650.08,2141.32,3653.59,14469.920517
400,13,1577.26,94358.51,113982.34,2159.09,3896.74,13568.000442
400,13,2068.58,118808.72,141345.64,1675.22,4289.08,16572.614740
400,13,1496.10,85561.81,107385.82,2355.20,3967.12,15501.682875
400,13,1931.46,108029.61,132748.00,2787.72,5198.83,16731.836598
400,13,1814.28,101033.56,123206.76,2237.53,3983.39,15952.293703
400,13,1409.45,80399.18,102248.40,2485.59,4026.23,15337.398419
400,13,1837.70,103257.66,126224.37,2136.25,4614.88,16215.587593
400,13,1423.80,81493.76,105282.38,2716.69,4065.04,17006.881658
400,13,1497.48,84788.78,108423.04,2365.00,4575.97,16693.285412
400,13,1779.91,99185.01,123130.29,2270.02,4193.03,17482.220810
400,13,1631.12,92130.60,113772.01,1979.95,4239.77,15421.692029
400,13,1577.97,88098.58,111532.52,2305.25,4378.66,16750.030081
400,13,1622.34,90406.52,111744.94,2036.21,4310.46,14991.756699
400,13,1739.06,99200.39,121206.76,2599.15,4359.90,15047.312276
400,13,1610.14,90549.88,113420.08,2080.37,4160.34,16629.481049
400,13,1793.90,100725.15,123746.69,2410.92,4283.42,16327.202404
