25,4,142.57,7593.65,11742.89,336.19,1012.54,2800.511214
25,4,150.79,9135.07,13599.72,414.89,1247.44,2802.318870
25,4,173.22,9669.46,14389.71,351.14,1252.92,3116.184902
25,4,138.28,8430.35,12828.25,406.36,1287.39,2704.157624
25,4,172.89,9763.24,15013.63,463.51,1453.00,3333.878459
25,4,140.70,8048.90,12592.11,377.49,1194.81,2970.906918
25,4,175.90,9746.12,14997.03,483.27,1421.93,3345.711677
25,4,176.58,8690.57,13946.53,375.81,1201.15,3679.009152
25,4,144.61,7957.74,12296.90,334.53,1051.95,2952.674305
25,4,165.64,8744.52,13312.10,345.50,1179.22,3042.858300
25,4,152.07,7909.60,12319.08,386.64,1101.06,2921.782849
25,4,143.04,8533.81,12709.03,381.31,1208.25,2585.655878
25,4,162.32,10184.56,14985.48,589.11,1577.74,2634.068588
25,4,136.93,7940.11,13308.67,409.27,1250.15,3709.138061
25,4,138.94,8324.53,13072.11,461.97,1233.08,3052.538937
25,4,167.81,9378.00,14164.64,427.53,1257.37,3101.729658
25,4,170.69,9627.58,14974.78,536.82,1463.69,3346.693449
25,4,154.88,8681.40,13591.27,413.00,1379.74,3117.128951
25,4,182.55,10204.81,14576.74,441.20,1433.52,2497.205081
25,4,152.49,8469.37,13898.40,415.55,1258.51,3754.964871
25,4,145.75,7853.99,11979.26,383.82,1205.55,2535.896194
25,4,154.21,8558.03,14095.26,476.46,1442.18,3618.588523
25,4,161.40,9008.47,13406.19,358.65,1211.36,2827.712988
25,4,155.79,8414.67,13040.54,342.50,1146.01,3137.358259
25,4,150.02,8266.02,13447.20,469.33,1306.64,3405.220012
25,4,163.97,8883.30,13457.55,391.49,1229.76,2953.002885
25,4,171.57,10213.70,15185.60,453.54,1383.20,3135.158848
25,4,160.80,9247.80,14158.40,339.81,1178.67,3392.116117
25,4,159.74,9197.46,14210.01,413.31,1364.22,3235.018649
25,4,144.87,9604.39,13828.09,393.66,1279.20,2550.842457
25,4,141.64,7532.64,12522.09,460.42,1341.16,3187.860277
25,4,173.52,9472.04,13785.12,346.01,1125.01,2842.067299
25,4,138.11,7373.11,12192.33,379.73,1124.82,3314.669326
25,4,170.91,9918.72,14373.77,407.65,1356.08,2691.322943
25,4,165.07,8635.21,14272.72,431.30,1279.81,3926.403011
25,4,131.79,7633.88,12169.97,434.88,1208.85,2892.359876
25,4,182.24,10374.95,14725.45,389.12,1272.01,2689.376392
25,4,142.96,9058.94,14412.10,591.95,1582.80,3178.411577
25,4,153.60,8306.68,12809.00,369.36,1136.59,2996.366873
25,4,147.38,8732.35,13036.62,377.57,1201.10,2725.599531
25,4,178.48,9191.46,14131.91,391.01,1212.22,3337.227504
25,4,175.93,9972.96,14126.58,360.88,1208.59,2584.146529
25,4,181.55,9463.95,15026.69,457.73,1283.41,3821.590554
25,4,148.32,8665.03,12999.15,413.40,1273.84,2646.883478
25,4,133.62,7954.63,12393.14,371.98,1121.32,2945.210209
25,4,169.84,8935.92,14575.54,488.62,1437.55,3713.460138
25,4,147.98,8951.56,13628.43,428.30,1261.30,2987.266504
25,4,171.00,9656.12,14585.70,390.92,1238.29,3300.373609
25,4,142.48,8567.02,12693.90,466.76,1322.48,2337.638765
25,4,134.05,7092.35,12122.48,433.17,1230.99,3365.961768
25,4,158.06,8963.52,13648.77,447.14,1373.29,2864.819827
25,4,164.67,9320.38,14430.34,437.23,1338.43,3334.298006
25,4,139.14,8411.29,12404.07,443.37,1230.77,2318.645497
25,4,151.80,8979.91,13734.62,502.44,1453.69,2798.568549
25,4,167.47,8769.80,13533.71,397.64,1233.10,3133.161359
25,4,140.03,8877.15,13692.23,473.64,1350.73,2990.716714
25,4,133.65,6775.74,10643.32,307.75,930.20,2629.626238
25,4,195.69,10045.10,14561.79,374.15,1238.43,2904.111369
25,4,158.55,9114.67,13882.90,461.69,1355.73,2950.811717
25,4,143.29,8732.19,12497.42,352.65,1096.03,2316.547619
25,4,147.36,8138.29,13384.98,411.91,1248.71,3586.082710
25,4,179.09,10032.51,14471.31,315.42,1163.80,2959.585361
25,4,152.93,8862.97,12681.05,398.83,1216.57,2202.670156
25,4,172.21,10185.62,14652.40,386.11,1180.37,2900.303798
25,4,188.96,10018.31,14571.60,337.46,1173.38,3042.444747
25,4,158.43,8747.85,14755.22,647.09,1781.57,3578.713037
25,4,178.41,9741.35,14752.66,400.46,1351.39,3259.453491
25,4,169.19,9739.41,14700.39,441.23,1395.70,3124.043854
25,4,156.80,8681.56,14200.75,558.30,1588.68,3372.213534
25,4,145.65,8318.62,13715.95,501.24,1431.17,3464.915632
25,4,136.24,7641.57,12632.65,431.85,1240.87,3318.353893
25,4,167.88,8878.45,14115.90,394.61,1201.77,3641.067284
25,4,169.56,8454.44,13204.21,347.53,1109.98,3292.261342
25,4,149.31,8276.53,12371.89,335.59,1086.62,2673.144818
25,4,165.06,9286.46,14067.61,372.17,1304.82,3104.162545
25,4,183.85,9743.65,14701.97,442.86,1422.99,3092.466998
25,4,128.82,8479.84,12243.25,443.03,1262.36,2058.027847
25,4,150.05,8611.46,13352.75,431.16,1296.38,3013.753584
25,4,152.92,8832.08,13965.58,493.06,1506.77,3133.666042
25,4,165.32,9131.49,14196.73,452.89,1398.00,3214.351999
25,4,166.94,9191.08,13807.11,366.09,1232.31,3017.630321
25,4,168.65,9679.30,14572.96,418.67,1357.60,3117.389143
25,4,172.83,10105.06,14539.57,439.05,1455.43,2540.026428
25,4,149.59,8076.89,11410.79,255.25,835.38,2243.266689
25,4,134.53,8033.10,11135.32,356.34,1037.26,1708.619041
25,4,172.61,9995.10,14822.08,435.67,1272.63,3118.678892
25,4,179.70,9568.44,13847.24,310.44,1120.70,2847.671274
25,4,152.46,9021.96,13847.76,449.55,1315.80,3060.450340
25,4,148.34,8188.36,12680.60,381.84,1149.59,2960.811792
25,4,162.41,9126.83,13917.72,465.49,1386.51,2938.883200
25,4,168.18,9181.55,14751.88,441.92,1339.63,3788.774677
25,4,165.97,9382.42,14462.45,402.39,1380.09,3297.544723
25,4,172.30,9117.64,14290.76,357.53,1264.77,3550.820679
25,4,151.46,8813.69,13446.73,475.29,1383.81,2773.943419
25,4,140.84,7890.30,12214.91,410.50,1167.96,2746.154120
25,4,183.98,9064.26,13783.04,324.22,1143.79,3250.770846
25,4,131.35,7965.62,11426.24,327.56,1018.11,2114.942487
25,4,144.48,8506.16,12108.48,316.80,1075.25,2210.280409
25,4,160.14,8559.85,14032.19,442.95,1308.46,3720.934537
25,4,149.87,8027.68,13302.85,500.75,1398.34,3376.083402
50,4,228.00,13726.33,19227.22,389.94,1356.66,3754.294302
50,4,308.54,17220.11,23720.65,415.53,1669.76,4415.252812
50,4,329.39,17628.60,23792.80,332.71,1512.25,4319.224566
50,4,236.66,15304.43,20244.46,403.50,1483.39,3053.145143
50,4,317.92,16679.50,23641.85,419.62,1741.55,4801.178818
50,4,269.38,15641.75,22405.84,456.06,1637.18,4670.852175
50,4,302.46,17952.38,25014.53,495.84,1706.89,4859.426091
50,4,257.27,13477.61,19524.09,373.49,1325.48,4347.516772
50,4,243.21,14541.57,20455.19,379.01,1433.13,4101.482015
50,4,259.19,15740.77,21855.93,338.91,1478.31,4297.931893
50,4,291.49,16453.01,22462.85,354.58,1507.49,4147.767084
50,4,224.91,14558.04,19682.29,377.55,1381.30,3365.400531
50,4,318.26,19106.77,25641.48,583.58,1987.79,3963.343364
50,4,224.75,13805.01,20343.72,430.87,1518.17,4589.663463
50,4,206.56,13693.81,19134.72,463.69,1359.00,3618.222444
50,4,294.16,16962.30,23251.84,416.80,1571.82,4300.914003
50,4,320.31,18529.84,25788.90,539.96,1852.19,4866.908264
50,4,274.84,17003.30,23395.59,444.51,1748.51,4199.275318
50,4,326.96,18581.27,24248.94,418.80,1727.61,3521.258452
50,4,242.33,13760.88,19893.46,409.02,1382.80,4340.754112
50,4,330.29,18855.08,25580.90,399.06,1543.43,4783.326160
50,4,244.44,14862.51,21630.49,451.94,1618.68,4697.358222
50,4,267.11,16806.25,22691.14,385.74,1460.63,4038.520473
50,4,224.71,12945.76,18750.26,388.22,1428.66,3987.621118
50,4,224.56,13597.50,19685.70,448.43,1556.49,4083.282749
50,4,299.93,16791.73,23075.47,377.14,1580.09,4326.510839
50,4,315.77,18099.04,24558.09,399.73,1671.99,4387.333686
50,4,246.69,14843.90,21101.76,349.32,1494.83,4413.718265
50,4,289.30,16864.35,23114.74,426.63,1638.15,4185.598851
50,4,329.42,19221.24,25766.33,431.12,1755.87,4358.105902
50,4,231.01,14371.29,20879.62,544.31,1775.12,4188.896949
50,4,297.93,16732.91,22708.24,368.43,1501.14,4105.754494
50,4,257.32,14700.06,21282.81,407.84,1529.89,4645.006371
50,4,307.85,17349.49,23086.99,389.19,1625.12,3723.191248
50,4,267.12,15041.68,22080.45,430.35,1551.25,5057.176510
50,4,195.31,13000.25,18003.65,419.38,1316.19,3267.827907
50,4,353.62,19082.82,25507.00,423.43,1641.59,4359.172192
50,4,224.84,15421.80,21799.52,590.44,1909.75,3877.532239
50,4,247.58,15332.03,21213.23,408.41,1467.67,4005.115345
50,4,249.84,14393.08,19772.99,362.50,1383.43,3633.972316
50,4,269.55,15325.12,21083.67,343.36,1412.61,4002.585492
50,4,277.72,16135.77,20974.72,320.91,1307.37,3210.658014
50,4,328.27,17351.39,25043.72,456.98,1699.66,5535.690103
50,4,279.27,17190.88,23121.00,415.60,1621.15,3893.380696
50,4,182.95,11991.06,17069.65,418.37,1395.55,3264.660566
50,4,254.44,16103.63,23414.68,522.27,1735.69,5053.088211
50,4,241.27,14760.40,20005.61,395.49,1394.58,3455.141272
50,4,302.42,17488.69,24355.53,435.34,1624.37,4807.133690
50,4,368.51,20210.11,26567.57,478.05,1844.97,4034.441414
50,4,181.94,11615.20,17177.41,415.69,1341.26,3805.258571
50,4,287.16,17377.59,23647.42,457.33,1684.28,4128.216014
50,4,258.75,15417.07,21348.66,381.09,1471.87,4078.634779
50,4,314.28,18381.90,24151.72,398.79,1629.00,3742.034851
50,4,291.15,16533.17,23012.49,478.72,1745.80,4254.802931
50,4,221.06,13727.09,18893.87,403.13,1386.54,3377.118229
50,4,243.10,15421.97,21642.73,487.45,1628.94,4104.366977
50,4,342.84,17428.89,23889.07,304.82,1392.45,4762.906446
50,4,352.45,18083.70,24252.81,372.00,1583.94,4213.165891
50,4,252.06,16565.21,22704.10,485.95,1598.87,4054.078286
50,4,298.72,17305.12,23032.29,370.51,1594.12,3762.551373
50,4,272.07,14893.97,21724.57,383.64,1446.60,5000.355364
50,4,310.03,16939.48,22740.84,327.05,1478.55,3995.752775
50,4,308.52,17652.21,23100.40,365.64,1529.66,3552.886905
50,4,306.33,17023.03,22939.36,354.88,1542.70,4018.751609
50,4,327.04,18017.31,23937.57,321.63,1527.77,4070.861054
50,4,221.81,15604.22,22358.21,625.09,1855.72,4273.172544
50,4,266.75,15443.17,20766.11,375.29,1380.85,3566.805739
50,4,303.50,17395.64,23951.55,395.75,1695.32,4464.848393
50,4,267.27,15418.15,22154.86,526.37,1810.27,4400.063115
50,4,272.59,16821.89,24068.52,474.05,1820.57,4952.017167
50,4,179.57,12623.99,18387.39,448.71,1418.22,3896.473732
50,4,244.12,13752.00,19761.64,391.35,1391.75,4226.545401
50,4,320.52,17641.55,24332.56,370.65,1561.97,4758.390531
50,4,259.86,14658.13,20138.90,344.10,1384.64,3752.027943
50,4,278.71,16028.36,21956.82,361.37,1557.96,4009.136683
50,4,302.59,18659.19,25333.24,451.30,1859.18,4363.571556
50,4,374.52,21213.49,27981.89,421.55,1983.65,4363.205698
50,4,255.68,16011.01,22167.40,426.12,1659.85,4070.418916
50,4,286.72,17814.65,24866.64,490.32,1830.18,4731.494277
50,4,274.81,17393.44,23747.46,443.55,1641.17,4269.298095
50,4,309.75,17830.75,24424.96,386.81,1629.33,4578.061011
50,4,284.70,16771.26,22782.03,426.10,1590.88,3993.780956
50,4,305.29,18175.52,23821.95,428.31,1672.85,3545.271492
50,4,333.62,17513.43,23126.13,479.78,1323.31,3809.610611
50,4,279.49,17300.78,22105.89,308.10,1342.19,3154.815662
50,4,288.75,17201.10,23283.72,425.37,1600.80,4056.455063
50,4,282.92,15039.53,20688.82,340.25,1475.76,3833.278848
50,4,299.07,17067.64,23257.44,405.08,1532.41,4252.318651
50,4,296.51,16652.90,23137.87,400.98,1508.50,4575.487728
50,4,305.65,17181.85,24097.02,449.04,1744.58,4721.553268
50,4,290.21,15590.29,22450.83,450.88,1595.79,4813.873321
50,4,311.42,18021.60,25298.88,409.98,1815.35,5051.947338
50,4,275.96,15959.65,22446.98,368.53,1556.91,4561.888225
50,4,317.76,18812.53,25746.97,499.71,1850.96,4583.765349
50,4,203.32,13504.24,18802.59,444.11,1470.82,3383.416572
50,4,302.92,16354.13,22653.62,341.22,1489.31,4468.963418
50,4,301.00,15912.22,20756.77,307.99,1310.35,3226.211837
50,4,275.08,15141.47,19824.19,298.91,1290.05,3093.756560
50,4,225.29,13379.35,19651.53,465.21,1512.89,4294.077697
50,4,306.93,18273.85,25753.76,483.48,1827.61,5168.817359
75,4,284.96,16879.76,22609.64,378.02,1470.99,3880.865842
75,4,343.97,21948.83,28644.59,413.77,1795.26,4486.732037
75,4,382.37,22005.25,28493.86,321.80,1612.00,4554.811191
75,4,272.28,19192.44,24639.55,423.26,1545.66,3478.178305
75,4,405.89,23676.08,31627.22,433.57,1974.12,5543.443458
75,4,322.28,20471.96,27405.55,393.92,1713.84,4825.841758
75,4,360.14,21900.92,28955.37,440.70,1679.02,4934.728925
75,4,292.41,17483.87,24428.74,374.97,1454.52,5115.384140
75,4,250.95,16444.81,22473.82,392.71,1447.05,4189.255892
75,4,316.07,20257.60,26740.55,367.13,1644.38,4471.444209
75,4,321.40,20030.07,26448.99,403.44,1617.68,4397.792145
75,4,255.62,18171.17,23447.90,371.18,1448.85,3456.710086
75,4,352.84,24311.15,30916.52,591.67,2034.75,3978.944033
75,4,238.13,16083.51,22832.40,476.50,1620.72,4651.674439
75,4,212.95,16220.23,21961.85,492.17,1464.19,3785.263012
75,4,357.14,21680.89,28506.97,428.40,1710.76,4686.924491
75,4,360.90,22944.58,30358.64,535.07,1835.75,5043.241396
75,4,317.37,20687.10,27328.61,478.71,1913.93,4248.886476
75,4,441.54,23593.81,29591.38,388.05,1902.35,3707.176769
75,4,262.69,16757.59,23155.54,385.74,1494.04,4518.160614
75,4,415.27,23763.10,31084.95,394.85,1835.14,5091.856736
75,4,270.00,17897.71,24662.41,437.79,1606.30,4720.607571
75,4,353.01,21735.23,28104.28,366.65,1695.86,4306.542466
75,4,277.69,18400.08,24601.32,358.84,1571.89,4270.507682
75,4,272.77,18197.47,24628.53,443.85,1645.13,4342.083385
75,4,340.85,20063.26,26456.69,361.37,1609.28,4422.783969
75,4,344.01,21842.82,28503.25,398.38,1706.91,4555.137587
75,4,290.59,17865.41,24040.95,303.91,1373.69,4497.938177
75,4,368.24,22060.71,28764.71,412.93,1750.20,4540.872808
75,4,404.95,23986.73,31159.21,423.78,1981.66,4767.044623
75,4,265.68,18009.48,24706.56,532.77,1730.00,4434.306765
75,4,358.29,20561.99,27051.86,358.08,1715.91,4415.890476
75,4,297.42,17521.34,24162.19,387.03,1440.61,4813.211041
75,4,394.91,23456.73,30275.25,422.40,1871.03,4525.083989
75,4,292.67,18176.85,25366.11,420.82,1683.25,5085.181017
75,4,231.70,16209.33,21595.61,428.44,1482.14,3475.706334
75,4,456.96,25631.02,32809.01,435.56,1949.38,4793.045025
75,4,240.09,18109.75,24395.66,567.53,1830.60,3887.785556
75,4,275.51,18806.17,24883.84,427.13,1505.88,4144.661731
75,4,281.81,18633.86,24289.08,340.29,1497.27,3817.658422
75,4,318.31,19024.92,25092.80,385.12,1538.32,4144.436346
75,4,303.80,19238.66,24440.56,376.61,1459.53,3365.759228
75,4,370.63,21997.35,29922.07,425.73,1770.26,5728.730057
75,4,296.91,19991.53,26310.86,477.39,1813.76,4028.181186
75,4,213.35,14985.31,20119.30,396.24,1365.38,3372.367560
75,4,307.88,20544.80,28203.32,527.62,1807.81,5323.088337
75,4,248.05,17147.35,22357.09,352.80,1387.94,3469.002173
75,4,338.44,20966.89,28189.52,450.81,1767.21,5004.615151
75,4,437.87,26021.34,32960.79,473.66,1980.45,4485.337905
75,4,216.81,14450.98,20373.77,401.75,1448.24,4072.799064
75,4,320.14,20821.46,27305.28,450.17,1774.99,4258.661233
75,4,303.37,19892.71,26374.71,424.42,1652.21,4405.367525
75,4,361.59,22145.67,28364.62,433.44,1816.25,3969.250369
75,4,334.28,22342.04,29226.70,491.23,1867.74,4525.690590
75,4,316.51,20116.52,26570.70,417.42,1712.15,4324.608152
75,4,308.13,19182.77,25502.95,478.13,1736.79,4105.262885
75,4,392.99,20558.24,27250.32,310.94,1528.34,4852.794439
75,4,399.69,22766.21,29224.29,422.27,1767.82,4267.988662
75,4,304.80,20084.99,26308.91,469.94,1735.82,4018.151011
75,4,324.78,20347.59,26469.69,369.18,1571.88,4181.028637
75,4,296.81,18667.54,25867.61,410.06,1647.97,5142.038763
75,4,349.74,22493.86,28607.32,354.79,1503.63,4255.040699
75,4,348.54,22140.89,27862.34,330.02,1656.58,3734.860924
75,4,393.70,22211.48,29070.15,363.10,1788.36,4707.207661
75,4,375.39,23633.50,30320.65,380.01,1736.01,4571.129335
75,4,255.73,19121.04,26036.55,629.03,1886.79,4399.686003
75,4,355.82,20401.34,26755.13,378.17,1633.00,4342.626731
75,4,351.27,22634.00,29818.36,428.18,1930.69,4825.482657
75,4,318.79,21247.33,28327.22,511.93,1954.43,4613.531219
75,4,353.59,21787.54,29300.50,447.99,1890.14,5174.831029
75,4,196.92,14995.12,20817.35,450.52,1486.73,3884.984644
75,4,298.76,17753.12,23978.44,366.15,1514.17,4345.002186
75,4,373.32,21358.06,28239.48,344.47,1642.31,4894.635182
75,4,297.77,18602.26,24246.73,332.01,1484.97,3827.487684
75,4,338.28,20489.80,27054.31,362.12,1726.47,4475.917870
75,4,373.36,23655.78,30844.51,469.55,1948.54,4770.647332
75,4,422.90,27128.86,34339.04,445.86,2038.41,4725.900431
75,4,312.25,19955.01,26328.35,421.64,1653.28,4298.424785
75,4,336.37,22010.48,29142.08,470.42,1888.95,4772.219968
75,4,320.49,21654.34,28511.52,471.15,1856.30,4529.735704
75,4,379.95,22150.08,29015.35,364.09,1696.90,4804.274692
75,4,327.54,21154.02,27401.34,418.09,1699.00,4130.224231
75,4,356.39,23926.96,30100.95,412.51,1861.80,3899.684015
75,4,407.68,19934.75,25822.51,523.18,1399.16,3965.433545
75,4,328.21,20823.41,25968.58,344.51,1565.50,3235.160458
75,4,301.67,20460.05,26552.76,418.02,1642.22,4032.472409
75,4,368.68,20953.06,27120.88,319.49,1647.19,4201.137160
75,4,319.70,21228.89,27930.78,444.67,1729.62,4527.601089
75,4,311.54,19737.05,26523.45,474.77,1646.99,4664.630894
75,4,352.06,21727.30,28705.11,434.91,1687.66,4855.233294
75,4,300.83,19648.72,26821.98,461.01,1626.26,5085.989481
75,4,379.94,22803.45,30342.77,416.38,1930.88,5192.057142
75,4,315.63,19541.47,26221.87,373.63,1605.29,4701.477126
75,4,387.31,24882.31,32287.10,548.53,2028.68,4827.569836
75,4,240.38,16838.35,21965.77,367.08,1338.65,3421.683388
75,4,357.21,19330.64,25865.88,348.04,1555.80,4631.403319
75,4,373.16,21596.96,27633.80,323.61,1536.41,4176.815265
75,4,371.33,20094.36,25363.04,314.55,1569.09,3385.046118
75,4,252.59,16617.22,23241.85,463.35,1618.28,4542.998402
75,4,391.07,22948.35,30850.05,490.35,1888.32,5523.028934
100,4,293.36,18839.68,24588.17,366.95,1387.65,3993.893822
100,4,406.68,25111.79,31997.63,438.29,1818.76,4628.783432
100,4,396.70,25092.83,31837.57,383.57,1781.33,4579.857273
100,4,306.82,21893.94,27451.52,408.31,1692.59,3456.676935
100,4,404.79,26995.73,34982.90,455.30,2015.18,5516.698770
100,4,353.70,22498.30,29446.51,413.89,1789.50,4744.816101
100,4,394.49,25466.83,33044.24,450.82,1903.18,5223.424016
100,4,334.08,20435.30,27497.39,376.19,1575.98,5109.931643
100,4,288.21,19606.29,25822.49,363.65,1540.29,4312.257758
100,4,340.14,22672.27,29310.67,340.40,1725.71,4572.291468
100,4,362.37,22435.68,28721.42,387.92,1635.58,4262.229526
100,4,292.75,20854.50,26272.66,387.30,1536.27,3494.585423
100,4,403.31,27684.07,34260.51,531.59,2008.17,4036.676317
100,4,255.17,18009.97,24975.89,493.41,1777.72,4694.782373
100,4,235.14,17241.75,22891.92,467.19,1550.60,3632.376105
100,4,362.76,24092.46,31011.80,432.53,1765.80,4721.010155
100,4,402.49,26514.44,34341.98,552.54,2067.86,5207.153795
100,4,332.07,23884.73,30432.28,451.50,1810.66,4285.389263
100,4,489.52,29363.28,36086.65,437.58,2070.54,4215.247892
100,4,282.22,18887.65,25672.61,450.21,1626.04,4708.701389
100,4,437.33,26883.66,34055.41,400.32,1737.94,5033.490573
100,4,308.39,21292.64,28462.50,481.10,1770.01,4918.759691
100,4,353.36,24274.00,30687.16,368.88,1710.89,4333.383378
100,4,294.91,20808.92,26995.82,385.56,1530.69,4270.647041
100,4,287.70,20306.45,26731.55,440.30,1583.63,4401.172305
100,4,350.44,23098.41,29646.97,378.13,1631.92,4538.508544
100,4,394.63,25121.68,32283.83,633.91,1901.01,4627.231267
100,4,326.54,20605.73,27103.50,305.88,1528.05,4663.841125
100,4,386.36,24817.59,31524.82,424.17,1787.92,4495.135017
100,4,436.45,28788.10,36017.32,425.85,1954.34,4849.027301
100,4,269.72,20167.27,26870.64,546.05,1796.05,4361.268551
100,4,369.12,23873.90,30477.66,362.06,1654.99,4586.716468
100,4,309.41,19722.93,26425.49,404.43,1505.90,4792.228837
100,4,443.03,27337.09,34158.78,419.26,1914.93,4487.501160
100,4,320.02,20568.14,27950.13,453.61,1724.23,5204.144267
100,4,246.42,18089.56,23477.89,407.25,1455.21,3525.871937
100,4,488.63,30004.91,37134.28,365.48,1968.85,4795.045686
100,4,254.71,19726.34,25981.18,567.18,1882.76,3804.896563
100,4,304.34,20724.69,26902.18,399.24,1541.67,4236.587077
100,4,313.52,20617.76,26382.78,346.76,1539.24,3879.014670
100,4,325.44,21860.26,27863.53,325.36,1494.67,4183.241897
100,4,297.80,21436.49,26606.91,344.69,1453.80,3371.921925
100,4,399.50,24748.37,32782.51,462.20,1883.77,5688.171682
100,4,331.63,23147.66,29333.20,422.22,1781.85,3981.471287
100,4,219.11,16537.79,21835.15,422.34,1427.44,3447.587634
100,4,323.56,22689.59,30311.60,504.69,1830.33,5286.994464
100,4,281.52,20264.32,25710.66,395.04,1485.28,3566.018620
100,4,373.24,24074.49,31226.21,422.60,1762.58,4966.545500
100,4,473.64,30831.29,38062.61,486.00,2058.46,4686.869551
100,4,223.56,16147.42,21963.13,440.98,1417.58,3957.157838
100,4,341.00,24519.93,31196.03,463.55,1890.63,4321.928532
100,4,313.22,22109.72,28400.92,392.21,1550.76,4348.228122
100,4,358.03,24793.39,30880.26,409.41,1674.23,4003.231690
100,4,351.63,24855.30,31592.63,473.96,1805.95,4457.432014
100,4,337.99,22530.15,29198.32,422.65,1754.05,4491.481703
100,4,300.02,21799.81,28609.43,510.74,1843.57,4455.309586
100,4,445.37,25309.50,32419.59,302.85,1581.48,5225.764856
100,4,452.86,27247.35,34209.15,411.08,1790.59,4760.132982
100,4,337.19,22657.81,29025.01,441.89,1740.50,4184.804951
100,4,408.41,24852.30,31227.42,356.27,1733.89,4284.960023
100,4,330.92,21170.66,28597.78,408.48,1717.97,5300.663374
100,4,393.79,24838.82,30990.06,317.43,1559.65,4274.156157
100,4,351.12,24404.12,30427.26,427.73,1747.19,3848.221641
100,4,419.91,25537.42,32215.23,371.24,1690.43,4616.144993
100,4,425.49,25848.93,32316.22,322.13,1650.96,4494.201214
100,4,275.25,21544.75,28413.81,597.64,1893.08,4378.340882
100,4,391.82,25054.34,31849.86,354.73,1705.53,4735.266184
100,4,385.36,24560.16,31629.89,439.57,1887.49,4742.658337
100,4,360.49,23341.80,30453.74,498.29,1999.93,4613.726833
100,4,349.11,23916.50,31456.85,446.38,1919.66,5174.318678
100,4,220.23,16721.69,22842.65,485.32,1565.95,4069.702939
100,4,313.33,21176.33,27798.23,395.93,1633.74,4592.229477
100,4,415.56,25628.40,32729.76,372.46,1727.75,5001.153197
100,4,303.45,20428.57,26183.96,373.27,1515.77,3866.351922
100,4,374.00,24217.38,30876.19,366.30,1718.77,4573.736198
100,4,386.85,26226.88,33330.80,449.85,2026.14,4627.930988
100,4,475.38,30312.18,37489.92,410.32,2017.38,4750.046861
100,4,310.79,21134.05,27663.51,406.38,1743.10,4379.979536
100,4,359.17,25463.27,32704.68,514.82,1879.17,4847.412896
100,4,355.23,24376.99,31462.13,479.77,1875.18,4730.188818
100,4,379.40,24365.56,31435.81,382.21,1820.74,4867.304358
100,4,371.08,23717.46,29799.08,369.83,1571.91,4139.882326
100,4,383.89,26211.42,32393.15,429.64,1888.50,3863.588953
100,4,426.70,24571.22,30416.47,253.38,1474.22,4117.658200
100,4,397.35,24476.49,29705.79,288.86,1531.34,3409.102334
100,4,353.16,23273.65,29529.96,403.73,1685.98,4166.595561
100,4,406.42,24276.09,30758.13,340.10,1826.26,4315.681867
100,4,346.56,23493.04,30143.01,425.05,1696.70,4528.214428
100,4,326.10,22073.70,28853.85,432.16,1650.20,4697.796172
100,4,395.45,25384.16,32612.31,465.32,1829.53,4933.296047
100,4,340.48,21977.40,29338.40,473.02,1854.73,5033.258419
100,4,420.98,26650.96,34235.26,404.56,2008.69,5171.044279
100,4,329.10,21633.72,28413.92,392.63,1643.04,4744.537239
100,4,434.49,28865.56,36381.82,492.22,2106.14,4917.894532
100,4,255.19,18392.22,23829.96,418.13,1608.62,3411.002472
100,4,423.78,23748.25,30649.14,354.34,1673.93,4872.619723
100,4,427.12,26269.51,32633.99,326.99,1675.00,4362.490147
100,4,378.48,23786.61,29302.38,352.39,1687.08,3476.302148
100,4,264.44,18392.71,25023.08,450.95,1599.76,4579.662525
100,4,400.16,25579.52,33514.15,476.05,2041.13,5417.437644
125,4,315.45,21329.62,27084.85,376.49,1437.14,3941.608571
125,4,397.19,26933.16,34000.00,455.40,1921.81,4689.639620
125,4,431.42,26169.96,33076.83,433.73,1766.37,4706.764561
125,4,341.53,23473.17,29112.77,407.29,1715.56,3516.751673
125,4,458.74,30470.64,38622.82,435.00,2055.06,5662.128853
125,4,358.62,25244.07,32408.47,422.04,1820.26,4922.102198
125,4,414.52,27586.44,35019.70,424.59,1857.79,5150.873713
125,4,370.77,23186.87,30367.48,383.36,1590.84,5206.409762
125,4,324.42,21497.73,27932.77,367.27,1578.39,4489.379901
125,4,367.75,24763.12,31402.24,353.98,1672.67,4612.471134
125,4,380.73,23872.33,30422.18,389.62,1725.42,4434.804795
125,4,298.86,21577.26,27053.93,366.07,1529.66,3580.944975
125,4,388.43,29196.60,36025.11,553.77,2108.09,4166.654444
125,4,276.64,20082.04,26864.47,446.33,1653.89,4682.212239
125,4,251.84,19055.51,24766.89,476.52,1519.41,3715.446078
125,4,386.86,25950.97,32820.58,398.65,1737.45,4733.510629
125,4,413.88,28400.21,36024.16,536.19,2020.67,5067.102481
125,4,349.65,26098.81,32971.34,464.90,2021.97,4385.663726
125,4,505.38,32435.66,39219.67,447.33,2088.27,4248.414122
125,4,269.27,20008.09,26583.15,416.80,1513.40,4644.854781
125,4,482.59,30074.41,37412.11,374.84,1795.48,5167.380916
125,4,303.13,22610.05,29891.27,502.91,1839.22,4939.096205
125,4,376.12,26539.82,33098.88,378.78,1851.06,4329.228289
125,4,322.83,22541.68,28790.73,371.56,1576.90,4300.584695
125,4,299.64,22573.47,29119.72,453.14,1670.65,4422.454054
125,4,372.62,25124.93,31885.67,397.38,1714.39,4648.979681
125,4,390.95,27220.75,34179.92,398.93,1873.28,4686.949103
125,4,339.69,22307.24,28775.05,339.72,1489.31,4638.779098
125,4,409.78,26940.33,33741.29,394.07,1840.45,4566.430312
125,4,465.07,31204.26,38513.08,405.46,2006.21,4897.146670
125,4,305.31,22542.29,29247.30,535.55,1771.85,4397.595997
125,4,430.93,26597.19,33462.30,511.17,1771.03,4582.908516
125,4,346.67,22152.76,29007.98,362.54,1586.72,4905.955325
125,4,457.71,29571.95,36475.52,389.31,1896.90,4617.355569
125,4,332.96,22849.74,30181.82,422.34,1683.46,5226.286381
125,4,274.18,20377.69,25928.47,424.41,1520.78,3605.594819
125,4,515.56,33518.26,40838.37,384.43,2070.56,4865.127626
125,4,287.67,23326.26,29883.37,577.51,1954.07,4025.541875
125,4,330.66,23083.70,29396.57,396.44,1662.56,4253.864606
125,4,321.80,22317.63,28180.05,539.20,1513.73,3809.482879
125,4,364.97,24308.40,30744.95,380.39,1768.57,4287.589304
125,4,332.23,23416.55,28654.81,354.44,1488.24,3395.572105
125,4,422.17,27016.35,35223.25,457.84,1959.40,5789.667966
125,4,345.02,24484.30,30641.34,411.52,1781.30,3964.227514
125,4,262.35,18233.67,23757.84,415.16,1529.47,3579.550378
125,4,340.82,24105.66,31930.38,514.55,1972.53,5337.644975
125,4,292.01,21525.54,27143.97,410.07,1620.77,3587.597976
125,4,398.70,27084.44,34347.76,442.53,1870.76,4950.037383
125,4,489.51,33768.56,40974.20,473.31,2058.36,4673.975399
125,4,235.75,17804.77,23859.34,426.06,1493.07,4135.433093
125,4,346.59,25068.68,31585.37,434.73,1772.15,4309.814901
125,4,342.88,24778.04,31568.76,418.57,1752.49,4619.666031
125,4,426.33,29036.32,35566.15,409.63,1906.66,4213.545583
125,4,398.05,27635.51,34727.32,493.38,2014.57,4583.864626
125,4,391.05,24543.94,31237.78,382.38,1787.06,4524.407826
125,4,314.22,23544.49,30245.08,513.78,1901.16,4285.644145
125,4,443.04,27576.48,34673.52,299.17,1664.18,5133.685048
125,4,438.60,28760.77,35885.31,421.86,1874.30,4828.383712
125,4,366.80,25368.25,32018.37,475.14,1878.00,4296.982651
125,4,420.20,26404.22,32819.87,373.02,1826.08,4216.539457
125,4,339.69,23371.75,30853.21,382.84,1737.44,5361.179015
125,4,411.40,26464.46,32908.42,314.55,1750.28,4379.131955
125,4,396.98,26285.09,32444.58,571.11,1762.28,3826.094807
125,4,436.67,27756.55,34651.28,335.07,1891.10,4668.558032
125,4,402.86,26326.44,33216.18,540.55,1805.67,4543.520088
125,4,287.53,22992.78,29994.93,644.77,2019.07,4338.305849
125,4,449.56,27908.21,34773.47,396.78,1785.34,4683.129275
125,4,414.67,28546.22,35870.09,415.90,1923.42,4984.544076
125,4,388.21,26062.02,33375.53,536.84,2088.00,4688.681426
125,4,373.61,25435.89,33169.75,463.61,2015.80,5254.452840
125,4,233.32,18160.82,24175.17,448.14,1587.45,3978.755708
125,4,346.45,22689.88,29469.95,394.31,1677.11,4708.648963
125,4,456.64,27985.79,35187.63,335.29,1777.73,5088.814829
125,4,325.06,22646.87,28579.69,390.68,1563.16,3978.980996
125,4,374.03,25649.61,32313.79,375.27,1771.75,4517.156752
125,4,409.06,28062.82,35123.09,409.53,1885.99,4764.743960
125,4,499.96,31077.32,38364.50,615.38,1943.37,4728.432643
125,4,314.40,23676.16,30181.60,437.65,1690.64,4377.146180
125,4,358.83,26394.21,33775.29,493.29,1989.08,4898.707581
125,4,360.58,25764.94,32689.13,447.15,1913.60,4563.437101
125,4,383.76,27549.93,34525.30,399.67,1716.48,4859.211373
125,4,389.33,25660.31,32237.38,620.97,1729.52,4226.578117
125,4,401.04,28139.44,34498.57,451.72,1925.26,3982.146204
125,4,445.09,25948.04,32235.90,557.94,1535.35,4194.566547
125,4,391.91,25602.94,31180.57,480.39,1657.86,3439.372335
125,4,355.66,25019.06,31337.75,426.82,1735.35,4156.518421
125,4,425.39,26907.81,33347.49,352.02,1812.13,4275.530320
125,4,383.49,25826.84,32680.61,402.26,1827.61,4623.899088
125,4,380.36,24873.05,31682.39,414.79,1748.15,4646.408664
125,4,417.25,27800.03,35136.81,459.71,1974.92,4902.163020
125,4,379.03,25470.44,32813.89,465.92,1829.93,5047.607573
125,4,421.24,29205.44,36970.97,421.99,2108.69,5234.854272
125,4,348.42,22554.38,29391.07,368.98,1654.81,4812.883306
125,4,444.28,31088.89,38723.95,528.10,2129.70,4977.255522
125,4,255.20,20237.72,25533.13,409.01,1522.81,3363.590834
125,4,448.24,26332.76,33280.87,369.22,1633.78,4945.104609
125,4,485.80,29048.25,35305.96,304.96,1581.31,4371.442254
125,4,415.92,25828.04,31372.27,322.61,1685.06,3536.554561
125,4,274.83,20347.50,27132.08,486.41,1698.67,4599.498733
125,4,427.09,27503.80,35486.49,452.47,2001.25,5528.957854
150,4,346.84,23689.77,29778.52,379.15,1585.75,4123.852992
150,4,409.12,27823.76,35000.36,457.96,1936.63,4782.002483
150,4,432.68,28760.99,35605.25,381.47,1851.45,4611.343159
150,4,332.06,25023.09,30556.95,413.12,1710.10,3410.640165
150,4,472.60,31308.20,39546.71,441.40,2112.66,5684.453230
150,4,390.45,27294.91,34372.52,389.80,1832.85,4854.962683
150,4,428.24,29467.95,37011.32,436.75,1899.41,5207.217447
150,4,383.41,24984.77,32231.29,373.63,1691.68,5181.217303
150,4,325.96,22844.09,29229.81,377.18,1555.42,4453.125074
150,4,382.62,25508.40,32380.21,528.15,1694.45,4649.200083
150,4,386.12,26566.12,33216.39,396.46,1768.69,4485.113510
150,4,309.77,23580.94,29190.19,558.08,1486.62,3564.554776
150,4,411.01,31305.48,38165.03,566.23,2174.32,4119.002559
150,4,286.18,20931.74,27768.80,437.91,1655.91,4743.231293
150,4,260.32,20437.67,26334.02,466.32,1570.81,3859.221141
150,4,402.70,27543.07,34506.05,447.22,1796.73,4719.029607
150,4,400.46,28836.09,36461.66,545.19,2024.16,5056.221809
150,4,350.86,26794.77,33573.23,484.04,1951.72,4342.709137
150,4,531.80,34978.07,42138.31,624.77,2162.47,4372.992404
150,4,308.52,22345.51,29023.50,393.79,1522.71,4761.492275
150,4,442.40,29747.13,37220.19,419.38,1917.46,5136.222849
150,4,343.85,24810.00,32106.52,483.29,1834.28,4978.947695
150,4,394.49,27822.02,34343.02,355.55,1833.32,4332.138204
150,4,323.07,23366.29,29863.37,399.25,1773.00,4324.821466
150,4,317.27,23901.62,30556.77,467.98,1719.41,4467.755622
150,4,395.02,26379.84,33147.35,378.20,1740.11,4649.190812
150,4,431.74,29210.03,36303.77,397.18,1964.05,4732.499402
150,4,348.57,23157.17,29889.20,480.98,1585.47,4665.586937
150,4,412.59,27957.64,34832.20,499.59,1797.72,4577.252438
150,4,462.13,32175.16,39522.99,427.83,2067.19,4852.811084
150,4,317.99,23952.34,30753.31,544.62,1860.15,4396.213022
150,4,416.86,29007.99,35706.47,370.95,1730.76,4596.765179
150,4,322.10,23041.30,29871.81,394.99,1599.78,4835.750808
150,4,472.17,31441.36,38834.84,634.72,2066.17,4692.580044
150,4,333.83,23268.60,30607.08,425.86,1685.05,5227.580038
150,4,280.09,21272.77,26961.64,439.28,1575.87,3673.728783
150,4,587.52,36358.83,43730.83,383.27,2079.88,4908.843627
150,4,292.08,24092.24,30611.27,586.20,1988.39,3944.428576
150,4,329.80,24275.44,30647.94,389.17,1623.22,4360.109004
150,4,333.89,24097.55,29927.58,339.27,1604.47,3886.288747
150,4,371.36,24857.69,31294.08,376.32,1759.69,4300.369849
150,4,339.88,24459.37,29903.51,548.40,1440.22,3455.529115
150,4,429.62,27858.72,35962.96,461.46,1897.25,5745.523466
150,4,362.56,26147.70,32668.72,460.17,1937.80,4123.049587
150,4,266.17,19985.58,25677.50,443.07,1605.34,3643.515171
150,4,339.85,25618.02,33692.34,564.55,2066.86,5442.909766
150,4,322.15,23729.62,29443.66,541.25,1605.26,3567.529982
150,4,393.86,27744.43,34932.80,426.84,1845.59,4915.942848
150,4,536.58,35161.95,43192.55,874.73,2206.36,4949.513396
150,4,257.83,19043.99,25184.80,442.76,1543.80,4154.246798
150,4,402.56,27980.74,34866.81,595.05,1962.72,4328.306113
150,4,337.05,25210.67,31870.85,406.22,1706.80,4547.157156
150,4,452.29,30288.95,37103.47,709.22,1939.58,4165.720226
150,4,414.79,29071.46,36155.00,501.39,1979.26,4602.885288
150,4,417.16,25976.73,33287.04,763.75,1868.17,4678.394321
150,4,332.83,24881.18,31611.62,527.30,1929.76,4273.379987
150,4,468.22,28199.28,35565.71,523.56,1673.35,5169.524415
150,4,520.98,32282.79,39897.44,714.67,1986.28,4913.697329
150,4,355.74,25604.20,32152.18,431.95,1764.83,4351.194784
150,4,405.88,28067.94,34496.30,378.61,1776.27,4273.482265
150,4,351.70,24137.97,31607.46,414.22,1720.94,5334.324346
150,4,426.41,28550.46,35272.03,454.33,1738.44,4528.799671
150,4,415.85,28124.78,34334.07,540.14,1756.79,3912.360114
150,4,459.44,29766.37,36808.59,539.65,1839.81,4662.754123
150,4,426.33,29307.83,36260.79,401.91,1915.21,4635.843754
150,4,306.29,25036.92,32093.51,592.85,2037.26,4426.485914
150,4,425.02,28953.87,35755.02,412.53,1706.08,4682.550758
150,4,397.15,30238.65,37801.10,467.83,1970.10,5124.523170
150,4,370.84,27627.59,35013.33,538.43,2049.90,4797.408276
150,4,401.25,27461.46,34951.58,447.10,1812.55,5230.472583
150,4,223.54,19126.32,25102.07,505.38,1537.71,3932.655663
150,4,362.01,24892.66,31564.33,397.14,1692.25,4582.276771
150,4,470.82,29923.15,37470.76,494.83,1895.43,5157.352413
150,4,335.21,24081.98,30372.28,574.08,1616.22,4100.000797
150,4,413.82,28257.64,35054.78,362.03,1870.16,4564.945160
150,4,456.98,30757.68,38128.90,525.29,2085.89,4760.052500
150,4,525.42,34771.35,42432.10,722.03,2037.17,4901.554162
150,4,312.88,24974.74,31593.38,465.07,1784.07,4369.493601
150,4,393.53,28942.28,36436.69,508.34,2037.53,4948.539676
150,4,373.93,27972.89,35110.04,473.79,1997.50,4665.859610
150,4,435.45,29510.21,36610.43,433.12,1748.63,4918.470157
150,4,353.97,26901.14,33139.15,410.06,1720.55,4107.410059
150,4,428.79,30087.76,36477.76,426.68,1984.96,3978.369403
150,4,446.33,26620.34,33002.69,743.37,1489.94,4149.042494
150,4,434.46,28064.43,33569.44,403.90,1629.62,3471.490362
150,4,369.78,27278.34,33476.61,405.62,1664.61,4128.043083
150,4,443.53,28918.61,35531.72,334.61,1811.61,4466.892849
150,4,378.40,27313.25,34024.96,414.96,1777.97,4518.782902
150,4,380.60,26401.25,33257.93,434.42,1724.24,4698.014386
150,4,434.84,29295.33,36849.17,465.23,1970.08,5118.533377
150,4,379.41,26728.94,34131.03,467.99,1861.72,5072.387150
150,4,463.93,31126.30,38956.54,431.29,2065.00,5333.949391
150,4,361.53,25273.16,32086.95,363.37,1757.85,4692.569623
150,4,506.55,35140.63,42913.96,523.18,2231.04,5019.113971
150,4,293.94,21952.38,27255.71,369.76,1545.85,3387.721604
150,4,430.30,28214.07,35177.87,355.12,1748.00,4860.680951
150,4,491.80,30906.06,37736.70,797.11,1652.57,4380.959659
150,4,439.33,27261.80,32908.13,337.42,1789.48,3519.417032
150,4,297.07,21616.55,28622.69,664.78,1737.37,4603.990279
150,4,440.40,30408.86,38461.84,478.83,2058.97,5515.179483
175,4,326.37,23703.98,29766.16,369.96,1581.45,4110.767646
175,4,460.09,30724.05,37873.21,452.49,1980.74,4715.924488
175,4,486.53,30375.72,38103.15,937.41,1993.15,4796.864452
175,4,372.30,26998.56,32568.28,393.15,1680.99,3495.576883
175,4,499.93,33041.34,41448.38,425.07,2207.70,5774.265099
175,4,382.73,28387.76,35572.19,425.51,1807.69,4951.229728
175,4,421.40,31651.82,39235.02,481.48,1920.55,5181.163600
175,4,399.05,25863.93,33354.38,495.54,1736.77,5258.132321
175,4,351.32,24715.42,31171.46,372.80,1605.38,4477.855246
175,4,387.09,27464.63,34262.01,463.04,1756.07,4578.270439
175,4,374.28,26776.28,33381.79,420.83,1838.01,4346.672032
175,4,337.92,24791.75,30653.23,582.33,1677.23,3601.919645
175,4,418.73,32577.42,39403.50,554.01,2102.34,4169.726411
175,4,298.67,22269.66,29429.58,484.76,1814.12,4861.036654
175,4,297.10,22559.92,28543.01,472.41,1600.98,3909.701647
175,4,427.09,29606.96,36625.07,419.03,1811.91,4787.180445
175,4,432.97,30838.99,38726.08,546.18,2087.90,5253.009079
175,4,382.31,29261.23,36082.32,469.04,1989.73,4362.316200
175,4,589.86,37568.30,45379.89,1031.29,2308.37,4471.928006
175,4,310.22,22257.26,28836.85,397.35,1628.38,4553.849138
175,4,506.56,32398.31,40138.65,598.22,1964.06,5178.051233
175,4,354.28,25961.37,33170.33,434.87,1817.30,4956.788597
175,4,441.40,30559.13,37207.16,381.83,1823.41,4442.793701
175,4,368.70,25064.75,32048.22,807.73,1754.21,4421.532946
175,4,341.02,25124.43,31701.57,430.74,1777.56,4368.846895
175,4,430.02,27705.16,34980.55,796.82,1754.25,4724.323370
175,4,450.01,30553.55,37985.38,699.12,2034.28,4698.429592
175,4,376.94,24945.32,31850.17,428.48,1637.50,4838.873160
175,4,451.53,31514.90,38379.07,393.38,1882.05,4588.742079
175,4,504.56,34367.07,42240.01,652.98,2186.77,5033.196256
175,4,344.93,25501.88,32545.95,530.21,1900.54,4613.335786
175,4,458.03,30251.26,37648.39,804.68,1886.09,4706.360733
175,4,355.66,23763.42,30554.56,361.51,1624.51,4805.121355
175,4,488.64,32773.49,40201.93,647.67,2122.59,4658.180723
175,4,359.11,25245.75,32733.99,448.49,1842.91,5196.846289
175,4,296.86,21924.55,27496.23,421.61,1600.01,3550.059090
175,4,596.46,37891.83,45508.56,581.82,2087.60,4947.311244
175,4,299.85,24729.40,31108.10,554.52,1964.56,3859.619828
175,4,368.28,25346.11,31691.80,527.69,1560.88,4257.119076
175,4,374.51,25223.20,31544.73,666.50,1663.46,3991.568687
175,4,386.00,26901.54,33413.95,387.61,1809.08,4315.717724
175,4,339.06,25308.54,30962.65,569.68,1555.91,3528.526201
175,4,481.41,31403.21,39671.40,455.37,1940.36,5872.459988
175,4,388.78,28073.77,34411.24,419.58,1818.82,4099.069464
175,4,268.82,20782.55,26326.59,410.90,1546.94,3586.199086
175,4,369.42,27112.30,34999.00,499.47,1959.04,5428.195690
175,4,347.81,24791.25,30415.81,399.47,1664.64,3560.443841
175,4,443.95,30464.18,37898.76,441.99,1911.47,5081.132075
175,4,564.51,37739.55,45722.00,789.74,2264.56,4928.156341
175,4,272.94,19517.32,25490.01,407.53,1419.42,4145.746538
175,4,383.71,28560.82,35175.78,427.46,1808.96,4378.532111
175,4,349.83,26829.70,33554.77,422.60,1763.17,4539.310785
175,4,507.78,32724.48,40351.49,1330.27,1991.57,4305.157735
175,4,413.10,29888.80,36863.25,483.41,1947.50,4543.540760
175,4,381.22,27757.16,34634.63,418.51,1873.00,4585.959147
175,4,332.21,26226.42,32963.27,502.46,1876.69,4357.701998
175,4,509.07,30972.51,38888.80,822.56,1719.42,5374.312862
175,4,519.58,34002.26,41339.28,429.40,1965.87,4941.752868
175,4,372.55,27563.44,34151.49,453.29,1817.91,4316.847085
175,4,439.41,30065.73,36598.81,382.49,1860.81,4289.768913
175,4,360.29,25423.79,32702.39,384.97,1703.38,5190.256116
175,4,481.80,29338.12,37320.13,1529.85,1786.19,4665.959119
175,4,489.17,29886.28,37421.92,1439.25,1948.71,4147.681484
175,4,465.89,30765.41,38092.96,738.98,1855.25,4733.317655
175,4,460.32,31233.27,38156.84,381.21,1913.74,4628.609098
175,4,307.65,26114.91,33086.24,589.70,1934.95,4446.676867
175,4,436.19,30301.60,37462.62,541.95,1835.34,4783.725938
175,4,489.04,31832.88,39479.97,559.80,1968.40,5118.890706
175,4,393.13,28297.51,35692.92,552.75,2155.10,4687.559407
175,4,420.86,29350.33,37332.14,598.21,2016.37,5367.241931
175,4,266.46,20797.16,26963.78,480.14,1658.93,4027.554539
175,4,384.21,26252.43,33320.57,585.08,1814.26,4668.799879
175,4,480.95,31307.72,38481.53,358.96,1776.82,5038.029083
175,4,352.49,24726.67,30925.94,572.63,1677.42,3949.228239
175,4,418.65,28815.16,35723.72,520.72,1886.41,4501.423899
175,4,435.22,32871.52,40077.46,441.34,2040.41,4724.184413
175,4,617.65,35996.39,45732.54,2127.07,2338.05,5271.030448
175,4,344.32,25390.18,32047.42,606.49,1712.72,4338.029106
175,4,389.64,29078.61,36637.06,494.52,2020.79,5043.135326
175,4,382.72,28451.28,35582.04,620.32,1908.35,4602.091060
175,4,452.23,30493.58,38108.67,638.16,1933.81,5043.115466
175,4,398.05,28527.82,34976.58,402.02,1764.89,4281.852320
175,4,447.57,31679.63,38260.98,606.48,2029.24,3945.626358
175,4,480.99,28505.65,35254.19,961.91,1519.54,4267.087221
175,4,408.27,28128.25,33871.25,693.03,1593.59,3456.381329
175,4,420.85,27948.26,34946.35,919.05,1821.84,4257.200894
175,4,486.10,30707.17,37303.58,387.83,1825.87,4382.704260
175,4,417.51,29172.88,36209.47,441.09,1986.34,4609.173079
175,4,388.83,27050.63,33886.74,446.35,1753.09,4636.675128
175,4,451.26,31250.53,39010.55,610.38,1968.04,5181.605836
175,4,423.57,28546.85,36217.98,467.61,2001.79,5201.739327
175,4,513.18,33758.52,42046.57,630.78,2160.10,5497.168306
175,4,366.42,26038.61,32936.29,381.07,1787.25,4729.358244
175,4,512.81,35862.30,43629.39,495.80,2329.56,4941.727002
175,4,294.77,22488.23,28109.23,430.65,1644.20,3546.161471
175,4,461.13,30185.90,37542.65,349.93,1936.63,5070.194589
175,4,523.82,32810.61,39470.20,480.01,1757.54,4422.043082
175,4,456.14,29471.33,35312.90,501.46,1710.84,3629.276357
175,4,305.72,22802.93,29529.42,443.52,1715.39,4567.577024
175,4,471.93,32568.51,40720.64,454.17,2134.37,5563.600641
200,4,356.14,24842.14,30859.29,384.61,1549.99,4082.550271
200,4,439.81,31507.16,38582.36,428.12,1899.21,4747.876809
200,4,531.92,32432.90,40887.28,1401.38,2028.62,5024.372524
200,4,383.36,28395.66,34092.23,388.69,1741.52,3566.364157
200,4,522.73,34782.28,43373.39,554.63,2225.85,5810.626569
200,4,400.38,29475.44,36873.90,440.96,1926.65,5030.842846
200,4,468.09,32496.40,40014.35,441.05,1948.87,5128.024219
200,4,414.74,27492.11,34780.38,376.05,1736.79,5175.425314
200,4,376.90,24618.28,32214.10,1189.40,1775.75,4630.671021
200,4,440.66,28342.20,36020.27,1036.44,1848.70,4792.917128
200,4,427.89,28951.60,36413.94,1014.29,1820.91,4627.135422
200,4,379.76,26066.18,32495.52,993.34,1771.66,3664.334446
200,4,436.46,34098.55,41066.87,581.71,2223.35,4163.263272
200,4,301.79,23467.11,30431.25,471.76,1758.57,4733.806040
200,4,281.21,22269.48,28172.52,473.20,1634.60,3795.240822
200,4,426.90,31042.74,38192.37,441.81,1916.60,4791.218430
200,4,447.56,32971.26,40740.61,554.36,2038.89,5176.108233
200,4,412.90,30517.13,37754.48,625.71,2170.36,4441.279809
200,4,639.09,39805.00,47663.18,1105.18,2219.81,4533.187307
200,4,327.19,24072.37,30889.32,437.17,1719.31,4660.470836
200,4,473.22,33496.76,41149.94,433.57,2040.93,5178.688973
200,4,359.36,26944.71,34391.93,496.24,2021.16,4929.819273
200,4,467.23,31865.33,39043.19,683.61,1969.57,4524.687400
200,4,403.88,27334.99,34382.08,646.39,1869.04,4531.655543
200,4,351.17,26781.91,33537.42,453.86,1838.54,4463.098788
200,4,422.54,28760.42,36067.19,878.80,1815.70,4612.272744
200,4,445.96,31645.07,38883.14,574.35,2050.84,4612.887573
200,4,384.68,25573.63,32536.24,529.14,1673.70,4759.770775
200,4,473.07,33483.32,40650.44,527.12,1856.89,4783.115732
200,4,579.61,36873.31,45479.04,1243.27,2238.41,5124.056859
200,4,346.44,26838.92,33787.16,519.89,1871.63,4556.718580
200,4,495.41,31848.86,39047.06,672.24,1842.81,4683.151293
200,4,360.09,25163.73,32085.27,359.23,1691.84,4870.458817
200,4,494.75,34318.24,41764.55,632.49,2111.22,4702.596721
200,4,372.16,26843.97,34529.41,421.71,1795.92,5467.813484
200,4,311.42,23532.71,29278.33,428.67,1582.86,3734.100106
200,4,649.00,39996.18,48675.36,1257.01,2224.10,5198.069199
200,4,317.30,26218.52,32665.87,533.52,1952.29,3961.533995
200,4,349.53,25824.07,32382.57,548.34,1726.67,4283.492412
200,4,379.86,26505.87,32659.99,451.29,1729.78,3973.052272
200,4,408.75,29438.24,36046.37,355.61,1782.44,4470.076002
200,4,373.49,27094.93,32596.33,373.07,1612.29,3516.043235
200,4,476.04,31609.77,40031.53,466.61,1986.00,5969.161880
200,4,373.87,29095.77,35626.45,571.55,1820.44,4138.680975
200,4,268.98,21573.93,26918.64,385.14,1476.20,3483.368396
200,4,394.60,28845.20,36846.06,493.59,2066.77,5440.506050
200,4,351.34,25581.68,31887.58,784.84,1720.73,3800.323321
200,4,471.74,31507.51,39611.26,971.12,2008.27,5124.366020
200,4,576.00,39608.71,47555.90,852.08,2160.70,4934.415149
200,4,276.34,20459.53,26569.81,413.71,1553.28,4143.289508
200,4,411.92,30473.21,37278.79,470.07,1968.80,4366.706556
200,4,393.16,28435.52,35550.41,672.13,1811.79,4630.957683
200,4,484.32,34337.22,41075.64,403.50,2019.96,4314.955620
200,4,456.92,32683.46,39847.93,482.84,1979.66,4701.977997
200,4,373.73,27915.18,34788.10,592.56,1795.03,4485.328206
200,4,369.16,27660.58,34424.33,477.76,1924.47,4361.516165
200,4,593.24,32604.40,42295.74,2110.29,1953.02,5628.035235
200,4,558.51,35914.00,43237.50,473.99,1920.47,4929.036712
200,4,390.64,28826.62,35519.80,600.42,1775.49,4317.272494
200,4,450.53,30904.15,37586.38,518.61,1839.19,4324.445320
200,4,381.84,26904.94,34685.34,586.15,1803.53,5390.716331
200,4,514.76,31543.32,39470.51,1367.46,1860.67,4699.047652
200,4,509.94,31507.96,39275.37,1610.43,1951.73,4205.257039
200,4,500.18,32343.66,39950.97,881.32,1951.43,4774.566779
200,4,496.87,32119.73,39809.86,899.95,2040.57,4749.612070
200,4,349.24,27636.72,34670.65,595.10,2025.77,4413.060500
200,4,493.18,31566.11,39018.08,551.49,1947.12,4953.355331
200,4,485.22,32618.39,40977.08,972.02,2176.66,5210.012145
200,4,394.95,29631.55,37043.30,557.48,2158.00,4696.267693
200,4,415.13,30209.17,38022.65,448.86,1976.39,5388.230888
200,4,263.73,22060.76,28256.96,463.28,1587.71,4145.215427
200,4,379.62,27647.39,34769.36,624.23,1810.60,4687.139471
200,4,543.90,34153.34,42304.40,788.52,2072.04,5290.495503
200,4,371.02,26523.92,32754.38,493.63,1625.26,4111.573053
200,4,474.69,30322.79,38169.93,1112.93,1965.32,4768.899426
200,4,493.51,33427.33,40976.92,535.63,2232.94,4781.021165
200,4,622.13,38252.51,47689.29,1915.02,2218.63,5303.125050
200,4,382.33,26850.83,33977.00,877.95,1819.34,4428.882632
200,4,433.14,31483.58,39533.49,822.44,2199.89,5027.585668
200,4,415.13,30046.65,37415.41,645.05,2033.88,4689.830492
200,4,443.28,31672.01,39149.91,524.10,1907.56,5046.238915
200,4,458.86,29424.91,37913.28,2002.39,1935.40,4550.571999
200,4,467.08,33183.74,39912.76,696.95,2041.78,3990.289019
200,4,511.61,30914.42,37583.77,721.89,1606.68,4340.786336
200,4,509.77,30401.24,37676.04,1805.38,1717.41,3752.014088
200,4,437.60,30081.24,37022.93,729.89,1865.33,4346.476440
200,4,502.86,30470.38,38048.35,1108.55,1900.24,4569.170949
200,4,432.41,30323.58,37496.30,596.92,1937.28,4638.520006
200,4,448.98,29719.14,36987.74,618.54,1889.14,4760.924550
200,4,468.41,31740.20,39567.01,572.10,2053.58,5201.129270
200,4,400.86,29415.98,37269.88,647.54,2040.25,5166.110978
200,4,534.07,34859.64,43603.55,985.47,2188.74,5569.696420
200,4,400.64,27974.02,35225.17,549.56,1797.94,4903.647722
200,4,569.78,37409.61,45777.87,869.33,2366.58,5132.354136
200,4,308.51,24086.30,29461.12,415.89,1538.74,3420.187355
200,4,508.35,30084.48,37929.54,1000.05,1861.88,4983.134335
200,4,589.70,34328.25,42275.43,1445.51,1919.71,4581.961839
200,4,488.64,30333.93,36294.52,597.93,1733.89,3628.764701
200,4,302.04,23214.07,29929.71,445.53,1676.34,4593.773970
200,4,494.36,34022.86,42681.54,767.24,2188.19,5703.248030
225,4,404.22,26356.66,32689.95,528.69,1576.85,4227.749291
225,4,472.86,32224.17,39922.94,853.03,2027.13,4818.610237
225,4,527.55,33433.14,41837.38,1300.51,2047.17,5056.552464
225,4,365.59,28046.98,34037.53,596.80,1861.20,3532.540894
225,4,537.04,35959.65,44931.65,947.66,2148.53,5875.806725
225,4,419.14,30620.63,38008.40,564.49,1909.88,4913.404741
225,4,463.81,33859.70,41760.66,473.46,2105.20,5322.301952
225,4,448.54,28113.30,35924.86,718.66,1814.21,5278.685246
225,4,358.67,25924.95,32974.03,764.03,1771.20,4513.854487
225,4,433.40,29077.48,36620.74,915.37,1850.62,4777.264233
225,4,411.09,29975.64,36557.56,396.05,1829.57,4356.296467
225,4,397.12,27260.00,33784.96,965.62,1795.83,3763.507398
225,4,455.39,35404.34,42540.56,615.37,2363.59,4157.262837
225,4,307.08,24265.71,31212.09,467.51,1805.62,4673.253223
225,4,297.72,23319.63,28994.32,407.69,1459.91,3807.091404
225,4,469.52,32189.46,39494.92,433.76,1990.95,4880.747934
225,4,469.95,33589.09,41334.52,534.67,2072.37,5138.395810
225,4,414.42,31672.24,39040.48,801.38,2131.15,4435.712273
225,4,637.24,40929.51,49277.45,1498.03,2255.62,4594.286227
225,4,319.44,24437.33,31147.86,424.88,1640.89,4644.760196
225,4,599.47,34942.44,45081.79,2440.12,2170.51,5528.720662
225,4,375.34,27380.72,34765.93,449.43,1936.40,4999.380441
225,4,521.90,33305.90,41809.68,1637.09,2074.03,4792.665763
225,4,423.12,28472.15,35920.63,1046.57,1814.88,4587.026977
225,4,350.99,27293.71,34258.43,632.09,1818.12,4514.508767
225,4,418.25,29590.73,36768.82,731.41,1824.68,4621.997092
225,4,475.08,33653.86,41130.25,665.11,2045.64,4765.632824
225,4,402.79,27125.01,34112.82,528.36,1729.65,4729.798007
225,4,492.85,33793.58,41332.08,752.80,2008.49,4777.207032
225,4,590.67,38221.22,46838.34,1282.94,2193.94,5140.246313
225,4,356.97,27580.97,34533.23,547.01,1941.25,4463.997699
225,4,521.49,33096.60,41047.36,1160.03,1896.94,4893.789401
225,4,373.51,26212.75,33160.74,424.74,1733.28,4789.976347
225,4,519.94,35205.59,42700.33,615.63,2139.41,4739.702817
225,4,397.16,27542.05,35460.68,667.79,1926.46,5324.377765
225,4,311.25,24202.67,29862.49,408.01,1606.83,3644.978640
225,4,723.04,41615.90,51231.24,1983.61,2275.60,5356.139627
225,4,342.85,28063.10,34799.88,542.08,2092.69,4102.008039
225,4,384.85,26904.38,33834.48,714.24,1817.28,4398.574350
225,4,423.57,28051.21,34864.98,875.93,1792.59,4145.256200
225,4,432.34,29596.51,36607.11,771.23,1766.38,4472.988040
225,4,371.52,27299.02,33252.56,854.47,1611.77,3487.301396
225,4,495.41,33281.78,41752.25,613.79,1957.35,5899.323554
225,4,411.70,29491.95,36302.68,730.50,1935.54,4144.686261
225,4,304.30,22260.87,28181.65,774.64,1551.84,3594.298939
225,4,397.58,29824.40,37740.98,467.42,2031.18,5417.972321
225,4,385.79,26769.26,33244.82,971.35,1746.21,3757.992004
225,4,469.35,32512.28,40175.78,633.96,1963.44,5066.096657
225,4,679.32,42094.06,51924.11,2119.27,2429.80,5280.979714
225,4,274.46,21613.65,27696.04,435.93,1548.78,4097.674435
225,4,420.22,31462.22,38524.87,584.71,1991.23,4486.706020
225,4,401.42,29689.78,36704.05,590.47,1825.53,4598.273026
225,4,536.14,35262.55,43100.86,1311.63,2068.47,4458.204297
225,4,465.15,33575.82,41072.05,793.52,2025.70,4677.013274
225,4,423.69,28831.48,36309.38,995.06,1859.90,4622.945832
225,4,383.64,29000.26,35845.45,497.33,1996.58,4351.287420
225,4,619.07,34575.35,44359.34,2148.07,1978.19,5657.725109
225,4,560.64,36487.88,44071.00,588.15,2089.62,4905.356593
225,4,397.50,29693.76,36289.38,441.77,1872.84,4281.001955
225,4,484.56,32980.41,39574.66,475.03,1849.10,4270.115497
225,4,389.13,28088.85,35654.69,410.37,1840.73,5314.734559
225,4,543.31,32476.67,40664.93,1556.14,1868.45,4763.664195
225,4,551.37,32211.60,40579.06,1992.71,2086.46,4288.288452
225,4,520.89,33322.39,41385.17,1168.52,2008.35,4885.905948
225,4,504.70,34022.51,41669.33,849.85,2050.00,4746.969769
225,4,341.87,27459.75,34473.25,599.41,2064.52,4349.561253
225,4,524.89,33553.67,41132.87,846.16,1836.44,4896.588278
225,4,503.89,35770.50,43317.19,420.46,2116.23,5009.999656
225,4,400.01,31164.60,38602.59,540.79,2138.13,4759.082135
225,4,469.29,30759.88,39359.68,1095.13,2136.49,5368.173461
225,4,285.87,22713.93,29208.96,579.16,1678.69,4237.176559
225,4,414.23,28246.10,35733.70,819.17,1845.16,4823.265132
225,4,554.69,35782.17,43789.90,732.10,1983.10,5292.530408
225,4,407.56,26804.19,34225.30,1443.21,1695.89,4282.004679
225,4,501.06,32721.10,40751.33,1117.73,2074.67,4837.833504
225,4,541.14,35533.35,43949.48,1071.69,2371.06,4973.381719
225,4,632.48,39912.88,49231.73,1775.20,2335.96,5207.689023
225,4,375.85,27796.44,34399.54,435.07,1806.85,4361.172169
225,4,417.53,31747.28,39404.34,619.89,2156.64,4880.529947
225,4,451.28,32643.03,40412.13,855.94,2067.38,4845.781999
225,4,483.44,33353.22,40963.48,593.13,1970.95,5046.189803
225,4,453.25,31350.39,38193.85,562.54,1968.91,4312.009815
225,4,505.48,34791.75,41939.17,899.77,2133.57,4114.086310
225,4,556.12,32062.07,39658.78,1392.37,1722.69,4481.651801
225,4,473.78,31160.61,37698.91,1081.99,1804.21,3652.103421
225,4,407.85,29918.82,36642.04,620.72,1869.34,4233.161472
225,4,533.25,32927.15,40580.92,1047.58,1991.50,4614.695260
225,4,442.54,31501.41,38592.86,595.91,1894.44,4601.102913
225,4,433.19,29466.40,36741.04,656.71,1889.65,4728.279128
225,4,480.86,33405.85,41088.74,446.97,2035.86,5200.049047
225,4,474.07,32721.02,40591.27,673.65,2016.53,5180.070551
225,4,521.20,36348.27,44888.88,873.62,2122.07,5544.919633
225,4,451.34,29472.01,37511.70,1006.12,1931.95,5101.622376
225,4,567.14,39900.79,48262.21,718.23,2435.77,5207.408651
225,4,323.48,24671.26,30501.23,653.45,1665.18,3511.348349
225,4,536.02,33484.35,41327.87,824.23,1880.31,5138.985507
225,4,632.02,35810.66,44166.30,1677.63,1969.00,4709.015117
225,4,503.16,30615.09,37542.42,1330.85,1805.09,3791.381473
225,4,332.44,24734.07,31651.48,481.89,1818.53,4616.993302
225,4,505.20,34750.62,43408.70,666.26,2227.31,5764.512746
250,4,407.98,27157.01,33285.96,375.30,1588.89,4164.755056
250,4,500.23,34715.02,42625.02,949.96,1994.25,4965.787020
250,4,557.47,33730.96,42623.99,1763.26,2117.42,5012.354503
250,4,458.24,30429.43,37094.18,1113.63,1877.14,3673.974253
250,4,588.59,38277.07,47732.78,1113.81,2282.66,6059.242573
250,4,470.26,31262.06,39366.93,1043.25,2012.87,5048.754581
250,4,505.75,34731.76,43236.23,971.65,2121.67,5411.157117
250,4,467.62,29824.59,37672.48,799.64,1772.97,5275.285295
250,4,365.00,26540.55,33200.07,521.54,1690.17,4447.809546
250,4,500.45,30322.21,38765.54,1517.42,1986.14,4939.772446
250,4,460.32,31411.30,38832.45,908.46,1905.50,4607.194590
250,4,437.12,28923.35,36177.07,1482.59,1851.46,3919.662974
250,4,489.10,36900.12,44433.05,894.92,2343.33,4294.685211
250,4,307.06,24360.12,31274.42,469.27,1807.06,4637.976993
250,4,302.26,24255.15,30297.80,458.89,1641.53,3942.235105
250,4,518.99,32914.87,41430.77,1276.12,2111.11,5128.671996
250,4,469.46,35087.58,43158.39,694.18,2143.43,5233.194146
250,4,449.42,33136.20,40802.49,922.38,2160.21,4583.701029
250,4,720.01,42588.40,52301.52,2412.02,2459.37,4841.731217
250,4,351.72,26008.55,32873.73,424.43,1699.85,4740.896406
250,4,599.94,36213.38,45855.96,1930.29,2151.72,5560.570574
250,4,382.42,29346.06,36828.15,498.29,1969.43,5014.369477
250,4,525.46,33286.11,41793.49,1615.47,2119.95,4771.959945
250,4,439.56,28465.51,36041.69,1106.22,1927.91,4542.043306
250,4,387.08,28864.01,35963.68,568.61,1933.48,4597.573175
250,4,517.79,31435.48,40065.00,1702.46,2013.94,4913.127625
250,4,506.44,34783.68,42510.92,883.78,2066.55,4776.907307
250,4,399.42,27581.30,34589.21,644.37,1650.39,4713.150957
250,4,566.20,35445.22,44159.13,1496.06,2138.67,5079.188122
250,4,569.40,38662.54,47046.10,1110.26,2174.32,5098.972692
250,4,388.03,28731.15,35712.41,506.51,1896.69,4578.069552
250,4,578.07,34009.81,43058.83,1984.94,2025.06,5039.020414
250,4,391.15,27962.20,34976.75,379.92,1721.95,4912.676621
250,4,576.62,36994.62,45395.48,1285.39,2275.63,4839.833164
250,4,396.06,28622.07,36233.40,525.01,1802.44,5283.871817
250,4,344.94,25022.01,31096.25,661.75,1707.38,3705.116330
250,4,729.27,43868.96,53473.25,1899.58,2320.59,5384.109180
250,4,349.35,28333.55,34914.15,545.99,1997.03,4037.575619
250,4,399.27,28254.58,35154.80,759.42,1803.50,4337.303111
250,4,430.67,29001.70,35996.10,1013.58,1799.57,4181.250345
250,4,479.33,30746.04,38537.81,1295.54,1876.06,4620.178336
250,4,425.54,28884.77,35442.38,1320.45,1630.71,3606.444547
250,4,514.92,33756.22,42395.75,754.75,1977.27,5907.510171
250,4,489.91,31784.32,39683.05,1421.82,2041.68,4435.236433
250,4,304.79,23608.74,29193.66,411.09,1622.71,3551.124763
250,4,407.48,29993.87,38364.02,860.21,2070.77,5439.162490
250,4,368.15,27416.62,33445.82,622.43,1707.08,3699.686295
250,4,520.20,34380.35,42994.86,1230.49,2072.26,5311.757534
250,4,706.36,44284.59,54288.69,2191.73,2428.64,5383.739204
250,4,291.71,22507.44,28761.05,427.72,1633.77,4192.127376
250,4,435.12,32175.99,39180.14,464.90,2070.86,4468.391066
250,4,462.04,29758.01,37906.12,1445.31,1940.87,4761.939161
250,4,596.17,37581.26,46476.73,1918.75,2204.57,4772.145892
250,4,476.06,34917.71,42028.21,492.61,2078.76,4539.135462
250,4,476.79,30079.11,38591.31,1674.25,2032.47,4805.472696
250,4,355.49,28928.94,35618.04,510.51,1876.36,4302.227272
250,4,641.91,34612.45,45078.84,2652.44,2011.90,5802.042893
250,4,597.96,38604.64,46783.87,943.79,2187.47,5047.979146
250,4,411.41,30527.77,37030.58,414.38,1771.34,4317.094465
250,4,502.38,33635.30,40823.37,889.32,1929.68,4369.070118
250,4,396.73,28358.38,35982.27,419.19,1843.36,5361.340392
250,4,642.40,33392.12,44437.03,3699.81,2025.33,5319.778888
250,4,575.40,33779.54,42583.62,2366.14,2110.53,4327.402469
250,4,628.09,35424.47,45302.15,2560.37,2143.81,5173.497015
250,4,601.24,35999.06,45337.17,2068.64,2121.46,5148.015779
250,4,348.84,29073.04,36298.15,646.66,2166.24,4412.208883
250,4,520.70,34890.29,42102.05,578.25,1914.98,4718.527979
250,4,546.96,35418.74,44304.88,1383.77,2240.02,5262.359825
250,4,418.02,31952.11,39388.44,531.59,2171.40,4733.339427
250,4,460.58,33005.33,41083.52,645.34,2055.36,5377.493948
250,4,290.37,23329.54,29570.38,440.84,1682.27,4117.730197
250,4,429.23,29155.54,36433.08,724.89,1824.61,4728.046463
250,4,572.75,36660.29,44934.83,881.99,2014.22,5378.328909
250,4,433.41,28434.22,36295.36,1590.23,1843.11,4427.800515
250,4,524.62,33897.54,42227.63,1355.80,2069.82,4904.472133
250,4,550.66,37706.09,45999.73,974.27,2310.25,5009.121241
250,4,747.04,40988.63,52713.78,3471.76,2614.93,5638.465115
250,4,380.24,28574.53,35611.53,735.48,1910.29,4391.236439
250,4,474.56,33608.34,41988.84,1045.88,2245.74,5088.878863
250,4,450.92,32864.85,40451.68,752.70,2098.05,4736.069188
250,4,544.49,34685.90,43073.20,1204.28,2005.04,5177.978351
250,4,493.31,32180.09,39994.61,1278.53,2030.04,4505.952436
250,4,534.80,35887.56,43593.69,1356.39,2153.40,4196.327998
250,4,555.16,32780.97,40145.91,1337.10,1603.92,4423.931013
250,4,576.31,32464.94,40808.58,2519.39,1926.91,3897.349528
250,4,464.91,31591.14,39029.85,1029.44,1955.90,4453.376103
250,4,582.81,33809.93,42418.90,1787.86,2062.24,4758.872039
250,4,509.13,33086.57,41430.19,1363.73,2088.32,4891.575089
250,4,448.72,31260.63,38435.77,520.75,1932.93,4721.454022
250,4,536.82,35626.17,43781.29,798.38,2052.61,5304.136819
250,4,454.19,32922.12,40788.85,623.38,2058.04,5185.315703
250,4,655.23,38103.11,49005.62,2504.97,2472.40,5925.131109
250,4,460.64,30516.84,37974.38,654.21,1789.10,5014.223374
250,4,661.93,41402.22,51077.87,1690.41,2553.34,5431.898291
250,4,300.42,25112.96,30807.23,449.74,1611.80,3632.727036
250,4,583.26,35268.59,43206.68,847.23,1867.78,5223.089434
250,4,694.83,38016.90,47402.88,2496.18,1992.09,4897.716023
250,4,491.33,32196.53,38742.43,889.92,1865.01,3790.966549
250,4,336.02,25647.44,32441.76,427.25,1702.71,4664.360449
250,4,510.46,35741.99,44519.62,799.88,2239.26,5738.485084
275,4,441.56,27451.25,34889.27,1385.22,1751.33,4301.474307
275,4,567.10,35626.82,44351.08,1477.35,2178.87,5068.033678
275,4,611.94,35517.20,44889.03,2012.02,2177.73,5182.081141
275,4,452.94,32176.06,39086.36,1239.62,1900.50,3770.179200
275,4,639.41,39103.59,49710.31,2035.20,2356.84,6214.669870
275,4,450.29,31553.46,39511.58,1027.68,1930.00,5000.441487
275,4,558.14,36315.76,45111.86,1075.61,2176.31,5544.186414
275,4,466.22,29902.37,37937.39,878.74,1828.79,5327.493416
275,4,398.78,27911.99,35348.70,979.62,1814.11,4642.981648
275,4,490.41,31204.13,39743.98,1731.95,1891.20,4916.705303
275,4,470.83,32841.74,40157.45,775.35,1965.68,4574.686637
275,4,441.53,29094.07,36306.88,1381.96,1926.63,3904.223852
275,4,625.89,39630.34,48897.36,2023.92,2601.79,4641.310961
275,4,336.11,25333.49,32652.95,690.71,1845.21,4783.543184
275,4,312.13,23646.45,29761.32,571.21,1617.23,3926.429478
275,4,544.72,34869.26,43455.97,1354.60,2078.01,5154.098113
275,4,507.59,36564.37,44924.01,867.41,2269.73,5222.501311
275,4,481.92,33322.42,41258.62,1128.03,2221.09,4587.084022
275,4,734.76,44555.77,53598.11,1727.68,2500.86,4813.806690
275,4,361.67,25919.46,33036.71,618.92,1740.68,4757.650692
275,4,674.43,38296.07,48568.73,2329.72,2242.22,5700.708092
275,4,377.06,29183.82,36579.16,479.66,1913.03,5002.646777
275,4,577.51,36270.02,45213.85,2000.74,2148.86,4794.236660
275,4,454.18,30357.15,38223.29,1317.73,1913.10,4635.312271
275,4,396.50,29200.55,36285.33,539.07,1906.84,4638.861703
275,4,525.48,32637.64,41187.81,1583.91,2006.93,4959.327471
275,4,542.01,36082.45,44384.08,1137.27,2259.37,4904.981497
275,4,444.04,28837.58,36745.28,1314.20,1681.83,4911.674386
275,4,586.88,37577.86,45888.03,1205.12,2090.56,5014.481500
275,4,696.93,39982.19,50647.65,2644.52,2496.18,5524.754161
275,4,380.37,29821.76,36852.03,512.23,2005.52,4512.528409
275,4,635.01,35123.50,45021.50,2489.40,2228.05,5180.546516
275,4,414.36,28424.19,36075.63,760.86,1882.43,5008.158173
275,4,669.82,38493.10,48691.33,2561.28,2441.30,5195.658754
275,4,418.60,29331.90,37380.53,718.94,1878.01,5451.681049
275,4,343.14,25433.54,31377.49,654.21,1687.93,3601.815401
275,4,790.83,45177.04,54851.58,1802.15,2433.63,5438.750337
275,4,355.64,29347.55,36154.92,695.11,2107.74,4004.512073
275,4,423.42,28754.79,36158.14,1158.92,1807.06,4437.359692
275,4,461.64,29969.18,37515.55,1500.73,1819.36,4226.282047
275,4,510.82,32250.19,40387.44,1548.47,1935.22,4653.557621
275,4,478.21,29289.66,37118.76,2172.45,1901.04,3755.610070
275,4,513.26,35631.92,44208.85,463.16,2068.95,6044.810716
275,4,522.25,31805.30,40484.71,1958.08,2211.98,4509.351104
275,4,324.73,24703.38,30691.20,744.37,1586.67,3656.773173
275,4,409.45,31268.04,39037.12,492.65,1895.31,5381.127755
275,4,417.22,29566.69,36056.63,860.93,1828.89,3800.123805
275,4,543.30,35026.80,44090.43,1542.06,2141.77,5379.799959
275,4,787.99,46300.49,56522.93,2090.01,2673.69,5458.746293
275,4,304.80,23075.98,29203.06,441.11,1602.41,4083.550007
275,4,485.91,33835.94,41487.01,988.25,2115.44,4547.371494
275,4,450.86,31041.83,38918.82,1221.44,1984.59,4670.965264
275,4,673.25,39688.69,48850.01,2041.72,2341.58,4778.018280
275,4,513.60,35503.02,43532.41,1170.80,2128.72,4729.869620
275,4,493.79,31611.58,39647.02,1216.06,2022.80,4796.583697
275,4,381.33,30721.11,37786.33,524.00,2113.63,4427.589581
275,4,678.93,37257.52,47617.11,2535.31,1998.74,5825.537289
275,4,631.80,39901.84,48439.54,1170.45,2171.94,5195.307784
275,4,456.38,31806.84,39285.41,968.31,2019.18,4491.080673
275,4,542.50,36123.00,43477.52,938.71,1977.17,4438.645285
275,4,436.66,29962.83,38371.95,901.75,1978.11,5529.264261
275,4,683.14,34518.44,45610.68,3672.06,2147.88,5272.293978
275,4,616.70,35074.38,44322.46,2571.82,2213.39,4462.868014
275,4,645.81,37072.13,46602.01,2133.19,2199.90,5196.788400
275,4,596.70,36756.78,45942.19,1858.95,2113.46,5213.001107
275,4,373.55,30525.70,37754.85,614.93,2147.96,4466.264472
275,4,584.68,35625.79,44057.40,1228.12,2109.96,5093.531651
275,4,582.86,37252.82,46545.60,1727.08,2208.35,5357.350428
275,4,450.08,33632.15,40964.60,522.71,2057.75,4751.981081
275,4,498.53,34313.41,42965.58,909.85,2197.81,5544.519376
275,4,318.89,23849.56,30426.64,637.79,1771.80,4167.490333
275,4,439.76,29997.05,37333.40,749.82,1805.68,4780.855536
275,4,570.82,37155.69,45339.89,790.19,2069.73,5324.285623
275,4,484.17,29344.36,37959.76,2217.06,1917.68,4480.664179
275,4,554.01,33963.02,42651.61,1688.60,2133.96,4866.029929
275,4,631.15,38485.00,48273.71,1986.05,2557.17,5245.481690
275,4,810.03,43397.95,55645.60,3880.53,2618.65,5748.469556
275,4,385.49,29783.65,36708.64,620.27,1910.80,4393.915697
275,4,468.84,34187.80,42501.47,977.70,2260.77,5075.193034
275,4,556.30,35048.96,44782.26,2170.11,2358.80,5204.388947
275,4,587.77,35584.93,45112.67,2105.24,2082.34,5340.165192
275,4,579.82,34350.81,43658.26,2433.97,2111.57,4761.903402
275,4,641.31,37618.58,46803.37,2402.01,2346.68,4436.101957
275,4,596.64,34025.55,42111.47,1925.15,1576.20,4584.568160
275,4,602.23,32967.81,41729.17,2896.07,1967.22,3898.069631
275,4,552.13,33416.52,42483.13,2288.99,2117.56,4660.060854
275,4,630.19,35837.08,45022.55,2161.24,2161.82,4862.405851
275,4,493.08,34189.27,41787.37,841.05,2039.54,4717.518314
275,4,451.58,32552.97,39862.43,644.85,1915.69,4748.921204
275,4,542.03,35721.05,44461.51,1229.73,2175.75,5334.975488
275,4,472.67,34183.89,42047.02,555.32,2136.33,5171.486888
275,4,636.57,39479.10,49222.24,1633.03,2350.35,5759.773700
275,4,428.68,30588.01,38262.70,737.40,1963.43,4973.851890
275,4,628.55,42820.14,51523.29,1049.99,2467.44,5185.711200
275,4,364.21,26532.51,33195.84,1177.04,1800.35,3685.943001
275,4,608.91,36091.55,45166.10,1598.77,2014.76,5461.020042
275,4,678.97,38197.45,47023.18,2101.60,1965.86,4758.274876
275,4,554.94,34035.56,41101.84,1275.50,1866.28,3924.497243
275,4,333.12,26200.13,33262.32,476.37,1847.17,4738.656510
275,4,583.15,37791.63,47132.39,1231.29,2233.41,5876.064771
300,4,444.45,28781.78,36051.34,1217.34,1705.92,4346.293023
300,4,542.29,35655.49,43957.74,1273.68,2107.63,4920.940355
300,4,630.51,36578.39,45976.79,2161.77,2177.30,5059.327033
300,4,528.68,33393.24,41603.99,2120.46,2092.83,3997.466317
300,4,671.33,40445.18,50992.60,1924.76,2420.70,6201.970182
300,4,477.49,33352.06,41246.36,927.95,1972.46,4993.881434
300,4,614.96,38186.07,48181.49,2034.75,2241.05,5719.617024
300,4,508.66,31244.00,39784.15,1219.20,1892.95,5427.993803
300,4,405.23,29012.49,36119.83,793.46,1748.03,4565.853659
300,4,497.24,31753.16,40073.88,1436.17,2003.35,4881.193771
300,4,497.08,33675.28,40955.38,762.43,1940.24,4577.423160
300,4,425.17,29945.92,36653.77,1038.62,1913.69,3755.530770
300,4,526.04,39037.25,46952.99,1269.95,2410.63,4235.159046
300,4,331.21,26126.97,33092.02,438.63,1807.90,4718.516838
300,4,337.47,25412.65,31542.12,437.64,1758.10,3933.731425
300,4,599.02,35096.60,45003.63,2334.45,2237.14,5335.437864
300,4,552.26,37249.06,46280.96,1353.93,2309.58,5368.386599
300,4,533.41,34348.55,43339.10,1875.32,2338.23,4777.002488
300,4,853.21,46639.39,57922.81,3492.50,2640.45,5150.464431
300,4,363.08,26947.86,33687.23,391.50,1679.72,4668.147033
300,4,714.03,39395.54,50491.58,2965.83,2307.28,5822.932240
300,4,416.82,30209.81,38205.48,822.00,2056.28,5117.384221
300,4,596.05,36825.23,45760.62,1919.20,2150.22,4865.971139
300,4,502.16,30629.86,39487.60,2136.20,1991.87,4729.669551
300,4,380.16,29382.44,36355.39,593.81,1892.45,4486.688302
300,4,510.99,33923.08,41999.17,1181.57,1982.81,4911.706344
300,4,589.23,36693.52,45943.36,1860.98,2362.46,5026.401716
300,4,432.93,28539.36,35976.32,959.61,1733.56,4743.780455
300,4,613.87,38604.04,47148.48,1352.09,2197.78,4994.570808
300,4,793.53,43077.81,54354.40,2979.89,2576.91,5719.791969
300,4,391.90,30189.81,37453.00,679.37,2026.79,4557.027367
300,4,587.83,35827.01,44804.63,1971.07,1966.33,5040.212773
300,4,461.47,28697.14,37322.25,1580.90,1920.28,5123.933612
300,4,639.18,39914.85,49401.76,2031.08,2329.71,5126.115255
300,4,444.85,30268.85,38633.12,1032.50,1922.33,5409.438089
300,4,349.00,26545.94,32708.12,676.71,1738.65,3746.818074
300,4,836.59,47318.31,57969.36,2510.39,2496.57,5644.083628
300,4,361.77,29041.27,35759.25,700.11,2105.66,3912.210902
300,4,392.79,28561.46,35349.72,737.80,1828.85,4221.609598
300,4,501.09,31086.87,39125.44,1761.74,1864.83,4411.997121
300,4,501.67,32085.34,40135.81,1409.08,1973.16,4668.231567
300,4,568.41,30108.09,39573.27,3484.48,2108.22,3872.471490
300,4,544.49,36564.23,45295.19,675.40,2106.45,5949.111277
300,4,465.86,32360.24,40031.73,1351.10,2001.54,4318.857138
300,4,341.60,25264.78,31342.05,785.41,1651.90,3639.966614
300,4,399.48,31797.48,39797.43,504.14,2088.05,5407.756855
300,4,469.74,30695.89,37888.13,1401.56,1917.37,3873.313509
300,4,541.52,35750.50,44357.24,1288.81,2085.33,5232.593755
300,4,869.57,47911.17,59924.99,3519.03,2792.55,5702.234798
300,4,293.07,22988.90,29209.23,458.28,1694.57,4067.482097
300,4,547.18,35661.38,44762.21,1881.74,2298.32,4920.776928
300,4,437.54,31430.44,38967.98,885.23,1989.85,4662.465765
300,4,754.66,41116.16,51402.04,2703.22,2554.70,5027.961293
300,4,515.20,37192.93,44986.52,1025.40,2038.49,4729.707469
300,4,504.84,32250.60,41026.99,1760.11,2044.57,4971.717921
300,4,425.39,32077.33,39584.54,830.44,2178.37,4498.395001
300,4,650.71,37693.57,47517.96,2194.46,1970.71,5659.217976
300,4,677.10,41716.28,50609.40,1420.81,2188.87,5283.441601
300,4,451.97,32469.14,39669.49,756.18,2016.60,4427.568507
300,4,562.55,35447.29,43599.43,1608.63,2027.43,4516.087276
300,4,412.14,29652.76,37587.79,607.43,1886.98,5440.612496
300,4,700.25,35739.70,46336.37,3226.47,2123.34,5246.852011
300,4,652.80,35401.32,45285.92,3066.64,2315.36,4502.599027
300,4,716.42,37935.57,48563.43,2940.81,2335.73,5351.317462
300,4,629.81,37694.15,46918.62,1866.45,2215.68,5142.337534
300,4,371.40,31201.63,38404.95,767.00,2013.04,4423.272042
300,4,656.01,37875.09,47431.75,2154.77,2053.01,5348.879791
300,4,606.68,38100.40,47392.96,1581.75,2373.16,5337.650327
300,4,433.50,34110.48,41574.90,541.03,2218.55,4704.849426
300,4,508.59,33929.11,42484.52,942.66,2140.38,5472.378971
300,4,330.45,24809.77,31102.91,444.42,1735.27,4113.449512
300,4,506.79,31185.10,39980.46,1732.70,2036.29,5026.377689
300,4,679.36,39542.28,49398.87,1850.61,2304.25,5701.738537
300,4,527.44,30562.43,39923.07,2733.65,1988.40,4638.593905
300,4,629.15,36320.32,45750.85,2004.87,2331.26,5094.406291
300,4,667.61,40333.48,50716.60,2481.86,2545.51,5355.742665
300,4,812.70,44513.48,56627.37,3754.99,2587.60,5771.298471
300,4,411.18,30712.11,37959.83,786.97,1983.18,4477.567264
300,4,564.48,36640.57,46483.02,2059.91,2443.27,5339.279178
300,4,609.29,36549.27,46434.85,2093.72,2466.97,5324.888277
300,4,548.68,36276.41,44507.69,1003.39,2071.29,5156.605932
300,4,566.39,34653.49,43853.24,2375.86,2079.54,4744.356087
300,4,681.03,38852.65,48341.27,2429.31,2490.32,4568.986505
300,4,677.26,34590.01,43890.79,2780.77,1773.10,4746.903060
300,4,641.83,34807.89,43969.06,3219.26,1926.74,4015.172598
300,4,608.89,34761.89,44592.89,2791.37,2165.04,4874.581651
300,4,688.75,37470.98,47578.81,2706.35,2289.36,5112.121628
300,4,543.54,35377.65,43758.13,1323.80,2117.89,4938.795292
300,4,479.10,33575.89,41104.03,741.60,1971.80,4814.731786
300,4,567.13,37789.35,46474.55,1103.22,2185.18,5396.803928
300,4,495.79,35790.37,44129.27,869.78,2163.63,5305.489538
300,4,740.54,41860.05,53334.61,2688.82,2605.86,6179.881158
300,4,498.13,33117.51,41394.99,1122.93,2001.70,5152.842458
300,4,682.21,44490.55,53960.84,1400.99,2591.62,5477.683829
300,4,451.87,27587.81,36098.24,2562.15,1976.08,3972.198672
300,4,634.37,36426.52,45854.26,1808.74,2109.43,5509.572626
300,4,770.70,39614.14,50478.00,3700.22,2100.05,5063.585342
300,4,639.37,34668.02,43350.44,2511.06,2002.16,4169.200626
300,4,349.92,26867.61,33882.10,449.50,1882.62,4682.382165
300,4,521.78,37451.31,45956.17,571.87,2223.94,5709.059555
325,4,450.97,29626.02,36556.87,930.70,1734.70,4265.454258
325,4,634.48,38162.15,47779.20,2085.77,2284.07,5247.215871
325,4,697.09,37655.10,48419.94,3042.49,2365.56,5356.801221
325,4,484.44,33456.86,40432.63,1229.15,1961.69,3784.930567
325,4,677.53,41566.55,52141.80,2022.99,2412.36,6139.903768
325,4,566.92,34276.68,44270.12,2352.37,2215.87,5425.206641
325,4,657.27,38873.52,49878.62,2762.56,2348.98,5893.555567
325,4,462.14,31925.32,39358.29,499.22,1740.80,5192.952130
325,4,378.49,28874.40,35596.42,420.96,1809.48,4491.580456
325,4,579.92,32308.57,42805.21,3129.73,2184.00,5182.912340
325,4,526.69,34664.72,42219.38,888.90,1987.84,4677.919189
325,4,528.11,30813.94,39718.05,2726.27,2109.32,4068.520119
325,4,579.69,41085.33,49361.21,1302.21,2488.57,4485.106623
325,4,346.88,27541.20,34598.02,452.56,1871.19,4733.069046
325,4,346.08,24982.63,31772.34,1057.43,1709.25,4023.030352
325,4,611.45,36827.91,46611.81,2164.55,2190.02,5429.328653
325,4,572.85,38482.59,47682.82,1471.89,2311.87,5416.465573
325,4,553.20,35397.89,44441.30,1943.41,2340.54,4759.460704
325,4,831.73,48174.03,58372.34,2637.92,2534.88,5025.510527
325,4,380.85,27238.40,34642.93,781.42,1809.68,4813.427532
325,4,720.46,40187.61,50732.99,2510.01,2350.90,5684.467210
325,4,405.16,30859.52,38533.78,524.34,2066.35,5083.580297
325,4,635.50,38139.71,47564.07,2237.23,2197.82,4989.320803
325,4,516.85,31442.09,40352.06,2121.71,2003.12,4785.141457
325,4,414.84,31353.72,38496.83,552.98,1993.12,4597.015105
325,4,502.29,33363.45,41175.55,1055.48,1933.49,4823.126975
325,4,634.63,38485.71,48106.10,2031.55,2417.31,5171.531063
325,4,495.30,30160.65,38767.33,1646.76,1879.19,5080.725209
325,4,707.15,40333.69,50975.59,2846.64,2323.55,5471.701603
325,4,760.96,44207.43,55003.96,2653.24,2468.96,5674.333345
325,4,389.31,30685.32,37921.46,699.79,1979.71,4556.640454
325,4,699.42,37837.50,48602.44,3160.28,2228.97,5375.693942
325,4,418.71,29605.68,36969.21,615.12,1824.02,4924.394761
325,4,721.50,40617.03,51699.20,3256.04,2421.96,5404.160720
325,4,443.06,31491.50,39167.76,400.77,1863.14,5412.354434
325,4,389.74,27325.94,33936.75,966.31,1788.84,3855.658664
325,4,877.32,48381.84,59617.55,2956.74,2498.34,5780.630097
325,4,378.80,30913.48,37861.84,709.22,2208.19,4030.950868
325,4,471.16,30310.32,38407.98,1650.53,1869.27,4577.861904
325,4,607.50,32222.91,41863.12,2727.72,2227.89,4684.593676
325,4,510.25,33031.13,41185.13,1554.73,1944.19,4655.082363
325,4,555.72,31117.43,39931.56,2927.05,2007.71,3879.362427
325,4,597.72,37911.34,47746.61,1400.14,2250.12,6185.006069
325,4,507.97,32897.00,41448.09,2056.22,2093.51,4401.357489
325,4,410.06,27246.83,34641.29,1685.47,1740.57,3968.420782
325,4,414.88,32440.55,40575.60,536.94,2136.76,5461.353463
325,4,532.87,31848.15,40441.47,2281.59,2083.22,4228.497009
325,4,593.96,36863.37,46112.98,1589.46,2242.71,5417.446971
325,4,902.31,50014.06,61948.14,3384.56,2781.12,5768.400158
325,4,303.41,23277.60,29444.63,448.68,1606.49,4111.856690
325,4,593.48,36735.61,46220.13,2190.35,2354.03,4940.133553
325,4,441.32,32226.26,39778.78,1018.48,1866.14,4667.907606
325,4,751.35,42044.29,52500.39,3002.64,2400.32,5053.136811
325,4,585.76,39217.37,47841.78,1447.67,2302.05,4874.692216
325,4,500.68,32593.53,40951.08,1575.07,2008.43,4774.041353
325,4,428.38,32535.95,39645.99,640.48,2071.64,4397.925733
325,4,774.38,39460.83,51615.08,3768.57,2150.66,6235.015084
325,4,705.93,42572.60,52429.57,2159.68,2207.42,5489.867541
325,4,476.37,33461.31,41126.36,1054.76,2054.78,4555.507193
325,4,606.82,38177.54,46872.97,1909.69,2046.03,4739.722663
325,4,428.54,32091.31,39981.27,411.10,1954.87,5523.995351
325,4,706.11,36517.31,47069.83,3193.76,2162.47,5196.285571
325,4,707.75,37047.79,47580.32,3521.40,2378.54,4632.587384
325,4,710.33,38605.12,49668.11,3240.57,2304.61,5517.818206
325,4,690.60,38436.50,49023.55,2958.33,2348.80,5279.921704
325,4,375.17,32123.29,39405.31,628.13,2155.03,4498.857652
325,4,680.53,39161.61,49013.79,2370.38,2124.37,5357.430648
325,4,595.25,39103.23,48429.51,1721.46,2251.11,5353.708041
325,4,451.12,34538.94,42164.61,652.58,2217.47,4755.624616
325,4,548.28,35921.86,45349.51,1488.83,2237.89,5700.936206
325,4,304.97,24600.55,31079.96,649.43,1731.91,4098.068095
325,4,497.27,32588.64,40705.22,1243.40,1919.27,4953.909080
325,4,678.16,40356.89,49678.16,1457.57,2269.78,5593.921985
325,4,549.62,31405.46,40904.60,2790.76,2074.86,4633.507949
325,4,630.17,36790.38,46604.96,2339.46,2252.32,5222.809679
325,4,691.92,41315.55,51318.20,2141.09,2505.58,5355.982552
325,4,929.31,46090.68,59480.01,4627.22,2763.88,5998.232384
325,4,486.58,31618.11,40068.31,1691.61,2081.82,4676.766817
325,4,585.19,37244.97,47556.07,2262.21,2567.92,5480.983012
325,4,598.70,37837.29,47209.28,1798.27,2385.47,5188.255280
325,4,597.97,36973.05,46526.57,2062.99,2143.94,5346.582468
325,4,609.98,34829.13,44712.80,2805.73,2279.95,4797.989291
325,4,661.93,39205.08,48332.96,2215.46,2422.09,4490.330576
325,4,651.46,35836.70,44425.32,2251.33,1658.86,4678.432580
325,4,637.58,35953.45,44658.66,2861.95,1938.85,3904.415826
325,4,622.17,35556.77,45325.54,2630.59,2303.80,4834.374853
325,4,680.87,37964.61,47384.20,2207.99,2198.38,5013.212767
325,4,535.63,35672.56,44291.37,1652.54,2041.30,4924.962379
325,4,569.92,35368.98,44742.42,2155.36,2050.36,5167.707707
325,4,600.94,38790.91,47709.59,1292.46,2179.72,5446.493055
325,4,569.40,36701.08,46172.49,1633.18,2319.33,5518.903505
325,4,811.67,43988.06,56283.64,3213.26,2743.95,6338.372440
325,4,521.14,33779.97,42663.77,1553.75,2072.89,5257.164343
325,4,896.83,47590.02,59746.23,3110.48,3025.60,6020.121132
325,4,397.20,28292.94,35235.39,1374.71,1827.53,3740.211920
325,4,654.76,38000.07,47616.39,1971.89,2058.92,5585.510235
325,4,796.70,41458.36,51985.35,3348.73,2096.75,5081.501134
325,4,658.57,36034.99,44886.58,2674.26,2006.74,4170.585715
325,4,374.24,27495.68,34729.01,667.83,1869.83,4695.664533
325,4,597.86,39523.44,49145.99,1276.76,2451.82,5893.963950
350,4,478.54,30907.42,38351.81,1194.44,1810.47,4439.482217
350,4,686.07,38782.55,49388.74,2816.94,2414.51,5374.738623
350,4,668.37,38754.30,48587.39,2364.71,2232.55,5235.831594
350,4,556.45,34541.92,42642.17,2019.35,2152.60,3928.296214
350,4,639.84,42664.36,52643.22,1571.72,2287.76,6119.379640
350,4,523.16,35743.92,44157.97,1159.78,2086.72,5167.557443
350,4,615.85,39939.77,50041.65,2007.97,2295.97,5797.935568
350,4,558.31,32614.58,42420.38,2070.02,2062.83,5672.951368
350,4,456.25,29561.71,37796.56,1666.44,1841.53,4726.887838
350,4,588.79,34193.50,43840.65,2296.68,2142.75,5207.722923
350,4,496.37,34437.79,41717.62,792.93,1934.99,4551.897349
350,4,492.11,31983.21,39721.08,1781.28,2002.24,3954.346827
350,4,644.57,43389.44,52455.53,1938.68,2495.77,4631.636114
350,4,369.12,27712.38,34945.49,484.75,1959.86,4788.500820
350,4,361.05,26351.42,33202.84,1086.82,1701.22,4063.387042
350,4,652.31,38207.51,48222.11,2209.63,2316.61,5488.358507
350,4,562.59,39521.19,48495.89,1136.10,2433.24,5405.362774
350,4,595.90,37384.91,47167.46,2369.95,2443.34,4969.258183
350,4,939.72,50126.39,62525.64,4254.48,2830.06,5314.703177
350,4,385.74,27703.27,34954.81,726.92,1783.71,4740.902713
350,4,777.67,42259.12,53718.94,3150.78,2356.47,5952.569861
350,4,423.80,32014.54,39818.33,624.68,2093.89,5085.209697
350,4,704.76,39634.11,50127.00,2900.63,2437.51,5154.754446
350,4,586.19,32525.79,42530.63,2808.37,2217.28,4979.189825
350,4,467.89,31702.56,39919.22,1416.20,2053.72,4746.742802
350,4,566.04,34870.03,44127.95,2094.46,2073.25,5090.216089
350,4,719.20,38940.21,50370.86,3419.90,2628.72,5382.024700
350,4,532.65,30999.42,40211.17,2086.60,1969.63,5155.524105
350,4,699.56,41028.94,50634.63,1861.63,2401.58,5342.480461
350,4,779.20,44722.85,55605.47,2799.57,2498.41,5584.633443
350,4,402.75,31556.34,38688.64,547.79,2060.22,4524.287638
350,4,708.32,37569.06,48193.57,3072.57,2218.25,5333.688580
350,4,467.74,31433.23,39458.70,865.13,1925.63,5234.711855
350,4,782.11,43243.23,54774.26,3418.22,2545.09,5567.717400
350,4,449.32,32140.23,40162.90,766.80,1892.56,5363.317342
350,4,361.78,27352.05,33276.52,426.15,1763.52,3734.808506
350,4,883.29,49839.41,60393.87,2376.26,2497.74,5680.457574
350,4,397.65,31080.29,37939.24,780.57,2100.07,3978.319142
350,4,462.83,31961.25,39789.73,1367.08,1891.53,4569.868915
350,4,564.38,33030.19,42173.66,2496.77,2080.71,4565.992164
350,4,574.92,34542.04,43808.59,2302.11,2043.77,4920.673298
350,4,594.70,32851.28,42238.27,3319.00,2006.53,4061.452486
350,4,623.70,39031.66,48615.31,1119.89,2235.54,6228.234321
350,4,561.82,34318.29,43506.62,2292.67,2277.87,4617.775337
350,4,387.99,26697.11,34091.42,1770.17,1803.16,3820.984442
350,4,446.83,33411.88,41647.01,629.06,2159.38,5446.686276
350,4,498.47,32106.28,39592.08,1531.57,1963.99,3990.243647
350,4,601.80,38499.43,47598.64,1434.41,2219.96,5444.844263
350,4,998.83,51601.52,65052.31,4399.15,2973.42,6078.214233
350,4,304.95,25083.15,31371.07,434.33,1721.21,4132.391975
350,4,589.69,37002.01,46368.00,2135.36,2305.62,4925.014777
350,4,471.07,33241.80,40971.03,1020.37,2010.39,4698.474550
350,4,757.81,43557.66,53461.95,2415.46,2502.53,4986.303904
350,4,630.01,39617.72,49014.47,1949.50,2401.18,5046.063903
350,4,577.42,34271.21,43627.03,2160.15,2172.69,5022.984385
350,4,447.59,34092.86,41277.21,712.27,2106.21,4365.870598
350,4,811.24,40194.98,52342.21,3760.40,2196.49,6190.336904
350,4,728.17,43273.17,52566.25,1574.65,2311.17,5407.256568
350,4,526.68,33666.68,42449.85,1949.74,2137.77,4695.663769
350,4,690.63,39174.91,48688.34,2411.35,2218.23,4883.854229
350,4,455.91,31728.69,39952.96,775.90,1919.39,5528.966982
350,4,694.65,37282.32,47568.92,3008.64,2069.83,5208.130392
350,4,690.39,37884.87,47646.29,2865.09,2292.40,4603.933682
350,4,686.89,39613.14,49363.68,2249.20,2262.16,5239.179142
350,4,691.80,39603.23,49955.47,2677.00,2358.57,5316.678314
350,4,369.24,31137.36,38525.30,668.85,2250.71,4468.387562
350,4,663.96,39454.63,48928.81,2132.84,2100.87,5240.468590
350,4,736.68,41275.79,52825.99,3224.15,2545.73,5780.320399
350,4,492.14,36331.66,44364.31,905.16,2265.16,4862.322582
350,4,568.87,36980.55,46484.49,1580.83,2205.33,5717.779108
350,4,310.39,24854.22,31279.24,475.73,1767.59,4181.694302
350,4,486.90,33052.08,41078.45,1096.95,1969.63,4959.795104
350,4,754.38,42337.35,52900.39,2400.28,2276.08,5886.677994
350,4,550.54,32816.20,41902.87,2491.71,1964.26,4630.710772
350,4,709.49,38131.32,48834.18,2813.59,2500.78,5388.487035
350,4,772.28,42801.96,54362.44,3239.38,2641.32,5679.782777
350,4,933.00,47062.19,60698.16,4843.85,2791.99,6000.129445
350,4,471.68,32128.19,40521.44,1626.89,2070.02,4696.329613
350,4,650.17,38908.26,50128.71,2823.03,2680.27,5717.146737
350,4,640.64,38949.97,48592.07,1790.41,2514.54,5337.147393
350,4,720.64,38512.98,49468.21,2884.96,2385.73,5684.537776
350,4,615.23,36898.05,46126.75,2191.08,2261.22,4776.406470
350,4,724.84,41527.66,51365.41,2626.52,2561.31,4649.920291
350,4,691.14,36558.13,45857.63,2787.11,1759.43,4752.974879
350,4,682.23,35940.91,45292.71,3164.35,2098.30,4089.146743
350,4,595.24,35618.02,45223.03,2595.19,2221.76,4788.055372
350,4,686.00,38585.70,47926.00,2177.31,2156.64,5006.352681
350,4,634.29,38147.78,48104.70,2420.03,2275.57,5261.332872
350,4,602.02,35483.44,45038.22,2218.90,2184.23,5151.651353
350,4,585.11,38873.86,47461.40,1044.08,2222.38,5321.087240
350,4,559.03,36777.52,45629.59,1202.04,2286.52,5363.517458
350,4,845.67,45095.20,57352.89,3173.87,2767.37,6316.456126
350,4,592.27,34097.05,44318.45,2546.65,2296.07,5378.680834
350,4,874.63,49812.41,61560.28,2860.74,2914.42,5972.702772
350,4,432.39,28994.42,36395.65,1749.80,1869.67,3781.752982
350,4,724.47,38923.64,49679.30,2797.82,2178.60,5779.232379
350,4,810.39,42371.95,53205.47,3526.05,2174.14,5133.340091
350,4,669.95,36652.47,45739.81,2862.57,2026.11,4198.656669
350,4,360.25,28139.12,35051.69,434.63,1818.75,4659.195235
350,4,619.65,40751.52,50445.34,1356.54,2412.85,5924.436738
375,4,456.15,31423.24,38008.82,609.22,1638.91,4337.445474
375,4,728.25,39859.74,51295.88,3383.34,2486.81,5565.987741
375,4,791.81,40476.63,51997.53,3426.87,2573.08,5520.954544
375,4,633.62,36001.45,45023.30,2606.38,2288.95,4126.525066
375,4,751.24,43532.29,55182.37,2706.30,2528.28,6415.494949
375,4,531.24,35980.01,44694.62,1436.77,2121.99,5155.836340
375,4,656.40,40464.43,50383.35,1797.21,2360.18,5761.530136
375,4,528.47,32948.11,41943.26,1493.25,1972.44,5529.457060
375,4,465.34,31324.69,39140.50,1100.32,1918.05,4797.440845
375,4,676.08,35482.14,46455.31,3223.03,2359.71,5390.424768
375,4,591.94,36652.44,45316.87,1754.15,2130.15,4780.135646
375,4,495.89,32294.33,39965.19,1717.09,2029.42,3924.363502
375,4,692.47,44491.14,53653.72,1869.27,2602.89,4690.423317
375,4,382.79,28280.88,35911.77,784.63,1964.22,4882.041454
375,4,340.71,26378.90,32519.97,570.73,1669.18,3901.164349
375,4,699.64,38731.51,49838.76,3189.50,2314.69,5603.058312
375,4,538.61,39869.31,48119.32,676.71,2294.18,5279.118071
375,4,602.27,38052.28,47396.54,1947.82,2533.08,4863.359338
375,4,1011.19,51468.34,63233.57,3589.17,2824.22,5351.846923
375,4,391.38,29345.88,36621.97,582.61,1846.89,4846.594058
375,4,818.32,43665.37,55879.17,3693.08,2452.93,6067.793954
375,4,458.75,32604.27,40704.21,801.64,2169.54,5128.760443
375,4,723.35,40181.16,50365.70,2539.77,2482.21,5162.558667
375,4,605.44,34072.09,44196.83,2894.57,2209.94,5020.243270
375,4,502.51,33484.32,42261.37,1740.79,2138.80,4897.451065
375,4,615.29,35263.62,45865.66,3142.21,2213.91,5245.921860
375,4,717.74,40300.91,51392.71,3209.29,2560.11,5322.394566
375,4,494.03,31843.90,40013.50,1434.80,1863.98,4870.810010
375,4,789.25,43415.24,54097.87,2544.64,2475.83,5662.158904
375,4,862.36,45796.09,57809.67,3383.56,2737.24,5892.774092
375,4,428.80,31936.37,39635.63,997.81,2131.10,4570.346433
375,4,742.59,39170.48,50590.46,3650.51,2299.42,5470.045169
375,4,453.32,31198.05,38990.50,875.92,1822.66,5093.867686
375,4,846.97,44348.69,56697.08,4008.18,2695.73,5644.478378
375,4,470.89,32741.75,41210.93,1046.74,1971.41,5451.022099
375,4,402.91,28088.53,34827.24,1105.74,1784.01,3848.970765
375,4,1024.54,51228.41,63513.61,3622.10,2694.13,5968.985359
375,4,445.46,32849.70,40707.42,1243.54,2314.89,4299.287366
375,4,495.94,31791.60,40139.37,1755.06,1991.92,4600.795735
375,4,607.77,32782.78,42782.62,3124.81,2182.96,4692.060695
375,4,649.39,35039.73,45648.35,3276.99,2264.56,5067.057453
375,4,567.46,33692.97,41934.54,2315.37,1997.38,3928.817848
375,4,652.43,40364.44,51009.73,1890.69,2275.70,6478.894124
375,4,645.23,36065.02,46403.26,3048.65,2430.28,4859.300126
375,4,431.74,27871.99,35633.79,1857.15,1956.30,3948.354956
375,4,481.90,34299.29,43208.63,1102.41,2197.73,5609.208945
375,4,550.61,33208.02,41684.16,2194.19,2098.26,4183.695547
375,4,631.06,38858.32,48852.16,2102.17,2268.69,5622.973743
375,4,1023.03,53430.90,66338.83,3921.76,2947.29,6038.887394
375,4,326.05,25044.80,31512.82,675.18,1669.83,4122.998140
375,4,583.75,36962.06,46297.27,2108.42,2360.54,4866.249173
375,4,510.75,34542.21,43059.02,1588.96,2036.05,4891.796422
375,4,766.38,44441.46,54560.62,2623.46,2448.39,5047.304464
375,4,620.88,41170.43,49969.78,1586.69,2266.21,4946.457370
375,4,551.93,34776.17,43758.29,1839.61,2171.61,4970.894930
375,4,472.38,34493.52,42205.51,1098.24,2129.46,4484.290176
375,4,793.07,41614.04,53034.32,3220.65,2081.65,6117.985072
375,4,826.75,45765.23,56829.65,2859.00,2381.26,5824.157263
375,4,503.23,34827.76,42481.83,1120.60,2041.87,4491.597125
375,4,704.89,40390.76,49671.27,2188.05,2225.77,4866.691303
375,4,534.04,32553.32,42090.47,1559.86,2171.04,5806.241565
375,4,742.05,39047.13,50251.32,3666.63,2163.04,5374.518504
375,4,758.89,39109.72,49928.74,3618.29,2444.62,4756.108283
375,4,726.72,40498.43,50934.45,2762.71,2242.53,5430.789922
375,4,784.37,41815.84,53046.79,3233.81,2432.30,5564.830608
375,4,388.31,32329.94,39663.56,658.56,2268.81,4406.243980
375,4,712.25,40687.22,50896.82,2585.91,2153.72,5469.961977
375,4,695.32,41798.39,52520.42,2661.42,2474.40,5586.214897
375,4,469.12,36005.79,43756.64,697.02,2269.27,4784.562458
375,4,599.66,37501.82,47386.71,1796.51,2322.04,5766.335811
375,4,326.30,25412.29,32076.55,623.51,1871.85,4168.902179
375,4,572.97,34358.79,43605.04,2016.31,2094.12,5135.832176
375,4,863.35,44160.07,56276.05,3397.18,2545.81,6172.984022
375,4,652.27,33384.68,45014.01,4320.29,2251.14,5057.895540
375,4,708.94,39487.07,50300.89,2980.31,2368.06,5465.447337
375,4,822.24,43526.34,55671.96,3571.91,2857.38,5716.323136
375,4,959.58,48359.64,62005.56,4852.72,2770.77,6022.435266
375,4,514.95,33725.19,42209.53,1561.25,2112.56,4810.521539
375,4,589.68,39096.26,48570.49,1560.67,2523.39,5390.179802
375,4,664.33,39652.53,50440.27,2790.10,2509.45,5488.186517
375,4,695.37,39056.19,49501.95,2652.77,2261.74,5531.249052
375,4,658.56,38049.45,47850.62,2620.35,2239.81,4941.007755
375,4,798.91,43052.89,53384.42,2842.21,2723.65,4765.669701
375,4,751.68,37984.99,47863.68,3135.34,1834.07,4909.279264
375,4,773.98,37756.95,48598.47,4300.88,2319.43,4221.210289
375,4,681.14,37036.34,47900.27,3482.84,2392.08,4989.004699
375,4,723.63,40153.92,49744.77,2276.33,2294.80,5019.705219
375,4,607.27,38005.19,46912.07,1642.52,2217.28,5047.067993
375,4,561.49,35982.33,44638.39,1541.50,2099.84,5014.725303
375,4,682.14,41150.98,51386.00,2167.03,2339.17,5728.812149
375,4,630.89,37838.08,47813.03,1984.73,2383.77,5606.456632
375,4,866.42,46537.26,59269.95,3487.74,2766.72,6478.221381
375,4,574.42,34805.37,44266.71,1912.87,2213.63,5334.834840
375,4,777.05,48237.01,59003.03,2393.56,2689.94,5682.518138
375,4,443.07,29226.68,36990.37,1973.69,1878.95,3911.048139
375,4,781.02,40367.37,51897.88,3238.87,2296.72,5994.925860
375,4,809.28,43061.93,53165.31,2949.93,2132.56,5020.883115
375,4,756.89,38680.18,47989.04,2867.66,2127.86,4313.353848
375,4,379.29,28569.38,35951.98,668.30,1991.62,4722.683406
375,4,667.44,41525.69,52104.10,1984.53,2493.37,6100.504999
400,4,532.27,31477.47,39852.69,1981.52,1845.30,4548.409731
400,4,670.37,40234.63,49933.52,2152.13,2346.15,5200.610013
400,4,864.97,41562.98,54225.69,4215.84,2652.90,5793.972921
400,4,535.60,35424.26,42694.16,1338.23,2109.40,3822.265736
400,4,838.01,45140.75,58164.19,3720.31,2646.78,6656.352298
400,4,609.09,36511.33,46433.78,2249.00,2257.61,5415.849705
400,4,730.39,41686.08,53609.70,3371.75,2456.93,6094.940067
400,4,597.39,34585.19,44487.96,2182.73,1991.85,5728.187012
400,4,481.46,31243.73,39665.10,1697.31,1903.59,4820.476372
400,4,668.45,35882.63,46918.49,3364.92,2291.80,5379.138270
400,4,653.53,38524.26,47843.16,1961.16,2341.56,5016.179010
400,4,548.60,33226.67,41660.07,2380.87,2045.02,4007.506691
400,4,817.00,46966.10,57498.47,2640.77,2918.70,4972.896523
400,4,368.69,29268.70,36489.69,463.47,1938.37,4819.151498
400,4,370.70,27120.42,33830.56,935.46,1766.45,4008.222531
400,4,639.72,38625.16,49055.02,2748.52,2245.87,5435.467724
400,4,621.55,41113.90,50563.39,1506.79,2371.87,5570.820956
400,4,713.31,40314.15,51430.96,3030.18,2807.32,5279.314152
400,4,1014.64,52892.11,65036.62,3909.84,2795.03,5439.650305
400,4,403.94,28931.36,36232.53,752.26,1781.70,4767.221439
400,4,823.33,44608.79,56386.76,3357.24,2401.72,6019.013235
400,4,444.88,33161.53,41338.84,917.18,2111.64,5148.491233
400,4,726.23,40762.47,51240.39,2935.63,2416.57,5125.718410
400,4,592.41,34765.14,44526.04,2588.41,2194.20,4978.287738
400,4,506.04,33729.76,41976.47,1234.46,2180.97,4831.286494
400,4,585.14,36173.64,45240.03,1959.39,2111.82,4995.183767
400,4,773.82,42063.69,53281.62,3095.78,2622.81,5499.335711
400,4,565.59,32668.19,42049.36,2106.42,2036.92,5237.831584
400,4,726.96,43283.30,53052.86,1985.55,2365.25,5418.764841
400,4,920.33,47509.94,60023.89,3703.55,2735.65,6074.746009
400,4,430.81,32606.17,40111.49,874.75,2108.30,4522.267146
400,4,723.93,39470.99,50347.39,3367.03,2182.16,5327.204906
400,4,510.75,32124.96,40735.08,1222.90,2045.78,5341.432949
400,4,941.51,45697.63,59741.32,5258.00,2866.31,5919.381569
400,4,465.69,33439.09,41827.95,840.02,2041.38,5507.452806
400,4,375.79,28147.12,34392.96,663.58,1801.71,3780.552207
400,4,1003.04,52896.36,65174.05,3625.37,2660.33,5991.988202
400,4,423.90,33142.04,40616.51,1100.51,2197.85,4176.114320
400,4,474.23,33042.57,40368.41,877.46,1971.23,4477.149662
400,4,607.66,34581.09,44032.94,2702.68,2067.83,4681.338618
400,4,602.90,35442.14,44759.58,2395.25,2124.09,4798.094993
400,4,646.55,33914.50,43946.42,3815.48,2144.58,4071.863191
400,4,649.76,40350.38,50348.25,1479.72,2248.05,6270.105266
400,4,629.97,36288.51,46156.18,2778.68,2354.24,4734.744786
400,4,392.23,27824.98,34369.68,1016.63,1747.77,3780.303327
400,4,437.50,33866.78,41936.25,509.48,2193.77,5366.226649
400,4,571.02,34101.18,42812.72,2397.49,2128.50,4185.545023
400,4,746.68,40679.68,52705.01,3654.74,2477.19,5893.407022
400,4,1096.37,54401.39,67602.69,3993.55,3137.68,6070.075068
400,4,336.11,25325.72,31402.85,398.71,1596.69,4081.735982
400,4,554.48,38053.92,46438.36,1390.81,2245.06,4748.563315
400,4,531.12,34687.53,43574.10,1749.18,2156.84,4980.549894
400,4,876.29,46534.46,57990.08,3588.46,2583.14,5284.012065
400,4,684.90,42126.84,52020.17,2322.53,2406.45,5164.353378
400,4,654.76,36583.77,47150.40,3004.21,2313.44,5248.977391
400,4,448.83,34822.47,42054.80,619.66,2187.71,4424.968540
400,4,882.87,42712.43,55821.69,4530.40,2227.65,6351.214501
400,4,876.68,46177.15,58078.08,3482.97,2506.53,5911.423404
400,4,575.32,36387.80,45447.24,2053.95,2168.94,4836.538751
400,4,638.81,40460.49,48987.67,1738.59,2068.15,4720.440121
400,4,521.40,32843.71,42347.13,1668.40,2079.76,5755.256848
400,4,725.70,39902.27,50700.82,3402.80,2117.00,5278.740482
400,4,794.83,40267.59,51481.53,3921.96,2448.13,4843.856712
400,4,775.88,42010.03,52931.29,3026.09,2390.76,5504.405829
400,4,794.78,42576.41,54110.78,3519.76,2470.24,5544.363264
400,4,413.77,33927.89,41459.88,795.14,2247.68,4489.172278
400,4,768.79,41593.95,52621.32,3131.95,2299.65,5595.771966
400,4,705.12,42518.14,53803.11,3103.00,2420.41,5761.560170
400,4,512.46,37496.77,45637.12,1014.37,2279.28,4846.701421
400,4,622.39,38357.19,49000.00,2395.11,2396.58,5851.115776
400,4,329.01,26821.70,33201.58,482.36,1789.99,4107.538486
400,4,590.98,35246.17,44517.53,1936.97,2140.83,5193.557142
400,4,744.80,43290.58,53128.94,1771.25,2308.34,5758.772721
400,4,703.15,33146.48,45568.47,4877.17,2419.22,5125.596614
400,4,739.37,40137.48,50841.62,2829.22,2459.71,5415.207045
400,4,850.10,45274.47,57879.98,3872.72,2854.72,5878.078352
400,4,922.05,48657.26,61787.46,4516.53,2663.33,5950.334136
400,4,588.78,34481.88,44257.80,2422.14,2342.64,5011.142623
400,4,615.18,40429.38,50585.78,2046.01,2570.07,5540.325304
400,4,623.01,40322.67,49759.20,1789.01,2375.43,5272.087101
400,4,718.00,40584.34,52104.58,3443.75,2336.39,5740.100107
400,4,757.67,39317.28,50722.20,3801.94,2453.16,5149.814814
400,4,846.87,44714.79,56032.29,3693.89,2748.35,4875.272469
400,4,754.11,38533.58,48225.58,3009.77,1829.53,4852.690896
400,4,717.86,38181.60,47901.79,3548.07,2036.38,4135.744443
400,4,740.08,38552.21,50300.15,4120.43,2482.53,5144.974114
400,4,818.44,41579.72,52623.06,3237.23,2454.03,5352.074218
400,4,664.76,39126.90,49540.38,2815.13,2335.26,5263.089076
400,4,585.65,37178.66,46104.94,1734.47,2043.64,5148.168796
400,4,695.49,41380.41,51729.35,2234.66,2375.55,5738.734390
400,4,637.35,39434.20,49325.86,1786.11,2445.85,5659.698614
400,4,891.79,47059.09,60395.69,4015.80,2834.93,6485.877614
400,4,610.80,36476.09,46356.10,2137.51,2211.17,5531.336102
400,4,847.70,50393.93,61293.92,2261.37,2823.22,5815.400843
400,4,438.84,29069.10,36756.24,1846.87,1939.26,3901.010556
400,4,750.93,41090.90,52093.99,2839.21,2270.46,5893.417078
400,4,783.66,44381.08,53887.03,2453.34,2112.89,4939.718767
400,4,777.96,39085.99,49220.89,3486.08,2260.75,4388.067319
400,4,373.53,28382.61,35616.55,667.07,1902.74,4664.123291
400,4,693.87,42309.91,53083.53,2234.23,2481.74,6057.644842
