400,1,226.32,12234.07,15012.86,979.71,663.20,1135.882957
400,1,328.11,17643.79,21008.38,1035.43,569.98,1759.186992
400,1,393.73,18309.42,22352.48,1200.53,918.93,1923.599124
400,1,236.83,12357.04,14617.86,585.33,616.19,1059.315126
400,1,238.89,14148.77,16764.65,322.91,848.21,1444.764556
400,1,411.14,21279.65,25147.32,1205.17,588.42,2074.088884
400,1,325.91,16296.01,19919.28,938.97,846.88,1837.424781
400,1,321.30,18473.89,21973.15,944.72,624.39,1930.143149
400,1,214.18,12089.03,14608.56,543.89,734.45,1241.186332
400,1,237.00,13140.84,16309.01,945.95,719.57,1502.639373
400,1,325.15,15653.09,18634.21,797.66,519.80,1663.657511
400,1,284.83,14808.55,17359.97,672.46,621.96,1257.005581
400,1,241.02,12404.26,15660.32,981.86,605.20,1668.999457
400,1,357.65,17995.72,21613.76,1025.02,586.94,2006.083885
400,1,262.85,12784.28,15475.37,984.84,534.13,1172.123448
400,1,460.17,22967.29,26825.93,1040.50,633.47,2184.662179
400,1,436.15,21622.03,25265.45,560.94,1032.15,2050.329137
400,1,335.87,16309.68,19426.46,595.24,423.55,2097.987698
400,1,337.51,17138.87,20792.25,1241.91,603.94,1807.526644
400,1,333.17,17872.18,21691.55,1148.44,661.34,2009.596173
400,1,362.70,19607.64,23373.99,1065.68,735.08,1965.586740
400,1,215.03,12648.34,15663.58,825.43,588.74,1601.073163
400,1,367.53,17780.99,21082.79,769.05,754.89,1777.864842
400,1,362.97,20050.04,23826.11,1158.14,611.83,2006.110236
400,1,392.50,19641.81,23141.86,788.42,686.87,2024.763043
400,1,264.10,13305.36,15504.37,461.05,657.32,1080.628942
400,1,344.07,18225.54,21994.68,924.74,972.38,1872.013817
400,1,352.38,17261.11,20662.69,884.06,502.68,2014.837620
400,1,299.59,14422.46,17223.74,686.80,798.90,1315.582974
400,1,294.84,14441.34,18053.42,1173.64,580.49,1857.949371
400,1,358.70,18279.89,22151.31,1134.64,731.18,2005.600970
400,1,183.80,12020.05,13931.52,193.13,758.77,959.567969
400,1,384.27,18832.07,22508.13,801.03,868.34,2006.693695
400,1,228.15,12553.44,14911.45,389.81,715.87,1252.326952
400,1,309.09,18039.83,21362.84,695.09,1062.37,1565.557420
400,1,229.14,12699.91,15163.62,808.38,568.79,1086.528621
400,1,326.42,15414.82,18641.45,692.89,569.60,1964.140091
400,1,273.45,15596.06,18647.81,930.07,673.01,1448.669149
400,1,362.16,19718.22,23151.70,1256.06,593.18,1584.236131
400,1,384.61,18883.76,22602.96,1202.76,764.10,1752.337875
400,1,298.74,15071.53,18331.48,1059.21,653.99,1546.749432
400,1,188.45,10577.62,12849.87,586.98,718.76,966.514382
400,1,405.76,21754.70,25507.74,950.76,947.90,1854.379705
400,1,201.70,10951.20,13199.52,545.68,675.18,1027.457162
400,1,197.09,11071.03,13687.27,903.17,557.23,1155.837072
400,1,318.11,16020.10,20033.43,1321.75,782.57,1909.009079
400,1,266.67,13584.15,16902.49,1242.44,801.91,1274.001821
400,1,422.98,21058.75,24391.50,368.12,1042.64,1921.996784
400,1,327.51,17194.61,20186.57,463.94,960.59,1567.434910
400,1,200.61,10290.50,13156.69,1033.89,664.99,1167.305474
400,1,342.63,17733.98,21244.95,936.38,845.82,1728.772940
400,1,385.02,19100.06,22456.62,1052.97,638.76,1664.829212
400,1,202.91,12877.19,15147.76,541.93,687.52,1041.111024
400,1,298.54,15325.20,19467.21,1336.68,726.64,2078.687254
400,1,213.73,12838.55,16309.67,789.20,801.54,1880.377259
400,1,263.23,15561.70,18724.82,976.63,672.06,1514.427698
400,1,382.56,20848.22,24693.46,1083.17,660.63,2101.442088
400,1,421.43,21803.67,25232.31,838.72,602.53,1987.391932
400,1,280.07,13803.01,16994.54,1102.69,506.20,1582.639017
400,1,183.14,10087.77,12532.91,835.90,608.65,1000.585052
400,1,314.71,16824.32,20539.70,1127.64,870.79,1716.941776
400,1,294.37,14728.98,18219.36,1352.95,603.81,1533.612730
400,1,281.70,15464.58,18153.13,705.65,581.00,1401.892943
400,1,295.31,14867.05,17457.71,525.43,754.47,1310.763381
400,1,318.11,17246.58,20835.58,1085.03,616.93,1887.041780
400,1,306.39,16505.75,20029.40,997.31,900.60,1625.744605
400,1,386.23,18429.60,22179.32,900.18,890.98,1958.554409
400,1,349.01,17356.15,21059.71,839.93,962.26,1901.365081
400,1,185.65,9703.35,12146.87,862.79,561.43,1019.304200
400,1,317.67,16073.77,20184.50,1161.06,952.16,1997.515367
400,1,314.56,16837.33,19177.10,350.60,414.69,1574.474241
400,1,240.10,13092.50,15656.70,820.21,579.76,1164.236156
400,1,333.65,15657.65,19613.36,1317.19,857.78,1780.735423
400,1,196.58,10756.66,13299.59,761.05,578.85,1203.034765
400,1,173.55,9764.65,12165.80,722.27,654.49,1024.401643
400,1,365.92,19208.47,22529.02,648.68,651.99,2019.881093
400,1,328.13,17905.39,21700.42,1041.00,880.04,1873.984135
400,1,339.52,16569.45,20072.98,1113.00,583.32,1807.224551
400,1,256.87,14298.28,16914.30,494.46,816.91,1304.647290
400,1,289.16,14814.34,18475.87,1225.89,607.03,1828.617740
400,1,291.65,15649.95,19163.96,1293.30,699.69,1521.003409
400,1,233.67,11788.70,14855.21,1149.58,567.93,1349.013168
400,1,190.34,11337.66,13369.78,467.50,570.00,994.622904
400,1,280.53,15133.68,17953.37,797.74,605.51,1416.449605
400,1,267.46,13333.77,16242.95,1117.81,602.86,1188.516118
400,1,385.22,19493.99,23199.65,986.30,695.99,2023.359556
400,1,302.36,16906.15,20208.24,1091.53,656.91,1553.652190
400,1,262.35,14522.05,17362.58,910.91,502.58,1427.057038
400,1,364.08,18208.60,21759.93,749.05,1029.93,1772.352985
400,1,260.31,13196.62,16782.41,1194.97,752.08,1638.733712
400,1,285.09,16288.25,19889.71,1090.98,837.93,1672.544618
400,1,353.47,20638.96,24134.39,1057.52,574.15,1863.757841
400,1,255.69,15087.86,18002.20,871.41,746.74,1296.185071
400,1,301.11,15035.30,18315.36,1115.58,783.78,1380.696520
400,1,229.06,11365.31,14006.87,1036.13,487.98,1117.447594
400,1,354.44,19379.99,23013.29,1118.95,748.65,1765.700290
400,1,244.41,13846.84,16246.76,707.59,571.98,1120.346278
400,1,236.93,12852.31,15763.78,1114.64,559.53,1237.301621
400,1,390.16,19485.44,23312.68,1166.55,660.17,2000.521660
400,1,415.82,21735.14,25533.50,877.99,885.17,2035.201974
400,2,443.67,25126.65,30968.57,1842.47,1303.52,2695.933155
400,2,241.68,17560.96,21784.08,685.39,1174.12,2363.614355
400,2,477.44,26519.26,32568.68,1676.19,1383.24,2989.976620
400,2,290.60,17316.31,22027.93,1431.06,1073.94,2206.623203
400,2,337.50,22534.58,27789.57,867.85,1350.66,3036.488593
400,2,289.16,20436.43,24896.05,669.09,1145.70,2644.837214
400,2,605.70,35127.94,41791.82,1797.99,1484.84,3381.050257
400,2,358.49,22587.66,28143.67,1273.03,1332.91,2950.082616
400,2,312.33,19910.72,24651.86,1025.95,1102.57,2612.621666
400,2,418.89,24006.44,30204.84,1879.92,1227.70,3090.775855
400,2,247.87,15365.28,19590.46,949.15,980.11,2295.918957
400,2,266.32,15959.72,20079.05,1015.51,863.21,2240.623276
400,2,293.72,19261.04,23307.90,654.83,957.83,2434.196730
400,2,268.91,19755.04,23785.78,479.08,1238.88,2312.791302
400,2,308.45,18034.76,23107.39,1745.87,1276.00,2050.761166
400,2,397.17,25446.39,30881.80,1306.91,1360.16,2768.337447
400,2,466.78,26927.49,33135.35,1246.25,1492.27,3469.336628
400,2,330.53,20683.02,25027.09,665.93,1128.56,2549.575265
400,2,352.85,21082.52,26009.59,1170.76,1165.35,2590.962282
400,2,581.15,30176.61,37049.47,2020.17,1307.14,3545.558095
400,2,400.73,25390.70,30909.30,1260.11,1219.37,3039.124321
400,2,418.29,24480.39,29886.63,1209.74,1294.17,2902.339551
400,2,268.21,18587.58,23042.72,793.53,1085.90,2575.704910
400,2,504.77,29690.03,35544.77,1595.78,1362.72,2896.243278
400,2,351.62,22803.17,27536.02,1038.42,1089.54,2604.884452
400,2,235.68,18504.62,22265.68,454.29,1294.01,2012.763942
400,2,547.27,30814.24,36997.10,1615.32,1245.48,3322.054651
400,2,374.80,22385.30,27346.06,1095.73,1240.78,2624.248955
400,2,303.14,21373.75,25909.90,786.90,1213.53,2535.706039
400,2,325.16,19727.33,24784.83,1290.92,1190.85,2575.730499
400,2,308.53,20348.62,25191.70,891.55,1155.97,2795.558876
400,2,393.81,23164.92,27877.41,957.03,1152.81,2602.650582
400,2,477.31,26157.38,32388.34,1597.04,1400.81,3233.113043
400,2,383.84,21620.81,27404.99,1665.15,1359.00,2760.036245
400,2,567.15,30670.68,37211.25,1739.19,1458.06,3343.317037
400,2,393.28,21867.57,26940.32,1601.41,1262.85,2208.487544
400,2,297.32,19572.35,24339.03,958.10,1211.25,2597.329163
400,2,409.10,21998.06,27440.80,1517.20,1116.15,2809.387386
400,2,439.77,24799.87,29742.88,1253.31,1210.98,2478.731127
400,2,432.53,25044.92,29872.95,1269.08,1069.77,2489.178364
400,2,309.15,19368.12,24366.77,1296.03,1219.24,2483.384225
400,2,418.46,21858.51,26901.81,1777.22,921.11,2344.972834
400,2,366.38,23282.75,29072.59,1125.03,1305.21,3359.598394
400,2,351.76,22201.82,26873.30,1055.43,1242.77,2373.284597
400,2,294.65,17665.42,22131.20,1121.34,1017.72,2326.721542
400,2,557.24,28999.14,35776.16,1853.56,1613.42,3310.038965
400,2,319.71,18354.18,22852.55,1132.87,1058.79,2306.710635
400,2,471.60,27147.77,33347.69,1373.62,1402.77,3423.529433
400,2,569.89,33193.40,39851.85,1931.86,1509.23,3217.359577
400,2,372.84,23283.23,27896.07,1298.67,1026.17,2288.000354
400,2,473.72,25600.58,31044.15,1070.39,1394.14,2979.036385
400,2,267.45,17690.90,21965.03,813.14,1012.21,2448.780733
400,2,408.73,22610.14,27554.29,1322.35,1065.59,2556.202887
400,2,457.07,26744.60,31807.29,800.45,1156.04,3106.191762
400,2,460.16,25991.50,31638.80,1149.81,1152.90,3344.586752
400,2,415.86,23613.89,28763.42,1255.56,966.31,2927.665673
400,2,371.44,23930.68,29212.65,1104.97,1241.23,2935.773619
400,2,487.18,28252.14,34086.17,1389.84,1461.31,2982.886292
400,2,325.55,20423.09,25111.94,1190.17,1217.64,2281.044935
400,2,534.26,27549.69,33505.76,1673.77,1489.61,2792.692389
400,2,344.98,21821.26,27464.06,1300.16,1354.58,2988.057775
400,2,330.84,20275.84,25303.07,1501.21,1232.58,2293.438766
400,2,450.85,24844.47,29796.87,1524.67,1223.06,2204.681871
400,2,347.11,20640.01,25821.43,1229.06,1228.82,2723.542938
400,2,337.53,21688.07,26782.57,1279.34,1273.10,2542.069257
400,2,431.23,22833.73,28799.66,1923.61,1176.21,2866.110255
400,2,469.07,28086.72,33324.86,982.57,1236.62,3018.939038
400,2,432.77,28231.91,34092.14,1171.28,1392.10,3296.841282
400,2,258.82,18787.71,22743.61,868.09,1130.29,1957.521076
400,2,512.46,29201.27,35800.41,1655.55,1362.90,3580.684110
400,2,355.50,21630.48,26115.82,1065.82,1196.95,2222.573290
400,2,201.15,16059.16,19643.82,328.14,1015.68,2240.843694
400,2,536.65,31484.52,37683.96,1352.21,1515.17,3332.070771
400,2,389.83,21522.87,27026.27,1892.36,1232.70,2378.335495
400,2,283.60,18169.44,22517.93,1003.55,1051.56,2293.371677
400,2,381.77,23288.14,28437.58,1304.03,1060.48,2784.932343
400,2,655.40,33710.33,40124.42,1517.72,1408.82,3487.541944
400,2,468.21,24830.31,30024.32,1321.99,1295.37,2576.644891
400,2,349.28,23647.10,28942.19,1208.60,1321.08,2765.404773
400,2,384.34,24288.91,29119.75,940.50,1134.40,2755.933679
400,2,469.06,25847.52,32162.15,2183.75,1388.09,2742.792565
400,2,288.36,17198.86,21969.04,1280.08,939.88,2550.213962
400,2,337.78,19200.42,23568.35,1021.16,1083.18,2263.586387
400,2,477.99,24407.46,30667.10,2180.50,1405.51,2673.627416
400,2,364.87,20180.46,25000.07,1414.07,1019.62,2385.913807
400,2,466.37,24809.94,30481.21,1572.41,1335.92,2762.930245
400,2,475.39,28290.57,33683.51,1423.74,1224.22,2744.984412
400,2,450.80,23828.61,28969.75,1384.43,1279.80,2476.922237
400,2,404.80,24412.33,29711.83,1002.36,1078.11,3219.032220
400,2,504.49,25000.72,31155.94,1693.88,1507.86,2953.483752
400,2,610.36,33195.07,39886.04,2027.73,1356.58,3306.663138
400,2,474.86,28765.64,34832.21,1270.90,1431.54,3364.135303
400,2,225.01,17183.55,21036.99,502.49,1049.47,2301.488585
400,2,412.09,24744.42,30147.44,1251.72,1337.40,2813.897410
400,2,237.42,15383.17,19206.67,1001.50,919.52,1902.482674
400,2,540.08,29551.09,35587.88,1325.15,1382.57,3329.062123
400,2,303.91,20756.36,24801.36,700.83,1094.21,2249.954362
400,2,302.70,16742.40,21459.31,1715.25,1034.40,1967.264997
400,2,416.31,24118.75,29798.75,1569.79,1193.16,2917.056898
400,2,501.51,27723.62,34662.52,1724.25,1382.33,3832.313056
400,3,458.09,28564.80,35839.83,2075.45,1672.59,3526.986384
400,3,541.25,31566.23,39502.17,2136.32,1772.81,4026.807159
400,3,739.68,37254.08,46832.21,3132.89,1858.01,4587.230569
400,3,351.40,23087.91,28485.96,1161.09,1391.43,2845.533244
400,3,607.80,34758.49,43998.04,2193.38,2196.18,4849.992611
400,3,715.06,34450.66,43978.54,3015.66,1861.86,4650.356274
400,3,823.56,41275.52,51797.36,3255.46,2188.55,5077.826894
400,3,519.72,31507.92,39544.66,1970.56,1800.00,4266.171326
400,3,457.13,26808.29,34085.42,1654.19,1649.29,3973.652128
400,3,481.08,26273.05,34279.23,2266.55,1490.36,4249.268632
400,3,644.12,35572.00,43444.45,2221.09,1984.91,3666.454251
400,3,285.47,20093.42,25675.23,1353.09,1294.50,2934.221518
400,3,433.73,27443.40,33954.35,1560.89,1660.83,3289.233089
400,3,545.75,33376.09,41316.04,1767.67,2034.01,4138.266130
400,3,204.05,18472.28,23106.39,459.89,1415.77,2758.455194
400,3,701.64,39119.54,47958.21,2478.38,1854.41,4505.890102
400,3,501.69,34248.43,41496.68,742.32,1875.52,4630.411426
400,3,476.50,28567.72,36265.18,2366.28,1685.27,3645.908045
400,3,345.98,24271.67,29685.19,783.33,1402.90,3227.287234
400,3,732.35,38833.70,48586.88,2704.68,2372.91,4675.587617
400,3,652.41,35707.85,44825.67,2483.29,1994.12,4640.400385
400,3,667.97,37684.24,46310.62,2313.25,1970.68,4342.442335
400,3,722.82,38489.16,46916.46,1968.21,2106.96,4352.123282
400,3,494.47,27824.59,35043.73,1569.21,1762.58,3887.353011
400,3,568.55,34325.51,42020.28,1710.24,1952.75,4031.773477
400,3,704.55,37413.93,46499.24,3075.72,2041.41,3968.175898
400,3,661.66,35180.12,44269.14,2978.92,1777.13,4332.975141
400,3,471.28,32918.56,39831.42,1151.19,2038.30,3723.370473
400,3,572.72,35373.03,43091.87,1697.90,1930.37,4090.566547
400,3,561.20,30129.64,38636.07,2695.57,1647.19,4163.663998
400,3,342.71,26226.64,32013.68,550.21,1685.90,3550.920103
400,3,567.80,31181.50,39536.79,2460.35,1703.11,4191.832439
400,3,758.91,38372.22,47941.22,3306.81,1705.84,4556.348458
400,3,564.14,32826.12,40918.85,2250.55,1726.79,4115.399819
400,3,611.13,36472.69,44803.28,2063.97,1912.65,4353.971177
400,3,574.08,29698.15,37151.66,2613.51,1733.44,3106.549603
400,3,335.00,25995.46,31732.84,437.10,1637.75,3662.544138
400,3,522.89,31124.02,38099.46,1918.70,1501.55,3555.185547
400,3,402.26,26341.97,32573.29,1049.65,1421.74,3759.921011
400,3,552.00,29867.97,37243.66,2275.60,1526.77,3573.322441
400,3,355.36,21748.48,27947.57,1424.54,1356.96,3417.583106
400,3,319.32,23055.49,28182.71,847.78,1437.09,2842.349692
400,3,433.68,28136.11,36390.60,1524.67,1823.97,4905.841589
400,3,558.17,31434.94,39586.27,2915.58,1826.17,3409.588294
400,3,361.15,23833.38,30118.27,1598.83,1564.09,3121.974662
400,3,744.14,36926.48,47094.90,2899.64,2358.84,4909.936042
400,3,456.57,27297.12,33752.11,1644.91,1686.21,3123.866535
400,3,466.23,27685.12,35474.32,1972.89,1577.92,4238.387534
400,3,394.42,26896.56,33451.52,1180.61,1681.00,3693.356718
400,3,305.79,22865.59,28161.10,838.73,1509.39,2947.388812
400,3,622.51,33479.42,41755.23,2723.60,1720.49,3831.709249
400,3,799.54,42138.67,51807.82,3265.55,2127.65,4275.951365
400,3,315.07,24356.95,29772.34,520.21,1450.37,3444.815305
400,3,417.80,25232.51,32674.99,1902.85,1498.47,4041.159444
400,3,594.69,32969.38,41592.04,2223.80,1777.19,4621.663122
400,3,686.29,34566.42,43767.78,3085.81,1931.65,4183.901610
400,3,367.98,27048.04,33484.29,598.58,1634.71,4202.961686
400,3,562.17,31470.15,40086.20,2440.53,1806.05,4369.463413
400,3,764.03,38171.84,47802.31,3500.68,2055.49,4074.299745
400,3,582.63,31748.49,40065.86,2584.93,1781.38,3951.053915
400,3,340.47,26525.65,32727.40,496.80,1582.30,4122.647043
400,3,607.72,34664.74,42759.27,2419.04,1635.64,4039.855561
400,3,413.50,26101.00,32477.07,1504.79,1673.14,3198.143752
400,3,506.23,29792.05,37539.59,2107.20,1844.30,3796.041805
400,3,732.47,36536.10,45031.64,2422.65,1829.97,4242.931351
400,3,715.92,39191.57,47976.56,2421.24,2027.39,4336.347741
400,3,586.96,32860.76,41509.61,2575.95,1914.56,4158.339043
400,3,687.29,37445.42,46044.33,2181.85,1610.60,4806.465350
400,3,552.32,31531.65,39408.31,2195.80,1864.87,3815.984395
400,3,617.13,35220.78,44318.09,2218.03,1885.16,4994.122886
400,3,308.55,21484.37,27041.00,947.64,1399.88,3209.114768
400,3,535.70,30776.92,38686.91,2103.01,1807.25,3999.732739
400,3,932.73,46382.58,56850.52,3345.05,2152.20,4970.698636
400,3,526.60,29191.16,36973.56,2165.07,1888.82,3728.515078
400,3,478.71,29126.41,36393.71,1746.54,1789.64,3731.129133
400,3,524.89,31410.14,38886.74,1571.79,1870.88,4033.927142
400,3,470.64,30912.37,37554.01,911.44,1592.21,4137.991906
400,3,607.78,33969.19,42369.43,2367.03,1683.41,4349.804011
400,3,464.80,32658.90,39905.86,1118.49,1937.84,4190.628999
400,3,732.66,38934.34,48241.95,3207.36,1913.36,4186.890239
400,3,498.57,27023.39,35364.35,2497.53,1640.27,4203.154307
400,3,623.30,35801.48,43890.90,2146.55,2046.49,3896.383874
400,3,561.48,28760.10,36599.03,2949.24,1592.07,3297.631990
400,3,555.04,29955.46,37439.62,2292.81,1448.37,3742.980129
400,3,403.91,22879.95,28422.51,1342.94,1215.63,2983.992222
400,3,611.20,35310.17,43273.25,2179.33,1944.83,3838.923929
400,3,441.04,27297.79,33973.90,1722.26,1577.54,3376.309307
400,3,511.93,29613.84,37747.74,2522.36,1714.28,3897.249950
400,3,478.24,25709.38,34734.34,2664.36,1809.89,4550.706796
400,3,673.09,35672.78,44787.74,2647.60,1889.97,4577.391211
400,3,701.03,37671.73,47309.73,2649.36,2124.47,4864.171279
400,3,529.45,32050.52,40177.61,1652.31,1795.31,4679.478177
400,3,507.24,30141.30,37217.46,1507.59,1606.91,3961.657825
400,3,601.33,31593.85,40423.93,2534.78,1869.72,4425.567769
400,3,458.96,26769.63,33213.51,1773.55,1658.81,3011.521042
400,3,737.30,37642.27,47956.81,3368.60,1904.32,5041.624499
400,3,563.24,29325.79,37015.32,2253.11,1404.27,4032.142547
400,3,293.42,21424.79,26675.70,950.07,1444.20,2856.632444
400,3,533.79,30812.88,38523.50,1797.14,1650.88,4262.604298
400,3,487.12,28540.40,36818.72,1750.48,1712.30,4815.542799
400,4,532.27,31477.47,39852.69,1981.52,1845.30,4548.409731
400,4,670.37,40234.63,49933.52,2152.13,2346.15,5200.610013
400,4,864.97,41562.98,54225.69,4215.84,2652.90,5793.972921
400,4,535.60,35424.26,42694.16,1338.23,2109.40,3822.265736
400,4,838.01,45140.75,58164.19,3720.31,2646.78,6656.352298
400,4,609.09,36511.33,46433.78,2249.00,2257.61,5415.849705
400,4,730.39,41686.08,53609.70,3371.75,2456.93,6094.940067
400,4,597.39,34585.19,44487.96,2182.73,1991.85,5728.187012
400,4,481.46,31243.73,39665.10,1697.31,1903.59,4820.476372
400,4,668.45,35882.63,46918.49,3364.92,2291.80,5379.138270
400,4,653.53,38524.26,47843.16,1961.16,2341.56,5016.179010
400,4,548.60,33226.67,41660.07,2380.87,2045.02,4007.506691
400,4,817.00,46966.10,57498.47,2640.77,2918.70,4972.896523
400,4,368.69,29268.70,36489.69,463.47,1938.37,4819.151498
400,4,370.70,27120.42,33830.56,935.46,1766.45,4008.222531
400,4,639.72,38625.16,49055.02,2748.52,2245.87,5435.467724
400,4,621.55,41113.90,50563.39,1506.79,2371.87,5570.820956
400,4,713.31,40314.15,51430.96,3030.18,2807.32,5279.314152
400,4,1014.64,52892.11,65036.62,3909.84,2795.03,5439.650305
400,4,403.94,28931.36,36232.53,752.26,1781.70,4767.221439
400,4,823.33,44608.79,56386.76,3357.24,2401.72,6019.013235
400,4,444.88,33161.53,41338.84,917.18,2111.64,5148.491233
400,4,726.23,40762.47,51240.39,2935.63,2416.57,5125.718410
400,4,592.41,34765.14,44526.04,2588.41,2194.20,4978.287738
400,4,506.04,33729.76,41976.47,1234.46,2180.97,4831.286494
400,4,585.14,36173.64,45240.03,1959.39,2111.82,4995.183767
400,4,773.82,42063.69,53281.62,3095.78,2622.81,5499.335711
400,4,565.59,32668.19,42049.36,2106.42,2036.92,5237.831584
400,4,726.96,43283.30,53052.86,1985.55,2365.25,5418.764841
400,4,920.33,47509.94,60023.89,3703.55,2735.65,6074.746009
400,4,430.81,32606.17,40111.49,874.75,2108.30,4522.267146
400,4,723.93,39470.99,50347.39,3367.03,2182.16,5327.204906
400,4,510.75,32124.96,40735.08,1222.90,2045.78,5341.432949
400,4,941.51,45697.63,59741.32,5258.00,2866.31,5919.381569
400,4,465.69,33439.09,41827.95,840.02,2041.38,5507.452806
400,4,375.79,28147.12,34392.96,663.58,1801.71,3780.552207
400,4,1003.04,52896.36,65174.05,3625.37,2660.33,5991.988202
400,4,423.90,33142.04,40616.51,1100.51,2197.85,4176.114320
400,4,474.23,33042.57,40368.41,877.46,1971.23,4477.149662
400,4,607.66,34581.09,44032.94,2702.68,2067.83,4681.338618
400,4,602.90,35442.14,44759.58,2395.25,2124.09,4798.094993
400,4,646.55,33914.50,43946.42,3815.48,2144.58,4071.863191
400,4,649.76,40350.38,50348.25,1479.72,2248.05,6270.105266
400,4,629.97,36288.51,46156.18,2778.68,2354.24,4734.744786
400,4,392.23,27824.98,34369.68,1016.63,1747.77,3780.303327
400,4,437.50,33866.78,41936.25,509.48,2193.77,5366.226649
400,4,571.02,34101.18,42812.72,2397.49,2128.50,4185.545023
400,4,746.68,40679.68,52705.01,3654.74,2477.19,5893.407022
400,4,1096.37,54401.39,67602.69,3993.55,3137.68,6070.075068
400,4,336.11,25325.72,31402.85,398.71,1596.69,4081.735982
400,4,554.48,38053.92,46438.36,1390.81,2245.06,4748.563315
400,4,531.12,34687.53,43574.10,1749.18,2156.84,4980.549894
400,4,876.29,46534.46,57990.08,3588.46,2583.14,5284.012065
400,4,684.90,42126.84,52020.17,2322.53,2406.45,5164.353378
400,4,654.76,36583.77,47150.40,3004.21,2313.44,5248.977391
400,4,448.83,34822.47,42054.80,619.66,2187.71,4424.968540
400,4,882.87,42712.43,55821.69,4530.40,2227.65,6351.214501
400,4,876.68,46177.15,58078.08,3482.97,2506.53,5911.423404
400,4,575.32,36387.80,45447.24,2053.95,2168.94,4836.538751
400,4,638.81,40460.49,48987.67,1738.59,2068.15,4720.440121
400,4,521.40,32843.71,42347.13,1668.40,2079.76,5755.256848
400,4,725.70,39902.27,50700.82,3402.80,2117.00,5278.740482
400,4,794.83,40267.59,51481.53,3921.96,2448.13,4843.856712
400,4,775.88,42010.03,52931.29,3026.09,2390.76,5504.405829
400,4,794.78,42576.41,54110.78,3519.76,2470.24,5544.363264
400,4,413.77,33927.89,41459.88,795.14,2247.68,4489.172278
400,4,768.79,41593.95,52621.32,3131.95,2299.65,5595.771966
400,4,705.12,42518.14,53803.11,3103.00,2420.41,5761.560170
400,4,512.46,37496.77,45637.12,1014.37,2279.28,4846.701421
400,4,622.39,38357.19,49000.00,2395.11,2396.58,5851.115776
400,4,329.01,26821.70,33201.58,482.36,1789.99,4107.538486
400,4,590.98,35246.17,44517.53,1936.97,2140.83,5193.557142
400,4,744.80,43290.58,53128.94,1771.25,2308.34,5758.772721
400,4,703.15,33146.48,45568.47,4877.17,2419.22,5125.596614
400,4,739.37,40137.48,50841.62,2829.22,2459.71,5415.207045
400,4,850.10,45274.47,57879.98,3872.72,2854.72,5878.078352
400,4,922.05,48657.26,61787.46,4516.53,2663.33,5950.334136
400,4,588.78,34481.88,44257.80,2422.14,2342.64,5011.142623
400,4,615.18,40429.38,50585.78,2046.01,2570.07,5540.325304
400,4,623.01,40322.67,49759.20,1789.01,2375.43,5272.087101
400,4,718.00,40584.34,52104.58,3443.75,2336.39,5740.100107
400,4,757.67,39317.28,50722.20,3801.94,2453.16,5149.814814
400,4,846.87,44714.79,56032.29,3693.89,2748.35,4875.272469
400,4,754.11,38533.58,48225.58,3009.77,1829.53,4852.690896
400,4,717.86,38181.60,47901.79,3548.07,2036.38,4135.744443
400,4,740.08,38552.21,50300.15,4120.43,2482.53,5144.974114
400,4,818.44,41579.72,52623.06,3237.23,2454.03,5352.074218
400,4,664.76,39126.90,49540.38,2815.13,2335.26,5263.089076
400,4,585.65,37178.66,46104.94,1734.47,2043.64,5148.168796
400,4,695.49,41380.41,51729.35,2234.66,2375.55,5738.734390
400,4,637.35,39434.20,49325.86,1786.11,2445.85,5659.698614
400,4,891.79,47059.09,60395.69,4015.80,2834.93,6485.877614
400,4,610.80,36476.09,46356.10,2137.51,2211.17,5531.336102
400,4,847.70,50393.93,61293.92,2261.37,2823.22,5815.400843
400,4,438.84,29069.10,36756.24,1846.87,1939.26,3901.010556
400,4,750.93,41090.90,52093.99,2839.21,2270.46,5893.417078
400,4,783.66,44381.08,53887.03,2453.34,2112.89,4939.718767
400,4,777.96,39085.99,49220.89,3486.08,2260.75,4388.067319
400,4,373.53,28382.61,35616.55,667.07,1902.74,4664.123291
400,4,693.87,42309.91,53083.53,2234.23,2481.74,6057.644842
400,5,1017.67,54203.10,68478.98,4276.75,3376.44,6622.699635
400,5,1123.75,57731.58,72837.53,4525.03,3204.90,7376.016874
400,5,657.62,43735.31,54041.46,1531.53,2700.12,6074.502482
400,5,405.67,30788.15,38001.91,680.00,2088.96,4444.799916
400,5,520.96,35076.45,45552.74,1219.87,2411.97,6844.444389
400,5,616.02,36417.35,48101.66,2734.80,2512.63,6436.882624
400,5,800.49,44483.76,57163.90,3042.10,2509.14,7128.904394
400,5,1019.22,54524.00,70567.80,5451.74,3346.11,7245.945000
400,5,658.84,43980.17,54982.20,2242.23,2683.05,6076.753451
400,5,491.56,38134.86,46877.42,582.95,2544.49,5615.111356
400,5,626.98,42381.21,52690.19,1693.91,2563.28,6051.793714
400,5,489.65,39119.04,47343.58,942.32,2465.11,4817.109811
400,5,579.42,39436.91,49362.41,1714.35,2690.01,5521.145192
400,5,506.86,37352.90,46321.41,485.26,2197.67,6285.590585
400,5,962.34,49270.21,64278.67,5396.12,3132.45,6479.891328
400,5,918.58,53519.01,66573.94,3205.56,3034.52,6814.854752
400,5,1069.99,54148.46,68112.74,3838.70,2618.50,7507.082242
400,5,429.17,33544.61,41914.05,545.91,2118.64,5704.894897
400,5,753.06,43355.95,55934.16,3485.44,2888.98,6203.786039
400,5,859.18,51550.39,63942.85,2671.25,3004.69,6716.525639
400,5,1033.71,55061.15,69474.80,3846.00,3257.95,7309.695950
400,5,624.17,42690.04,52636.11,1413.15,2539.62,5993.288052
400,5,551.79,37271.06,46770.78,1157.01,2236.47,6106.237361
400,5,698.59,43730.22,54323.28,2063.93,2590.69,5938.432056
400,5,715.69,42139.39,54116.65,2934.58,2730.33,6312.351114
400,5,625.88,42720.47,52520.96,1470.79,2552.14,5777.561256
400,5,485.78,36504.03,45581.64,839.42,2378.50,5859.695253
400,5,670.72,47847.11,58033.17,1020.80,2758.53,6406.733209
400,5,871.18,51484.69,63750.41,2536.16,3048.68,6680.871121
400,5,780.96,46233.02,58353.48,2788.39,2752.73,6579.336214
400,5,577.49,37388.44,47456.01,1984.52,2519.40,5563.648598
400,5,482.02,38675.98,47623.04,788.87,2571.84,5586.339851
400,5,878.45,50685.58,63371.98,3037.16,3113.08,6536.159937
400,5,498.07,34339.06,43460.76,877.77,2181.00,6062.926049
400,5,930.55,52623.98,65281.43,3071.94,2770.66,6814.857034
400,5,492.25,34592.27,43127.84,1519.10,2323.84,4692.631311
400,5,807.24,47973.92,60765.11,3072.18,3062.90,6656.103717
400,5,611.82,38109.06,48533.79,2268.94,2375.39,5780.401088
400,5,685.69,44232.69,54025.32,1426.38,2668.89,5697.358173
400,5,635.51,37032.63,48462.29,3195.56,2628.75,5605.343547
400,5,1036.40,53167.29,65823.16,3804.16,2605.76,6245.955532
400,5,833.43,45839.30,58174.80,3943.38,2876.12,5516.000909
400,5,725.51,48780.49,61362.75,1857.53,3155.35,7569.389436
400,5,669.70,43007.16,53573.55,2085.22,2599.13,5882.036482
400,5,584.52,40884.05,50249.87,1331.20,2676.92,5357.702044
400,5,931.26,51337.38,65238.10,3477.78,2961.59,7461.340290
400,5,509.86,35683.26,44564.05,1571.62,2335.16,4974.018360
400,5,706.40,44084.50,55972.76,2497.52,2851.33,6539.405051
400,5,832.34,48820.42,62320.07,3311.46,3034.77,7153.420707
400,5,941.79,48924.87,63008.31,4682.44,3192.79,6208.212066
400,5,522.90,38440.27,48095.71,1399.25,2530.45,5725.745048
400,5,795.07,43143.36,55487.20,3485.28,2678.25,6180.306639
400,5,457.88,31258.63,39918.96,1141.89,2047.81,5470.625344
400,5,988.55,52403.51,66451.88,4582.93,3033.72,6431.721461
400,5,1116.81,54238.47,69391.18,4847.70,3029.31,7275.696299
400,5,723.22,41976.81,52751.26,2318.05,2466.86,5989.541642
400,5,613.15,37212.09,48015.37,1975.99,2324.62,6502.666156
400,5,895.24,51699.75,64947.31,3551.04,3040.22,6656.300472
400,5,475.93,39058.12,47421.95,653.94,2548.60,5161.290491
400,5,575.14,38249.74,48593.12,1939.01,2598.68,5805.689247
400,5,661.81,44164.47,55691.13,1983.39,2782.38,6760.883724
400,5,601.55,40091.13,50246.23,1425.58,2545.92,6183.602836
400,5,756.82,42278.10,54369.05,4032.89,2663.35,5394.702846
400,5,446.74,35877.50,44800.11,819.71,2470.91,5631.988303
400,5,430.86,34244.02,42440.11,596.86,2318.16,5281.064636
400,5,471.73,38820.08,47725.48,681.93,2621.45,5602.019740
400,5,736.37,47296.11,58838.24,2106.70,2993.17,6442.253691
400,5,510.41,38331.75,47718.13,837.69,2533.05,6015.641518
400,5,862.02,47193.85,61387.66,4428.51,2982.22,6783.073078
400,5,655.05,43041.32,53720.14,1280.41,2537.97,6860.447368
400,5,739.04,45042.51,55694.40,2183.35,2751.01,5717.525850
400,5,999.32,53320.60,66858.21,3635.31,3037.41,6864.889646
400,5,1094.77,57515.70,72946.78,4898.36,3311.86,7220.860934
400,5,750.64,42476.09,54185.94,3101.97,2677.96,5929.927050
400,5,492.31,36226.50,44987.47,513.22,2324.08,5923.671371
400,5,616.01,40775.45,50937.88,1377.55,2467.31,6317.559250
400,5,656.51,39456.52,50665.20,2306.60,2300.88,6601.203379
400,5,984.02,51030.19,63912.36,3735.61,2731.12,6415.443081
400,5,781.28,46866.37,58690.76,2260.24,2630.86,6933.300434
400,5,524.48,39657.18,48996.05,1015.64,2293.70,6029.531912
400,5,750.57,43705.33,55847.87,3014.28,2614.83,6513.435865
400,5,842.49,47767.30,59542.63,2842.37,2983.37,5949.592961
400,5,620.45,42686.32,52607.40,1885.00,2695.23,5340.855773
400,5,738.46,42783.44,53731.88,2577.79,2488.49,5882.162800
400,5,870.28,46699.36,59437.11,4663.24,2918.22,5156.289813
400,5,691.69,42987.06,53923.73,2043.07,2584.43,6309.167519
400,5,507.58,36804.98,45221.34,934.99,2213.35,5268.022140
400,5,622.69,41913.51,52243.35,1901.79,2705.07,5722.993400
400,5,911.33,47747.82,62091.66,4721.77,3040.07,6581.999065
400,5,782.09,43643.68,56284.77,3457.18,2728.22,6455.697842
400,5,998.94,49952.27,65199.24,5097.02,3100.26,7049.691757
400,5,476.40,37960.36,48013.48,710.96,2609.42,6732.735591
400,5,846.48,49701.55,61825.17,2563.78,2834.64,6725.197901
400,5,587.79,42981.20,52905.49,847.13,2693.23,6383.922821
400,5,571.93,39439.15,48526.00,1665.84,2461.09,4959.922002
400,5,916.66,51571.01,64528.46,3021.06,2880.52,7055.872460
400,5,557.59,37660.10,46049.35,1217.03,2084.00,5088.214883
400,5,491.50,38031.79,46519.71,1057.11,2416.33,5014.482717
400,5,582.25,40322.92,51000.69,2280.19,2721.07,5676.525285
400,5,500.24,36750.73,46068.30,630.05,2242.74,6444.769341
400,6,532.53,43499.80,53723.66,923.09,2725.34,6575.428742
400,6,839.85,57360.79,69523.17,1356.70,3411.03,7394.637443
400,6,1005.00,54151.56,69866.11,4562.71,3486.38,7665.459541
400,6,574.41,45636.04,55229.17,730.21,3015.74,5847.180446
400,6,932.28,53136.32,68218.01,3030.62,3245.62,8805.437257
400,6,1119.58,61391.13,77724.08,4730.42,3717.28,7885.255120
400,6,928.61,52739.40,68649.17,3919.20,3286.49,8704.080838
400,6,945.99,53871.38,67876.27,2987.39,3143.22,7874.276361
400,6,491.33,40874.36,50913.82,815.28,2876.77,6347.415639
400,6,1159.10,60837.50,77982.42,5831.63,3837.76,7475.524749
400,6,912.52,47818.44,62383.47,4304.54,2989.94,7270.553967
400,6,740.58,47509.31,59543.26,2201.87,3227.48,6604.604359
400,6,618.74,46987.77,57393.47,724.21,2896.38,6785.106737
400,6,781.56,52564.01,65794.99,1934.36,3320.00,7976.624239
400,6,648.70,45256.22,55702.10,774.56,2796.08,6875.240449
400,6,1011.38,57430.52,73334.19,4342.37,3629.53,7931.769138
400,6,1181.03,64615.73,82006.63,4396.36,3921.05,9073.499047
400,6,517.66,38823.61,48747.46,593.27,2501.78,6828.796091
400,6,638.34,46358.30,57059.85,1188.17,2975.64,6537.737795
400,6,586.39,42497.16,53670.76,914.10,2775.20,7484.302650
400,6,649.67,47713.32,59072.71,1181.65,2941.42,7236.306765
400,6,908.32,56884.65,70309.25,2599.70,3670.60,7154.302304
400,6,448.28,35763.99,45618.64,693.64,2599.45,6561.557111
400,6,879.30,57361.29,70076.12,1933.61,3631.36,7149.859130
400,6,1053.80,60015.74,74937.78,3546.29,3527.83,7847.921171
400,6,893.26,52246.59,64911.98,2598.28,2894.21,7172.902648
400,6,792.23,50958.03,63839.39,2119.31,3605.52,7156.533747
400,6,633.36,45827.78,57087.88,864.90,2947.60,7447.606068
400,6,672.98,49888.86,60678.24,735.98,3132.64,6920.774488
400,6,910.66,50588.96,65773.59,4362.42,3414.93,7407.279238
400,6,605.44,46041.63,56803.06,744.30,3009.53,7007.591287
400,6,712.56,45354.58,56814.27,1921.26,2615.98,6922.454608
400,6,578.96,45855.59,57095.13,841.88,3244.89,7152.767932
400,6,634.23,48187.73,58898.02,920.48,2953.19,6836.620634
400,6,1242.15,63438.92,81297.08,5643.73,3830.20,8384.235424
400,6,618.18,43314.58,53469.91,1610.70,2713.77,5830.863606
400,6,886.02,51714.33,65940.28,3297.34,3091.23,7837.374717
400,6,841.16,52806.35,65018.30,2274.84,2970.28,6966.825394
400,6,985.79,52974.49,67776.25,4473.31,3164.22,7164.221915
400,6,586.52,42284.00,52562.18,1718.65,2659.84,5899.696422
400,6,1028.77,53680.71,69185.15,4965.68,3640.00,6898.759232
400,6,658.02,42996.79,54235.87,2463.83,2698.77,6076.476523
400,6,614.90,46331.94,58526.86,811.92,3087.81,8295.204825
400,6,573.97,43266.55,53343.30,909.76,2742.65,6424.327551
400,6,782.60,50180.71,62301.70,2586.66,3063.96,6470.362700
400,6,949.99,57119.27,71079.06,2311.57,3285.95,8362.260484
400,6,664.73,43365.66,54860.28,2135.67,2844.91,6514.048895
400,6,877.85,52728.83,66389.99,2765.86,3116.88,7778.421617
400,6,1014.96,60967.25,75804.97,2939.07,3464.99,8433.663554
400,6,454.42,35389.46,44439.23,656.22,2532.52,5861.028724
400,6,804.79,52928.16,65595.33,1985.07,3345.99,7336.112461
400,6,1065.76,57378.13,72929.74,4503.86,3189.57,7858.176275
400,6,856.95,53304.01,65738.53,2137.04,3195.29,7102.193485
400,6,943.42,53479.00,68154.85,3713.97,3338.71,7623.172218
400,6,855.49,54115.67,68246.14,3059.84,3360.14,7710.496965
400,6,800.72,51507.25,63270.63,2034.63,3023.39,6705.368636
400,6,1069.20,60566.99,76654.29,4142.77,3717.01,8227.512879
400,6,861.47,55483.23,68451.27,1875.10,3319.72,7773.226257
400,6,629.76,43079.38,53970.82,1418.24,2652.61,6820.589978
400,6,675.47,49487.62,60504.43,1454.74,3120.42,6441.647128
400,6,843.05,52397.74,67197.19,3200.26,3380.81,8218.376554
400,6,671.34,46666.46,57794.60,1213.64,2998.69,6915.804910
400,6,566.14,38785.30,48294.13,1210.45,2444.64,5853.737919
400,6,744.32,49651.35,60756.14,1286.21,2989.44,6829.142846
400,6,540.55,38300.83,48388.36,1124.42,2615.98,6347.125820
400,6,588.46,45011.01,55777.80,689.39,2870.21,7207.184240
400,6,1006.76,57409.01,72493.23,3460.19,3546.08,8077.947833
400,6,834.49,52044.99,65729.76,2910.13,3148.89,7625.745186
400,6,731.40,51157.72,62508.87,1178.95,3072.96,7099.235522
400,6,823.72,56232.41,68721.57,1666.84,3287.09,7535.226058
400,6,577.66,44405.29,54343.06,972.10,2912.82,6052.845814
400,6,620.40,44454.15,55470.85,898.30,3012.86,7105.540710
400,6,711.84,46019.16,58065.10,1933.23,2857.30,7255.408999
400,6,894.06,56978.97,70211.27,2414.03,3466.20,7352.074519
400,6,717.97,44815.75,56596.02,2290.85,2774.50,6714.929570
400,6,774.59,47777.28,60379.71,2123.00,2920.55,7558.881919
400,6,856.72,47961.47,61539.67,3264.49,3033.43,7280.280010
400,6,800.34,53560.77,66154.38,2163.72,3622.11,6807.783954
400,6,831.78,52326.44,65448.74,1895.67,3160.81,8065.825989
400,6,610.70,41542.27,52439.24,1338.12,2508.25,7050.606738
400,6,762.17,47592.67,59962.03,2165.79,2887.15,7316.427267
400,6,703.24,45546.79,57252.43,2127.86,2930.95,6646.839235
400,6,593.48,43928.29,53822.25,1068.71,2879.73,5945.517616
400,6,620.74,40488.64,51718.92,2191.37,2789.62,6249.286363
400,6,360.30,31713.50,40230.55,842.83,2662.32,5011.896085
400,6,890.72,54938.74,68069.80,2224.92,3134.12,7772.026548
400,6,543.95,40922.97,50735.86,1162.38,2687.97,5962.545095
400,6,976.40,52037.85,68157.39,5068.76,3433.21,7617.578834
400,6,625.67,47719.74,58427.76,928.02,3088.25,6691.745115
400,6,1184.64,57517.38,73554.83,4787.84,3081.13,8168.480252
400,6,993.56,54738.63,70404.99,4314.63,3153.89,8197.842152
400,6,924.37,52568.72,67636.26,3504.00,3415.46,8148.074659
400,6,599.34,46479.42,57189.55,986.64,2934.12,6789.372982
400,6,781.95,51625.45,63309.69,1409.05,2927.53,7347.663478
400,6,497.31,36873.96,45705.95,810.30,2362.49,5659.202564
400,6,707.92,49505.30,61195.04,1368.21,3130.54,7190.987661
400,6,636.47,44536.13,54580.31,1193.80,2724.05,6126.337704
400,6,726.86,48759.79,59986.31,2124.77,3092.68,6009.075048
400,6,553.35,44008.83,54392.07,698.24,2947.41,6737.590050
400,6,896.31,55645.34,70081.11,3203.25,3417.04,7815.479723
400,7,665.01,47654.13,58889.87,677.56,3021.83,7536.354981
400,7,938.35,60897.22,75860.01,2469.65,3795.20,8697.935997
400,7,541.80,40648.59,52060.49,726.20,3000.39,7685.313078
400,7,712.13,51565.69,63252.16,1519.73,3128.35,7038.401779
400,7,921.00,61665.15,76701.55,1593.22,3644.49,9798.695179
400,7,565.47,44894.82,57213.39,1161.10,3375.28,7782.186389
400,7,945.61,63610.81,78197.00,1813.12,3727.74,9045.324575
400,7,1424.96,68993.88,88971.66,6572.15,3889.35,9516.278910
400,7,761.83,55386.77,67459.91,1308.13,3437.37,7327.641798
400,7,733.37,48681.38,60931.30,1650.41,2940.33,7659.188266
400,7,710.49,47577.08,59197.52,1310.81,2806.97,7502.663254
400,7,943.15,55451.93,69832.94,3496.31,3286.78,7597.924901
400,7,922.01,54146.16,68557.22,3216.50,3353.95,7840.600900
400,7,740.46,50213.93,62781.51,924.91,3032.15,8610.514832
400,7,660.75,48606.56,59960.21,692.39,3055.27,7605.986483
400,7,911.73,60450.44,73906.79,1706.35,3587.43,8162.578592
400,7,860.47,58749.85,72770.65,1048.74,3603.51,9368.551804
400,7,937.97,57305.99,71822.76,2561.92,3403.78,8551.067977
400,7,501.92,42942.79,54445.75,955.44,3237.98,7309.536062
400,7,647.07,50247.83,62403.18,849.62,3397.83,7907.904306
400,7,685.42,54913.57,67341.32,905.20,3687.16,7835.400644
400,7,724.53,54134.76,66167.62,804.32,3289.23,7939.320976
400,7,981.73,62216.67,77226.58,2951.33,3975.18,8083.394300
400,7,785.87,51006.97,63515.00,1279.29,3205.41,8023.324621
400,7,678.38,55914.21,69055.14,1082.27,3961.96,8096.691048
400,7,888.69,60672.90,74899.40,1870.74,3803.19,8552.574442
400,7,811.77,59598.06,73132.63,1598.21,3901.68,8034.682983
400,7,637.25,47049.46,58849.85,763.76,3060.14,7976.494126
400,7,771.88,52559.35,65245.29,1339.66,3379.93,7966.347531
400,7,745.86,56755.97,68871.05,922.06,3636.29,7556.719436
400,7,615.57,47123.98,58422.79,732.08,3111.97,7454.761153
400,7,608.73,44799.25,55597.52,637.19,2805.14,7355.937470
400,7,733.49,51147.10,63431.28,1214.54,3164.09,7905.557847
400,7,870.41,56522.04,69390.41,1469.81,3282.89,8115.662495
400,7,830.32,57986.58,70668.90,706.87,3356.63,8618.812474
400,7,646.37,51261.44,62095.09,844.01,3373.08,6616.556110
400,7,999.78,56849.08,73067.27,3948.49,3567.27,8702.433166
400,7,1004.42,61802.49,76170.12,2351.11,3636.81,8379.708848
400,7,543.73,43150.69,53699.61,719.73,2962.90,6866.294655
400,7,601.34,44815.64,55176.30,617.61,2865.65,6877.393526
400,7,709.64,51098.52,62458.79,1300.65,3171.90,6887.720934
400,7,720.94,44302.38,56724.99,2756.54,2928.84,6737.223434
400,7,861.65,59471.00,74204.48,1568.39,3723.54,9441.552367
400,7,1148.20,69318.31,85798.25,4064.55,3927.26,8488.131889
400,7,662.08,45531.40,58171.07,1960.57,3237.19,7441.914604
400,7,956.96,61521.24,75155.51,1173.25,3107.80,9353.224817
400,7,529.54,42624.77,53641.42,869.41,3077.75,7069.493509
400,7,903.31,58228.06,72674.67,2721.87,3447.41,8277.332485
400,7,948.67,54854.37,72475.18,4364.55,3740.00,9516.252221
400,7,610.63,46308.75,57284.78,796.61,3152.77,7026.649552
400,7,679.38,52403.78,64603.27,806.72,3426.13,7966.645393
400,7,769.28,53723.36,66275.31,1442.74,3298.85,7810.363008
400,7,1065.34,61690.65,77530.88,4091.87,3667.05,8081.314555
400,7,793.61,55160.07,67207.32,936.21,3283.74,7827.297530
400,7,873.55,54205.55,67916.34,2105.07,3109.05,8496.678987
400,7,1067.24,61184.92,77991.82,4562.12,3870.81,8373.961320
400,7,884.79,57623.69,71214.83,1699.69,3416.82,8474.632814
400,7,1006.68,67087.75,80566.02,1136.38,3837.22,8504.677083
400,7,943.96,64626.15,78267.31,1695.05,3754.23,8191.885344
400,7,861.03,57798.51,70622.08,1502.64,3589.64,7731.291313
400,7,1143.21,66479.86,82670.27,3315.03,3701.46,9173.918989
400,7,660.34,49557.54,61505.99,769.62,3360.30,7818.524022
400,7,702.74,49468.27,60890.52,1457.54,3148.94,6815.774022
400,7,872.79,61897.39,74669.51,1119.92,3527.10,8125.098871
400,7,673.15,48645.09,60111.48,972.82,3113.59,7379.972921
400,7,1010.54,65519.18,81692.08,2810.92,4214.13,9147.846191
400,7,1113.03,65944.40,80469.73,2244.06,3510.05,8771.217817
400,7,1275.99,68564.59,88453.09,5913.92,4450.83,9523.747500
400,7,617.85,48464.45,60670.55,786.62,3291.84,8127.644926
400,7,841.66,53046.83,66280.84,1717.35,3143.23,8373.433338
400,7,752.68,54561.18,66677.06,1075.72,3279.66,7760.499448
400,7,786.12,56790.78,69194.10,786.27,3469.83,8147.225394
400,7,792.80,58374.39,70560.80,779.65,3554.00,7852.762562
400,7,936.99,52631.09,67874.66,3541.11,3314.35,8388.109025
400,7,925.83,57068.08,70756.66,2794.80,3308.09,7585.693818
400,7,940.92,62435.51,75882.74,1649.63,3744.36,8053.239444
400,7,642.99,44419.14,55988.25,950.75,2852.07,7766.284253
400,7,921.78,62752.44,76621.65,2251.73,3848.96,7768.517159
400,7,748.29,53535.52,67058.79,994.69,3410.43,9118.154641
400,7,756.86,50130.01,63159.60,1945.60,3301.02,7782.983678
400,7,1140.65,63237.32,80933.92,4771.61,3698.18,9226.806642
400,7,568.44,44506.76,55817.42,752.13,3062.86,7495.674914
400,7,1191.99,65507.02,82070.89,4414.82,4052.21,8096.845883
400,7,672.50,50046.28,61278.52,1090.60,3404.60,6737.048287
400,7,923.06,56438.54,69615.22,3392.76,3186.97,6596.951138
400,7,858.18,58301.46,71687.48,1575.85,3447.41,8362.761081
400,7,659.41,48001.97,59121.77,1338.40,3094.33,6687.082745
400,7,932.94,62298.20,76298.87,1792.74,3808.96,8398.969260
400,7,745.90,51559.77,64155.87,1397.97,3427.47,7770.662734
400,7,662.74,46714.71,58452.74,1009.71,3057.19,7671.128477
400,7,875.74,52768.52,67599.91,2727.58,3218.24,8885.567801
400,7,745.78,53546.76,66298.58,762.19,3492.43,8497.189327
400,7,767.01,52887.08,65359.80,1020.04,3278.68,8174.000196
400,7,804.80,56815.14,71042.49,1947.10,3643.08,8637.161502
400,7,756.01,53477.73,65489.35,1444.47,3319.53,7247.620015
400,7,834.86,57858.10,71019.89,1256.43,3501.24,8404.115889
400,7,905.90,57672.73,71997.61,3362.01,3666.71,7296.159004
400,7,669.41,48864.54,59904.88,941.88,3120.94,6977.518929
400,7,762.24,53590.60,66575.41,1340.79,3461.05,8182.974379
400,7,826.07,54423.54,68219.64,1693.08,3394.78,8708.242508
400,8,774.62,56082.48,68634.47,800.42,3559.90,8191.664876
400,8,769.79,57524.29,71463.69,976.76,3781.28,9181.367084
400,8,764.64,52161.71,65341.77,1111.47,3279.82,8788.765134
400,8,824.75,59074.98,71988.26,1418.22,3571.60,7923.467650
400,8,930.84,64436.93,80054.33,1171.91,4081.04,10364.449153
400,8,800.93,57791.72,71383.06,831.14,3670.12,9090.078835
400,8,801.11,54070.44,68360.45,1099.00,3504.85,9686.168530
400,8,696.66,53758.04,67750.85,958.72,3762.24,9271.859176
400,8,846.42,59296.83,73661.32,1777.58,3816.90,8770.010109
400,8,676.27,49023.56,61627.99,822.67,3175.73,8606.034020
400,8,670.89,47948.24,59914.14,759.32,3207.42,7999.164803
400,8,632.77,48027.93,60613.47,1406.41,3455.22,7723.922682
400,8,604.70,45593.05,58048.46,778.32,3104.19,8572.895263
400,8,630.18,48420.49,61821.44,855.31,3406.05,9139.584872
400,8,782.89,57777.51,70478.72,869.51,3584.90,8246.801337
400,8,771.76,56287.06,69425.64,828.96,3658.75,8650.862873
400,8,879.45,62294.69,76899.15,878.85,3708.43,10017.182297
400,8,749.88,54839.42,68240.04,857.05,3593.60,8949.964609
400,8,896.30,61767.83,76255.48,2308.08,3867.19,8312.374234
400,8,799.31,54270.08,68816.73,1723.51,3525.62,9297.531778
400,8,849.65,62373.66,75995.92,873.63,3729.47,9019.159396
400,8,806.60,56922.79,70698.05,785.98,3558.17,9431.112646
400,8,795.81,57981.81,71243.07,811.18,3530.00,8920.070530
400,8,792.75,55428.36,68821.57,1172.29,3748.86,8472.068324
400,8,867.12,59782.69,73639.02,1112.61,3575.35,9168.358181
400,8,867.61,63970.24,78254.65,1188.53,4158.14,8937.750352
400,8,995.01,69953.15,84070.44,1145.64,4131.21,8840.439843
400,8,673.40,50153.23,63428.19,852.64,3598.79,8823.531682
400,8,922.75,66852.07,81639.74,962.17,4280.68,9544.821884
400,8,930.02,64518.40,79132.44,1484.11,4175.95,8953.982465
400,8,803.28,54408.31,68585.88,1656.36,3652.87,8868.339899
400,8,720.17,51874.90,64884.41,1111.36,3407.98,8490.164205
400,8,838.21,63385.74,77437.25,991.72,4114.18,8945.600262
400,8,836.59,60511.82,74251.03,910.24,3929.33,8899.645412
400,8,1238.43,69755.42,88431.40,4605.45,4068.10,10002.437869
400,8,656.57,51062.33,62613.54,825.66,3396.92,7328.628813
400,8,849.40,56952.52,71152.73,1533.88,3456.89,9209.443920
400,8,1213.75,77111.28,92539.87,1835.86,4361.60,9231.129605
400,8,804.18,59865.44,72458.58,859.26,3715.20,8018.673498
400,8,922.66,60624.88,75816.44,2825.91,3921.83,8443.813419
400,8,530.52,38349.92,48713.31,649.83,2613.86,7099.698271
400,8,1040.60,68275.58,83456.66,3228.24,4161.29,7791.555746
400,8,1045.68,69551.72,85567.13,1096.77,4068.11,10850.524049
400,8,791.37,60214.04,73700.71,878.97,3933.04,8674.669817
400,8,668.63,49694.98,61615.92,798.89,3260.86,7861.191116
400,8,915.36,62345.64,77072.62,726.48,3809.70,10190.793693
400,8,807.98,56027.11,70445.50,2234.18,3738.89,8445.317316
400,8,757.05,52951.67,66736.46,1051.53,3490.02,9243.226720
400,8,990.05,70038.89,85867.36,1220.74,4334.26,10273.467315
400,8,808.04,62420.41,76236.63,957.95,4150.86,8707.408936
400,8,680.84,51654.53,65301.85,916.11,3733.32,8997.892615
400,8,800.22,60982.25,74281.94,933.24,3791.51,8574.941075
400,8,739.11,55282.35,68638.24,1257.42,3669.84,8428.622843
400,8,936.91,58655.04,73569.31,2219.97,3668.43,9025.881740
400,8,1076.09,61231.57,78296.35,3622.45,3723.44,9718.896977
400,8,1068.04,71374.06,86175.04,1639.38,4183.38,8978.228469
400,8,732.99,50749.48,63952.18,770.84,3321.05,9110.815093
400,8,689.98,51831.90,65295.80,923.79,3705.39,8834.721282
400,8,782.28,55932.94,70184.05,1440.49,3835.26,8975.355010
400,8,1081.17,71705.89,86816.34,2094.77,4265.08,8750.597896
400,8,951.18,61086.33,76898.28,2185.45,3865.14,9761.362832
400,8,964.18,62954.54,77531.16,1994.96,4005.39,8576.279838
400,8,638.38,50371.93,62212.95,946.95,3421.96,7472.106226
400,8,815.91,61036.36,75060.98,977.56,4005.16,9041.906554
400,8,684.04,53540.92,66821.66,1016.64,3853.71,8410.388442
400,8,1048.48,67730.16,84570.34,2480.30,4258.57,10101.297712
400,8,778.52,55773.30,69502.96,833.66,3546.03,9349.965494
400,8,1140.76,77857.13,94251.84,2015.87,4640.09,9738.748163
400,8,799.11,56516.69,70024.57,778.53,3533.89,9195.455596
400,8,1002.83,63537.40,80786.95,3201.21,3976.06,10072.278274
400,8,772.36,58953.11,72448.11,1288.13,3918.23,8288.638820
400,8,657.45,50442.56,63978.19,970.75,3734.80,8830.089856
400,8,1007.12,66846.27,82066.54,1712.56,3941.16,9566.551263
400,8,850.71,57495.36,70923.62,1026.04,3658.66,8743.550561
400,8,799.77,54730.02,67147.79,999.70,3227.76,8190.309125
400,8,767.52,54128.85,68623.48,1251.44,3714.33,9528.854208
400,8,694.15,50029.67,62496.51,728.14,3166.58,8572.122696
400,8,849.31,58392.08,72867.93,1698.15,3909.90,8867.800061
400,8,919.28,61623.34,76250.30,771.64,3524.41,10330.913307
400,8,784.50,54003.13,67057.91,731.87,3483.01,8839.888551
400,8,1094.31,60510.64,77675.42,3756.47,3656.33,9751.986906
400,8,687.74,52220.23,65344.95,949.03,3648.71,8526.980091
400,8,657.86,50877.56,63778.93,921.22,3462.84,8517.313477
400,8,642.59,46279.37,57870.67,1100.70,3067.80,7422.808740
400,8,650.13,48656.26,59373.33,748.28,3066.30,6902.490681
400,8,963.70,65203.75,79456.60,1372.65,3994.20,8885.991995
400,8,712.40,52794.03,64539.81,800.06,3401.18,7544.539124
400,8,1261.01,72290.66,91250.95,4134.32,4789.48,10036.496076
400,8,706.16,51029.03,64689.54,1212.67,3538.14,8909.695290
400,8,887.89,58085.65,72484.50,1837.13,3681.65,8880.066264
400,8,858.70,58961.28,73021.09,685.37,3505.42,9869.013790
400,8,753.07,55790.48,70258.08,909.16,3687.14,9871.298684
400,8,1290.82,68603.07,88166.24,5402.72,4176.84,9983.602096
400,8,762.27,56093.47,70503.58,987.54,4057.22,9365.345397
400,8,812.67,56570.63,69948.64,1409.88,3594.04,8374.094827
400,8,806.60,57392.17,71457.20,891.52,3715.74,9457.773973
400,8,648.10,54405.42,67061.11,1058.60,3951.66,7645.433389
400,8,970.22,61344.79,75809.78,2334.75,3938.31,8191.925283
400,8,683.29,52032.98,64949.58,892.95,3476.11,8547.542053
400,8,724.65,54106.49,67996.68,889.49,3633.52,9367.190473
400,9,793.39,58749.07,73054.52,1008.24,4141.32,9155.887540
400,9,749.49,54192.62,68956.76,1290.62,3718.51,9755.010069
400,9,1052.23,70668.46,85209.87,855.22,4193.21,9492.973675
400,9,733.73,54689.96,68552.25,964.31,3790.66,9107.324819
400,9,944.69,64611.90,81091.61,1332.95,4185.97,10960.788484
400,9,868.52,58936.33,74001.37,1280.24,3857.56,9927.236909
400,9,1285.81,78708.80,97033.18,2325.98,4668.69,11329.718635
400,9,817.12,55066.21,69388.95,790.89,3615.02,9916.837180
400,9,834.08,59281.46,73919.47,1252.18,4038.86,9346.967781
400,9,980.47,69803.22,84982.43,1039.33,4401.35,9738.517508
400,9,831.19,59007.11,72721.02,821.06,3824.37,9068.486021
400,9,770.80,57316.83,70639.88,962.14,3890.77,8470.144280
400,9,950.39,70593.95,85718.46,1062.56,4639.31,9422.641191
400,9,907.28,66746.51,83233.89,1010.31,4535.06,10942.004375
400,9,865.68,59368.50,73609.15,853.47,3744.48,9642.699516
400,9,839.87,57147.00,70890.41,1142.06,3421.52,9179.836227
400,9,768.29,54954.66,70346.92,869.34,3908.44,10614.480465
400,9,778.20,58334.17,73526.99,1068.86,4189.38,9934.576403
400,9,993.30,68933.01,84773.62,1990.62,4220.77,9629.224591
400,9,884.35,60456.94,75173.82,748.01,3594.91,10373.951572
400,9,849.86,63344.47,78088.20,938.67,4101.76,9703.297793
400,9,1142.91,79137.97,95871.29,1651.63,4681.39,10400.307699
400,9,1272.64,72853.43,92030.95,4654.58,4166.83,10356.109761
400,9,899.05,63200.06,77253.44,841.83,3830.36,9381.189370
400,9,928.53,64511.38,80295.16,1712.88,4190.82,9880.071821
400,9,957.97,68779.44,83660.12,937.89,4251.01,9691.778692
400,9,870.16,61483.66,75945.53,847.43,3889.74,9724.698869
400,9,1186.37,79110.67,95204.71,1203.75,4520.27,10370.016587
400,9,864.55,62881.15,77972.04,999.95,4166.94,9923.995987
400,9,953.01,63954.71,78991.51,1190.95,3957.85,9888.003562
400,9,743.22,54577.36,68836.59,884.37,3815.67,9559.180878
400,9,839.64,62488.05,76878.37,967.95,4091.15,9331.226232
400,9,877.23,62139.11,76822.14,929.33,3881.68,9872.021401
400,9,836.53,60800.56,75340.45,829.09,3837.08,9873.718451
400,9,802.36,56827.33,71339.13,798.03,3699.37,10014.401420
400,9,685.16,52888.59,66108.60,976.54,3653.42,8590.050793
400,9,868.55,63933.81,78577.34,888.64,4029.71,9725.178270
400,9,683.47,48452.81,62356.81,793.61,3319.66,9790.735080
400,9,786.33,56289.40,70745.87,1581.07,3916.44,8958.953279
400,9,673.44,49560.94,63377.03,820.83,3456.62,9538.637136
400,9,869.24,63061.54,76856.53,1174.08,3965.32,8655.593866
400,9,801.63,57387.57,70764.92,1261.91,3862.43,8253.005223
400,9,915.59,66956.79,84439.23,1388.86,4244.88,11848.700209
400,9,946.01,62487.24,77907.35,1615.46,3958.86,9845.783373
400,9,750.80,53795.19,67497.75,815.06,3702.08,9185.422417
400,9,1175.82,77707.13,94614.56,1309.19,4549.78,11048.455742
400,9,984.16,68343.47,82750.68,829.27,4009.93,9568.007528
400,9,867.63,58432.46,74011.71,1667.37,3884.44,10027.434749
400,9,961.87,65164.92,81410.17,869.98,4032.40,11342.873827
400,9,937.22,66011.65,81174.33,1062.40,4341.43,9758.851340
400,9,1211.20,80938.47,97960.33,2179.96,4784.71,10057.180380
400,9,844.03,56070.04,70955.52,1997.17,3620.44,9267.877336
400,9,966.48,67734.00,83701.13,1551.39,4443.32,9972.421718
400,9,969.44,66412.07,82137.51,1271.74,4125.96,10327.741709
400,9,935.92,67184.38,81976.26,881.44,4135.22,9775.210342
400,9,1183.39,72341.21,90409.79,3671.70,4302.56,10094.313318
400,9,822.33,56778.56,71861.42,1235.69,3684.87,10162.309246
400,9,802.33,56678.17,71362.22,876.88,3744.18,10062.992199
400,9,783.45,56117.78,71492.14,1052.71,4119.18,10202.466859
400,9,762.99,55637.87,69488.32,781.18,3600.97,9468.294687
400,9,1166.48,80740.96,97308.91,1039.43,4753.50,10775.009602
400,9,938.75,67021.52,81565.71,989.10,4498.09,9056.997028
400,9,622.49,46036.16,58886.57,924.47,3458.20,8467.748220
400,9,1048.99,74932.84,90318.32,983.82,4350.39,10051.269353
400,9,1001.15,69533.89,84464.85,1079.67,4214.54,9636.758287
400,9,739.47,54233.25,70003.94,1073.43,3973.82,10723.444652
400,9,1018.55,71960.63,87301.25,970.67,4221.81,10148.137057
400,9,878.58,66254.42,82049.69,1084.63,4334.67,10375.976312
400,9,1126.56,77551.80,93864.16,1308.93,4721.94,10281.495760
400,9,992.82,67959.92,84024.60,839.15,4179.24,11046.289591
400,9,725.15,56054.64,70047.00,1000.16,3857.34,9134.857993
400,9,723.42,56559.03,71059.03,1115.14,4037.93,9346.921559
400,9,983.63,67150.65,83241.34,1558.01,4256.20,10276.479342
400,9,774.05,56670.42,70952.61,970.45,3953.71,9358.034239
400,9,879.06,61024.77,75614.92,1288.84,3915.97,9385.343615
400,9,762.06,54771.07,69509.06,972.08,3851.94,9913.969154
400,9,814.87,59675.66,73670.13,922.01,3915.10,9157.359976
400,9,928.05,65686.45,81867.65,1997.06,4221.71,9962.433340
400,9,1193.58,75556.28,93120.06,1744.80,4340.65,11478.337778
400,9,891.38,59729.91,74664.21,1490.02,3795.95,9648.325753
400,9,799.94,53552.70,68108.19,1314.37,3463.27,9777.857182
400,9,889.24,66085.52,81145.93,1066.91,4422.86,9570.637808
400,9,962.88,71672.91,87052.95,1092.04,4780.34,9507.659891
400,9,825.91,60413.22,74153.62,1337.97,3868.70,8533.725764
400,9,775.67,56797.89,69402.76,842.28,3584.56,8178.020523
400,9,1027.17,68484.07,83329.12,795.86,3816.85,10232.342849
400,9,853.22,62960.20,76886.18,902.45,4054.17,8969.364185
400,9,919.53,66264.15,82042.41,985.45,4421.72,10371.090907
400,9,873.46,63069.31,77351.21,982.71,4115.33,9183.865673
400,9,987.68,69209.34,84773.79,1325.25,4276.96,9962.231502
400,9,1021.60,70243.76,86090.20,981.86,4128.73,10735.853028
400,9,1083.65,76348.25,92799.42,1045.19,4675.43,10730.551048
400,9,783.95,57901.01,72617.11,896.20,3768.71,10051.195901
400,9,1074.51,73796.17,90561.78,1850.07,4548.14,10367.395485
400,9,902.15,64645.24,79100.71,1325.14,4185.24,8945.099609
400,9,1021.93,66972.62,82241.78,1269.27,3958.58,10041.302216
400,9,807.39,62025.94,75822.56,1005.07,4094.31,8697.231538
400,9,765.31,58184.62,72234.78,963.57,4091.20,8995.385357
400,9,963.84,66962.56,82828.85,972.01,4469.54,10424.739957
400,9,842.92,58863.87,74458.92,1145.41,4078.07,10371.570771
400,10,913.27,64381.81,79270.38,997.11,4221.22,9670.239564
400,10,811.96,62661.76,79517.33,1174.63,4549.29,11131.653338
400,10,945.08,64529.65,80175.92,861.97,4105.26,10679.039708
400,10,820.63,59448.78,74834.01,1027.98,4264.75,10092.501768
400,10,975.95,69623.55,88028.76,1144.15,4943.18,12317.879692
400,10,876.35,61487.12,77101.25,937.72,4022.72,10653.681961
400,10,1065.79,72778.87,89616.84,1381.77,4654.48,10801.719931
400,10,918.89,62637.90,78052.58,880.13,4017.84,10516.716519
400,10,874.30,66762.34,83941.11,1217.65,4811.84,11149.285789
400,10,749.17,54051.32,70010.65,1002.07,3953.52,11003.747547
400,10,1035.20,70288.74,86359.85,1088.62,4655.61,10326.880719
400,10,797.51,58737.18,73275.32,988.26,3960.36,9589.516899
400,10,1349.24,87202.39,105091.39,1964.63,5025.72,10898.648913
400,10,939.67,64777.63,81696.07,875.47,4185.57,11857.398227
400,10,1020.06,70446.42,86646.58,1375.32,4377.39,10447.447832
400,10,846.78,62975.08,79461.91,1032.78,4438.45,11015.594984
400,10,1083.01,71444.22,88638.90,1275.79,4278.37,11640.532696
400,10,931.57,67637.70,84432.81,1105.08,4571.25,11118.780477
400,10,982.97,74507.21,91289.84,1283.27,4943.34,10556.025207
400,10,1237.57,84352.84,101388.92,996.86,4908.29,11130.923590
400,10,973.76,72600.27,90188.81,1234.04,4910.61,11443.896075
400,10,1010.41,72789.27,90202.20,1130.13,4783.58,11499.225258
400,10,1009.32,72830.64,89177.09,1082.02,4612.13,10652.294905
400,10,914.42,65453.64,81599.51,1144.66,4705.56,10295.654413
400,10,1003.08,71314.93,88695.35,1362.67,4794.38,11223.373850
400,10,1036.90,76460.46,93309.96,1056.26,4921.80,10871.440667
400,10,718.79,53347.16,68911.89,1011.64,3889.84,10663.265823
400,10,898.82,63251.41,78926.78,1045.78,4293.81,10335.777712
400,10,927.27,67426.65,83602.86,1095.89,4583.17,10497.148186
400,10,943.48,69780.27,87039.42,1210.85,4878.59,11169.711607
400,10,1032.20,68085.25,84779.19,1561.32,4215.32,10917.299473
400,10,887.14,65833.64,82094.30,1108.26,4730.28,10422.134214
400,10,1018.19,71068.02,88022.04,1059.29,4684.14,11210.587699
400,10,838.79,61359.32,77718.24,1111.57,4362.47,10884.871915
400,10,1030.00,72280.79,88815.08,907.79,4381.89,11244.619885
400,10,848.71,63518.57,78351.42,1052.65,4214.01,9566.183305
400,10,1251.26,79303.19,96952.46,1744.95,4657.66,11246.658641
400,10,946.07,69657.13,85513.14,1145.01,4581.55,10129.462967
400,10,1000.77,73696.33,89130.54,1103.78,4698.94,9631.491787
400,10,682.48,52408.98,67120.27,1044.71,3875.97,9790.615894
400,10,919.37,67925.92,83028.61,1082.51,4567.33,9452.852164
400,10,751.53,55372.63,69458.59,1040.38,3858.78,9186.803988
400,10,1318.32,86173.80,104677.82,833.53,4926.65,12743.848662
400,10,837.61,59788.54,75567.49,1007.78,4141.74,10629.427796
400,10,936.13,69799.88,86069.91,1135.51,4674.17,10460.351064
400,10,1089.38,74299.48,91847.32,1052.04,4602.91,11892.888365
400,10,781.59,60186.14,76332.27,1118.15,4589.93,10438.045951
400,10,929.79,66396.02,82459.18,1020.49,4322.88,10719.784851
400,10,942.15,63636.49,80573.17,902.02,4206.27,11828.386072
400,10,761.26,57182.83,72817.78,1010.23,4226.33,10398.381439
400,10,1292.52,85021.58,104033.49,2144.01,5319.96,11547.939172
400,10,1391.13,80460.17,100121.59,4300.65,4779.20,10581.582995
400,10,872.06,62744.53,78421.22,1041.20,4158.51,10476.983819
400,10,878.54,64701.48,81575.47,1081.33,4454.48,11338.173551
400,10,983.49,72603.96,89801.98,1149.71,4936.73,11111.584123
400,10,942.49,66280.19,82111.70,983.81,4292.33,10555.378083
400,10,980.03,66935.70,83507.21,1309.28,4411.15,10851.074408
400,10,1036.64,68026.86,84315.34,1395.29,4131.15,10762.040125
400,10,1003.97,69340.39,86418.51,1095.73,4637.80,11344.591316
400,10,820.38,61547.23,76325.82,979.41,4172.47,9626.704381
400,10,1026.72,73799.47,92091.29,1134.56,5078.23,12079.036692
400,10,831.16,62449.09,78387.73,1190.05,4528.59,10219.999903
400,10,938.30,69015.96,84206.79,1084.04,4656.05,9450.731295
400,10,1058.78,73450.74,90428.99,1041.49,4706.21,11230.547044
400,10,865.25,62159.46,79346.31,1056.98,4487.32,11642.551861
400,10,1196.39,81565.33,99637.62,1113.59,5054.05,11904.649680
400,10,1030.35,73702.77,90296.47,1085.81,4794.61,10713.283142
400,10,892.94,63697.32,79174.27,920.72,4056.60,10499.630587
400,10,997.58,69973.80,87525.10,1116.28,4734.71,11700.311845
400,10,966.79,66789.66,83835.30,951.94,4292.99,11800.702561
400,10,863.28,61141.56,76271.01,936.56,4096.01,10096.871955
400,10,944.35,64273.71,80515.38,1296.52,4405.90,10539.252233
400,10,910.04,64391.09,79992.95,1093.89,4395.58,10112.395613
400,10,916.78,64353.11,80048.11,978.21,4303.36,10413.430283
400,10,822.81,58476.23,74188.81,891.70,4004.88,10815.997706
400,10,920.31,66787.71,83787.54,1088.66,4513.50,11397.673031
400,10,934.50,68010.47,83886.44,1057.98,4515.39,10302.595808
400,10,978.29,69544.98,86529.41,1427.93,4509.01,11047.482247
400,10,1169.24,80835.67,98935.55,1074.78,4922.61,12102.491816
400,10,1155.45,75977.94,92827.55,1315.85,4620.37,10913.378460
400,10,923.98,64817.33,81105.43,929.36,4426.21,10932.530376
400,10,813.81,60639.98,76382.80,1041.81,4219.67,10481.342530
400,10,881.47,64526.29,80864.21,1035.33,4383.30,10919.291438
400,10,816.75,58490.46,72430.22,848.40,3769.20,9322.163455
400,10,653.18,51155.23,64753.71,986.41,3870.52,8741.550902
400,10,938.54,67754.07,84667.43,1127.82,4725.21,11060.329237
400,10,925.43,63379.85,78618.59,1283.61,3906.94,10048.191631
400,10,1088.77,70000.06,87387.58,1607.86,4429.08,11350.582551
400,10,820.36,59766.06,75821.55,1016.57,4284.21,10754.715246
400,10,951.35,66606.38,82742.25,945.53,4428.77,10761.569907
400,10,902.44,64596.29,81773.47,1522.27,4479.02,11175.888898
400,10,1121.59,74855.32,92509.77,1493.49,4524.85,11636.128441
400,10,937.16,67271.60,83720.97,1210.81,4667.81,10570.741863
400,10,889.63,64322.95,80891.45,1034.87,4237.49,11296.139838
400,10,972.78,72111.27,88567.00,1336.35,5053.74,10065.647833
400,10,951.05,69089.97,86031.11,1082.10,4669.17,11189.867817
400,10,876.97,62752.21,77176.95,1051.85,4123.23,9249.655492
400,10,845.80,63112.17,78764.02,1068.12,4321.06,10262.663215
400,10,977.38,69455.28,86393.56,1050.75,4597.38,11290.161586
400,10,1326.53,88388.26,105760.27,1007.18,5268.66,11096.168739
400,11,987.38,71643.30,88652.20,1177.09,4901.92,10929.886254
400,11,1211.67,82314.91,100617.35,1106.80,5136.13,12059.507896
400,11,1164.77,78041.82,95618.37,1064.07,4992.66,11519.831500
400,11,1148.01,77789.37,95589.01,1591.46,4855.20,11352.972052
400,11,1034.15,71185.31,91064.39,1246.72,5017.03,13615.329403
400,11,1041.60,69359.19,86102.73,940.14,4470.30,11333.103368
400,11,923.56,65333.54,83394.07,1126.16,4745.05,12189.327213
400,11,907.27,67083.66,85672.93,1261.25,4877.74,12450.279032
400,11,1038.52,71556.19,88934.24,1114.15,4971.64,11292.263856
400,11,1062.10,71921.10,88838.02,1053.02,4670.49,11193.405422
400,11,940.05,69543.08,86116.54,1165.10,4704.47,10703.888601
400,11,1041.35,73256.01,90457.27,1445.75,4675.17,11080.343328
400,11,1234.39,82455.57,100626.29,1402.25,4924.79,11843.681924
400,11,772.91,54717.68,71886.22,969.10,3963.19,12236.255341
400,11,927.00,68766.16,86767.87,1289.51,5180.58,11531.620562
400,11,1089.90,77303.04,95871.65,1193.96,5284.98,12089.672801
400,11,1179.99,77064.72,94906.29,1000.02,4716.11,12125.439104
400,11,1080.44,73423.22,91026.00,1111.65,4863.16,11627.983538
400,11,1032.60,72792.93,90851.88,1093.48,4989.28,11976.194030
400,11,999.51,73455.93,92157.25,1305.87,5097.96,12297.493572
400,11,1040.76,74524.97,92405.07,1128.91,5018.21,11732.986337
400,11,1215.13,81559.42,100542.08,1203.32,5283.45,12495.894950
400,11,1283.05,91225.84,110965.69,1340.23,5951.92,12447.692505
400,11,1033.02,70062.57,87129.52,980.16,4467.22,11619.572115
400,11,1109.66,73533.42,91209.85,987.35,4543.57,12145.513111
400,11,1089.16,82334.34,100547.79,1348.15,5577.78,11287.529149
400,11,941.02,68230.04,86326.37,1194.39,5115.49,11786.450957
400,11,857.52,65718.22,84534.69,1243.47,5066.54,12506.466091
400,11,789.50,60245.49,78399.98,1317.02,4674.18,12163.285679
400,11,1138.91,79724.91,98791.20,1231.00,5455.58,12379.710512
400,11,1015.82,69649.68,87264.21,1110.99,4679.07,11824.469231
400,11,746.09,58939.65,76934.12,1466.22,5063.50,11464.745615
400,11,1155.89,81673.80,100345.49,1250.62,5403.54,12017.533077
400,11,987.98,70773.54,87472.89,1123.01,4569.64,11006.704507
400,11,1244.12,82612.50,100363.65,1028.12,4856.06,11866.960954
400,11,650.96,52944.93,69028.23,1294.40,4511.16,10277.736723
400,11,1044.71,73400.80,91103.04,1119.61,4994.79,11587.839952
400,11,997.01,70016.29,88215.60,2056.80,4819.28,11323.224482
400,11,801.90,61662.68,78292.21,1179.76,4659.84,10789.924542
400,11,1113.33,78980.12,96274.41,1120.38,5009.76,11164.162676
400,11,933.24,66054.32,80932.56,938.21,4291.37,9648.652410
400,11,892.39,64775.76,80053.20,1124.09,4424.50,9728.860410
400,11,1100.49,73347.76,93336.13,998.90,4838.10,14151.365869
400,11,1015.82,68985.36,86064.76,1378.88,4477.90,11222.630696
400,11,1187.11,82938.57,100312.89,1149.96,5230.11,10994.248472
400,11,855.14,61641.16,79687.23,1154.97,4520.02,12371.082375
400,11,989.83,73474.40,90921.28,1150.18,4908.53,11388.170151
400,11,1077.81,74119.02,91246.67,1055.36,4669.97,11402.316899
400,11,1386.00,90178.96,109700.32,1054.55,5390.82,13075.997519
400,11,924.04,69668.56,87493.96,1196.64,4918.45,11710.300257
400,11,1005.66,72282.28,90064.98,1174.46,4672.77,11935.471072
400,11,1276.57,79772.09,96609.32,1262.49,4601.40,10973.343693
400,11,891.01,65219.88,81968.81,1073.89,4431.40,11243.636089
400,11,1158.46,75346.75,93533.12,1745.68,4577.68,11863.008635
400,11,948.72,68408.45,86574.70,1215.10,4875.09,12076.054197
400,11,767.77,55518.62,72060.88,1035.19,4098.31,11408.759122
400,11,954.02,66674.48,83597.49,1073.54,4614.69,11234.780123
400,11,936.35,67368.51,85300.87,1250.23,4931.08,11751.052597
400,11,1333.74,82376.45,100930.52,1664.89,4863.58,12025.592108
400,11,896.73,64217.46,80710.23,1168.12,4552.32,10772.319248
400,11,934.37,68674.92,87743.62,1221.79,5105.91,12741.004647
400,11,772.00,57016.13,73198.07,1024.34,4226.19,10931.405457
400,11,1067.88,75139.09,91935.22,1080.80,4994.68,10720.643943
400,11,1304.39,81882.08,99595.64,1001.14,5030.88,11681.536060
400,11,830.53,61789.93,80047.08,1356.83,4809.88,12090.438321
400,11,998.08,71362.50,90089.37,1216.79,4826.01,12684.079427
400,11,1130.39,78385.90,96322.55,1073.21,4860.87,12002.574258
400,11,1216.33,81768.03,99972.38,1573.59,5036.60,11594.166052
400,11,1181.28,81578.14,100353.29,1120.86,5255.30,12398.979068
400,11,1124.08,75819.12,94382.08,1552.93,4710.66,12299.375647
400,11,1104.68,78672.72,95831.31,1102.11,4817.95,11238.526761
400,11,891.44,63977.17,81827.09,1189.74,4691.21,11968.969660
400,11,853.34,61867.02,79587.13,1109.88,4304.00,12306.235587
400,11,961.91,67012.82,84521.71,1093.18,4637.38,11778.338918
400,11,964.26,68933.80,85886.04,1105.16,4683.04,11164.033361
400,11,1043.60,71775.35,89871.45,1565.63,4720.59,11809.876031
400,11,894.80,65229.01,81556.99,1115.45,4500.75,10711.782947
400,11,943.85,66638.07,84887.92,1044.77,4588.08,12617.006114
400,11,1364.40,90939.57,109865.05,1065.14,5534.67,12325.674180
400,11,871.46,64096.91,81129.18,1078.53,4557.48,11396.255646
400,11,927.84,69571.66,88483.55,1379.63,5052.34,12479.916635
400,11,768.99,57864.07,74582.78,1119.37,4321.71,11277.627452
400,11,728.98,56342.89,73644.65,1190.25,4450.60,11660.914296
400,11,819.00,62116.49,77902.28,1085.45,4383.75,10316.589316
400,11,833.99,63980.69,79093.47,1094.28,4487.76,9530.737167
400,11,1189.77,81541.90,99954.34,1171.02,5284.05,11957.369215
400,11,1046.52,76592.94,93870.99,1200.24,4994.88,11082.931562
400,11,856.56,62457.20,80901.99,1288.08,4860.59,12296.125020
400,11,1109.52,78032.34,95667.39,1110.36,4954.09,11570.608385
400,11,1182.74,84030.46,102371.85,1278.69,5497.81,11564.897307
400,11,1120.69,79368.33,97985.23,1276.33,5444.32,11896.258112
400,11,920.92,62192.59,79861.80,991.59,4227.34,12450.279336
400,11,892.41,64321.10,81322.08,1075.21,4680.77,11245.001831
400,11,1061.11,74103.47,93126.89,1242.13,5108.64,12672.653810
400,11,1147.22,78303.30,95823.20,1147.57,5038.89,11333.432477
400,11,1022.25,70465.60,88322.07,1094.29,4885.06,11877.125696
400,11,804.17,58723.99,74283.18,1035.34,4133.67,10390.179071
400,11,1006.49,71546.50,88296.03,1066.79,4755.96,10926.775719
400,11,1030.39,71700.52,89510.68,1246.44,4928.53,11635.183278
400,11,1033.14,71649.98,89735.10,1113.34,4786.61,12185.164685
400,12,941.32,67220.80,85388.18,1256.66,4962.97,11947.750666
400,12,1287.85,84901.30,105256.60,1561.32,5321.86,13472.132455
400,12,1116.87,73707.29,91642.18,1036.78,4602.30,12295.793993
400,12,1143.81,82358.99,101853.20,1281.16,5593.96,12619.099781
400,12,1191.47,82031.87,102747.14,1225.25,5329.97,14160.049797
400,12,1186.53,83904.52,104330.54,1395.87,5818.47,13211.673857
400,12,882.54,64687.20,84502.90,1346.63,4876.65,13592.416677
400,12,1038.08,74025.70,93361.18,1345.44,5254.37,12735.681427
400,12,1015.52,70708.78,89415.73,1194.87,4963.73,12548.339070
400,12,1089.60,75229.27,93529.79,1158.58,5023.41,12118.535458
400,12,837.43,64232.27,83207.49,1533.69,5419.05,12022.468258
400,12,750.07,61194.28,80540.07,1501.29,5093.72,12750.789543
400,12,1026.39,71077.63,88910.34,1029.62,4767.64,12035.442331
400,12,993.97,71917.13,91674.09,1326.13,5212.21,13218.619931
400,12,1036.03,72331.84,91167.60,1158.45,4961.32,12715.986919
400,12,1113.49,74659.36,93630.31,1082.86,5031.85,12856.239746
400,12,1303.66,86469.61,105741.28,1062.71,5153.04,13055.920217
400,12,1026.13,72857.88,91606.08,1159.84,5139.88,12448.469763
400,12,1324.82,92123.72,113004.26,1373.86,6214.30,13292.384531
400,12,1295.15,86326.17,105922.89,1117.56,5447.80,13031.358724
400,12,1170.37,76216.82,95414.01,975.79,4767.87,13453.536607
400,12,970.01,69990.99,90344.62,1368.75,5302.79,13682.085219
400,12,1377.41,93713.45,114770.62,1329.51,5893.86,13833.797709
400,12,1110.80,75561.89,94194.17,1100.11,5075.62,12456.548154
400,12,1162.65,79703.66,98882.58,1206.74,5185.80,12786.381752
400,12,949.59,69726.17,87821.54,1283.00,4934.59,11877.786572
400,12,1335.47,89981.13,110214.47,1350.96,5757.89,13124.486918
400,12,1174.77,80549.91,101249.18,1316.00,5534.25,13849.023656
400,12,905.05,68399.66,87859.74,1326.84,5091.26,13041.972469
400,12,1193.92,85777.71,106170.37,1267.88,5725.63,13399.148262
400,12,1222.00,81291.88,99764.01,1030.46,5034.59,12407.083995
400,12,873.68,67408.16,85948.61,1359.97,5150.73,12029.757259
400,12,1233.67,83167.42,103674.72,1181.33,5560.51,13765.465478
400,12,1027.03,74270.13,92784.29,1262.69,5103.95,12147.516458
400,12,1018.13,71498.69,89880.18,1144.27,5059.54,12177.677662
400,12,1129.26,81260.39,100379.74,1844.97,5731.50,11542.892102
400,12,1157.38,80609.89,99416.14,1058.27,5029.56,12718.433157
400,12,1067.98,77328.12,96399.14,1382.98,5554.12,12133.905199
400,12,729.33,58628.62,77463.03,1519.57,5063.46,12251.381442
400,12,991.73,74141.33,92523.09,1298.64,5181.99,11901.130520
400,12,889.26,64653.56,81999.70,1202.36,4731.69,11412.089880
400,12,952.08,69492.49,85926.30,1155.74,4745.83,10532.246817
400,12,1292.00,81140.94,101361.06,983.42,4922.38,14314.311796
400,12,969.61,69313.47,88333.18,1350.50,5165.97,12503.248226
400,12,1250.28,82583.65,100897.72,1109.89,5094.75,12109.432320
400,12,1337.90,89664.80,109988.97,1147.54,5622.27,13554.350819
400,12,1007.69,75042.51,94317.00,1469.29,5475.24,12329.963227
400,12,1274.39,87708.67,107789.83,1263.55,5772.48,13045.139900
400,12,1052.91,72807.88,94053.61,1331.45,5361.90,14552.369672
400,12,965.26,67760.47,87449.36,1297.54,5071.28,13320.066545
400,12,881.00,62239.80,81578.77,1215.99,4696.52,13426.457278
400,12,1008.09,70707.64,88632.51,1147.50,4857.04,11920.321753
400,12,987.30,68487.91,86796.27,1123.94,4715.78,12468.635637
400,12,1196.62,84159.01,103405.76,1214.78,5448.65,12583.320553
400,12,1028.04,71779.20,90634.26,1170.58,5006.37,12678.111499
400,12,1407.88,91937.14,110116.03,1010.46,5435.06,11733.377303
400,12,1127.96,79193.43,98353.38,1173.56,5206.30,12780.084637
400,12,992.44,70387.75,88966.78,1212.46,4901.21,12465.358566
400,12,1199.84,79723.09,98755.31,1108.61,5268.82,12654.786117
400,12,953.60,68000.13,86355.88,1316.74,4969.03,12069.976753
400,12,973.06,69141.05,89786.93,1318.98,5376.04,13950.859515
400,12,997.66,69977.19,87962.25,1108.38,4695.04,12181.642501
400,12,1063.40,74670.62,93319.31,1271.71,5176.52,12200.459558
400,12,1218.06,83150.76,102507.46,1115.90,5382.35,12858.460099
400,12,943.48,67430.60,86362.97,1236.97,4802.79,12892.609778
400,12,1286.46,89609.74,110595.81,1307.24,5750.87,13927.972854
400,12,1061.87,78142.42,98342.56,1510.35,5731.29,12958.497444
400,12,1078.75,77879.47,97161.30,1280.43,5473.35,12528.050311
400,12,1220.46,85349.12,105900.17,1325.58,5794.49,13430.988416
400,12,1210.15,84371.61,104448.80,1283.38,5219.71,13574.104570
400,12,985.95,70059.40,88365.75,1062.08,4856.01,12388.261401
400,12,1233.89,86528.72,107086.46,1431.15,5916.59,13209.989799
400,12,1035.16,71614.75,90668.74,1108.72,4941.52,13003.758318
400,12,1070.96,78076.70,98374.48,1456.42,5778.83,13062.541209
400,12,811.29,60491.19,79062.35,1345.69,4781.95,12443.512631
400,12,893.58,67804.90,87116.81,1328.01,5073.51,12910.392187
400,12,1088.56,77306.90,95712.84,1201.15,5257.91,11946.881009
400,12,938.07,66015.41,84616.12,1161.01,4840.14,12599.553414
400,12,1088.55,75424.86,96411.50,1294.48,5506.57,14185.587417
400,12,948.34,68005.41,85782.73,1164.19,4914.26,11698.878985
400,12,1163.26,80949.19,100427.27,1262.07,5496.25,12719.746997
400,12,1039.93,72518.62,91774.49,1220.57,5075.56,12959.746612
400,12,1060.77,72726.26,91076.81,1162.14,4994.43,12193.975604
400,12,1032.86,73368.88,90622.38,1159.47,4915.82,11178.211810
400,12,934.42,74001.01,92255.07,1461.40,5610.84,11181.814542
400,12,873.60,65214.52,85041.09,1348.19,5185.39,13292.997579
400,12,856.80,65998.12,84814.20,1400.06,5187.59,12228.424216
400,12,900.53,65797.62,85412.53,1359.48,5193.18,13062.250299
400,12,1197.77,82239.67,101248.56,1210.86,5412.22,12385.808093
400,12,1048.56,79102.94,98723.25,1595.03,5900.65,12124.630056
400,12,1259.58,86567.30,106023.78,1269.50,5442.49,12744.497623
400,12,1113.28,76413.13,96452.22,1151.48,5273.97,13613.635667
400,12,1001.24,73396.07,93171.15,1407.72,5525.95,12841.416581
400,12,1260.85,88379.63,108554.17,1249.15,5823.91,13101.484838
400,12,963.97,71834.76,90256.62,1254.13,5144.72,12023.015530
400,12,1284.61,88705.10,108821.88,1213.59,5566.00,13337.178026
400,12,885.34,67382.51,84292.00,1240.30,4790.17,10879.020943
400,12,1206.16,80486.76,98371.92,1067.85,5103.71,11713.596930
400,12,1004.35,69427.79,88918.19,1289.11,5248.37,12952.919067
400,12,934.13,66497.02,85732.24,1343.41,5166.64,12725.171136
400,13,1144.48,80129.29,100575.01,1336.06,5596.51,13513.150609
400,13,1086.44,77381.34,97929.31,1286.60,5390.94,13870.422073
400,13,1212.82,81298.24,101028.13,1148.77,5193.15,13387.964415
400,13,1309.35,91307.51,113258.71,1518.20,6329.26,14103.748418
400,13,1108.52,79647.04,103272.89,1554.88,6217.12,15853.841673
400,13,1067.72,74571.59,95959.86,1438.87,5606.42,14342.978769
400,13,1130.11,80275.54,102312.57,1574.68,5862.18,14600.177410
400,13,1004.08,71759.46,92674.57,1365.01,5488.19,14061.914151
400,13,1002.62,71239.77,91963.01,1377.33,5392.78,13953.135189
400,13,1025.18,72968.60,93431.47,1297.54,5291.49,13873.829638
400,13,1047.31,76170.22,95345.16,1265.63,5327.71,12581.605410
400,13,819.98,65195.12,86681.22,1741.74,5903.64,13840.723969
400,13,1068.82,75549.60,96027.34,1337.24,5594.74,13545.760303
400,13,1214.38,83495.42,104317.36,1261.77,5558.96,14001.210770
400,13,1079.06,77249.74,98222.68,1509.43,5813.13,13650.386454
400,13,1173.97,78794.10,99375.09,1102.99,5338.95,14139.057739
400,13,1161.37,83491.25,104450.53,1375.62,5757.87,13825.790719
400,13,1126.09,80130.54,100217.31,1188.33,5585.83,13312.599307
400,13,1652.96,102531.56,123474.92,1107.73,6098.32,13737.303396
400,13,1281.08,86674.46,107617.60,1274.46,5650.58,14018.086821
400,13,1187.64,78583.56,99196.97,1125.50,5120.45,14367.452213
400,13,1249.91,86693.70,108343.96,1422.29,6034.92,14193.043516
400,13,1212.73,81030.49,101391.77,1252.29,5317.04,13791.949781
400,13,1207.76,84094.92,103951.66,1225.76,5623.39,13007.599167
400,13,1065.06,73759.00,94570.41,1335.65,5250.71,14225.041773
400,13,1137.44,79183.36,99309.25,1301.13,5497.38,13327.380933
400,13,1098.51,75574.05,97324.51,1448.64,5685.09,14616.721363
400,13,1084.69,72249.35,92210.80,1092.84,4884.42,13984.194933
400,13,1026.36,76937.66,98512.10,1533.85,5854.79,14185.798745
400,13,1080.25,75650.20,96723.17,1366.86,5454.09,14252.014807
400,13,1121.41,74619.27,94376.57,1155.71,5150.92,13450.656662
400,13,1263.08,86183.86,106882.89,1358.39,5969.54,13371.086348
400,13,1094.44,78859.90,100491.53,1501.55,5956.13,14173.950211
400,13,1277.65,89424.76,109746.17,1323.03,5808.08,13190.301108
400,13,1169.86,82738.40,103534.64,1403.44,5959.32,13433.476869
400,13,868.61,61102.77,78880.80,1069.36,4602.66,12106.003250
400,13,1010.78,75001.17,95520.65,1464.93,5501.71,13552.841639
400,13,951.54,69870.39,89745.01,1376.54,5306.95,13191.132300
400,13,869.80,64178.15,83173.95,1289.18,4846.05,12860.572343
400,13,947.25,70784.76,89687.29,1268.88,5334.73,12298.916744
400,13,1069.92,73713.93,91203.54,1163.07,5027.84,11298.702993
400,13,1115.12,84570.50,104798.26,1712.14,6314.31,12201.309691
400,13,1286.21,83423.53,106072.13,1217.36,5757.72,15673.512622
400,13,1207.11,83068.46,103617.59,1284.52,5804.54,13460.062332
400,13,1111.15,79497.02,99611.52,1388.22,5484.82,13241.462425
400,13,1386.36,93278.34,114352.39,1393.00,5800.85,13880.193143
400,13,1107.05,77366.84,96685.15,1230.41,5110.94,12976.959788
400,13,1322.26,88231.44,109444.57,1139.11,5942.20,14131.814745
400,13,1078.29,76487.52,98238.29,1345.74,5512.26,14892.771466
400,13,1204.25,78469.13,98423.29,1123.34,5172.11,13658.710730
400,13,1087.40,76139.07,97294.67,1317.73,5484.85,14353.032228
400,13,1214.40,82869.39,102099.02,1144.29,5207.71,12877.627664
400,13,991.45,69025.72,89259.23,1235.17,4991.93,14006.410686
400,13,1156.83,79751.80,99916.17,1139.06,5243.92,13781.401384
400,13,913.69,66751.14,87740.63,1447.79,5332.08,14209.621945
400,13,1436.48,96546.89,117336.95,1315.46,6151.59,13323.001658
400,13,1165.43,83430.35,103721.77,1304.41,5681.00,13306.005169
400,13,1041.53,75186.34,95175.20,1346.30,5317.06,13325.505778
400,13,1194.86,78280.20,99263.54,1180.66,5431.39,14371.285715
400,13,991.81,70730.80,90614.80,1331.77,5301.34,13250.882192
400,13,1121.66,81680.30,103373.18,1489.62,5826.71,14376.545407
400,13,1161.25,81661.36,101545.62,1336.76,5504.79,13042.716352
400,13,1155.79,80604.73,99607.78,1203.22,5344.53,12455.308145
400,13,1444.81,97009.04,119374.99,1328.08,6354.74,14683.131608
400,13,1173.59,80000.16,100112.57,1361.22,5848.78,12902.420705
400,13,1234.89,81378.08,102930.28,1239.19,5459.75,14853.262998
400,13,1376.64,92769.78,113481.54,1278.53,5983.39,13449.842387
400,13,1029.85,76655.05,98447.33,1692.45,5990.75,14109.075398
400,13,1278.94,83963.54,105096.94,1235.72,5543.09,14354.591298
400,13,1219.61,82692.75,103976.01,1369.22,5720.12,14193.928226
400,13,1183.42,83126.24,104378.01,1455.27,5941.12,13855.373555
400,13,1403.54,92845.48,114534.73,1280.29,6231.97,14176.989616
400,13,1152.60,80004.08,100730.51,1421.65,5671.05,13633.734303
400,13,1074.72,76054.28,96543.06,1370.00,5432.39,13686.395882
400,13,1153.73,83927.44,104692.82,1526.86,5987.23,13251.294311
400,13,1192.79,83613.78,104834.94,1376.13,5771.23,14073.803017
400,13,1146.53,79838.48,100139.39,1295.63,5482.07,13523.217256
400,13,1486.94,99122.26,120879.36,1302.04,6393.63,14061.432948
400,13,1451.45,95116.96,117710.98,1261.45,6128.58,15203.992462
400,13,936.92,68988.10,89301.29,1498.33,5680.78,13134.075853
400,13,1311.29,89604.26,110703.46,1291.46,5899.76,13907.976052
400,13,971.77,69856.26,91077.59,1479.38,5602.27,14139.681820
400,13,1157.11,79596.94,99358.21,1260.34,5432.78,13068.148572
400,13,1022.17,69890.83,87548.82,1018.26,4632.91,12006.817175
400,13,1071.10,80728.70,99641.94,1421.35,5688.95,11802.945422
400,13,1589.61,101459.41,123373.11,1646.44,6108.78,14158.486361
400,13,1006.49,74133.78,94999.83,1603.03,5670.87,13592.153951
400,13,1322.82,90713.94,111951.46,1433.25,6064.62,13739.646505
400,13,1355.23,87821.79,108480.37,1208.96,5730.26,13719.367156
400,13,912.14,66970.47,86310.39,1412.20,5190.28,12737.436612
400,13,1308.52,88392.92,110080.08,1528.27,6214.61,13944.280215
400,13,1020.11,71225.47,92518.21,1345.54,5409.60,14537.599685
400,13,927.99,72092.67,93835.14,1645.75,5836.55,14260.168732
400,13,1290.70,87185.37,109954.23,1437.43,5965.16,15366.264530
400,13,1133.05,78604.22,99117.47,1385.60,5691.03,13436.629894
400,13,1088.29,76198.76,97695.64,1409.21,5687.09,14400.585850
400,13,1060.65,76093.60,95601.43,1385.43,5447.94,12674.455150
400,13,1217.91,84027.35,103562.67,1289.45,5482.64,12763.235650
400,13,1144.06,77670.02,98991.67,1334.28,5650.52,14336.845705
400,13,1280.63,87394.90,108652.08,1413.69,5837.20,14006.302732
