400,1,73.67,1538.72,4546.12,1547.87,584.14,875.393581
400,1,112.86,3556.98,6395.55,1154.48,436.95,1247.126781
400,1,117.82,3734.19,7186.15,1434.44,584.32,1433.196871
400,1,64.76,1088.98,3788.80,1404.33,508.14,787.351205
400,1,88.87,2283.34,5702.18,1550.64,675.79,1192.411325
400,1,137.44,4957.39,8283.12,1301.13,484.73,1539.855458
400,1,115.78,3530.03,7195.24,1583.73,617.32,1464.154965
400,1,108.69,3290.56,6832.64,1497.06,576.01,1469.007161
400,1,66.30,983.15,4125.01,1551.76,643.14,946.956611
400,1,71.81,1290.42,4723.69,1661.91,585.64,1185.714284
400,1,87.53,2966.59,5660.70,1165.87,370.69,1157.546614
400,1,75.40,1748.06,4619.41,1400.83,518.80,951.724514
400,1,93.50,2781.57,5791.20,1204.98,476.58,1328.059553
400,1,95.60,3226.09,6066.67,1111.23,435.96,1293.380340
400,1,83.22,2423.76,4814.19,1092.61,446.79,851.030840
400,1,143.75,5079.08,8445.22,1347.68,483.95,1534.513559
400,1,126.39,4637.01,8628.84,1687.91,687.97,1615.939538
400,1,115.94,3277.54,6359.65,1129.08,366.51,1586.525849
400,1,114.09,4007.85,7042.34,1254.91,424.81,1354.771717
400,1,89.92,2545.51,6015.28,1459.00,576.12,1434.651272
400,1,123.78,4402.81,7891.76,1432.66,547.16,1509.142569
400,1,82.57,2029.97,5192.50,1363.20,564.03,1235.288281
400,1,116.54,3798.04,6915.26,1285.97,484.55,1346.704053
400,1,122.98,3712.66,7184.07,1397.12,554.03,1520.274040
400,1,114.09,3575.75,6919.99,1234.93,542.75,1566.557843
400,1,76.45,1777.02,4508.34,1343.46,504.18,883.670808
400,1,107.56,3552.86,7000.46,1384.37,648.41,1414.831908
400,1,107.65,4427.84,7406.84,1060.13,372.85,1546.015476
400,1,80.09,2114.84,5320.50,1635.94,562.80,1006.929089
400,1,106.39,3077.14,6241.19,1330.47,459.98,1373.605956
400,1,120.15,3595.71,7052.99,1503.46,540.89,1412.940338
400,1,64.13,1068.31,4140.65,1522.55,692.54,857.245473
400,1,125.43,4284.17,7674.65,1280.63,569.61,1540.234931
400,1,73.97,1711.12,4699.75,1425.30,597.47,965.868545
400,1,104.73,3420.21,7025.16,1572.86,774.34,1257.748532
400,1,69.59,1265.64,4167.63,1559.85,515.88,826.253137
400,1,100.41,2660.78,5682.01,1122.09,489.90,1409.237174
400,1,78.13,1887.72,5017.96,1454.62,601.60,1074.022075
400,1,125.11,4886.35,7843.33,1350.17,426.50,1180.300205
400,1,117.12,4426.07,7504.13,1290.41,533.93,1253.726996
400,1,97.10,2558.22,5546.90,1340.53,492.18,1155.976450
400,1,65.82,1075.65,3983.56,1500.12,615.31,792.485863
400,1,122.66,4299.06,8104.24,1637.23,727.99,1439.958999
400,1,59.58,740.10,3702.49,1556.36,585.77,820.262007
400,1,64.79,1339.60,3947.93,1306.18,409.50,892.653471
400,1,97.58,2882.61,6327.58,1418.70,581.92,1444.341150
400,1,83.19,2304.15,5190.61,1379.54,557.30,949.623384
400,1,113.01,3824.26,7409.72,1454.38,618.46,1512.606685
400,1,83.55,1914.99,5514.97,1699.74,715.72,1184.524641
400,1,61.70,1162.29,4062.83,1434.66,544.17,921.704358
400,1,121.84,3442.45,6965.07,1538.47,648.49,1335.653991
400,1,126.53,4165.57,7268.26,1348.49,497.38,1256.812165
400,1,73.19,1303.05,4531.09,1762.70,656.82,808.520996
400,1,107.36,3673.23,7162.65,1347.82,571.86,1569.732734
400,1,95.22,2493.61,6096.67,1424.59,638.96,1539.508968
400,1,87.27,1724.57,5240.46,1557.55,707.21,1251.128905
400,1,137.02,4544.01,8087.77,1448.83,524.37,1570.564790
400,1,114.34,3584.45,6952.43,1389.45,434.01,1544.510926
400,1,80.14,1919.12,4751.32,1198.31,417.91,1215.972759
400,1,72.39,1140.85,4225.36,1652.66,570.09,861.750361
400,1,91.28,3160.19,6368.61,1373.12,542.51,1292.772805
400,1,102.36,3035.89,5712.64,1125.01,425.18,1126.564211
400,1,92.65,2633.99,5553.85,1383.76,435.22,1100.885176
400,1,66.13,1125.05,4323.47,1603.66,626.86,967.904134
400,1,104.88,2666.27,5877.73,1337.58,486.21,1387.677507
400,1,107.93,3112.86,6475.29,1487.93,616.77,1257.729824
400,1,93.34,2436.56,6136.58,1535.30,662.15,1502.567609
400,1,113.69,2808.52,6875.16,1852.28,748.38,1465.978879
400,1,73.86,1459.93,4241.67,1416.76,488.84,876.142423
400,1,104.03,2272.29,6273.71,1698.80,684.52,1618.108247
400,1,90.30,2688.93,5291.73,1132.24,362.33,1108.239420
400,1,70.95,1537.83,4734.69,1637.79,632.06,927.006668
400,1,97.00,2445.24,6097.04,1629.91,646.61,1375.272961
400,1,70.53,1270.65,4131.44,1386.37,551.92,922.502706
400,1,57.47,843.67,3566.81,1408.75,532.19,782.202985
400,1,112.05,3697.98,7093.93,1309.69,492.47,1593.791562
400,1,122.39,4146.35,7753.22,1466.38,625.47,1515.012959
400,1,88.62,2130.41,5475.80,1542.40,463.42,1339.581995
400,1,76.70,1978.76,5020.52,1417.71,536.91,1087.126859
400,1,79.98,1991.87,4952.96,1173.94,444.81,1342.345147
400,1,98.54,2755.63,5755.50,1343.79,570.44,1085.639231
400,1,74.19,1495.72,4791.90,1713.00,544.12,1039.053901
400,1,64.11,1161.06,4050.09,1507.72,577.20,804.107717
400,1,78.86,1677.69,4849.39,1539.40,477.73,1154.566030
400,1,77.58,1912.40,4601.26,1312.19,532.76,843.899393
400,1,123.92,4558.86,7620.54,1130.38,478.49,1452.815189
400,1,95.16,2422.00,5799.78,1599.35,606.26,1172.160215
400,1,75.22,2098.41,4930.63,1312.22,433.51,1086.498006
400,1,97.95,2599.25,6268.34,1569.39,703.34,1396.356230
400,1,89.88,2311.48,5469.23,1256.79,598.42,1302.543980
400,1,100.17,2756.71,6304.11,1628.09,679.37,1239.934275
400,1,101.70,3203.36,6559.19,1312.30,508.71,1534.821838
400,1,84.19,2647.18,5781.91,1489.45,609.94,1035.341946
400,1,87.01,2118.86,5238.01,1441.33,613.21,1064.612872
400,1,76.59,2027.23,4345.87,1073.03,392.92,852.687898
400,1,110.62,3380.71,6926.59,1572.09,641.22,1332.579678
400,1,79.31,1987.51,4849.64,1453.80,533.09,875.239677
400,1,80.42,2519.65,5095.32,1238.25,456.50,880.914278
400,1,124.50,3726.88,7225.32,1466.89,542.06,1489.491441
400,1,117.56,3745.56,7534.75,1544.42,621.66,1623.121919
400,2,216.15,7335.22,13604.54,2919.38,1057.95,2291.991418
400,2,124.03,1204.48,7767.91,3081.26,1384.47,2097.709253
400,2,239.90,7917.04,14464.15,2782.98,1169.18,2594.950214
400,2,137.60,3691.40,8598.22,2264.56,876.42,1765.846745
400,2,172.41,4784.37,11688.87,2902.24,1271.09,2731.172362
400,2,148.61,3661.73,9993.70,2723.80,1169.92,2438.247474
400,2,263.04,9632.32,16626.10,2983.49,1289.86,2720.421152
400,2,171.32,4585.16,11046.08,2738.94,1227.58,2494.406043
400,2,163.72,3998.37,10220.82,2762.93,1126.65,2332.862909
400,2,175.68,4235.29,10594.34,2840.03,1075.70,2443.319982
400,2,138.28,2807.71,8321.17,2503.27,1025.71,1984.473046
400,2,139.93,3192.83,8181.69,2348.71,822.72,1817.428488
400,2,146.30,3591.45,9330.81,2694.57,928.85,2115.939424
400,2,143.62,2693.47,9246.86,3189.27,1288.68,2075.433807
400,2,116.68,1905.66,7306.01,2705.90,1170.28,1524.169945
400,2,198.80,5559.84,12167.74,3190.10,1126.01,2291.790337
400,2,207.41,6111.11,13226.55,2916.51,1231.08,2967.851659
400,2,163.03,4292.08,10320.54,2600.79,1178.35,2249.314167
400,2,168.34,4001.87,10082.19,2807.99,1125.46,2146.868226
400,2,202.20,6427.20,12647.61,2548.72,1001.22,2670.476328
400,2,184.76,5142.55,11854.80,2987.51,1121.97,2602.757068
400,2,171.67,5299.80,11159.89,2595.05,972.17,2292.871626
400,2,144.55,3267.27,9401.10,2803.11,1083.46,2247.263504
400,2,229.10,7160.98,13987.65,3125.23,1265.26,2436.182696
400,2,199.29,5112.02,11373.07,2918.98,1066.13,2275.943749
400,2,136.76,2525.13,8525.18,2831.14,1320.43,1848.475618
400,2,262.36,9312.99,15601.34,2499.97,1049.14,2739.252289
400,2,147.19,3651.01,9617.48,2766.33,1037.15,2162.990421
400,2,153.27,3257.70,9823.47,3146.81,1245.90,2173.055657
400,2,152.87,3468.39,9684.89,2881.33,1166.15,2169.024004
400,2,159.51,3812.67,9949.07,2806.61,975.37,2354.426125
400,2,158.31,4307.26,10076.12,2618.76,999.65,2150.443521
400,2,195.42,5536.33,12098.72,2883.12,1123.23,2556.045989
400,2,161.84,3561.84,9616.76,2653.10,1171.58,2230.228239
400,2,205.63,5480.71,12804.56,3422.97,1319.68,2581.196311
400,2,141.42,2978.77,8976.13,3052.72,1160.97,1783.669907
400,2,147.16,2938.97,9326.91,3040.44,1145.97,2201.530186
400,2,164.28,4812.31,10600.62,2503.28,924.80,2360.233070
400,2,157.13,3437.11,9230.51,2935.24,1010.21,1847.959536
400,2,173.04,5655.17,11138.50,2486.66,918.08,2078.597819
400,2,149.17,3907.49,10011.76,2799.22,1156.49,2148.565668
400,2,152.33,4002.52,9163.29,2474.32,877.02,1809.436327
400,2,173.68,4387.96,11480.89,2967.16,1260.04,2865.722088
400,2,160.93,4701.15,10576.75,2621.15,1179.47,2074.985163
400,2,142.61,3206.16,8826.12,2487.21,998.12,2134.625729
400,2,175.84,5772.51,11943.95,2520.75,1193.31,2457.382806
400,2,150.35,3249.94,8936.33,2708.78,983.16,1994.451254
400,2,212.39,6266.30,12922.01,2563.40,1130.65,2961.669775
400,2,257.39,10103.97,16984.72,3013.60,1279.74,2587.413571
400,2,153.00,3765.93,9387.06,2720.78,1054.38,1845.973551
400,2,186.02,5457.02,11572.62,2694.95,1008.67,2411.977306
400,2,145.78,2279.41,8735.64,3055.23,1261.15,2139.842686
400,2,164.01,4040.36,9836.61,2836.85,944.66,2014.741804
400,2,209.45,6320.98,12582.11,2586.22,1020.18,2654.722649
400,2,196.11,6314.81,12237.16,2247.10,810.67,2864.585672
400,2,204.16,6865.93,12703.17,2354.68,855.60,2626.963143
400,2,185.26,4653.74,11453.89,3155.63,1219.99,2424.535558
400,2,207.83,5980.81,12732.25,3170.71,1269.78,2310.962987
400,2,150.21,3475.49,9341.84,2805.73,1029.43,2031.190083
400,2,189.91,5974.46,12258.85,2812.62,1210.49,2261.278659
400,2,176.19,4339.12,11103.97,2785.79,1349.76,2629.289268
400,2,135.63,2402.04,8290.13,2738.01,1225.35,1924.728828
400,2,188.91,5582.45,11148.98,2735.39,990.96,1840.178486
400,2,149.50,3270.41,9419.06,2835.41,1144.24,2168.987325
400,2,156.23,3862.02,10167.26,3019.74,1171.59,2113.899262
400,2,174.72,3962.51,10301.14,2836.24,1135.89,2366.507915
400,2,232.44,7642.27,13970.14,2688.58,1039.72,2599.570867
400,2,240.65,7454.58,14432.20,2920.32,1179.79,2877.512701
400,2,127.46,1331.56,7735.31,3445.85,1340.59,1617.320623
400,2,241.32,8300.41,15030.76,2719.51,1003.03,3007.804134
400,2,165.49,4591.60,10216.34,2607.66,1101.71,1915.367675
400,2,132.02,1623.04,7930.64,2960.97,1158.55,2188.086134
400,2,229.04,6812.73,13952.16,3126.67,1271.61,2741.155552
400,2,173.87,4949.96,10833.31,2958.35,1060.56,1864.437453
400,2,139.87,2758.82,8819.08,2938.73,1101.38,2020.142760
400,2,197.30,6069.06,11981.90,2556.53,954.72,2401.588381
400,2,218.77,6674.78,13404.30,2950.08,1096.76,2682.679030
400,2,162.23,4724.34,10412.03,2707.86,949.64,2030.201685
400,2,192.59,5493.48,12086.46,2831.68,1291.24,2470.069458
400,2,175.67,5187.02,11272.30,2530.10,1063.41,2491.770499
400,2,156.97,3351.35,9916.23,3151.98,1334.59,2078.312678
400,2,136.90,1986.13,8228.83,3123.88,986.86,2131.960636
400,2,141.36,3171.36,8669.36,2702.21,930.15,1865.643120
400,2,183.62,5183.02,11086.39,2851.96,999.66,2051.753963
400,2,163.73,4779.69,10110.18,2366.09,900.34,2064.051320
400,2,179.73,4168.45,10502.39,2903.15,1122.94,2307.852380
400,2,183.35,5235.15,11281.21,2814.36,1125.45,2106.243501
400,2,167.68,4290.91,10495.34,3044.94,1166.18,1993.313119
400,2,184.81,4532.36,11169.93,2817.82,983.17,2836.586449
400,2,169.95,4327.41,10776.17,2927.74,1123.17,2397.853145
400,2,218.91,7514.60,13945.08,2707.30,1205.61,2517.564279
400,2,202.29,5947.10,13001.38,3033.24,1254.37,2766.675858
400,2,147.72,2396.82,8920.16,3113.69,1260.96,2148.686834
400,2,154.00,4478.82,10881.74,2862.12,1223.17,2317.625607
400,2,127.19,2207.07,7339.11,2425.37,1006.62,1700.041666
400,2,216.36,7394.39,13877.87,2574.47,1098.66,2810.348976
400,2,164.78,3671.61,10354.21,3415.56,1193.41,2073.635801
400,2,122.06,2415.66,7614.59,2666.09,981.79,1551.051135
400,2,157.18,3878.45,9859.86,2676.88,1056.02,2248.513232
400,2,187.40,5224.84,12459.14,3050.62,1237.08,2946.590754
400,3,240.57,6081.14,14961.20,4233.95,1701.75,2944.359519
400,3,266.51,6632.53,15986.73,4309.28,1622.39,3422.527267
400,3,313.88,10565.05,19800.46,4093.11,1494.88,3647.418320
400,3,195.40,3878.12,12088.92,4203.60,1538.05,2469.156347
400,3,309.65,8288.25,18514.64,4363.72,1844.99,4017.672895
400,3,269.19,6960.27,16517.83,4338.39,1620.14,3599.031245
400,3,312.11,9861.90,19609.94,4336.55,1669.10,3742.377910
400,3,245.57,5743.22,15629.13,4480.75,1834.37,3570.780417
400,3,226.67,4723.23,14092.07,4320.72,1648.80,3399.318601
400,3,233.14,5280.27,13796.83,3634.03,1393.82,3488.711362
400,3,275.12,9184.39,17704.53,4050.14,1544.66,2925.348286
400,3,168.88,1919.21,10429.13,4300.64,1655.74,2553.549886
400,3,210.09,4355.34,13188.20,4403.60,1719.83,2709.430460
400,3,252.04,5745.59,15564.30,4381.20,1945.65,3491.858987
400,3,152.59,237.42,9626.19,4696.18,2082.07,2610.520508
400,3,290.72,8672.26,18432.71,4313.04,1666.34,3781.069219
400,3,293.51,8252.03,18658.13,4440.12,1735.88,4230.110760
400,3,247.22,5776.89,14880.92,4470.07,1659.29,2974.674049
400,3,210.11,4200.21,13016.62,4122.00,1726.52,2967.896242
400,3,299.33,10295.51,19804.76,3896.87,1810.65,3801.718052
400,3,273.94,7807.79,17451.67,4396.25,1583.15,3664.480962
400,3,297.71,9588.54,18822.60,4175.93,1673.18,3384.963597
400,3,262.31,6875.01,16216.97,4322.11,1672.72,3347.122070
400,3,226.77,5161.73,13524.38,3683.22,1470.13,3209.309040
400,3,258.67,5922.24,15436.44,4460.52,1870.87,3182.813461
400,3,251.57,6642.71,15609.40,4248.36,1720.58,2997.759218
400,3,285.60,7979.30,17363.85,4287.41,1639.46,3457.680083
400,3,247.22,6407.36,16356.19,4761.95,1917.25,3269.627810
400,3,277.84,7505.80,17080.50,4363.97,1800.53,3410.201435
400,3,262.45,7065.88,15873.47,4110.82,1410.81,3285.961796
400,3,203.66,4656.07,14142.88,4427.22,1797.82,3261.773211
400,3,271.82,7821.57,16723.08,3936.74,1571.59,3393.188332
400,3,298.49,10254.67,18924.04,3879.39,1304.41,3485.574539
400,3,260.87,8106.66,16857.03,3886.98,1437.26,3426.126011
400,3,330.59,10559.57,20109.48,4130.59,1757.64,3661.674949
400,3,246.88,7091.06,15125.04,4055.48,1494.88,2483.618196
400,3,215.16,3696.95,13629.07,4477.96,1978.43,3475.723915
400,3,268.64,7601.52,16283.86,4151.40,1577.72,2953.224251
400,3,239.37,5760.88,14563.53,3928.35,1417.37,3456.931704
400,3,214.97,4476.27,12727.14,3932.02,1500.39,2818.458672
400,3,200.65,3355.36,11737.24,3874.96,1501.21,3005.712340
400,3,195.50,3656.84,12178.33,4178.47,1740.76,2602.253821
400,3,255.80,4377.70,15402.79,4668.37,2000.26,4356.462623
400,3,226.64,5438.74,14258.14,4376.55,1675.06,2767.792879
400,3,192.19,3202.06,11510.68,4016.00,1738.74,2553.894277
400,3,295.49,9174.12,18669.90,4155.74,1629.67,3710.368245
400,3,220.97,5835.92,14313.80,4115.51,1617.26,2745.110018
400,3,240.73,4937.94,14516.03,4292.43,1604.17,3681.498343
400,3,226.99,4590.79,14129.91,4445.33,1821.50,3272.284131
400,3,187.55,2973.78,11739.34,4282.77,1827.04,2655.736737
400,3,265.63,6780.08,15866.31,4426.97,1475.00,3184.267885
400,3,341.14,11643.40,21032.97,4575.97,1662.99,3150.606251
400,3,206.63,2963.62,12643.05,4508.09,1911.18,3260.164595
400,3,225.30,4867.32,14031.66,4210.16,1481.98,3472.197596
400,3,275.94,6931.15,16877.00,4590.50,1569.50,3785.846031
400,3,292.04,9370.65,17992.46,3901.61,1514.01,3206.186051
400,3,242.60,5699.85,15807.65,4411.13,1744.98,3951.679974
400,3,270.15,6537.19,16391.13,4734.77,1650.27,3468.905423
400,3,323.47,12096.36,20545.17,3827.91,1408.08,3212.822678
400,3,230.16,6084.05,14549.68,3622.97,1596.39,3246.266340
400,3,230.50,4665.73,14861.19,4405.05,1967.62,3822.796015
400,3,262.70,6327.57,15782.79,4554.43,1606.48,3294.312149
400,3,206.66,3888.86,12840.86,4615.73,1689.37,2646.897044
400,3,245.50,6023.84,14818.45,4180.02,1606.97,3007.620019
400,3,268.29,6897.75,16216.16,4558.62,1494.27,3265.519396
400,3,281.41,8496.10,17579.22,4275.45,1557.23,3250.437993
400,3,261.91,7724.35,16719.17,3981.08,1676.44,3337.298152
400,3,318.82,10375.09,19794.46,4128.19,1438.32,3852.858888
400,3,228.03,5584.10,14671.26,4286.28,1756.10,3044.786447
400,3,287.27,8693.16,18465.20,4142.95,1577.29,4051.801991
400,3,174.64,2597.51,10632.50,3784.13,1513.11,2737.746846
400,3,256.30,5957.18,14975.55,4067.06,1613.76,3337.545722
400,3,362.45,12871.04,21945.19,3795.72,1569.19,3709.248612
400,3,228.08,4677.93,14276.22,4863.07,1751.66,2983.555303
400,3,208.98,4215.59,13311.76,4246.86,1769.71,3079.593805
400,3,232.75,5168.20,14888.19,4630.04,1828.84,3261.107868
400,3,272.01,7577.96,17053.07,4271.67,1496.38,3707.069080
400,3,287.69,8573.88,17644.52,3995.99,1494.69,3579.956556
400,3,263.52,6751.55,16872.41,4526.85,1984.02,3609.985622
400,3,299.41,8751.08,18351.61,4795.13,1667.05,3138.348742
400,3,237.61,5057.87,14146.95,4083.46,1536.44,3469.192261
400,3,275.96,7510.89,17083.73,4674.17,1779.43,3119.241163
400,3,250.29,7786.93,15697.05,3856.14,1341.71,2712.271526
400,3,267.99,7286.72,15943.15,4029.91,1464.81,3161.702662
400,3,186.91,4304.67,11450.75,3432.94,1104.09,2609.052283
400,3,288.60,8934.00,18084.60,4176.20,1713.03,3261.366450
400,3,219.16,4835.69,13047.60,3891.36,1539.80,2780.749909
400,3,238.93,6503.98,14875.84,3736.49,1579.19,3056.171449
400,3,219.80,4818.44,13781.90,3856.65,1552.48,3554.332175
400,3,296.34,8268.14,17621.18,4165.06,1666.33,3521.657698
400,3,299.69,8427.92,18501.18,4293.66,1778.68,4000.919254
400,3,259.93,6443.02,16660.77,4528.51,1774.32,3914.926293
400,3,251.26,6291.46,15692.83,4326.95,1678.18,3396.239762
400,3,264.37,7409.77,16645.01,4115.04,1556.60,3563.598968
400,3,199.48,4019.02,12152.98,4042.18,1643.56,2448.215613
400,3,372.25,12506.57,22339.30,3899.15,1568.02,4365.567163
400,3,254.27,7401.74,15485.40,3449.60,1221.73,3412.333800
400,3,176.26,2103.63,10715.53,4462.64,1678.80,2470.453512
400,3,268.40,7312.82,16158.00,3821.51,1390.05,3633.619028
400,3,252.27,5508.63,15470.51,4037.80,1825.42,4098.672164
400,4,275.10,5710.29,16739.38,5177.95,1972.69,3878.448157
400,4,324.83,9554.84,21430.58,5605.42,2063.49,4206.836522
400,4,368.16,9724.15,22304.27,5950.91,2282.14,4347.074102
400,4,273.46,6359.98,17204.86,5332.77,2218.50,3293.606270
400,4,427.19,12481.04,25886.98,5752.62,2324.17,5329.157848
400,4,347.14,8652.00,21510.89,5867.60,2294.18,4697.097736
400,4,371.00,9560.29,23091.51,6383.26,2364.64,4783.321035
400,4,304.60,6505.71,19035.85,5798.67,1965.82,4765.658083
400,4,291.60,6214.43,18631.02,5758.38,2347.94,4310.257889
400,4,307.06,8460.92,19773.91,4948.80,2051.33,4312.857277
400,4,306.26,7679.39,19596.63,5720.56,2074.83,4121.852770
400,4,270.72,6000.25,16786.36,5315.33,2200.68,3270.093472
400,4,350.56,10087.98,23113.68,6478.42,2661.50,3885.774205
400,4,270.03,3403.80,16270.31,6023.33,2510.73,4332.464253
400,4,237.71,3191.77,14670.31,5928.80,2138.58,3411.156914
400,4,341.24,9076.23,21660.79,5841.44,2287.08,4456.035381
400,4,354.14,9316.55,22620.43,6297.69,2339.20,4666.980145
400,4,315.16,6424.84,19260.97,6315.57,2588.13,3932.419914
400,4,407.75,12205.70,24622.96,6051.24,2458.28,3907.740121
400,4,272.11,4236.81,16346.70,5551.00,2200.44,4358.451198
400,4,376.56,11830.64,24240.53,5441.09,2174.89,4793.909973
400,4,283.94,4523.31,17666.18,6076.92,2600.23,4465.723950
400,4,337.30,9329.31,21222.75,5474.77,2172.25,4246.425884
400,4,285.98,5464.66,17485.84,5735.01,2372.11,3914.058035
400,4,289.75,5715.64,17905.69,5576.52,2300.25,4313.269757
400,4,334.22,8992.57,20980.66,5699.75,2034.05,4254.287679
400,4,352.36,10346.16,22665.72,5743.29,2314.86,4261.407000
400,4,299.00,6686.29,18061.89,5039.98,1996.73,4338.888552
400,4,324.07,8440.09,20888.61,5774.87,2279.07,4394.578431
400,4,366.09,10647.20,22741.12,5444.22,2249.48,4400.214307
400,4,268.18,4994.24,17348.23,5947.46,2354.08,4052.447059
400,4,357.29,10210.61,22058.46,5440.56,2027.22,4380.070564
400,4,274.63,5878.52,17492.33,5234.13,2018.61,4361.071432
400,4,369.53,10764.31,22929.28,5753.95,2218.30,4192.724677
400,4,315.38,6046.67,19116.50,5939.44,2303.46,4826.931196
400,4,239.42,3619.16,14849.83,5740.33,2134.77,3355.575827
400,4,417.88,13688.09,25859.87,5357.79,2186.03,4627.958452
400,4,270.74,5049.26,17522.47,6114.32,2696.90,3661.989729
400,4,294.20,6249.68,18239.50,5737.50,2207.56,4044.757385
400,4,288.95,4704.75,16371.08,5841.08,2290.70,3534.544334
400,4,302.48,7891.68,18851.58,5107.39,1883.38,3969.134806
400,4,289.73,6940.93,17697.83,5516.95,2056.49,3183.464085
400,4,356.99,8746.41,21925.46,5814.74,2113.27,5251.033314
400,4,317.45,8323.17,19923.23,5582.06,2295.21,3722.794564
400,4,229.30,3142.00,14103.99,5528.52,2124.74,3308.731297
400,4,327.22,7092.51,20780.06,6098.16,2552.42,5036.971759
400,4,251.28,4638.12,15879.78,5661.89,2236.12,3343.649299
400,4,360.72,9488.93,22246.42,5753.40,2214.77,4789.312946
400,4,404.17,13545.46,26554.28,6236.96,2430.69,4341.163850
400,4,243.03,2451.17,14655.00,6046.53,2218.13,3939.169922
400,4,339.26,9489.32,21767.16,5780.86,2308.17,4188.816182
400,4,310.92,7727.67,19225.00,5272.64,2119.53,4105.158608
400,4,336.62,9037.83,20695.03,5785.91,2159.13,3712.164372
400,4,347.74,9838.70,22364.93,5831.96,2437.32,4256.953016
400,4,305.82,7356.85,19567.22,5766.72,2232.69,4210.952519
400,4,278.86,5451.80,17767.88,6002.37,2367.55,3946.159404
400,4,406.39,12011.62,24270.26,5356.24,1900.28,5002.116434
400,4,420.09,12880.66,24781.85,5271.40,2120.99,4508.798771
400,4,300.31,6818.89,18671.98,5662.66,2290.85,3899.570398
400,4,345.39,8707.70,20617.62,5483.31,2233.93,4192.672838
400,4,322.44,6352.46,19794.20,6022.36,2324.08,5095.297682
400,4,332.27,9330.24,20286.37,5013.43,1930.61,4012.094273
400,4,338.91,9773.93,20814.23,5298.19,2033.99,3708.112663
400,4,369.26,10572.91,22771.65,5690.69,2154.45,4353.591426
400,4,378.91,10580.86,22936.73,5723.80,2299.15,4332.910690
400,4,278.75,5595.53,18363.06,6315.97,2519.87,3931.685915
400,4,335.37,9119.21,20831.17,5317.57,2047.93,4346.463202
400,4,399.82,11092.23,24362.48,5979.15,2521.46,4769.641849
400,4,317.68,7668.00,20376.67,5755.66,2554.30,4398.709155
400,4,335.91,8075.49,21211.53,5801.25,2411.68,4923.113923
400,4,234.43,2870.38,14607.54,5707.29,2324.03,3705.830384
400,4,300.56,6531.54,18244.11,5384.28,2032.82,4295.471996
400,4,378.93,10395.82,22791.37,5543.54,2009.18,4842.835992
400,4,292.65,6471.46,17954.58,5700.01,2095.66,3687.449846
400,4,330.15,8295.87,20023.56,5385.27,2242.42,4099.989828
400,4,349.06,9127.36,21368.48,5651.37,2339.26,4250.501134
400,4,445.83,15722.89,27973.88,5621.57,2228.69,4400.721408
400,4,297.77,6520.32,18777.75,5776.56,2413.09,4067.775266
400,4,329.06,8728.36,21509.97,5794.48,2519.78,4467.350934
400,4,306.52,6983.76,19291.52,5740.82,2477.14,4089.804550
400,4,370.06,10438.54,23109.20,5629.75,2340.78,4700.130516
400,4,313.81,8060.15,19873.68,5778.56,2287.65,3747.327601
400,4,356.72,10916.61,22325.18,5610.53,2221.23,3576.811361
400,4,358.62,11597.11,21316.98,4284.01,1544.29,3891.572416
400,4,339.91,10228.27,20567.71,5158.06,1941.95,3239.423239
400,4,319.32,7699.09,19747.71,5969.14,2196.48,3882.995778
400,4,337.87,9397.60,20297.21,4851.90,2011.85,4035.854859
400,4,317.89,7739.79,19784.75,5686.16,2100.08,4258.723074
400,4,297.08,7540.05,19684.18,5751.53,2034.92,4357.674443
400,4,345.75,8352.99,21144.03,6000.34,2239.23,4551.474089
400,4,333.03,8421.48,21276.41,5707.72,2268.94,4878.264009
400,4,348.79,10176.30,22862.34,5411.35,2361.71,4912.983929
400,4,307.12,7092.60,19543.06,5707.38,2305.65,4437.428086
400,4,385.59,11469.20,24338.03,5914.19,2415.99,4538.654268
400,4,255.55,5076.80,15641.47,5450.18,1983.53,3130.959183
400,4,339.94,9084.08,20552.58,5190.43,1754.77,4523.300321
400,4,366.91,11185.07,22613.15,5258.69,1992.60,4176.795350
400,4,326.29,8812.10,19006.99,5007.09,1817.21,3370.583919
400,4,265.83,4013.79,16457.97,5671.86,2390.02,4382.298014
400,4,371.85,9839.62,23093.66,5781.15,2234.55,5238.330978
400,5,474.41,15804.09,29945.56,6353.93,2672.56,5114.973829
400,5,508.17,16576.59,31786.29,6927.55,2676.90,5605.244191
400,5,389.36,9234.04,24212.10,7036.67,2769.48,5171.915013
400,5,266.73,2747.69,16635.22,7214.46,2674.70,3998.374073
400,5,355.44,5367.27,21354.56,7236.29,2729.63,6021.365021
400,5,369.43,7715.04,22477.90,6691.78,2595.36,5475.715038
400,5,395.94,8961.26,23915.47,6755.35,2513.49,5685.368568
400,5,527.50,17958.71,33651.67,7267.22,2938.16,5487.577571
400,5,411.85,10335.17,25843.47,7417.78,3012.13,5078.382737
400,5,367.30,7459.66,22993.40,7366.42,3061.22,5106.105353
400,5,402.07,8929.84,24121.40,7209.43,3011.38,4970.748325
400,5,344.31,7457.54,22186.07,7562.68,2902.07,4263.768842
400,5,375.07,8103.86,22974.52,7028.61,3201.64,4640.404031
400,5,370.46,7982.18,23214.90,6726.69,2548.74,5957.291750
400,5,413.77,11140.28,25590.96,6997.64,2964.12,4488.930299
400,5,482.58,15624.16,30966.74,6804.24,2991.46,5546.884909
400,5,461.67,14948.23,28368.29,5707.64,2002.61,5709.812894
400,5,299.99,3358.77,19005.99,7584.66,2905.10,5157.467347
400,5,352.20,7644.28,22477.58,7131.15,2837.03,4865.128502
400,5,475.13,13765.50,29591.37,7509.09,2822.42,5494.360167
400,5,469.20,14024.23,29425.48,7255.54,2623.94,5521.779209
400,5,391.38,9471.22,24525.43,7161.15,2674.94,5218.116517
400,5,346.31,7280.92,21337.41,6334.61,2529.01,5192.863828
400,5,402.68,9319.87,24319.00,7233.39,2806.55,4959.205166
400,5,411.74,8710.58,24663.39,7966.35,2872.94,5113.527905
400,5,365.62,7594.04,22922.80,7586.37,2860.04,4882.348564
400,5,329.73,5324.80,20511.46,7491.75,2658.14,5036.766653
400,5,421.06,10961.36,26607.94,7250.79,2854.07,5541.718814
400,5,461.31,12266.14,27661.10,7102.90,2922.04,5370.010540
400,5,411.70,11088.56,25819.16,7084.31,2488.37,5157.926271
400,5,308.04,6608.62,20225.75,6680.10,2625.81,4311.231681
400,5,353.58,6514.72,22020.80,7614.82,3064.02,4827.240783
400,5,431.58,10785.75,26513.50,7365.46,3071.60,5290.689573
400,5,337.26,6661.53,21055.28,6383.54,2518.08,5492.129757
400,5,533.95,17331.82,32148.37,6707.58,2475.38,5633.588960
400,5,319.46,6809.23,19950.22,6509.79,2531.19,4100.005816
400,5,427.30,11732.45,26735.79,6845.57,2935.67,5222.101960
400,5,309.62,5881.71,19560.95,6592.63,2604.62,4481.990874
400,5,376.99,8832.99,23603.86,7171.96,2707.70,4891.211851
400,5,334.13,6239.69,20538.31,6990.62,2815.83,4492.160769
400,5,451.02,14086.40,26692.61,5788.59,2175.47,4642.153009
400,5,377.03,9059.55,23115.90,7144.84,2908.70,4002.813788
400,5,429.55,11326.26,28005.61,7369.06,3205.69,6104.592568
400,5,380.64,8673.71,23559.90,7084.44,2833.32,4968.426958
400,5,384.52,9193.53,23780.13,7082.09,2856.62,4647.889221
400,5,472.59,12784.05,28800.69,7334.08,2738.11,5944.455880
400,5,325.16,6252.98,20618.66,7108.25,2916.85,4340.577765
400,5,435.63,10702.27,26349.46,7252.77,2901.96,5492.457308
400,5,444.03,11057.69,26880.13,7126.18,3077.53,5618.730505
400,5,400.78,9961.80,24919.84,7326.04,2828.33,4803.669410
400,5,352.69,6469.07,22058.58,7636.50,3099.87,4853.140937
400,5,406.55,10247.45,24507.82,6756.16,2509.32,4994.886187
400,5,308.85,4320.35,18599.21,6567.08,2608.49,5103.292990
400,5,442.23,12469.09,27346.11,7288.24,2822.91,4765.865182
400,5,462.06,13844.53,28340.19,6733.81,2556.66,5205.191397
400,5,354.70,8254.46,22057.24,6604.41,2370.72,4827.648156
400,5,341.31,6189.07,20886.79,6784.58,2637.93,5275.204833
400,5,485.34,15327.70,30204.51,7040.37,2737.86,5098.586477
400,5,350.52,7011.92,22118.12,7479.26,3064.91,4562.022590
400,5,329.54,6802.76,20984.03,6536.70,2823.04,4821.526046
400,5,397.77,10660.55,26106.72,6894.13,2941.77,5610.271904
400,5,377.44,7616.20,22716.73,6825.98,2767.28,5507.281299
400,5,400.31,10108.35,24213.08,7057.65,2802.50,4244.585579
400,5,321.68,4545.54,20256.73,7538.06,3225.11,4948.013133
400,5,325.87,4847.84,20084.20,7455.60,3127.38,4653.384376
400,5,341.30,6567.57,22427.76,7576.14,3185.94,5098.105594
400,5,400.15,9950.65,25179.31,7043.56,2893.69,5291.419540
400,5,354.75,6386.70,22198.28,7387.21,3003.10,5421.278287
400,5,429.89,10846.09,26569.14,7392.80,2959.80,5370.451246
400,5,414.07,10540.34,25912.73,6743.40,2539.02,6089.969845
400,5,395.51,9740.55,24306.56,7088.05,2730.18,4747.780363
400,5,425.99,11924.70,26233.66,6791.61,2655.11,4862.250521
400,5,471.08,14817.49,29959.98,6760.66,2802.65,5579.181840
400,5,415.57,11111.04,25136.94,6570.94,2608.94,4846.024279
400,5,339.38,5981.54,20997.56,6805.43,2751.41,5459.181302
400,5,369.31,7648.01,22822.47,7019.38,2699.65,5455.434699
400,5,399.31,9161.19,24447.20,7122.32,2576.99,5586.704092
400,5,403.35,10451.68,24462.29,6826.02,2560.45,4624.138458
400,5,451.99,11141.71,27166.89,7642.80,2763.83,5618.552783
400,5,346.13,6695.38,21920.26,7008.50,2835.18,5381.197922
400,5,384.36,9602.94,23765.17,6282.09,2586.66,5293.482886
400,5,389.15,8950.97,23494.71,7091.20,2851.89,4600.633682
400,5,378.31,9563.25,24329.34,7197.72,3010.82,4557.550779
400,5,372.09,9955.33,23386.46,6337.23,2371.90,4721.991596
400,5,392.91,10339.67,23894.93,7014.00,2693.58,3847.686424
400,5,361.36,7844.95,22810.78,6856.06,2829.33,5280.442732
400,5,332.64,6123.32,20344.63,7093.31,2587.04,4540.954260
400,5,355.57,7956.03,22919.63,7418.38,2902.28,4642.928793
400,5,454.13,12106.89,26812.39,7053.26,2720.75,4931.493660
400,5,376.88,8192.01,23284.52,7402.39,2678.91,5011.208043
400,5,432.96,12955.77,27498.73,6880.38,2746.01,4916.572741
400,5,354.78,4702.36,22171.88,8314.15,3249.21,5906.148694
400,5,419.54,11184.24,26098.85,6883.29,2657.07,5374.242257
400,5,381.73,8551.90,24313.45,7198.43,2994.87,5568.245388
400,5,325.11,6458.88,20607.61,7073.74,2875.07,4199.923588
400,5,424.38,11594.17,26578.52,6893.27,2573.77,5517.313183
400,5,347.48,8444.72,21544.14,6393.42,2151.14,4554.869779
400,5,371.40,8388.85,22592.08,6795.17,2969.51,4438.551385
400,5,372.94,8394.30,23393.00,7361.74,3010.21,4626.751413
400,5,345.65,5082.47,20464.83,7095.64,2736.24,5550.480080
400,6,426.93,8269.65,26511.98,8904.36,3695.00,5642.961901
400,6,523.47,13943.15,32774.02,9007.17,3513.04,6310.665084
400,6,505.18,12850.26,30178.14,8298.82,3104.06,5925.002767
400,6,415.29,8487.23,25769.00,8796.24,3641.19,4844.343745
400,6,471.55,10418.23,28581.66,8229.44,3122.92,6811.082574
400,6,494.82,13750.58,31720.44,8855.66,3456.46,5657.729298
400,6,489.69,11432.05,29561.41,8192.25,3385.63,6551.483228
400,6,471.20,11245.14,28342.49,8055.73,2917.11,6124.514454
400,6,354.81,5737.36,23540.77,8677.01,3715.62,5410.788989
400,6,522.89,15017.00,32638.88,8968.06,3444.08,5209.752086
400,6,440.12,10852.23,26803.37,7552.15,2754.77,5644.224548
400,6,394.22,8312.54,24805.70,8152.26,3164.99,5175.915331
400,6,442.73,8695.07,28053.76,9472.88,3664.07,6221.741558
400,6,491.75,11324.10,30004.00,8441.90,3640.61,6597.385857
400,6,432.02,9694.87,26996.20,8175.94,3057.28,6068.106117
400,6,495.80,14447.98,31910.19,8288.81,3359.74,5813.662301
400,6,579.93,17112.83,35489.77,8323.65,3364.05,6689.240919
400,6,343.72,4448.71,21909.49,8474.76,3294.83,5691.198996
400,6,403.20,7611.56,25562.90,8793.29,3555.69,5602.358379
400,6,402.78,7472.83,25402.10,8212.73,3285.95,6430.591100
400,6,445.26,9366.02,27714.56,8662.50,3437.02,6249.008091
400,6,489.54,13590.06,31537.68,8794.37,3599.39,5553.862228
400,6,339.31,2166.49,20779.85,9113.48,3683.79,5816.083551
400,6,475.63,11853.86,29747.16,8910.43,3444.17,5538.697601
400,6,572.63,17610.81,35063.98,8191.81,3193.25,6068.112611
400,6,475.74,12078.86,28843.16,7972.32,2878.69,5913.303106
400,6,450.35,10421.19,28790.97,8814.04,3758.22,5797.513267
400,6,441.31,9148.44,27153.22,8247.26,3311.09,6446.419204
400,6,452.68,11531.82,29437.51,8630.01,3200.04,6075.641255
400,6,460.45,10758.53,27926.04,8434.55,3367.39,5365.581588
400,6,438.51,8834.09,27420.67,8980.20,3572.83,6033.560333
400,6,434.27,9681.46,26896.89,8583.58,2886.38,5745.471083
400,6,457.07,9202.01,28793.92,9413.37,3828.20,6350.338157
400,6,475.18,11837.14,30460.50,8958.94,3578.84,6085.584848
400,6,549.17,16766.16,33908.32,8265.60,3197.00,5679.563971
400,6,406.40,8915.95,25162.04,7941.18,3194.41,5110.497785
400,6,498.46,13420.41,30555.34,7887.26,2868.66,6379.009684
400,6,488.62,12927.06,29876.44,8127.98,3025.69,5795.708303
400,6,474.70,13345.38,29435.40,7900.91,2914.61,5274.498340
400,6,379.59,6261.27,23573.75,9144.29,3260.43,4907.764154
400,6,457.91,12345.24,29030.25,8264.16,3282.27,5138.588512
400,6,410.25,9667.88,25423.41,7644.08,3126.81,4984.644551
400,6,435.17,7449.67,28142.68,9505.33,3756.70,7430.984769
400,6,402.73,7559.46,25236.22,8589.23,3533.30,5554.224258
400,6,493.17,12644.06,29670.56,8520.50,3201.88,5304.121545
400,6,584.35,17472.28,35257.93,7876.66,3096.62,6812.363825
400,6,388.92,7522.15,24388.06,8341.23,3205.32,5319.366466
400,6,484.36,10975.33,29546.85,8942.27,3455.13,6174.116905
400,6,523.98,15692.97,34250.89,8642.28,3271.00,6644.644220
400,6,346.59,4227.60,21631.23,8737.74,3467.80,5198.091339
400,6,483.33,11321.85,29602.65,8991.75,3528.48,5760.575808
400,6,544.51,16883.13,33030.78,7480.50,2787.44,5879.712959
400,6,447.67,9597.93,27224.22,8400.37,3358.44,5867.485508
400,6,481.14,12087.46,29034.73,7964.94,3090.20,5892.124490
400,6,515.05,13436.32,32049.20,8891.80,3572.87,6148.212042
400,6,448.12,10958.70,27910.80,8398.15,3272.51,5281.440603
400,6,523.73,15607.10,33004.35,8238.80,3339.53,5818.911341
400,6,507.15,15224.25,32995.75,8093.33,3160.45,6517.714723
400,6,409.26,7929.89,25438.82,8256.73,3449.38,5802.810197
400,6,419.52,8466.13,26954.75,9475.14,3514.96,5498.524559
400,6,502.39,13084.95,31183.31,8146.68,3270.29,6681.388047
400,6,468.11,11395.11,29349.47,8486.75,3267.56,6200.045333
400,6,346.68,5598.69,21210.74,8008.16,2808.52,4795.379800
400,6,406.02,8046.79,25757.41,8684.85,3337.86,5687.909581
400,6,342.62,5167.80,21599.29,8155.85,2987.15,5288.493506
400,6,416.07,7785.39,26163.14,8648.56,3534.79,6194.398752
400,6,502.52,13984.71,31447.09,8321.75,3020.72,6119.900355
400,6,449.78,10454.44,28251.41,8688.19,3235.64,5873.152995
400,6,452.32,10525.72,28383.85,8699.25,3231.44,5927.442732
400,6,534.39,14158.72,32942.45,8936.37,3512.28,6335.083368
400,6,389.26,5967.79,23476.71,9102.41,3450.78,4955.729997
400,6,442.57,8026.37,26804.43,8736.14,3757.07,6284.856367
400,6,419.84,7703.71,25445.22,8501.00,3289.73,5950.785889
400,6,473.91,11248.69,29551.48,9315.34,3446.94,5540.507114
400,6,425.08,9171.78,25693.84,8000.87,3038.66,5482.533184
400,6,477.20,11493.30,28723.48,7910.72,2989.76,6329.701652
400,6,477.17,11897.06,28702.51,8007.98,2947.42,5850.049951
400,6,438.92,10144.31,27478.12,8577.16,3695.24,5061.423194
400,6,482.93,11090.75,29149.28,8246.93,3210.56,6601.032048
400,6,416.46,7965.52,25741.17,8403.95,3190.06,6181.643266
400,6,449.43,9243.20,27320.99,8855.58,3335.29,5886.917382
400,6,391.88,8201.45,25291.33,8667.79,3257.38,5164.702742
400,6,410.81,7846.56,25550.28,9010.63,3566.35,5126.750945
400,6,360.07,6503.13,22544.99,7731.92,3130.64,5179.297872
400,6,293.35,1040.77,18694.33,9162.11,4033.88,4457.578879
400,6,504.93,13035.57,30830.67,8310.85,3169.99,6314.256107
400,6,363.15,6614.52,23617.75,8591.23,3341.96,5070.043593
400,6,494.05,12389.01,29865.80,8413.46,3391.08,5672.249755
400,6,421.08,8862.85,26658.41,8506.80,3587.38,5701.383399
400,6,485.24,13802.04,29449.58,7197.15,2591.67,5858.721261
400,6,510.50,12334.97,30624.77,8804.48,3150.69,6334.640654
400,6,494.06,11781.44,30004.61,8556.64,3490.48,6176.049677
400,6,470.51,10144.20,29220.48,9271.53,3822.23,5982.528290
400,6,478.64,10755.87,28876.80,8390.63,3324.11,6406.184224
400,6,343.13,5433.42,21094.69,7796.42,3006.23,4858.620168
400,6,463.71,10398.06,29066.96,8781.55,3591.57,6295.771525
400,6,388.96,9512.52,24972.36,7259.12,3056.92,5143.796106
400,6,434.59,9654.69,26843.37,8867.85,3445.08,4875.751928
400,6,406.45,6905.09,25480.41,8965.12,3773.53,5836.672704
400,6,516.45,15694.44,33279.80,8375.58,3285.22,5924.561668
400,7,466.51,8624.50,28718.78,9824.68,3740.86,6528.741658
400,7,552.01,13839.17,33793.13,9365.19,4015.29,6573.471923
400,7,413.24,4679.01,25358.49,9704.60,4187.10,6787.774061
400,7,505.94,11884.63,31250.04,9558.76,3740.37,6066.286084
400,7,589.94,15598.38,37257.76,9790.15,3894.53,7974.693306
400,7,436.33,5998.50,27885.87,10742.48,4671.08,6473.817177
400,7,597.17,16701.65,37021.93,9460.14,3781.12,7079.020259
400,7,641.43,18866.77,38472.56,9310.94,3529.84,6765.011992
400,7,482.77,8802.29,30121.47,11135.27,4379.65,5804.262016
400,7,457.44,8650.04,28277.80,9742.34,3464.75,6420.663335
400,7,428.13,8550.66,26349.70,8585.35,3019.48,6194.208160
400,7,526.98,12216.40,31081.95,9583.80,3481.20,5800.557993
400,7,502.93,11214.64,30091.62,9364.53,3420.03,6092.416823
400,7,526.87,11837.14,32895.93,9843.57,3431.90,7783.317327
400,7,457.38,8802.53,28562.59,9626.72,3870.66,6262.674063
400,7,566.38,14325.64,35101.24,10017.94,3988.67,6768.991876
400,7,627.79,16246.45,38014.65,9937.32,3911.23,7919.644552
400,7,536.82,11313.59,31959.98,9965.12,3833.39,6847.867454
400,7,409.17,3846.31,25738.14,11098.36,4657.87,6135.600382
400,7,487.60,10131.65,31624.00,10229.23,4251.30,7011.828302
400,7,472.60,9228.24,31476.13,10798.27,4652.48,6797.141511
400,7,481.03,10058.31,31068.91,10313.75,3911.03,6785.813410
400,7,578.33,14085.58,34774.77,10581.21,4069.76,6038.227339
400,7,484.97,10176.16,30548.55,9944.54,3588.31,6839.548855
400,7,512.12,10052.33,32640.16,11186.18,4676.26,6725.393961
400,7,591.36,15653.40,36920.09,10297.17,4062.29,6907.231051
400,7,575.61,15170.34,36432.52,10469.43,4306.86,6485.894453
400,7,437.38,7334.69,27887.99,9847.04,3986.91,6719.339092
400,7,515.80,12017.21,32025.61,9522.98,3803.80,6681.621361
400,7,563.78,15079.49,36576.45,10452.80,4487.85,6556.307638
400,7,450.45,9012.67,28931.51,9773.46,3879.48,6265.896219
400,7,429.07,8300.71,26468.66,8710.40,3255.73,6201.822671
400,7,501.31,10506.88,30716.13,9755.41,3687.68,6766.159393
400,7,547.14,11951.64,32056.94,9572.31,3710.68,6822.317557
400,7,583.38,14548.06,35704.12,9589.46,3893.10,7673.495164
400,7,460.01,9219.95,29496.82,10435.46,4260.57,5580.834612
400,7,539.64,13104.67,32240.23,9226.79,3417.66,6491.112861
400,7,563.58,14712.31,34170.99,9060.57,3691.95,6706.159716
400,7,433.54,7116.53,26445.24,9632.45,3744.25,5952.007278
400,7,419.06,7761.50,25768.13,8824.42,3400.63,5781.579648
400,7,473.77,8025.46,28491.77,10828.27,4005.79,5632.254645
400,7,421.40,7812.95,26088.88,9372.86,3420.05,5483.023122
400,7,539.41,12071.02,33963.53,10088.03,4138.40,7666.080274
400,7,635.80,19778.23,39991.00,9901.22,3861.33,6450.228516
400,7,431.35,5862.32,25783.69,9860.08,4073.78,5987.512286
400,7,609.51,16750.06,36981.77,9070.42,3259.84,7901.451542
400,7,432.94,5837.51,27030.21,10413.79,4398.61,6380.296593
400,7,523.07,11338.13,31407.28,9721.81,3779.16,6568.178525
400,7,521.90,11883.02,32334.98,9624.67,3868.82,6958.478069
400,7,419.17,6702.73,27018.81,10173.45,4229.97,5912.658397
400,7,467.95,7959.42,29302.90,10606.11,4171.64,6565.739652
400,7,535.99,12997.95,33066.24,9632.11,3829.87,6606.308205
400,7,526.84,11825.95,31688.15,10110.90,3794.12,5957.176034
400,7,505.50,10842.90,30979.97,9922.52,3610.84,6603.713758
400,7,565.87,14471.32,33945.26,9060.79,3344.49,7068.652364
400,7,529.89,13343.56,33172.62,9788.03,3857.27,6183.756890
400,7,520.39,12708.34,32490.30,9566.09,3493.16,6722.709243
400,7,574.78,16107.64,37535.72,10013.72,4339.19,7075.160978
400,7,558.10,14478.74,35518.54,10273.75,4163.11,6602.934726
400,7,524.51,12910.58,32420.39,9570.16,3868.35,6071.302750
400,7,617.82,17469.90,38101.83,9616.06,3633.32,7382.545387
400,7,465.32,7618.02,28742.19,10285.89,4143.10,6695.179771
400,7,457.47,8755.88,28426.13,10139.20,3952.42,5578.634953
400,7,604.52,14968.58,36449.33,10618.22,4178.50,6684.029768
400,7,438.26,6382.19,27359.41,10487.52,4208.98,6280.713601
400,7,598.11,17929.05,38890.23,9974.03,4143.79,6843.366347
400,7,642.40,20043.96,38992.11,8473.18,3351.34,7123.628438
400,7,607.61,16883.21,37181.26,9843.52,4067.64,6386.889990
400,7,473.48,9465.08,30128.74,9586.16,3953.34,7124.160719
400,7,511.30,11484.86,31297.56,9381.37,3374.23,7057.112943
400,7,478.75,9595.59,30081.83,9968.01,4086.74,6431.482835
400,7,527.30,11543.95,32649.61,10476.33,3887.56,6741.770735
400,7,536.30,12428.96,33476.78,10382.78,4076.26,6588.778547
400,7,494.20,11398.93,30055.10,9038.57,3371.02,6246.582674
400,7,577.45,14690.62,34232.89,9861.21,3339.03,6342.028554
400,7,596.47,15900.73,36453.02,10218.05,3904.79,6429.443814
400,7,434.21,8059.40,26897.55,8901.90,3429.56,6506.702100
400,7,623.53,17917.94,38680.42,10333.24,4115.88,6313.362316
400,7,544.53,11254.46,32928.00,10099.88,3882.90,7690.760775
400,7,463.13,8733.33,28567.76,9825.10,3757.17,6252.154114
400,7,585.89,15962.24,35610.84,9485.52,3588.51,6574.567820
400,7,429.09,5838.78,26886.42,10246.82,4319.02,6481.804024
400,7,613.46,18615.37,37970.78,9648.98,3510.55,6195.884308
400,7,447.57,7909.18,28241.03,10631.66,4149.41,5550.781699
400,7,529.43,13160.44,31881.69,9764.43,3678.34,5278.491666
400,7,518.32,12320.15,32638.07,9629.60,3790.71,6897.599472
400,7,463.03,8553.12,27995.10,9867.85,3885.12,5689.010145
400,7,596.12,16854.14,37566.26,9938.82,3930.34,6842.957018
400,7,478.04,9621.72,29786.11,9735.30,3894.24,6534.837371
400,7,464.83,8933.46,28372.67,9412.52,3594.88,6431.816870
400,7,511.17,11672.75,30796.32,8704.84,3306.74,7111.992905
400,7,508.15,10588.89,32125.06,10078.20,4026.00,7431.966683
400,7,508.82,10852.01,31698.93,9967.94,3845.45,7033.529179
400,7,485.95,10400.72,31629.24,10163.56,4259.88,6805.075635
400,7,468.72,8958.63,29161.77,10270.65,4056.74,5875.752128
400,7,539.06,12620.66,33436.91,10181.96,3869.88,6764.415122
400,7,528.60,14454.81,33327.86,9351.68,3921.96,5599.407536
400,7,414.62,6709.60,26067.54,9811.52,3748.83,5797.595927
400,7,501.15,10409.21,32086.66,10405.85,4232.75,7038.850312
400,7,544.44,11453.90,32742.73,10126.86,3973.25,7188.717985
400,8,527.08,9838.14,32204.01,11074.42,4465.08,6826.366184
400,8,567.74,12216.14,35488.53,11450.40,4432.95,7389.041952
400,8,539.57,9749.98,32513.63,11291.36,4194.38,7277.916046
400,8,601.95,14385.13,36125.94,11020.80,4288.32,6431.690953
400,8,595.43,13025.93,37245.63,11405.61,4757.28,8056.807312
400,8,566.36,12207.31,35546.77,11337.47,4355.24,7646.750837
400,8,550.19,10986.62,34228.66,11008.53,4220.94,8012.565340
400,8,528.12,7213.74,32645.94,12933.45,5063.16,7435.589396
400,8,540.92,11335.78,33840.88,11171.98,4724.93,6608.196659
400,8,438.94,3913.95,26952.80,11493.49,4602.02,6943.336040
400,8,461.97,6278.42,28349.72,11110.96,4110.80,6849.539434
400,8,469.08,6992.62,29021.18,11179.19,4462.37,6387.003825
400,8,478.47,5588.18,29047.04,11501.02,4527.16,7430.678557
400,8,462.35,6715.29,29882.38,11075.95,4602.86,7488.271131
400,8,575.48,13049.72,35669.58,11207.22,4356.26,7056.373558
400,8,535.16,10024.25,33438.03,11788.79,4518.57,7106.421373
400,8,604.89,14117.54,37566.21,11019.40,4242.93,8186.350773
400,8,525.81,9411.79,32704.26,11375.60,4517.16,7399.722041
400,8,568.23,12455.17,35053.82,11829.82,4477.82,6291.014751
400,8,508.86,8979.90,32094.15,11683.76,4128.08,7302.407140
400,8,591.49,15483.93,38540.56,11188.13,4432.09,7436.418065
400,8,554.02,11941.25,35088.63,10936.09,4473.25,7738.029483
400,8,526.93,9847.04,32488.18,11189.13,4211.73,7240.280976
400,8,521.34,9028.97,32716.43,12146.49,4674.51,6866.463159
400,8,567.95,12092.58,35175.33,11489.30,4201.90,7391.552776
400,8,616.48,14697.37,38568.31,12006.75,4731.11,7133.085478
400,8,646.75,17396.69,40263.91,11004.77,4570.39,7292.057947
400,8,492.08,6736.27,29953.55,11524.69,4588.18,7104.404881
400,8,655.09,15705.05,40894.18,12247.71,5185.53,7755.891078
400,8,558.15,12774.10,35609.34,11564.95,4382.64,6887.647658
400,8,540.61,9909.77,33068.72,11399.53,4474.39,7285.024612
400,8,513.17,9973.59,32138.00,10913.80,4188.96,7061.647763
400,8,559.70,11627.43,35204.61,11701.01,4906.04,6970.131574
400,8,564.88,10900.56,35199.94,12120.23,4924.23,7254.917369
400,8,670.38,19248.10,41292.45,10953.70,3993.24,7097.416901
400,8,482.44,7222.39,29665.90,11293.20,4797.19,6353.126116
400,8,570.27,12660.50,35496.08,11269.18,4062.77,7503.632963
400,8,645.97,18350.28,40904.96,11273.90,4163.55,7117.230004
400,8,496.89,10211.12,32149.02,11018.61,4463.84,6455.455516
400,8,573.11,13810.31,35710.38,11050.74,4360.20,6489.131796
400,8,417.59,5361.06,25392.67,9848.46,3674.33,6508.831180
400,8,639.22,18147.94,39727.02,11169.12,4522.79,5887.166029
400,8,690.24,16690.20,42135.00,11808.68,4559.36,9076.763525
400,8,544.37,9983.00,34256.81,12265.69,4985.32,7022.800427
400,8,492.94,7961.19,30616.11,11637.08,4275.18,6742.655195
400,8,593.54,15917.95,38245.25,10197.70,3815.74,8313.864721
400,8,519.47,11009.78,32666.50,10863.73,4342.53,6450.448009
400,8,552.42,9558.43,32555.77,10770.63,4330.45,7896.260513
400,8,633.87,15298.18,40419.49,12013.36,5046.95,8060.998818
400,8,539.33,10309.05,33960.28,11940.58,5155.03,6555.625365
400,8,492.27,5608.72,30302.98,12295.23,5072.13,7326.902819
400,8,584.24,12074.07,35470.14,11715.23,4677.10,7003.743824
400,8,521.53,9619.29,33059.67,11814.98,4620.91,7004.486747
400,8,540.34,12230.58,33677.63,10555.06,3887.40,7004.594610
400,8,613.97,14123.37,36203.61,10788.59,3905.00,7386.651609
400,8,646.02,16873.79,39794.57,11234.35,4381.82,7304.606542
400,8,526.13,8205.15,31730.21,11536.73,4340.78,7647.545449
400,8,494.25,8484.04,31946.57,11458.12,4560.62,7443.777574
400,8,557.14,9680.19,33448.37,11770.78,4735.47,7261.933766
400,8,622.55,18457.19,40671.91,10984.14,4451.77,6778.812993
400,8,614.94,14211.14,37324.72,11306.24,4173.68,7633.669097
400,8,549.11,12244.24,34725.14,11264.73,4371.03,6845.127598
400,8,479.23,7058.84,30256.43,12355.70,4575.51,6266.373142
400,8,567.40,11602.33,36003.05,12009.37,4862.15,7529.201929
400,8,505.73,8136.12,32079.98,11918.10,4849.23,7176.534313
400,8,658.36,18276.78,41610.25,11342.64,4334.36,7656.468321
400,8,563.88,11997.88,35627.31,11322.39,4320.09,7986.949585
400,8,755.25,22818.05,46637.75,11732.92,4722.19,7364.595153
400,8,541.84,11761.38,34355.18,11005.25,4194.08,7394.470304
400,8,612.49,15563.66,39243.95,11218.41,4605.81,7856.070188
400,8,516.92,10699.16,33287.46,11316.06,4701.09,6571.148256
400,8,465.05,4577.02,28958.33,11994.51,5136.68,7250.124852
400,8,654.92,16315.77,39825.21,11154.98,4512.34,7842.117561
400,8,502.70,8665.97,31370.59,11138.80,4471.37,7094.455052
400,8,517.87,11351.05,32046.72,10063.21,3733.52,6898.929847
400,8,549.76,10492.75,34439.19,11356.81,4597.56,7992.074180
400,8,507.05,8788.54,31242.46,10951.20,4212.83,7289.887156
400,8,517.70,9402.81,33172.58,11888.45,4831.26,7050.067314
400,8,631.27,15783.26,39155.60,10741.28,3968.98,8662.071799
400,8,522.28,8616.30,32017.58,11596.21,4164.06,7641.009172
400,8,563.98,13549.11,33732.88,9780.38,3351.20,7052.184632
400,8,472.35,6329.48,29923.18,11808.90,4924.52,6860.286909
400,8,493.37,8016.34,30768.73,11096.24,4471.72,7184.430892
400,8,443.04,5961.98,27527.05,11148.46,4315.05,6101.556705
400,8,448.27,5035.51,26813.59,11578.12,4373.29,5826.668777
400,8,615.97,16712.02,38898.62,10786.51,4420.41,6979.677508
400,8,484.72,7042.79,29916.20,11797.62,4694.99,6380.798340
400,8,612.01,16938.71,39533.91,10980.84,4434.59,7179.775250
400,8,486.12,6712.84,29754.93,11335.53,4405.65,7300.906588
400,8,602.41,14311.11,36747.77,10874.33,4275.07,7287.263162
400,8,582.05,13657.42,36560.62,10392.69,4037.72,8472.786250
400,8,527.70,8759.20,33202.05,11906.66,4641.22,7894.966620
400,8,585.53,13775.46,35798.15,10790.12,4106.75,7125.829557
400,8,515.54,9137.59,33432.74,11683.12,4820.22,7791.807715
400,8,519.17,10037.48,32240.91,11263.71,4399.57,6540.150827
400,8,548.57,9567.87,33824.49,11853.26,4464.30,7939.055562
400,8,516.83,8261.78,32058.21,12235.81,5425.61,6135.013158
400,8,561.17,13688.72,34724.07,10439.21,4227.20,6368.946556
400,8,486.23,6860.84,29901.69,11388.11,4550.20,7102.535696
400,8,561.97,11953.36,34962.87,10937.71,4071.04,8000.770323
400,9,558.89,8864.10,35075.22,13293.61,5294.70,7622.818982
400,9,539.36,8288.53,33692.43,12826.21,4726.00,7851.691095
400,9,637.43,14946.83,38824.32,11887.91,4504.81,7484.757736
400,9,517.87,7807.64,32633.87,12394.80,4980.40,7451.036124
400,9,598.70,10904.50,37394.69,12820.08,5230.22,8439.894300
400,9,584.05,10605.54,35489.53,12073.90,4886.29,7923.791854
400,9,683.71,15751.95,41208.08,12286.81,4752.00,8417.319499
400,9,571.07,9733.32,34772.84,12125.02,4582.66,8331.840963
400,9,578.48,10150.29,36094.49,12982.90,5358.87,7602.431436
400,9,627.02,13659.33,39641.85,13014.72,5163.73,7804.070838
400,9,578.22,12073.00,35888.56,11559.98,4503.15,7752.436403
400,9,531.01,7042.09,32705.78,13398.70,5225.70,7039.293920
400,9,708.91,18898.69,44789.15,13070.43,5273.50,7546.524259
400,9,646.94,12616.02,39700.27,13144.62,5413.22,8526.410266
400,9,566.78,8810.63,34065.10,13028.73,4533.63,7692.100604
400,9,549.48,9050.90,32929.43,11912.48,4339.68,7626.367814
400,9,539.68,7857.84,33607.05,12387.61,4808.71,8552.897485
400,9,533.92,6990.71,33613.46,13405.36,5403.69,7813.699176
400,9,670.61,16836.23,41408.10,12239.45,4766.60,7565.824295
400,9,607.50,11986.25,36122.12,11410.82,4364.10,8360.956191
400,9,612.96,13697.97,38898.88,12657.51,4945.43,7597.966732
400,9,719.39,19242.92,45626.81,13155.42,5247.59,7980.891587
400,9,739.26,21289.73,44021.29,11299.83,4197.63,7234.106930
400,9,611.55,13243.51,37574.43,12072.23,4768.01,7490.684205
400,9,586.47,10622.88,36231.08,12816.34,5322.87,7468.995268
400,9,641.32,15555.02,40911.11,12907.35,4917.68,7531.042767
400,9,608.34,11266.90,37372.20,12916.71,5101.35,8087.243086
400,9,688.84,16854.11,43290.63,13492.17,5084.85,7859.507671
400,9,581.01,10829.21,37125.23,13216.23,5222.21,7857.580638
400,9,655.86,14371.22,39496.95,12436.83,4804.21,7884.699445
400,9,532.02,7675.31,33235.21,12668.03,4997.64,7894.228787
400,9,600.05,12085.48,37833.77,13017.72,5431.19,7299.390795
400,9,596.53,10626.97,37111.12,13698.74,5015.14,7770.269193
400,9,625.43,12894.36,38452.37,12701.20,4853.32,8003.494282
400,9,555.74,9144.02,34698.69,12601.85,4849.00,8103.814377
400,9,552.52,8107.18,33979.67,13606.33,5084.52,7181.633295
400,9,590.90,11559.85,36255.98,12011.37,4939.27,7745.486917
400,9,497.85,6263.53,31372.97,12317.66,4591.21,8200.570024
400,9,556.47,9590.84,34654.17,12950.21,4915.56,7197.559298
400,9,513.07,6245.93,31182.86,12378.96,4528.78,8029.190009
400,9,547.91,9807.20,34799.16,13033.23,5061.10,6897.630311
400,9,571.94,11941.55,35823.67,12483.65,4769.53,6628.938834
400,9,684.40,13598.91,41655.55,13034.06,5531.35,9491.233675
400,9,540.55,7657.03,33115.28,12881.35,4756.55,7820.356621
400,9,522.35,8470.82,32041.49,11846.41,4397.69,7326.564996
400,9,735.32,19161.74,45629.02,12551.31,4942.77,8973.204173
400,9,636.78,15002.19,39505.38,12102.16,4644.07,7756.958572
400,9,565.97,9991.66,34341.22,12188.29,4445.47,7715.799022
400,9,636.41,13267.58,39544.19,12639.07,4704.49,8933.052313
400,9,618.74,12570.20,38977.32,13618.71,4906.37,7882.027140
400,9,759.11,20845.51,46274.14,13012.01,5116.63,7299.988069
400,9,581.05,10904.67,34864.76,11810.94,4559.61,7589.546482
400,9,645.39,16220.92,40565.89,12064.85,4770.59,7509.531418
400,9,639.94,14361.87,39979.22,12376.24,5006.59,8234.524311
400,9,698.44,16833.93,42722.08,12732.12,5188.99,7967.050663
400,9,659.23,16409.11,40732.11,12541.24,4555.15,7226.626079
400,9,571.52,10136.82,34936.53,12143.53,4642.38,8013.802219
400,9,564.36,9261.77,34130.61,12082.79,4471.42,8314.634009
400,9,513.08,6183.46,32809.46,13147.24,5319.39,8159.360996
400,9,553.82,8762.59,34108.76,12761.12,4820.64,7764.403595
400,9,731.47,19677.83,45574.31,12956.82,4933.67,8005.979556
400,9,599.81,12163.91,37707.75,12947.38,5097.13,7499.325508
400,9,477.35,5027.96,29671.34,12493.26,4845.41,7304.710763
400,9,735.90,19072.31,44961.45,12804.88,5035.76,8048.501203
400,9,618.60,13262.92,38272.96,12718.36,4832.87,7458.814570
400,9,547.44,5525.24,33401.07,13955.50,5592.33,8328.007435
400,9,709.26,19481.51,43835.14,11747.21,4560.51,8045.907574
400,9,602.98,11999.04,37579.73,12907.53,5092.92,7580.244751
400,9,721.74,19796.11,45065.83,12014.86,5297.28,7957.572045
400,9,733.59,18674.48,44641.17,12020.84,4649.42,9296.430797
400,9,511.34,5622.95,31642.44,13634.56,5133.80,7251.132433
400,9,548.56,7177.35,34176.16,13969.21,5514.47,7515.125885
400,9,643.79,12597.05,39102.20,12811.96,5268.80,8424.398585
400,9,532.03,8033.91,33617.40,13132.85,4843.26,7607.380963
400,9,613.40,13345.61,37748.63,12205.02,4648.72,7549.288114
400,9,523.26,6711.46,32769.76,12981.46,4857.92,8218.921032
400,9,598.12,11426.00,37110.64,13275.46,5015.79,7393.390181
400,9,632.20,13143.41,38720.33,13196.92,4996.74,7383.256126
400,9,725.62,18344.54,44164.79,12365.89,4505.11,8949.251299
400,9,597.19,11955.67,36072.40,11707.95,4559.96,7848.832285
400,9,564.81,10854.80,34307.53,11331.73,4324.58,7796.419667
400,9,607.54,13024.77,38521.46,13094.44,5025.77,7376.479592
400,9,651.53,14401.98,40217.75,13072.65,5299.93,7443.185118
400,9,594.71,12775.89,36918.15,12354.01,4770.05,7018.195761
400,9,524.87,8357.42,31659.11,12045.65,4730.00,6526.047088
400,9,691.83,16751.80,42243.74,12658.70,4615.86,8217.381163
400,9,602.96,14336.81,38349.61,12316.86,4540.78,7155.168722
400,9,624.05,12339.33,39128.38,13272.48,5245.47,8271.098735
400,9,578.47,12104.74,37734.73,13284.17,5177.36,7168.459485
400,9,727.21,19777.76,45127.24,12393.63,4939.96,8015.881665
400,9,660.60,13674.04,40807.45,13429.77,5230.66,8472.982544
400,9,726.41,18828.44,45538.66,13205.47,5406.42,8098.334499
400,9,567.06,9895.83,35058.50,12514.32,4669.75,7978.597061
400,9,701.73,17510.25,43970.72,13275.69,5138.93,8045.844025
400,9,586.29,11909.76,36495.21,12389.10,5134.17,7062.179274
400,9,631.86,14842.20,38945.69,11795.55,4602.47,7705.465323
400,9,580.96,10473.84,36212.91,13548.63,5310.77,6879.673455
400,9,575.80,10134.70,35495.36,12908.14,5135.13,7317.395451
400,9,674.55,16453.41,42651.79,12842.24,5014.64,8341.499953
400,9,557.76,9348.43,34251.37,11774.93,5085.14,8042.866827
400,10,625.11,11772.42,38655.14,13746.48,5333.55,7802.695923
400,10,636.82,11156.70,40057.86,14354.88,5826.45,8719.822638
400,10,621.36,12213.42,38411.25,12840.24,5003.47,8354.120909
400,10,555.26,7364.11,34987.52,14080.07,5585.97,7957.368889
400,10,651.83,10714.67,40684.61,14670.14,5970.32,9329.478840
400,10,593.17,9403.12,37173.86,14010.62,5259.81,8500.315004
400,10,665.00,13610.91,40914.95,13730.53,5583.98,7989.540930
400,10,625.38,11073.77,37425.75,13154.45,4896.78,8300.755322
400,10,624.83,10537.23,40059.92,14776.42,6218.13,8528.136122
400,10,527.59,5094.27,32785.17,13965.72,5455.34,8269.837165
400,10,686.42,14383.82,41846.44,13889.20,5378.00,8195.421457
400,10,576.62,9442.11,35873.87,13637.76,5158.87,7635.121358
400,10,838.20,25265.05,51834.76,13528.12,5333.13,7708.452190
400,10,640.74,10832.62,38273.86,13379.23,4985.70,9076.304153
400,10,705.83,15619.68,42620.77,13596.64,5358.73,8045.714663
400,10,637.86,10815.40,39681.29,14156.28,5802.59,8907.017910
400,10,712.31,15442.92,42408.62,13385.24,4919.01,8661.444620
400,10,629.38,10673.25,39577.82,14902.97,5667.37,8334.231624
400,10,722.34,18768.21,46643.51,14325.88,5604.17,7945.246317
400,10,788.94,21261.27,49185.14,13750.92,5582.24,8590.711149
400,10,653.20,11442.29,41236.64,15141.25,6132.01,8521.077746
400,10,680.07,13101.13,42591.33,14870.21,5761.45,8858.542566
400,10,659.08,13356.98,41106.70,14108.96,5722.92,7917.852813
400,10,617.42,10847.17,38601.81,14028.86,5543.53,8182.254383
400,10,687.31,14711.99,42223.52,13684.91,5454.46,8372.163006
400,10,717.83,17039.62,45277.90,14002.11,5876.00,8360.168660
400,10,547.67,6577.59,34625.98,14091.80,5428.61,8527.984519
400,10,597.18,8501.32,37151.14,14550.49,5886.07,8213.259403
400,10,632.42,11485.96,39814.35,14446.59,5527.27,8354.523626
400,10,645.35,10900.07,40140.91,14714.72,6246.16,8279.963810
400,10,644.62,11777.76,38618.60,13387.64,5138.91,8314.294443
400,10,630.10,11338.08,39419.46,14446.74,5749.20,7885.438034
400,10,660.43,13625.70,40970.15,13761.51,5390.08,8192.866302
400,10,606.50,8256.13,37460.41,15017.61,5703.19,8483.479568
400,10,746.56,17997.86,45412.20,13156.44,5196.36,9061.540673
400,10,603.97,10745.78,38055.35,14223.16,5513.84,7572.563307
400,10,794.13,21786.01,48902.32,13117.60,4989.44,9009.270021
400,10,651.92,12897.56,40409.51,14063.30,5691.60,7757.047975
400,10,666.37,14236.30,42114.31,14545.11,6061.63,7271.271474
400,10,513.09,3638.42,31022.27,14050.32,5397.99,7935.537391
400,10,634.81,12479.44,39226.91,14125.45,5517.91,7104.113647
400,10,519.20,5805.83,32559.61,14231.08,5143.35,7379.355067
400,10,910.31,28552.31,56567.64,12807.70,4947.96,10259.662082
400,10,601.97,7508.43,35874.25,14640.08,5302.96,8422.782956
400,10,646.28,12321.25,40766.31,14590.68,5830.84,8023.540860
400,10,741.88,15770.91,45330.66,14796.88,5714.34,9048.516246
400,10,597.93,8336.99,37048.96,14594.08,5942.58,8175.317354
400,10,644.01,12701.18,40524.50,13671.63,5497.37,8654.318035
400,10,599.44,8089.53,36884.04,13944.00,5774.40,9076.114986
400,10,554.76,6889.94,34600.84,13672.20,5592.43,8446.265073
400,10,788.88,20925.73,48498.51,13879.36,5357.33,8336.090183
400,10,789.90,22595.34,47438.42,12382.08,4711.58,7749.414588
400,10,615.19,8395.46,37683.41,15130.66,5847.03,8310.263642
400,10,621.34,10544.33,38219.23,13862.25,5241.15,8571.511670
400,10,668.92,13204.44,41629.79,14401.09,5777.62,8246.642934
400,10,599.31,9035.73,36303.44,14054.88,5235.61,7977.212658
400,10,629.81,11333.15,39021.99,13846.65,5329.33,8512.855363
400,10,669.25,14701.29,40403.74,12761.65,4692.93,8247.861816
400,10,688.61,14344.83,43064.20,14282.18,5741.10,8696.081289
400,10,623.03,11447.16,38697.14,13951.62,5589.51,7708.847941
400,10,742.32,15449.06,45411.93,14730.57,6072.18,9160.106332
400,10,591.46,7908.33,37138.32,14934.51,6128.23,8167.246470
400,10,662.42,14068.37,41016.37,14100.50,5563.77,7283.726617
400,10,679.42,14519.97,42425.39,13996.87,5346.72,8561.824952
400,10,622.27,9854.75,39029.59,14179.52,5689.13,9306.188531
400,10,783.79,19384.09,48047.42,14245.03,5424.96,8993.338821
400,10,737.12,17954.23,46127.84,14086.42,5528.89,8558.296473
400,10,625.17,10947.65,38005.51,13385.43,5153.03,8519.403079
400,10,662.31,12767.34,41642.50,14101.75,5596.19,9177.229101
400,10,653.49,11407.52,40321.46,14352.91,5316.18,9244.859275
400,10,598.23,9104.58,36626.83,14055.95,5385.87,8080.428501
400,10,625.81,10883.31,38073.25,13567.74,5378.55,8243.644362
400,10,587.33,6623.38,36438.95,15561.76,6145.13,8108.679539
400,10,617.86,10660.13,38044.92,13965.26,5349.79,8069.732378
400,10,592.70,9004.27,36397.47,13420.42,5178.04,8794.750215
400,10,656.82,12616.38,40672.21,13907.54,5597.10,8551.194537
400,10,614.25,10730.55,38530.24,14319.09,5620.13,7860.481364
400,10,696.18,15104.34,43180.45,14273.87,5362.61,8439.640235
400,10,728.30,18366.74,46334.38,13380.85,5352.12,9234.664930
400,10,722.24,17320.92,44001.45,13419.35,4963.60,8297.582565
400,10,629.37,11555.00,38711.75,13085.94,5376.50,8694.301680
400,10,581.87,7232.79,35666.55,14429.75,5850.36,8153.652038
400,10,616.97,9964.70,38427.89,14237.57,5678.78,8546.829902
400,10,573.05,9961.53,35760.74,13114.19,5079.09,7605.941625
400,10,490.36,4584.26,30905.42,13622.86,5599.58,7098.731710
400,10,623.91,11036.96,39309.25,14228.40,5743.44,8300.447072
400,10,644.25,12697.69,38890.51,13391.34,4810.25,7991.225200
400,10,639.63,11346.30,38581.37,13663.52,5149.75,8421.795781
400,10,575.61,7378.14,35441.58,14191.50,5794.80,8077.128758
400,10,637.35,10992.61,38841.09,14029.91,5417.92,8400.655907
400,10,628.70,10504.58,39323.60,14714.02,5663.21,8441.788345
400,10,747.37,18154.39,46141.99,13691.87,5399.03,8896.697040
400,10,609.80,9050.69,37695.21,15309.94,5576.37,7758.205905
400,10,599.79,9751.42,37741.09,14192.00,5241.31,8556.363784
400,10,643.56,13355.49,41430.42,14568.12,5873.87,7632.936743
400,10,635.82,10760.02,39816.35,14500.85,5980.39,8575.096083
400,10,611.49,9508.48,37385.84,14808.19,5675.66,7393.519304
400,10,609.22,10527.55,38042.16,14370.42,5364.51,7779.685027
400,10,700.34,14203.51,44191.35,15031.73,5773.07,9183.041563
400,10,836.65,22855.11,50229.62,13498.09,5121.79,8754.642017
400,11,656.83,11201.36,41189.45,15606.41,6045.28,8336.406521
400,11,873.31,20735.37,52256.30,15621.58,6159.00,9740.351310
400,11,694.01,13604.15,43373.34,15372.22,5967.08,8429.888203
400,11,688.71,13135.42,42413.94,15063.36,6019.53,8195.638909
400,11,673.68,9845.80,41953.53,15877.91,6266.55,9963.268779
400,11,718.60,15189.06,45353.22,15138.85,5663.16,9362.147287
400,11,661.02,9391.32,40580.88,15639.41,6010.62,9539.539318
400,11,617.84,6849.18,38386.00,16017.76,6432.99,9086.072642
400,11,712.13,12830.66,43607.82,15894.18,6115.04,8767.944986
400,11,702.82,15959.79,44449.91,14409.57,5389.45,8691.109901
400,11,667.78,11934.15,42136.30,15801.04,6079.08,8322.040861
400,11,678.04,11178.64,40945.16,15757.01,5869.40,8140.102416
400,11,772.33,18640.36,47705.89,14628.61,5663.21,8773.707593
400,11,568.76,5524.97,35061.73,14517.15,5292.59,9727.016676
400,11,624.89,8384.77,39577.82,16237.25,6525.51,8430.290867
400,11,760.89,15127.56,46394.34,16040.38,6089.87,9136.529076
400,11,690.14,13545.86,42473.43,14251.89,5266.29,9409.389302
400,11,699.25,13037.00,43043.22,15325.55,5768.57,8912.092875
400,11,701.80,13169.55,43896.78,15347.20,6158.91,9221.122390
400,11,712.22,13257.05,44639.35,16109.09,6330.64,8942.562617
400,11,695.25,13132.62,44414.21,15831.72,6455.67,8994.197636
400,11,787.78,17825.44,48426.02,15311.04,5809.74,9479.803169
400,11,875.43,23243.67,55205.21,16211.02,6736.53,9013.992562
400,11,666.20,12033.68,41053.53,15076.21,5291.09,8652.549269
400,11,717.28,13767.22,43672.86,15112.24,5738.50,9054.901973
400,11,761.67,16549.79,47792.36,16256.02,6868.49,8118.068733
400,11,650.03,9928.48,41069.16,15496.22,6382.85,9261.618283
400,11,643.63,6903.10,39340.23,16121.30,7022.05,9293.782113
400,11,599.41,6305.58,37721.13,15755.26,6293.58,9366.708698
400,11,765.76,15676.17,47763.54,16393.27,6496.02,9198.078184
400,11,674.21,11314.16,42003.99,15579.16,5875.43,9235.245139
400,11,587.71,3970.87,37003.79,16862.25,7342.15,8828.511991
400,11,721.13,13792.01,44878.72,15858.83,6595.45,8632.440455
400,11,707.98,14173.12,43796.50,15354.08,5808.83,8460.460716
400,11,784.66,17687.57,47650.67,15004.99,5570.19,9387.919859
400,11,517.41,1560.78,32609.35,16315.44,6829.94,7903.193019
400,11,740.53,15408.86,45792.73,15111.03,5871.90,9400.930168
400,11,713.72,14868.28,43966.99,14724.45,5792.46,8581.796091
400,11,605.56,7605.79,37723.33,15567.38,6173.53,8376.639726
400,11,749.91,16080.57,46127.09,15494.41,6007.01,8545.091853
400,11,664.18,12045.36,39501.02,14468.22,5246.93,7740.517528
400,11,580.95,6720.22,35691.03,15342.55,6091.13,7537.127358
400,11,767.40,14987.53,46929.80,15337.83,5558.60,11045.833245
400,11,656.13,11917.17,40385.73,14549.04,5459.57,8459.941044
400,11,742.60,16389.15,46380.96,15649.65,6098.30,8243.860657
400,11,625.91,7038.82,38283.59,15570.18,5998.32,9676.276234
400,11,697.99,12448.12,43014.72,15608.87,6468.37,8489.363529
400,11,720.32,14839.38,44415.51,15151.16,5760.14,8664.836773
400,11,861.70,22020.90,52924.20,15599.84,5929.27,9374.190604
400,11,658.91,10407.37,41265.02,15890.36,6379.44,8587.852325
400,11,639.27,8718.27,39302.40,15549.94,6090.32,8943.869982
400,11,839.03,21753.99,49019.24,13902.01,4875.58,8487.660480
400,11,650.51,8802.07,38973.11,15586.58,6033.27,8551.190779
400,11,784.48,18748.97,47239.71,14153.88,5157.05,9179.804667
400,11,696.11,13081.72,43983.38,15255.33,6042.98,9603.351574
400,11,546.90,3109.67,33295.05,15560.03,5878.97,8746.387949
400,11,694.71,11779.67,42507.95,15836.72,5686.24,9205.323300
400,11,629.79,7762.94,38512.45,15469.49,6508.04,8771.974302
400,11,793.94,20997.05,48103.56,13441.22,4893.29,8772.005836
400,11,620.18,8787.79,38401.88,15554.84,5731.06,8328.182187
400,11,658.51,9496.14,41851.35,16416.38,6498.24,9440.596882
400,11,612.53,8325.62,37076.39,14213.47,5688.82,8848.476461
400,11,717.98,15192.61,44675.36,15215.66,5757.87,8509.211043
400,11,702.32,14680.52,43459.40,14930.46,5453.68,8394.737768
400,11,594.03,4418.82,37549.93,17157.05,6746.78,9227.281443
400,11,666.30,10347.88,42188.20,16163.91,6295.46,9380.939688
400,11,790.08,17810.44,49094.98,15655.43,6075.66,9553.457342
400,11,785.40,18662.29,48276.57,15251.58,5689.99,8672.711927
400,11,770.00,17250.95,47368.05,14918.58,5914.40,9284.125445
400,11,753.45,15515.50,46203.18,15501.26,5925.06,9261.371339
400,11,769.49,17001.17,46625.55,15373.97,5797.58,8452.824233
400,11,640.01,6279.54,38348.92,16569.82,6107.64,9391.917763
400,11,604.41,6860.72,37186.75,15616.12,5663.25,9046.657918
400,11,677.10,10884.23,41018.45,14825.45,6104.39,9204.376742
400,11,690.31,11544.11,42690.03,15790.62,6169.69,9185.612026
400,11,697.65,13100.61,42907.64,15219.07,5932.04,8655.915721
400,11,611.12,9328.06,38272.75,14770.52,5921.19,8252.979936
400,11,654.26,9689.39,39971.70,15143.49,5579.00,9559.810175
400,11,906.29,26621.30,57225.24,15241.41,6099.91,9262.621266
400,11,645.98,10373.85,40334.37,15272.93,5881.61,8805.970120
400,11,669.58,8594.20,41966.26,17499.26,6705.65,9167.154913
400,11,559.88,5086.85,34912.01,15130.24,5830.92,8863.998777
400,11,580.21,4111.81,35978.77,15987.23,6531.23,9348.494445
400,11,618.74,8556.78,38198.50,15623.84,6060.26,7957.624948
400,11,631.42,10160.86,39281.92,15195.13,6079.08,7846.849521
400,11,755.37,15894.15,46464.98,15627.86,6266.98,8675.996266
400,11,700.68,13364.96,44381.63,16124.66,6349.17,8542.846651
400,11,604.96,5430.44,37489.02,16570.98,6514.53,8973.061095
400,11,764.24,17384.80,46860.01,15181.33,5862.16,8431.725484
400,11,797.01,18769.38,49636.61,16086.45,6356.58,8424.201563
400,11,713.94,13748.96,44357.40,15908.63,6233.57,8466.233936
400,11,649.12,9841.76,40091.04,14771.63,5515.02,9962.620407
400,11,620.71,8036.57,38103.31,15336.32,6311.87,8418.550288
400,11,644.68,9046.63,40309.49,15804.51,6451.25,9007.101219
400,11,660.19,11495.70,41799.46,15679.85,6150.20,8473.703065
400,11,695.78,13364.39,43202.92,15029.88,5707.03,9101.617274
400,11,603.64,7174.09,36077.68,15055.44,5651.98,8196.162192
400,11,712.37,14687.74,43675.96,15006.67,5585.63,8395.918433
400,11,693.09,13194.58,43836.36,15328.06,5957.23,9356.486058
400,11,727.93,14577.07,45108.19,15340.78,5683.50,9506.842789
400,12,634.98,7620.77,40063.51,16987.86,6476.52,8978.353056
400,12,809.17,17948.68,49842.56,15841.94,6071.10,9980.841177
400,12,739.61,12982.32,44763.97,16211.22,6115.74,9454.693122
400,12,770.98,14734.52,47837.02,17109.01,6842.94,9150.558393
400,12,777.49,14621.25,47805.43,16684.51,6499.02,10000.658687
400,12,792.28,15876.05,49491.07,17222.51,6918.99,9473.523433
400,12,651.08,6213.22,40297.94,17367.13,6619.97,10097.623926
400,12,678.63,10079.80,42964.05,16807.99,6800.28,9275.978123
400,12,685.70,8684.01,42673.91,17645.28,6773.41,9571.218022
400,12,778.54,14635.28,46745.32,16743.72,6067.09,9299.227670
400,12,595.18,3877.51,37576.32,17838.44,7175.63,8684.740996
400,12,587.86,2363.68,36840.49,17599.41,7383.00,9494.390965
400,12,694.20,12064.24,42936.66,15576.24,5974.58,9321.599380
400,12,674.80,9993.96,42798.33,16867.90,6563.78,9372.700396
400,12,714.85,10880.15,44476.22,17369.72,6528.40,9697.961519
400,12,744.02,13441.81,45378.69,15843.39,6024.44,10069.052367
400,12,855.75,21590.33,52651.74,15452.63,6112.59,9496.189846
400,12,709.35,12013.28,44431.83,16595.76,6697.39,9125.401722
400,12,873.53,20225.28,54579.87,17214.53,7207.89,9932.171700
400,12,797.11,18087.09,49427.13,15875.94,5919.60,9544.503586
400,12,752.55,14528.09,46084.15,16186.81,5572.38,9796.868148
400,12,730.59,11006.78,44853.70,16725.16,6759.39,10362.376794
400,12,903.05,21121.35,56023.80,17755.84,7070.59,10076.016214
400,12,740.30,13619.85,45312.16,16679.97,5871.36,9140.978407
400,12,728.57,12434.54,45213.86,17415.13,6344.63,9019.559552
400,12,706.46,11051.87,43784.78,16973.99,6695.27,9063.641380
400,12,846.39,18658.91,52051.01,17525.99,6643.54,9222.572286
400,12,766.38,14153.45,47934.48,17284.10,6461.05,10035.877989
400,12,644.35,7681.82,41173.95,17055.49,6957.51,9479.135233
400,12,846.93,20135.33,53575.75,17011.06,6701.00,9728.352873
400,12,765.21,15038.56,46303.71,16139.15,5965.62,9160.381761
400,12,646.56,7630.65,41151.74,17370.10,7019.77,9131.215423
400,12,808.57,17017.68,50139.70,16452.56,6480.95,10188.507260
400,12,720.67,13132.01,44995.12,16363.26,6579.86,8919.995856
400,12,724.46,10902.55,43978.13,17130.21,6496.25,9449.123635
400,12,771.12,15430.92,48160.80,17373.52,6855.25,8501.110728
400,12,836.79,19325.74,51211.89,16064.64,6148.81,9672.702610
400,12,742.18,12800.31,46770.80,17826.60,7246.17,8897.717511
400,12,560.27,1566.05,36179.24,17817.22,7458.89,9337.070262
400,12,720.24,12037.20,44720.06,17103.19,6651.15,8928.510702
400,12,614.72,7119.18,38977.71,16982.03,6435.98,8440.520891
400,12,632.43,8375.46,39388.58,16661.01,6743.69,7608.407280
400,12,859.04,18502.17,51495.96,15951.97,5948.03,11093.792542
400,12,643.06,6087.07,39090.34,17222.12,6932.98,8848.173892
400,12,736.73,13558.13,44542.03,15805.81,6069.14,9108.952153
400,12,853.69,21640.85,53693.58,15925.75,6124.85,10002.123034
400,12,696.25,9826.62,43424.69,17693.88,6832.05,9072.137082
400,12,823.24,18564.20,50892.67,16490.48,6312.82,9525.172476
400,12,709.33,11810.74,45931.40,16635.58,6602.46,10882.624065
400,12,684.35,7584.15,41921.86,17397.28,6681.25,10259.186736
400,12,622.47,4504.18,37924.67,17104.87,6520.91,9794.708231
400,12,676.31,10176.77,41611.46,16408.86,6109.20,8916.636527
400,12,686.81,9962.32,42662.22,17132.15,6021.00,9546.748422
400,12,827.75,18496.97,50658.72,16475.83,6462.70,9223.224773
400,12,747.90,12821.19,45205.09,16501.19,6351.79,9530.923359
400,12,832.36,23065.83,52090.30,14788.82,5739.99,8495.669591
400,12,744.53,13239.25,46333.62,16860.13,6767.72,9466.520383
400,12,687.08,10061.26,42381.78,16686.88,6628.52,9005.114921
400,12,802.54,17088.98,49856.63,16372.27,6583.21,9812.166126
400,12,676.63,8470.43,41631.74,17656.97,6483.67,9020.664950
400,12,675.55,8644.76,42765.49,17155.47,6601.23,10364.024523
400,12,685.54,11168.95,42576.55,16032.90,6245.92,9128.785653
400,12,714.30,11623.35,44242.03,16586.09,6524.59,9508.003067
400,12,775.69,15824.97,47730.51,16062.82,6435.89,9406.830842
400,12,677.50,8733.27,41581.94,16934.73,6380.73,9533.214107
400,12,826.78,17859.73,51529.42,16997.59,6783.47,9888.620985
400,12,786.15,14265.32,49043.09,17810.01,7217.78,9749.986604
400,12,766.55,13003.49,46918.26,17817.29,6999.84,9097.634134
400,12,818.75,17715.38,51580.92,17331.78,6776.33,9757.428795
400,12,795.31,16615.65,49511.62,16791.05,6450.72,9654.204345
400,12,699.13,10759.85,42945.22,16516.29,6410.90,9258.177458
400,12,768.09,15522.76,48866.93,17454.69,6695.40,9194.092489
400,12,687.81,11928.79,43718.04,16167.00,6168.60,9453.656019
400,12,735.11,12979.14,46683.73,17308.09,6929.71,9466.791577
400,12,600.26,2542.83,36970.90,18216.58,6923.89,9287.605819
400,12,696.39,9646.87,43592.08,17418.65,6651.46,9875.104525
400,12,714.13,13215.29,44757.36,16495.83,6454.45,8591.798668
400,12,679.56,9607.56,42470.58,16365.69,6398.40,10098.934961
400,12,760.40,13910.61,47977.39,16664.71,6574.68,10827.391213
400,12,704.30,10193.41,42881.10,16960.40,6778.33,8948.955407
400,12,777.67,14075.58,48151.66,17751.18,6937.51,9387.396656
400,12,675.88,8435.70,41574.37,16956.43,6372.62,9809.612480
400,12,729.17,12542.62,44808.45,17097.27,5984.57,9183.986092
400,12,731.06,13574.86,44315.19,16239.02,6085.73,8415.576031
400,12,668.98,8962.96,41991.43,17579.72,7387.95,8060.801898
400,12,641.89,6336.76,40392.85,17203.41,7061.40,9791.288929
400,12,654.77,5902.19,40967.46,18264.84,7496.32,9304.112963
400,12,618.25,4269.00,38763.58,17944.65,7096.58,9453.337576
400,12,819.53,16052.71,49204.35,17276.54,6629.79,9245.313253
400,12,692.62,9894.04,44545.55,18415.42,7639.38,8596.700955
400,12,810.32,15841.97,49790.67,17418.31,7019.88,9510.509481
400,12,770.36,14308.93,47472.14,16605.91,6593.89,9963.409313
400,12,636.67,7326.80,40788.80,17263.44,7098.44,9100.131672
400,12,869.16,20610.80,53346.90,16763.67,6879.77,9092.657842
400,12,670.50,9627.72,41960.42,16864.86,6660.49,8807.346449
400,12,825.98,17602.63,51535.57,17567.89,6797.24,9567.816818
400,12,649.65,8579.16,40499.37,16973.48,6935.12,8011.613711
400,12,738.93,12521.23,44199.43,16483.26,6577.70,8617.238365
400,12,677.23,8801.03,42136.71,16423.83,6815.12,10096.732800
400,12,642.82,5825.72,39601.08,17261.33,6881.24,9632.777628
400,13,767.28,11483.57,47478.94,18527.18,7413.65,10054.544302
400,13,775.65,12619.94,48129.30,18117.67,7127.18,10264.505252
400,13,829.96,15226.16,49243.71,17679.02,6326.89,10011.641466
400,13,846.68,16551.92,53468.05,19652.80,7586.31,9677.024618
400,13,742.92,8328.23,46925.89,19623.30,7859.72,11114.633053
400,13,716.95,8270.72,44233.24,18685.27,7186.31,10090.941487
400,13,716.09,7359.55,44753.45,19531.40,7576.90,10285.598668
400,13,754.13,9574.88,46048.78,18562.68,7401.06,10510.158082
400,13,705.83,8462.23,44800.22,18586.35,7397.64,10353.998415
400,13,748.54,9960.57,45676.67,18188.90,7419.36,10107.840025
400,13,728.67,9333.03,44114.10,18609.43,7062.79,9108.852316
400,13,633.97,2912.64,39945.06,19026.90,8146.81,9858.712904
400,13,759.41,10335.07,46945.61,18962.99,7449.77,10197.782696
400,13,797.15,16275.25,50526.08,17443.04,6744.60,10063.184431
400,13,731.93,9886.68,45709.66,18955.19,7208.71,9659.079561
400,13,753.09,12059.24,46049.89,17183.52,6524.73,10282.394227
400,13,839.33,16027.08,51589.62,18279.16,7448.10,9835.291307
400,13,763.17,14331.79,47891.53,17059.06,6717.11,9783.572174
400,13,1012.01,25911.62,60545.37,17761.79,6545.29,10326.674963
400,13,846.14,17224.25,52209.75,17789.13,7269.59,9926.773754
400,13,748.95,10706.49,45844.74,17867.91,6985.04,10285.302884
400,13,827.78,15892.21,51848.08,18148.23,7536.45,10271.182985
400,13,791.24,12682.69,47804.84,18007.07,6889.41,10225.664190
400,13,847.13,16919.06,51564.97,17988.16,7080.69,9577.056993
400,13,708.28,10426.72,44782.47,17545.38,6454.14,10356.228448
400,13,741.34,10192.39,46654.95,18691.48,7762.44,10008.630304
400,13,682.18,5164.84,42811.89,19657.52,7668.45,10321.077370
400,13,730.84,10919.79,44728.66,17272.39,6119.43,10417.054383
400,13,747.40,9738.91,46378.79,18781.41,7715.11,10143.363749
400,13,792.87,12085.45,48556.76,18590.89,7153.49,10726.936116
400,13,760.64,12805.66,46515.45,17173.14,6652.94,9883.710289
400,13,780.77,14032.02,48839.63,18384.18,6972.17,9451.263830
400,13,768.50,11114.96,48018.66,19189.11,7722.40,9992.194958
400,13,872.11,19662.65,54363.77,18295.86,7004.15,9401.114617
400,13,773.89,13411.23,48864.55,18950.75,7265.91,9236.657760
400,13,647.40,4932.81,39011.91,17627.04,6910.40,9541.675759
400,13,769.81,12044.22,47948.62,18533.07,7361.24,10010.092458
400,13,651.91,6413.95,41412.43,18474.46,7231.47,9292.542418
400,13,613.44,4740.52,38776.84,17664.90,7004.20,9367.221180
400,13,720.19,8042.42,43863.63,18843.73,7715.14,9262.341474
400,13,729.58,13031.22,44791.57,16670.76,6402.00,8687.589966
400,13,782.71,12782.14,49030.17,19622.79,8019.02,8606.222181
400,13,851.19,16826.77,52619.92,17479.62,6583.71,11729.823212
400,13,808.99,14504.66,49697.39,18397.53,7157.75,9637.455213
400,13,737.98,11025.97,46432.17,17933.03,7387.85,10085.330253
400,13,929.27,23495.15,58473.92,18004.64,6761.42,10212.719302
400,13,746.39,11949.69,45601.91,17517.07,6699.23,9435.918661
400,13,830.04,18287.64,52930.89,17469.85,6948.69,10224.709712
400,13,758.69,9483.36,46930.84,19082.34,7664.19,10700.949385
400,13,772.87,12740.26,46915.96,17771.97,6557.40,9846.333327
400,13,764.10,11802.09,47687.61,18162.10,7221.82,10501.593642
400,13,820.69,16242.83,49881.70,17458.50,6622.77,9557.609833
400,13,700.74,8376.86,43187.73,17804.41,6433.72,10572.730923
400,13,799.44,15917.89,49576.67,16642.60,6663.41,10352.763067
400,13,651.73,5385.96,40878.10,17965.19,7362.45,10164.509688
400,13,920.44,23392.25,57378.77,17850.50,6543.25,9592.760123
400,13,830.77,16665.43,51344.40,18048.56,7118.78,9511.621078
400,13,726.90,10106.02,45343.39,18047.27,7153.40,10036.711110
400,13,792.55,14779.23,48781.38,16733.86,6346.64,10921.645268
400,13,676.69,7048.37,41487.48,18100.83,6797.71,9540.568911
400,13,768.95,9840.75,47367.38,19997.88,7599.27,9929.483471
400,13,776.95,11910.10,47572.19,18488.32,7423.35,9750.418404
400,13,792.94,16370.24,49017.36,16821.94,6710.18,9115.004857
400,13,904.05,21449.49,56219.03,17703.06,6820.86,10245.621603
400,13,754.86,10554.30,46915.26,18778.02,7647.52,9935.416140
400,13,795.24,12885.53,48261.71,17944.42,6689.36,10742.399448
400,13,943.25,21115.99,56711.81,18526.03,6942.39,10127.403254
400,13,726.43,8121.67,45696.81,19575.97,7927.40,10071.776809
400,13,774.56,12785.96,47277.81,17408.80,6531.27,10551.773109
400,13,787.75,11790.72,48721.40,19300.31,7471.76,10158.609326
400,13,792.65,14294.64,49933.45,18523.40,7252.61,9862.792163
400,13,849.93,17006.10,51806.12,17826.06,7280.40,9693.558184
400,13,773.62,12672.36,48660.47,18517.73,7476.74,9993.639330
400,13,738.33,10979.51,46337.45,18506.55,6881.84,9969.552353
400,13,765.32,11688.30,48130.97,19516.62,7643.68,9282.370943
400,13,769.52,13974.97,49619.40,18359.94,7245.47,10039.024288
400,13,780.92,10982.78,47088.70,18840.60,7437.59,9827.736310
400,13,906.16,21779.78,56514.12,17864.63,7225.17,9644.539811
400,13,921.15,21837.29,57728.97,17936.16,6808.05,11147.467885
400,13,663.21,5898.48,42159.50,18945.65,7534.38,9780.993119
400,13,818.43,16437.02,51406.97,18409.65,6988.61,9571.701991
400,13,676.04,5598.34,42504.45,18933.73,7665.90,10306.492552
400,13,724.88,12595.21,45746.78,17289.70,6291.82,9570.049906
400,13,679.83,10755.40,41780.34,15899.91,5860.42,9264.615718
400,13,767.52,13457.20,47938.61,18344.94,7494.73,8641.727911
400,13,1035.86,27425.23,62449.78,18195.72,6751.96,10076.879471
400,13,721.64,8953.67,45951.36,19003.64,7710.63,10283.414143
400,13,831.12,16107.72,52421.40,19572.72,7435.48,9305.478733
400,13,866.22,18918.22,52881.51,17377.11,6395.09,10191.086066
400,13,646.17,6033.20,41114.99,18424.07,7246.86,9410.873751
400,13,813.43,13399.43,50344.11,19456.84,7714.90,9772.942657
400,13,693.57,7643.03,42903.94,17861.08,7109.02,10290.807565
400,13,687.86,5665.28,43050.72,19524.70,7971.54,9889.211113
400,13,846.36,15665.82,52161.40,18370.87,7021.22,11103.490496
400,13,755.60,11391.10,45994.94,17796.21,7321.98,9485.658728
400,13,708.34,6317.95,44635.53,19661.02,8126.48,10530.071985
400,13,702.17,8560.22,43667.07,18331.72,7345.17,9429.960621
400,13,803.98,16198.44,50590.42,18197.11,6888.55,9306.325331
400,13,743.65,9076.74,45544.73,18493.61,7426.37,10548.004144
400,13,784.52,13818.24,48704.48,18114.54,7113.97,9657.729833
