25,4,183.35,8554.34,13257.87,622.79,917.85,3162.89,38.7013
25,4,186.45,9273.30,13894.85,808.69,909.53,2903.33,39.1111
25,4,192.59,9791.99,14157.33,513.79,955.43,2896.12,39.3768
25,4,170.30,9446.76,13503.86,570.12,860.54,2626.44,38.7739
25,4,200.35,9932.37,14399.28,474.43,976.96,3015.52,21.2026
50,4,272.98,14099.47,19755.28,729.43,986.91,3939.47,32.8238
50,4,312.12,17764.82,23885.16,575.72,1119.58,4425.03,32.7462
50,4,329.04,17646.98,23869.25,595.74,1212.91,4413.63,32.4887
50,4,289.44,16147.48,21458.66,742.72,1124.36,3444.10,32.6545
50,4,368.48,18836.74,25841.56,509.19,1310.79,5184.84,22.1034
75,4,348.44,18798.31,24815.23,640.33,1089.94,4286.65,33.8221
75,4,422.68,23889.99,30703.18,661.37,1331.16,4820.65,33.7510
75,4,425.01,23222.41,30177.86,812.98,1322.82,4819.64,34.2056
75,4,353.12,20721.98,26368.90,685.43,1319.43,3642.05,33.6031
75,4,458.71,24862.22,32563.53,495.36,1390.28,5815.67,22.6563
100,4,384.90,21198.25,27372.21,632.29,1107.25,4434.42,34.8515
100,4,474.19,27500.76,34754.91,695.35,1397.20,5161.61,34.6620
100,4,477.13,28014.40,35064.10,617.38,1340.01,5092.30,35.1709
100,4,406.24,24321.02,29871.46,609.35,1191.27,3749.82,34.4854
100,4,567.10,29839.79,38006.71,638.08,1457.46,6071.37,19.8383
125,4,431.96,24550.20,30855.16,619.98,1152.27,4532.72,37.9692
125,4,552.24,30846.30,38119.19,600.82,1442.03,5230.05,38.6954
125,4,532.54,30236.80,37570.91,683.25,1405.78,5245.08,38.6806
125,4,455.62,26773.58,32570.35,728.56,1214.78,3853.44,38.4228
125,4,603.27,33791.67,42028.61,570.13,1452.92,6213.89,20.8842
150,4,484.88,27288.38,33808.62,569.86,1253.64,4696.74,30.2765
150,4,592.89,33785.06,41481.78,662.84,1608.51,5425.37,30.7550
150,4,569.00,32888.60,40253.11,628.89,1415.76,5319.86,31.2939
150,4,521.58,30250.32,36404.57,644.29,1478.67,4031.29,30.3119
150,4,642.52,36702.38,45339.08,688.17,1543.15,6405.38,21.1213
175,4,512.07,28170.59,34720.04,550.89,1274.97,4723.59,30.9273
175,4,623.28,35878.38,43426.42,628.58,1543.76,5375.70,31.1060
175,4,619.99,35079.32,42731.63,760.18,1509.33,5382.80,31.6754
175,4,511.57,30158.44,35997.39,662.31,1350.67,3825.97,31.6702
175,4,670.18,39324.13,47918.67,543.21,1536.66,6514.66,21.5953
200,4,517.21,29119.33,35766.50,700.13,1219.26,4727.78,36.0607
200,4,648.44,37355.02,45033.40,751.14,1542.00,5385.23,37.3840
200,4,696.59,38359.98,46234.44,649.36,1663.69,5561.41,37.6305
200,4,576.25,33378.62,39508.89,720.78,1424.46,3985.03,36.5576
200,4,741.99,41800.97,50490.06,577.72,1551.99,6559.38,22.8694
225,4,548.30,31282.05,37845.44,489.21,1227.36,4846.82,34.5768
225,4,692.49,40012.88,47831.98,681.17,1623.84,5514.08,35.0212
225,4,690.33,38476.42,46215.71,707.73,1591.77,5439.78,35.5569
225,4,602.11,35819.98,42040.13,649.36,1452.57,4118.22,34.1445
225,4,752.81,43273.58,52167.03,636.02,1610.15,6647.29,27.7455
250,4,573.44,33322.69,40024.39,609.14,1235.78,4856.78,33.8868
250,4,731.05,41659.49,49662.95,668.92,1737.40,5597.14,35.1077
250,4,712.83,40655.54,48617.33,838.43,1583.62,5539.74,35.4804
250,4,640.74,37401.29,43839.82,705.58,1513.71,4219.23,34.5366
250,4,812.32,46005.46,55017.65,511.91,1780.03,6720.24,29.5514
275,4,610.95,34362.14,41261.56,606.17,1371.16,4922.09,41.1067
275,4,738.28,43185.96,51213.20,743.90,1685.09,5598.25,41.7009
275,4,760.56,43268.63,51087.78,656.40,1550.88,5611.86,43.2277
275,4,645.08,39028.45,45431.96,641.41,1565.32,4196.79,41.2296
275,4,813.82,47116.37,56347.49,735.37,1732.46,6763.28,27.1388
300,4,572.04,35619.96,42515.50,637.62,1316.97,4940.95,53.4373
300,4,732.78,43356.06,51348.97,698.16,1687.03,5607.71,56.6500
300,4,775.98,45340.56,53317.61,577.78,1756.61,5642.66,55.7037
300,4,677.53,40474.19,46915.93,599.23,1629.90,4212.60,53.5875
300,4,825.06,49486.00,58722.99,703.79,1785.96,6747.24,43.3485
325,4,620.32,37009.69,43870.06,549.33,1317.83,4993.21,52.6882
325,4,802.70,46426.97,54756.21,878.39,1783.97,5666.89,53.8918
325,4,813.22,46554.93,54667.53,672.89,1736.30,5703.42,55.0179
325,4,699.29,42097.45,48554.33,568.72,1614.06,4274.10,51.9982
325,4,869.79,51133.53,60191.14,651.30,1692.68,6713.63,30.8165
350,4,633.32,37172.81,44238.72,763.04,1356.93,4945.95,49.6236
350,4,804.29,47320.16,55118.10,490.97,1700.88,5606.08,51.8513
350,4,821.69,47464.51,55331.25,672.20,1573.37,5621.17,52.0599
350,4,706.41,42564.38,48959.61,588.79,1490.82,4315.62,50.1544
350,4,855.79,52322.50,61499.39,641.52,1711.74,6823.63,32.7735
375,4,650.94,38868.67,45877.29,691.99,1305.03,5011.59,45.1740
375,4,812.33,48529.92,56643.39,579.24,1724.78,5809.45,47.4988
375,4,853.63,49377.94,57301.17,549.20,1711.03,5663.00,48.7824
375,4,735.82,43487.99,50064.76,637.39,1633.96,4305.41,47.2297
375,4,928.36,53943.48,63374.50,532.43,1982.47,6916.12,33.9203
400,4,688.60,39599.82,46471.70,547.76,1322.25,5001.87,66.2044
400,4,813.52,48689.73,56837.41,708.56,1712.25,5726.88,78.2329
400,4,822.53,48905.45,56813.05,645.27,1643.02,5619.30,79.6741
400,4,759.60,44966.01,51513.94,602.36,1642.42,4303.15,69.0658
400,4,951.93,55796.44,64829.01,453.82,1694.52,6884.24,38.2945
