300,4,0.0001,748.03,38884.86,46522.82,434.79,2104.75,5098.424985
300,4,0.0001,898.21,46593.58,54462.28,530.80,2377.38,4960.503210
300,4,0.0001,765.17,38618.67,46487.51,528.70,1879.61,5460.531051
300,4,0.0001,859.09,43839.06,53048.86,394.25,2088.04,6727.501814
300,4,0.0001,832.55,41631.08,50260.77,644.22,2303.10,5682.374329
300,4,0.0001,910.17,47638.53,55668.33,435.80,2067.36,5526.645486
300,4,0.0001,779.64,39437.03,47623.09,604.95,2013.48,5567.619688
300,4,0.0001,1049.06,53764.47,63130.10,671.83,1954.12,6739.688792
300,4,0.0001,664.28,33662.76,40760.41,495.14,1912.53,4689.981512
300,4,0.0001,817.32,41603.66,49825.43,496.57,2173.94,5551.267858
300,4,0.0001,800.67,40936.17,48449.10,552.65,2048.25,4912.013438
300,4,0.0001,796.97,40329.38,48357.46,418.47,2318.42,5291.193031
300,4,0.0001,951.81,48773.35,57618.20,489.82,2230.16,6124.877022
300,4,0.0001,818.87,42479.33,50078.85,400.70,1605.36,5593.454542
300,4,0.0001,778.34,40411.25,47686.51,413.21,1979.25,4882.793185
300,4,0.0001,687.74,35972.75,42877.15,365.52,1847.05,4691.826827
300,4,0.0001,624.30,31733.78,38715.62,359.07,1915.25,4707.518608
300,4,0.0001,794.54,40800.54,48606.91,383.01,1872.64,5550.725902
300,4,0.0001,806.49,42322.73,49420.59,455.44,1761.18,4881.232688
300,4,0.0001,852.68,41872.39,51428.78,666.85,2278.60,6610.941291
300,4,0.0001,797.42,41608.78,48725.08,397.26,1873.90,4845.146540
300,4,0.0001,858.70,43458.57,51655.97,438.69,2280.50,5478.202676
300,4,0.0001,928.40,47002.28,56213.65,517.20,2714.85,5979.321170
300,4,0.0001,1103.46,56458.52,65741.93,654.50,2342.29,6286.620600
300,4,0.0001,691.52,35465.80,42971.77,436.24,1886.45,5183.289616
300,4,0.0001,843.99,42315.65,50454.03,442.71,1873.63,5822.049925
300,4,0.0001,1036.97,52799.84,62330.22,584.33,2652.44,6293.615518
300,4,0.0001,814.56,41956.58,49581.27,380.93,1945.62,5298.137386
300,4,0.0001,876.39,45656.25,53392.47,451.57,1812.69,5471.969616
300,4,0.0001,855.56,43625.08,51619.70,453.35,2244.14,5297.134702
300,4,0.0001,980.60,50121.40,59120.46,622.85,2035.36,6340.849420
300,4,0.0001,973.14,49957.53,58484.28,383.24,1982.16,6161.349918
300,4,0.0001,700.28,35931.33,43446.76,357.36,2089.06,5069.010924
300,4,0.0001,659.70,32965.04,40737.31,605.46,2022.74,5144.070945
300,4,0.0001,670.43,34125.34,41569.96,420.16,2206.98,4817.474658
300,4,0.0001,785.11,39274.01,47649.05,397.94,2039.08,5938.020919
300,4,0.0001,772.07,39113.21,47361.62,394.60,2069.26,5784.549188
300,4,0.0001,856.24,44066.79,52825.58,426.30,1975.57,6356.917125
300,4,0.0001,815.67,42844.71,51020.80,492.48,1805.76,5877.847566
300,4,0.0001,798.03,41100.07,48897.48,544.29,2163.82,5089.306759
300,4,0.0100,741.69,38655.94,46410.04,521.45,2144.94,5087.708791
300,4,0.0100,893.64,46375.81,54229.89,629.29,2283.36,4941.427465
300,4,0.0100,770.84,38728.19,47082.57,614.17,2222.94,5517.265597
300,4,0.0100,862.47,43748.95,53063.92,508.94,2084.04,6721.990012
300,4,0.0100,833.68,41737.50,50502.63,641.51,2431.95,5691.658299
300,4,0.0100,905.25,46955.14,55162.59,582.95,2063.49,5561.012383
300,4,0.0100,784.66,39656.25,47844.13,575.80,2002.89,5609.191316
300,4,0.0100,1064.44,53832.29,63366.35,520.40,2255.40,6758.260105
300,4,0.0100,654.54,33197.15,40253.65,541.80,1811.60,4703.104515
300,4,0.0100,808.05,40792.39,49359.45,639.71,2345.00,5582.352739
300,4,0.0100,785.63,40518.32,47895.49,589.42,1913.28,4874.472517
300,4,0.0100,787.09,39870.20,48149.68,703.02,2274.52,5301.941373
300,4,0.0100,937.48,48621.10,57607.32,497.71,2358.51,6130.001809
300,4,0.0100,826.22,42213.55,50047.63,528.00,1704.36,5601.726139
300,4,0.0100,775.75,40049.30,47629.85,738.67,1963.68,4878.208671
300,4,0.0100,708.78,36278.23,43526.48,525.15,1985.56,4737.540870
300,4,0.0100,605.22,31059.79,38376.22,588.32,2063.57,4664.545562
300,4,0.0100,792.14,40625.85,48891.34,570.49,2082.89,5612.107394
300,4,0.0100,776.26,41077.05,48514.76,692.18,1832.57,4912.965231
300,4,0.0100,844.31,41845.06,51699.56,820.76,2392.81,6640.930625
300,4,0.0100,786.12,41857.00,48866.62,399.09,1780.52,4830.007647
300,4,0.0100,853.95,43031.96,51667.56,603.74,2526.20,5505.664529
300,4,0.0100,902.20,46033.47,55219.68,788.95,2448.50,5948.748597
300,4,0.0100,1105.66,56704.84,66241.34,666.27,2544.05,6326.193442
300,4,0.0100,708.50,35611.49,43545.10,581.90,2115.72,5235.995878
300,4,0.0100,847.32,42850.24,51134.31,479.81,1970.24,5834.029936
300,4,0.0100,1022.15,52439.41,62024.18,706.39,2561.75,6316.628083
300,4,0.0100,820.83,42181.35,50099.88,482.47,2062.65,5373.400130
300,4,0.0100,879.70,45601.87,53662.23,488.58,2078.03,5493.751845
300,4,0.0100,861.20,43763.48,51923.52,585.52,2276.69,5297.829426
300,4,0.0100,968.94,49304.01,58651.33,777.11,2165.60,6404.604942
300,4,0.0100,972.60,49930.09,58678.91,488.63,2102.29,6157.892518
300,4,0.0100,700.31,35738.33,43536.23,502.56,2213.25,5082.091854
300,4,0.0100,625.49,32444.88,40053.80,630.15,1872.69,5106.076792
300,4,0.0100,643.38,33346.66,40510.79,483.64,1917.77,4762.713686
300,4,0.0100,757.70,37803.90,46382.43,703.96,2015.30,5859.273119
300,4,0.0100,774.56,38806.26,47357.08,562.82,2190.47,5797.528773
300,4,0.0100,854.95,44015.89,52985.49,445.13,2122.97,6401.499255
300,4,0.0100,829.06,42749.97,51020.32,577.74,1816.03,5876.589685
300,4,0.0100,801.91,41144.37,49038.22,545.25,2221.87,5126.725009
300,4,0.1000,722.99,38054.71,45859.94,720.26,2024.56,5060.408970
300,4,0.1000,859.84,45335.79,53361.17,935.61,2184.35,4905.426192
300,4,0.1000,751.86,37894.73,46402.46,979.91,2026.85,5500.973038
300,4,0.1000,861.55,43754.94,53290.39,578.58,2226.36,6730.503766
300,4,0.1000,830.50,41099.84,50209.71,928.25,2462.46,5719.161166
300,4,0.1000,881.25,45947.03,54316.78,957.88,1964.85,5447.014902
300,4,0.1000,781.74,39473.45,47916.58,635.04,2187.01,5621.085441
300,4,0.1000,1048.07,53057.16,62794.11,922.93,2079.49,6734.526320
300,4,0.1000,647.74,33275.84,40538.93,738.87,1789.23,4734.987592
300,4,0.1000,794.44,40180.34,49029.81,944.07,2320.47,5584.928057
300,4,0.1000,802.39,41243.45,48760.65,577.92,2044.60,4894.676131
300,4,0.1000,790.62,39927.89,48343.73,818.15,2289.65,5308.030934
300,4,0.1000,938.70,48361.14,57595.46,684.33,2411.47,6138.527911
300,4,0.1000,809.67,42372.27,50211.80,509.09,1685.07,5645.366997
300,4,0.1000,748.83,38426.38,46210.61,1043.06,1897.54,4843.634570
300,4,0.1000,701.29,36101.32,43694.99,698.10,2064.89,4830.661834
300,4,0.1000,626.08,31531.70,38972.07,643.13,2058.62,4738.616376
300,4,0.1000,801.13,40592.37,49110.60,664.79,2258.95,5594.492242
300,4,0.1000,771.75,41542.87,49031.95,685.09,1910.30,4893.687553
300,4,0.1000,806.05,40212.23,50205.28,1032.81,2288.37,6671.878342
300,4,0.1000,789.51,41482.08,48776.89,519.41,1948.67,4826.730399
300,4,0.1000,852.20,43083.90,51682.78,621.27,2473.87,5503.739512
300,4,0.1000,907.42,45758.12,54780.78,801.22,2313.40,5908.039406
300,4,0.1000,1088.89,55382.40,65033.49,849.45,2467.16,6334.482333
300,4,0.1000,701.10,35208.55,43292.53,693.56,2178.07,5212.344406
300,4,0.1000,845.97,42214.10,50595.75,557.60,1993.05,5830.997001
300,4,0.1000,1018.80,52899.72,62413.00,663.92,2538.29,6311.070718
300,4,0.1000,827.69,42091.75,50094.08,485.29,2143.27,5373.767467
300,4,0.1000,859.06,45456.32,53468.56,540.54,1968.36,5503.341947
300,4,0.1000,848.11,43551.58,51826.67,700.62,2250.18,5324.285944
300,4,0.1000,947.55,48919.38,58372.10,1070.74,1975.42,6406.551669
300,4,0.1000,971.11,49835.57,58520.93,491.90,2015.53,6177.922091
300,4,0.1000,700.35,35385.92,43211.49,548.34,2215.22,5062.008963
300,4,0.1000,636.09,32342.21,40226.69,700.19,2070.05,5114.226901
300,4,0.1000,638.14,33161.14,40634.87,589.74,2121.63,4762.349475
300,4,0.1000,744.61,37666.70,46183.07,717.05,1934.57,5864.755947
300,4,0.1000,752.34,38039.04,46675.97,814.94,2041.19,5780.800165
300,4,0.1000,855.22,43042.33,52462.22,736.82,2273.88,6409.196614
300,4,0.1000,838.05,42590.58,51120.25,715.85,1927.59,5886.223618
300,4,0.1000,789.39,39696.96,48156.83,1024.43,2321.91,5113.529486
300,4,1.0000,717.90,37782.11,45724.88,902.62,1999.56,5040.597595
300,4,1.0000,858.73,44603.23,52639.73,966.43,2193.03,4877.037556
300,4,1.0000,753.96,37352.58,46343.61,1176.48,2286.94,5527.618763
300,4,1.0000,846.75,43134.99,52777.90,737.88,2161.33,6743.706726
300,4,1.0000,810.99,40531.99,49737.39,1178.97,2309.20,5717.228944
300,4,1.0000,895.22,45167.56,54188.20,1370.49,2122.89,5527.257886
300,4,1.0000,781.85,39430.46,47905.46,671.22,2172.54,5631.231900
300,4,1.0000,1031.64,52137.12,61780.19,1000.28,1942.45,6700.329320
300,4,1.0000,631.06,32033.96,39729.37,1042.10,1926.26,4727.044467
300,4,1.0000,789.28,39424.61,48306.97,1058.54,2257.41,5566.414644
300,4,1.0000,755.89,38580.14,46410.07,1080.51,1891.30,4858.128939
300,4,1.0000,784.02,39680.70,48092.15,887.55,2227.46,5296.432900
300,4,1.0000,932.52,48269.64,57683.89,784.22,2478.20,6151.820993
300,4,1.0000,826.31,42407.29,50755.55,759.18,1882.69,5706.387075
300,4,1.0000,724.22,38501.02,46120.09,1120.65,1678.35,4820.069582
300,4,1.0000,699.55,35817.35,43596.91,928.57,2033.62,4817.368122
300,4,1.0000,622.40,31041.29,38897.23,909.63,2177.93,4768.380634
300,4,1.0000,786.62,40276.00,49025.57,891.10,2239.94,5618.537272
300,4,1.0000,774.31,41811.23,49304.90,776.21,1788.34,4929.122719
300,4,1.0000,813.02,40985.40,51047.27,1071.18,2324.50,6666.192607
300,4,1.0000,774.99,41503.38,48772.11,614.17,1796.47,4858.091981
300,4,1.0000,839.31,42037.55,50716.01,857.09,2347.80,5473.568669
300,4,1.0000,905.11,44882.57,54365.92,1196.38,2387.21,5899.757653
300,4,1.0000,1077.82,54656.95,64639.79,1018.92,2594.41,6369.506840
300,4,1.0000,704.61,34889.82,43558.14,1087.45,2298.08,5282.788244
300,4,1.0000,858.05,42715.69,51504.51,830.22,2072.59,5886.012290
300,4,1.0000,1015.24,52573.07,62162.61,870.61,2419.62,6299.307268
300,4,1.0000,821.33,41993.80,50108.58,633.40,2103.58,5377.805760
300,4,1.0000,834.99,44543.03,52981.79,947.11,1992.88,5498.772251
300,4,1.0000,858.57,43743.05,52096.46,726.95,2288.38,5338.082360
300,4,1.0000,935.84,47827.82,57464.96,1256.01,1993.66,6387.473407
300,4,1.0000,964.35,49533.79,58308.08,570.54,2031.04,6172.700769
300,4,1.0000,685.93,35431.91,43382.45,698.74,2166.60,5085.208987
300,4,1.0000,605.82,31149.77,39125.77,1074.44,1798.84,5102.709895
300,4,1.0000,641.49,32561.77,40063.18,774.78,1937.45,4789.178060
300,4,1.0000,759.91,38046.23,46845.21,846.65,2014.81,5937.519302
300,4,1.0000,748.54,38512.01,47142.85,856.00,2022.28,5752.564767
300,4,1.0000,847.24,42482.65,52005.91,837.77,2237.25,6448.231307
300,4,1.0000,832.26,42517.19,51133.02,679.11,1989.50,5947.212141
300,4,1.0000,782.07,39952.57,48479.53,1125.71,2282.97,5118.278132
300,4,10.0000,730.93,38012.53,45959.13,801.11,2090.20,5055.287866
300,4,10.0000,857.63,45070.62,53289.67,966.48,2348.35,4904.222540
300,4,10.0000,731.70,36640.08,45607.09,1285.60,2164.83,5516.585477
300,4,10.0000,851.23,43609.39,53246.88,698.53,2210.52,6728.445802
300,4,10.0000,821.31,40838.29,50255.74,1229.41,2459.67,5728.379427
300,4,10.0000,881.76,45424.25,54095.54,1117.07,2081.20,5473.015638
300,4,10.0000,764.29,38845.31,47481.24,766.24,2233.69,5636.008356
300,4,10.0000,1035.30,52471.37,62237.40,1134.33,1936.72,6694.980000
300,4,10.0000,631.13,32230.24,39745.59,1073.81,1708.65,4732.890598
300,4,10.0000,792.47,39687.08,48737.25,1234.72,2216.25,5599.198357
300,4,10.0000,765.41,38661.99,46481.50,993.86,1947.60,4878.054912
300,4,10.0000,786.78,39246.37,48028.02,1112.60,2358.77,5310.279119
300,4,10.0000,944.61,48830.36,58264.19,685.23,2565.36,6183.232383
300,4,10.0000,820.61,42163.97,50633.11,825.72,1911.03,5732.384707
300,4,10.0000,745.67,38716.22,46333.50,865.92,1857.26,4894.100632
300,4,10.0000,691.48,35266.86,43085.86,976.25,2014.80,4827.960116
300,4,10.0000,628.04,31464.83,39144.35,679.40,2219.77,4780.355529
300,4,10.0000,791.96,40596.57,49112.83,732.29,2136.65,5647.318928
300,4,10.0000,766.13,41080.40,48841.73,982.26,1874.28,4904.792017
300,4,10.0000,801.79,40291.63,50593.22,1338.21,2272.44,6690.936856
300,4,10.0000,784.70,41543.55,48938.32,668.01,1874.80,4851.954650
300,4,10.0000,845.62,42120.77,51153.67,1216.16,2345.02,5471.716135
300,4,10.0000,901.07,44766.06,54314.08,1253.53,2390.91,5903.582187
300,4,10.0000,1084.24,54633.12,64840.44,1370.80,2514.44,6322.089182
300,4,10.0000,701.68,35070.00,43505.68,898.30,2306.12,5231.256367
300,4,10.0000,854.52,42422.84,51241.65,946.68,1994.22,5877.904809
300,4,10.0000,1018.62,52095.45,61878.72,1053.28,2444.94,6285.049506
300,4,10.0000,817.94,41725.20,49892.97,664.91,2116.96,5385.914632
300,4,10.0000,848.33,44235.10,52693.95,955.73,1976.96,5526.158056
300,4,10.0000,853.95,43520.94,51888.96,763.19,2275.84,5328.992597
300,4,10.0000,944.69,48107.82,57757.35,1333.67,1918.04,6397.823882
300,4,10.0000,963.79,49781.82,58609.02,645.52,2003.43,6178.265003
300,4,10.0000,680.78,35153.22,43240.21,854.84,2162.37,5069.778704
300,4,10.0000,632.32,32061.70,40086.63,938.63,1966.37,5119.934496
300,4,10.0000,629.49,33039.10,40726.91,927.55,1966.41,4793.857202
300,4,10.0000,748.02,36605.31,45531.36,1029.10,1951.83,5945.116341
300,4,10.0000,757.26,38696.56,47329.02,726.63,2102.41,5803.418605
300,4,10.0000,841.79,42919.58,52468.22,869.71,2245.32,6433.615888
300,4,10.0000,792.85,41113.49,49707.36,859.38,1857.83,5876.656812
300,4,10.0000,780.09,40114.98,48501.90,930.20,2336.82,5119.903698
300,4,100.0000,731.91,38145.93,46162.81,794.20,2132.09,5090.582945
300,4,100.0000,857.63,45065.56,53292.54,966.48,2355.29,4905.209465
300,4,100.0000,730.72,36506.42,45206.05,1116.64,2099.40,5483.591567
300,4,100.0000,849.89,42387.58,52168.04,898.36,2149.18,6732.925155
300,4,100.0000,813.97,40481.25,49849.00,1200.72,2403.42,5763.605743
300,4,100.0000,887.14,45298.41,53934.81,1118.37,2025.29,5492.738876
300,4,100.0000,763.46,38855.53,47483.04,766.24,2227.96,5633.308192
300,4,100.0000,1035.30,52471.37,62237.40,1134.33,1936.72,6694.980000
300,4,100.0000,629.97,32240.51,39748.83,1073.81,1699.09,4735.413461
300,4,100.0000,792.24,39676.58,48724.34,1234.72,2208.03,5605.008563
300,4,100.0000,762.13,38793.95,46736.02,1149.00,1922.09,4870.986270
300,4,100.0000,786.41,39247.53,48022.38,1112.60,2351.16,5311.091153
300,4,100.0000,940.43,48724.58,58206.67,764.66,2532.59,6184.831428
300,4,100.0000,820.61,42163.97,50633.11,825.72,1911.03,5732.384707
300,4,100.0000,735.85,38300.03,45984.41,963.85,1854.92,4865.601471
300,4,100.0000,679.01,35473.22,43179.99,873.60,2005.63,4827.548265
300,4,100.0000,624.47,31235.99,39042.46,813.10,2209.99,4783.372677
300,4,100.0000,781.60,40448.36,49022.66,789.34,2143.64,5641.323558
300,4,100.0000,760.72,40653.06,48383.01,924.02,1875.05,4930.882771
300,4,100.0000,802.59,39575.45,49804.72,1238.73,2323.99,6666.542132
300,4,100.0000,771.99,41206.38,48463.35,639.11,1771.23,4846.635034
300,4,100.0000,854.03,42409.69,51498.86,1128.64,2484.39,5476.131135
300,4,100.0000,901.07,44766.06,54314.08,1253.53,2390.91,5903.582187
300,4,100.0000,1083.56,54636.29,64833.75,1370.80,2505.18,6321.487016
300,4,100.0000,700.98,35066.78,43492.85,898.30,2293.34,5234.421670
300,4,100.0000,845.62,42473.74,51285.55,886.81,2044.14,5880.856026
300,4,100.0000,1020.26,51714.60,61641.81,1097.15,2506.17,6323.881489
300,4,100.0000,812.19,41333.72,49452.51,700.82,2045.66,5372.308434
300,4,100.0000,848.14,44245.22,52696.63,955.73,1970.32,5525.362912
300,4,100.0000,848.01,43562.49,51791.91,729.39,2196.62,5303.404667
300,4,100.0000,944.69,48117.20,57762.42,1333.67,1912.48,6399.072770
300,4,100.0000,961.15,49790.96,58607.55,645.52,1991.99,6179.082108
300,4,100.0000,680.25,35116.00,43295.87,950.85,2179.09,5049.932581
300,4,100.0000,630.44,32079.93,40088.86,938.63,1950.88,5119.429373
300,4,100.0000,629.04,33039.90,40733.51,927.55,1968.33,4797.731801
300,4,100.0000,762.64,38034.63,46955.68,990.83,1977.53,5952.692827
300,4,100.0000,754.48,38685.02,47307.54,726.63,2096.18,5799.709167
300,4,100.0000,841.79,41971.58,51641.26,1096.01,2137.26,6436.421566
300,4,100.0000,792.61,41105.49,49691.95,859.38,1849.58,5877.497643
300,4,100.0000,773.45,40134.10,48537.17,932.92,2348.51,5121.647348
300,4,1000.0000,725.74,38059.16,46014.82,841.30,2032.80,5081.562235
300,4,1000.0000,848.05,44254.80,52293.87,934.31,2249.85,4854.900389
300,4,1000.0000,726.92,37525.71,46058.61,1005.00,2049.99,5477.907833
300,4,1000.0000,836.22,42692.43,52605.61,1014.27,2148.96,6749.953843
300,4,1000.0000,813.97,40481.25,49849.00,1200.72,2403.42,5763.605743
300,4,1000.0000,889.74,45718.86,54245.24,916.66,2098.32,5511.401013
300,4,1000.0000,773.46,39087.40,47775.85,822.11,2246.24,5620.102525
300,4,1000.0000,1033.35,52777.77,62347.04,926.25,1936.00,6707.025428
300,4,1000.0000,641.59,32904.64,40380.24,983.03,1760.57,4731.994219
300,4,1000.0000,792.74,39683.17,48737.98,1234.72,2213.42,5606.682507
300,4,1000.0000,761.34,38475.79,46346.74,1059.82,1941.64,4869.490826
300,4,1000.0000,786.41,39247.53,48022.38,1112.60,2351.16,5311.091153
300,4,1000.0000,950.07,48719.09,58239.95,789.02,2546.66,6185.181095
300,4,1000.0000,816.84,41915.52,50360.90,854.45,1874.48,5716.444647
300,4,1000.0000,741.40,38040.08,45923.59,1116.24,1885.15,4882.122797
300,4,1000.0000,688.80,36015.88,43763.22,913.08,2021.70,4812.556237
300,4,1000.0000,622.61,31251.23,39052.65,813.10,2201.20,4787.123603
300,4,1000.0000,772.86,39416.79,48148.81,1026.04,2125.27,5580.706463
300,4,1000.0000,760.03,40111.57,47868.14,897.76,1916.87,4941.937659
300,4,1000.0000,802.59,39575.45,49804.72,1238.73,2323.99,6666.542132
300,4,1000.0000,767.08,41048.95,48632.68,927.34,1791.95,4864.436010
300,4,1000.0000,853.57,42395.17,51472.10,1128.64,2475.45,5472.845524
300,4,1000.0000,901.07,44745.45,54279.43,1253.53,2379.12,5901.328869
300,4,1000.0000,1083.42,54627.15,64823.90,1370.80,2508.29,6317.663772
300,4,1000.0000,708.04,34759.85,43496.93,1281.94,2237.29,5217.848773
300,4,1000.0000,849.17,42489.13,51308.03,886.81,2050.00,5882.092672
300,4,1000.0000,1019.16,51699.62,61616.52,1097.15,2498.50,6321.246350
300,4,1000.0000,816.93,41807.90,50027.38,718.72,2119.80,5380.960487
300,4,1000.0000,846.13,44164.20,52642.86,1055.41,1923.91,5499.340094
300,4,1000.0000,847.55,43560.82,51783.03,729.39,2189.37,5303.443941
300,4,1000.0000,943.72,48064.39,57673.85,1333.67,1892.11,6383.684863
300,4,1000.0000,960.41,49760.13,58569.89,645.52,1986.57,6177.680147
300,4,1000.0000,683.30,35096.11,43278.53,951.76,2185.70,5044.955597
300,4,1000.0000,630.11,32058.61,40070.77,938.63,1953.75,5119.778372
300,4,1000.0000,632.15,33478.06,41026.00,816.03,1934.92,4796.995180
300,4,1000.0000,752.87,38368.24,47223.11,947.08,1965.24,5942.560818
300,4,1000.0000,754.48,38685.02,47307.54,726.63,2096.18,5799.709167
300,4,1000.0000,856.94,43636.62,53136.04,802.73,2263.99,6432.703029
300,4,1000.0000,803.98,41599.29,50231.92,834.63,1883.69,5914.317279
300,4,1000.0000,768.21,39870.68,48270.52,930.71,2340.08,5129.055447
