5.000000e-01,587.99,29262.54,36265.93,1236.53,1074.62,4692.23,0.18,37.8179
5.000000e-01,714.70,35867.01,43980.25,1484.06,1303.50,5325.69,0.22,38.5657
5.000000e-01,730.82,35903.88,43767.74,1486.71,1226.18,5150.97,0.22,38.1730
5.000000e-01,672.15,34193.25,40429.64,902.64,1298.62,4035.13,0.20,37.5920
5.000000e-01,841.16,42768.57,51993.42,1278.20,1423.92,6522.73,0.26,39.0649
5.000000e-01,701.78,34032.12,42677.45,1552.71,1390.65,5701.98,0.21,39.6434
5.000000e-01,807.46,39877.23,48585.88,1408.25,1385.16,5915.24,0.25,39.1990
5.000000e-01,622.12,29530.75,38085.56,1584.99,1010.94,5958.87,0.19,37.5668
5.000000e-01,608.69,30467.98,38328.26,1516.79,1166.05,5177.44,0.19,37.2082
5.000000e-01,702.07,34530.59,42203.84,942.82,1368.40,5362.03,0.21,37.8864
5.000000e-01,665.35,33151.99,40528.02,1150.54,1094.23,5131.25,0.21,38.1526
5.000000e-01,590.34,29509.40,35990.79,1276.25,1111.88,4093.27,0.18,37.3301
5.000000e-01,915.41,47785.75,55531.31,928.14,1913.86,4903.56,0.28,41.7278
5.000000e-01,594.18,28871.11,37215.11,1337.37,1424.51,5582.11,0.19,39.5103
5.000000e-01,557.06,27861.74,34702.65,1069.83,1232.18,4538.90,0.17,36.9727
5.000000e-01,777.67,38594.84,46889.01,1175.33,1421.61,5697.22,0.24,39.5649
5.000000e-01,783.37,39502.38,48390.13,1283.58,1475.88,6128.29,0.24,42.0545
5.000000e-01,753.77,38080.06,45809.77,893.27,1553.32,5283.13,0.23,41.3942
5.000000e-01,918.73,47561.20,55089.32,1120.09,1437.91,4970.11,0.28,41.2702
5.000000e-01,569.64,28059.43,36336.59,1571.00,1314.37,5391.78,0.18,38.6821
5.000000e-01,779.30,37977.58,46450.64,1581.04,1119.22,5772.80,0.24,40.3719
5.000000e-01,705.36,33962.47,42820.55,1183.01,1699.88,5975.18,0.22,38.7144
5.000000e-01,745.08,36722.07,44235.72,1290.48,1321.49,4901.67,0.23,40.0985
5.000000e-01,605.22,29481.95,36971.79,1583.80,1217.33,4688.71,0.19,38.8145
5.000000e-01,674.98,33249.39,41264.97,1227.94,1484.37,5303.27,0.21,39.6723
5.000000e-01,698.08,33616.29,41975.73,1777.77,1215.37,5366.31,0.21,38.1550
5.000000e-01,784.14,38480.99,46920.67,1589.18,1463.35,5387.15,0.24,40.8275
5.000000e-01,569.67,27281.19,34882.78,1459.68,1126.36,5015.55,0.17,38.5681
5.000000e-01,812.66,41508.16,49258.43,867.67,1355.02,5527.58,0.25,39.3897
5.000000e-01,886.93,44412.92,52756.51,1230.72,1552.37,5560.50,0.27,39.8923
5.000000e-01,634.14,31410.97,39354.10,1311.74,1469.72,5161.67,0.20,39.6550
5.000000e-01,691.36,33262.26,40820.41,1426.47,1098.88,5032.81,0.21,38.0182
5.000000e-01,614.76,28975.14,37331.11,1552.83,1269.09,5534.05,0.19,38.8769
5.000000e-01,797.28,39975.44,48004.20,1392.10,1317.31,5319.36,0.24,40.0831
5.000000e-01,646.87,31259.84,40208.12,1582.67,1298.84,6066.77,0.20,38.6106
5.000000e-01,544.07,27588.86,34255.40,1200.82,1195.21,4270.51,0.17,36.7719
5.000000e-01,942.80,48166.21,56446.18,1385.28,1287.46,5607.23,0.29,41.0849
5.000000e-01,665.14,34223.24,41417.24,917.97,1609.84,4666.19,0.21,39.6440
5.000000e-01,595.09,29511.73,36815.68,1359.96,1195.41,4748.59,0.18,38.4874
5.000000e-01,627.62,31681.55,38253.45,1118.63,1129.70,4323.57,0.19,37.4941
5.000000e-01,627.76,30982.97,38210.97,1269.99,1071.07,4886.95,0.19,38.9527
5.000000e-01,609.01,30284.25,36817.68,1642.11,1084.06,3807.26,0.18,38.5171
5.000000e-01,804.74,38855.28,48870.86,1745.72,1535.05,6734.80,0.25,40.6115
5.000000e-01,727.21,37125.92,44667.40,1250.09,1404.37,4887.02,0.22,38.8818
5.000000e-01,491.39,24968.03,31394.06,947.52,1177.89,4300.62,0.15,37.4902
5.000000e-01,689.71,34230.10,43221.43,1347.52,1519.41,6124.40,0.22,38.4848
5.000000e-01,647.38,32902.12,39424.61,1097.73,1258.85,4165.91,0.20,39.1556
5.000000e-01,779.23,38863.45,47589.83,1388.91,1453.87,5883.60,0.24,40.8991
5.000000e-01,976.19,49875.98,58464.15,1212.89,1649.35,5725.92,0.30,41.2747
5.000000e-01,485.95,23391.37,30588.81,1289.81,1166.36,4741.27,0.15,36.4407
5.000000e-01,735.73,37426.66,45217.07,1211.19,1446.06,5133.16,0.23,41.1306
5.000000e-01,659.19,32111.97,40173.16,1570.46,1339.28,5151.45,0.20,38.2019
5.000000e-01,841.71,42347.71,49842.41,1297.94,1406.95,4789.82,0.25,39.3420
5.000000e-01,811.94,41562.41,49357.02,1079.65,1300.71,5414.24,0.25,42.3570
5.000000e-01,651.93,32051.92,39801.01,1449.97,1243.98,5055.13,0.20,40.5407
5.000000e-01,659.77,32802.95,40233.17,1389.58,1366.23,4674.41,0.20,40.2526
5.000000e-01,654.46,31419.88,39148.19,1499.81,810.18,5418.33,0.20,38.9481
5.000000e-01,772.08,38422.91,46491.85,1569.30,1041.44,5458.21,0.24,41.0605
5.000000e-01,714.74,36434.50,44160.21,1228.79,1384.86,5112.06,0.22,39.4424
5.000000e-01,716.99,36230.19,43487.68,1333.46,1094.75,4829.27,0.22,39.4477
5.000000e-01,680.26,32429.69,41416.32,1297.97,1424.02,6264.65,0.21,38.1621
5.000000e-01,696.14,33884.66,41378.03,1556.41,947.88,4989.08,0.21,38.2510
5.000000e-01,717.39,36870.49,43713.75,1316.44,1094.18,4432.64,0.22,38.7136
5.000000e-01,789.47,39567.06,47243.59,1116.00,1161.35,5399.18,0.24,39.3466
5.000000e-01,689.75,33473.34,41546.65,1912.20,1104.12,5056.99,0.21,39.2403
5.000000e-01,743.43,37335.14,45234.69,799.74,1836.71,5263.09,0.23,40.6484
5.000000e-01,744.62,36172.34,44437.51,1458.63,1252.66,5553.87,0.23,40.4887
5.000000e-01,808.97,40635.73,49151.56,1169.89,1419.21,5926.73,0.25,40.7598
5.000000e-01,783.19,40734.83,48548.52,800.02,1580.31,5433.36,0.24,39.5913
5.000000e-01,734.15,36047.90,45082.28,1324.98,1620.63,6088.76,0.22,38.8709
5.000000e-01,564.99,27564.69,35093.20,1221.82,1483.19,4823.50,0.17,37.3681
5.000000e-01,620.63,28780.78,36749.53,1604.37,1224.34,5140.04,0.19,36.8578
5.000000e-01,799.97,40704.35,48399.55,950.78,1115.11,5629.31,0.24,39.9000
5.000000e-01,624.06,30045.15,37455.17,1592.51,1192.61,4624.91,0.19,37.3383
5.000000e-01,758.87,37592.28,45459.84,948.68,1592.26,5326.62,0.23,39.0452
5.000000e-01,856.15,43535.82,51916.90,1320.16,1493.23,5567.69,0.26,41.2686
5.000000e-01,888.80,43429.05,52258.12,1841.31,1420.80,5566.96,0.27,41.7175
5.000000e-01,695.91,35585.27,43436.15,1207.52,1485.56,5157.80,0.22,38.7185
5.000000e-01,794.49,39731.92,48868.85,1567.04,1758.06,5811.83,0.25,38.9704
5.000000e-01,762.17,38227.04,46241.55,1230.76,1483.15,5300.61,0.23,39.6643
5.000000e-01,730.80,35978.98,43969.24,1360.93,1214.71,5414.62,0.22,38.4232
5.000000e-01,733.58,36842.98,44388.62,1320.94,1270.09,4954.62,0.22,39.1314
5.000000e-01,766.10,39257.64,46507.25,1416.29,1275.88,4557.44,0.24,38.5723
5.000000e-01,608.47,29405.64,35783.74,1345.54,818.56,4214.00,0.18,37.9477
5.000000e-01,647.19,32788.05,39136.18,1627.58,919.19,3801.37,0.20,39.0214
5.000000e-01,697.38,34408.42,42027.95,1413.09,1223.95,4982.48,0.21,39.5662
5.000000e-01,751.27,37261.39,44665.21,1220.18,1222.78,4960.86,0.23,39.4187
5.000000e-01,751.30,38978.53,46804.39,1177.24,1334.49,5314.13,0.23,38.1829
5.000000e-01,664.10,33768.69,41545.15,1514.22,1106.40,5155.84,0.21,39.3357
5.000000e-01,803.75,40343.28,48186.29,703.41,1379.21,5760.38,0.24,38.7648
5.000000e-01,708.45,35045.32,43395.83,1236.96,1296.63,5816.91,0.22,39.2740
5.000000e-01,911.70,44690.80,53831.94,1234.56,1593.94,6312.64,0.28,41.2739
5.000000e-01,698.82,33885.41,42558.97,1549.13,1399.78,5724.66,0.21,39.0632
5.000000e-01,960.15,48117.08,56809.20,1154.27,1749.89,5787.96,0.29,38.8542
5.000000e-01,530.28,25444.64,32102.02,1568.01,1191.05,3898.32,0.16,36.6306
5.000000e-01,682.78,32823.65,40547.18,1325.92,1006.58,5391.03,0.21,36.9056
5.000000e-01,747.64,37628.51,44535.44,1296.50,905.47,4704.96,0.23,20.2359
5.000000e-01,598.03,30685.14,36859.16,1307.43,928.09,3938.51,0.19,19.0205
5.000000e-01,571.88,27791.13,35958.72,1557.40,1309.85,5300.34,0.18,18.8415
5.000000e-01,826.34,40893.48,50696.78,1654.68,1645.26,6503.36,0.26,17.0240
1,659.39,34664.04,42161.23,848.70,1599.11,5049.38,0.21,39.5899
1,816.41,41653.84,50347.14,860.27,2123.23,5709.79,0.25,42.3212
1,854.17,43608.91,52291.82,900.68,2122.53,5659.70,0.26,43.5382
1,759.72,39372.43,46321.37,721.32,1894.65,4332.97,0.23,41.5242
1,942.41,48649.14,58549.24,703.33,2388.41,6808.36,0.29,41.2458
1,785.48,40278.41,49126.19,861.60,2081.50,5904.67,0.24,40.1648
1,908.27,45777.89,55152.86,691.05,2376.35,6307.58,0.28,41.8296
1,710.40,35072.17,43943.01,792.30,1766.85,6311.69,0.22,40.3718
1,701.27,36015.47,44194.75,671.10,1950.13,5558.05,0.22,41.0202
1,788.01,39878.65,48193.39,547.72,2099.54,5667.48,0.24,41.3416
1,762.92,40082.11,47984.36,655.18,1882.66,5364.40,0.24,39.2097
1,687.15,36169.57,43261.79,736.02,1970.40,4385.80,0.22,40.0971
1,944.49,49348.55,57202.63,518.03,2365.53,4970.52,0.29,43.4879
1,657.73,32135.35,40951.01,803.60,2183.81,5828.26,0.20,39.5883
1,613.57,30764.01,38382.07,770.32,2139.31,4708.44,0.19,39.8278
1,840.25,42616.17,51428.20,734.42,2142.32,5935.29,0.26,42.4093
1,902.08,46566.82,55831.41,775.30,2210.88,6278.42,0.28,44.0451
1,846.20,42504.87,50802.97,580.25,2350.40,5367.45,0.26,42.4554
1,1007.32,52840.77,61319.15,929.30,2326.21,5222.87,0.31,44.1667
1,662.31,32665.03,41265.80,731.70,2089.15,5779.92,0.21,40.7081
1,919.78,46846.67,55819.37,829.15,1939.28,6204.27,0.28,43.4809
1,749.19,36830.71,46055.79,772.19,2369.38,6083.50,0.23,40.2293
1,807.16,42204.26,50065.33,699.12,2019.30,5142.66,0.25,41.9888
1,747.99,37073.72,45449.66,758.48,2259.09,5358.37,0.23,42.1501
1,710.90,35931.82,44231.94,714.97,2149.91,5435.24,0.22,40.4458
1,808.14,40460.60,49353.05,942.01,2227.35,5723.10,0.25,41.6026
1,872.02,44201.25,53154.07,1032.51,2284.91,5635.40,0.27,42.5472
1,681.31,34165.31,42584.21,761.96,2041.80,5615.14,0.21,40.7309
1,907.03,45804.63,54743.17,826.91,2377.01,5734.62,0.28,41.5049
1,977.57,49822.78,59088.64,812.76,2534.99,5918.11,0.30,42.4077
1,719.99,36393.52,44790.08,833.61,2175.56,5387.39,0.22,41.4378
1,819.07,42660.54,51087.84,829.94,1956.05,5641.31,0.26,41.5993
1,669.24,33313.57,42204.94,996.32,1968.92,5926.13,0.21,41.5094
1,915.87,47110.16,55934.24,803.24,2368.51,5652.34,0.28,42.0262
1,740.11,36365.31,45828.36,736.02,2278.81,6448.22,0.23,39.9602
1,611.99,32423.00,39379.69,722.50,1798.64,4435.55,0.19,39.4142
1,1003.87,51981.05,60450.82,649.88,1959.67,5860.23,0.31,41.5645
1,737.41,36821.49,45008.49,817.89,2561.01,4808.10,0.23,41.4639
1,700.68,36053.36,43902.46,650.01,2039.63,5159.45,0.22,40.9997
1,735.49,36576.91,44849.15,1023.96,2355.37,4892.91,0.22,42.2982
1,743.49,37952.24,45783.99,729.98,1867.01,5234.76,0.23,41.5105
1,717.75,37552.03,44200.22,556.10,1892.40,4199.69,0.22,40.7149
1,881.26,43742.08,53749.41,751.99,2276.16,6979.18,0.27,41.7611
1,779.68,40858.38,48458.58,671.56,1906.46,5022.18,0.24,40.5919
1,596.09,30656.81,37923.24,899.02,1943.54,4423.87,0.19,40.5490
1,768.89,38574.25,47885.55,741.79,2183.52,6385.98,0.24,42.0054
1,702.78,36119.07,43503.86,870.29,2132.98,4381.53,0.22,39.4253
1,856.31,44322.27,53076.00,592.23,2084.20,6077.29,0.27,43.7324
1,1061.93,55517.13,64773.86,734.29,2590.10,5932.34,0.33,44.8564
1,560.62,28296.84,35569.69,601.22,1683.22,4988.42,0.18,38.8641
1,803.02,41460.49,49862.83,850.75,2253.22,5298.37,0.25,42.1165
1,753.72,38208.91,46483.12,697.06,2070.44,5506.71,0.23,40.8243
1,933.80,47337.06,56100.18,841.15,2659.43,5262.53,0.28,42.1310
1,888.14,45672.36,53814.50,696.42,1963.32,5482.39,0.27,44.0488
1,773.90,38784.76,47348.16,647.18,2322.84,5593.38,0.24,42.2777
1,757.82,38910.13,47108.81,688.39,2289.42,5220.86,0.24,43.9377
1,876.57,43892.18,53668.38,1344.22,2032.52,6399.46,0.27,42.6306
1,938.27,47676.10,57057.33,1288.49,2105.98,5986.76,0.29,44.7786
1,774.16,39693.81,47730.00,652.17,2141.22,5242.80,0.24,40.3182
1,833.27,44020.66,51659.02,567.54,1874.94,5195.87,0.26,40.7362
1,727.76,35907.24,45066.21,702.00,2070.79,6386.19,0.22,41.1984
1,827.08,41464.44,50261.72,1136.57,2025.68,5635.03,0.25,40.4147
1,821.64,42384.61,50042.35,845.79,2112.52,4699.42,0.25,40.6560
1,874.61,45137.31,53936.83,919.66,2130.31,5749.56,0.27,41.1403
1,876.99,44789.82,53464.80,888.53,2070.57,5715.88,0.27,41.2405
1,781.69,39178.88,47729.98,707.71,2459.38,5384.02,0.24,41.2627
1,901.29,45224.30,54000.20,810.49,2089.41,5875.99,0.28,42.7150
1,885.32,45374.83,54385.04,778.85,2131.61,6099.75,0.28,42.4378
1,797.04,41893.53,50086.77,665.81,1971.21,5556.22,0.25,39.8398
1,797.27,40787.51,50027.23,685.24,2188.41,6366.07,0.25,42.8547
1,596.15,29601.62,37388.38,715.62,2174.33,4896.81,0.18,38.9287
1,748.44,36962.55,45352.70,954.83,1908.69,5526.63,0.23,40.9030
1,907.44,46442.99,55357.88,741.11,1945.64,6228.13,0.28,42.0452
1,728.06,35955.62,44495.49,1087.54,2273.15,5179.18,0.22,39.8451
1,816.45,40846.49,49599.85,719.49,2396.11,5637.77,0.25,39.6882
1,922.42,47194.88,56225.36,713.20,2560.84,5756.45,0.28,42.8176
1,1022.27,51598.44,61574.22,1071.77,2762.35,6141.66,0.31,43.2003
1,755.03,39350.53,47452.42,557.33,2131.97,5412.60,0.23,41.4241
1,861.87,44537.14,53508.37,671.73,2329.41,5970.09,0.27,41.5938
1,861.55,43432.44,52644.31,669.51,2782.48,5759.89,0.26,41.6462
1,859.03,44201.81,52788.14,755.88,1881.92,5948.53,0.27,39.8031
1,817.45,41873.77,49633.71,670.37,1933.89,5155.68,0.25,41.8786
1,864.41,45437.49,53048.45,708.65,2078.89,4823.42,0.27,41.9957
1,807.24,41136.16,48898.72,961.77,1624.32,5176.47,0.25,40.9356
1,805.34,42646.42,49555.69,714.76,1873.57,4320.94,0.25,41.0837
1,790.39,40538.76,48842.06,903.31,2200.67,5199.33,0.25,42.0413
1,824.91,42367.66,50756.78,961.30,2132.68,5295.14,0.26,41.0212
1,827.19,42971.66,51073.34,565.37,1927.47,5608.83,0.25,41.0681
1,810.83,41263.07,49645.05,668.64,2033.60,5679.74,0.25,41.1043
1,903.88,45749.91,54959.64,615.12,2368.56,6226.05,0.28,41.8585
1,817.37,41468.11,50971.75,979.48,2331.90,6192.26,0.26,39.9859
1,978.88,49059.95,58691.12,692.57,2445.30,6493.31,0.30,43.1507
1,771.58,39205.78,48167.82,873.11,2119.78,5969.15,0.24,39.7239
1,1035.95,52559.37,61942.75,682.70,2630.81,6069.88,0.32,40.5874
1,628.77,32837.95,40043.99,881.58,2049.60,4274.85,0.20,38.8797
1,838.64,42099.55,51288.33,1104.09,1911.07,6173.62,0.26,39.5725
1,876.16,45944.66,53985.75,892.79,1839.95,5308.35,0.27,20.0090
1,754.22,39755.83,46648.64,775.14,1710.79,4406.87,0.23,18.7611
1,655.59,32719.80,41004.78,747.84,1950.88,5586.25,0.20,18.7714
1,879.03,45775.70,55167.38,800.10,1976.56,6615.01,0.28,16.9876
1.500000e+00,687.31,35368.62,43137.02,697.51,1917.42,5153.47,0.21,41.6146
1.500000e+00,872.39,43997.24,53261.19,832.50,2676.11,5755.34,0.27,43.1667
1.500000e+00,865.14,44407.46,53484.15,708.42,2639.67,5728.60,0.27,43.6030
1.500000e+00,766.44,39929.96,47137.33,698.91,2205.62,4302.83,0.24,42.4647
1.500000e+00,957.88,49008.45,58855.85,628.62,2372.27,6846.52,0.29,42.7324
1.500000e+00,819.21,41267.26,50364.21,764.80,2406.47,5925.68,0.25,43.9342
1.500000e+00,919.49,46083.67,55678.55,694.94,2555.45,6344.49,0.28,41.4109
1.500000e+00,769.10,38080.88,47263.29,725.95,2113.84,6342.63,0.24,41.3887
1.500000e+00,720.00,36489.86,45018.43,716.20,2189.54,5622.83,0.22,40.5364
1.500000e+00,781.35,39994.93,48318.10,603.66,2093.68,5625.83,0.24,42.5806
1.500000e+00,791.23,41034.15,49098.48,619.07,2098.04,5347.22,0.25,40.2894
1.500000e+00,711.48,36656.82,44081.44,646.02,2334.52,4444.08,0.22,40.8690
1.500000e+00,947.69,49250.98,57181.30,572.45,2381.22,4976.65,0.29,45.1438
1.500000e+00,664.93,32625.72,41584.66,605.09,2474.65,5879.21,0.21,42.5111
1.500000e+00,617.73,30984.36,38756.03,768.71,2236.45,4766.51,0.19,41.2856
1.500000e+00,854.81,43364.07,52373.33,594.66,2414.52,6000.08,0.26,43.9834
1.500000e+00,910.86,46525.03,56012.58,734.54,2453.38,6299.63,0.28,45.8156
1.500000e+00,838.02,42546.23,50773.32,572.28,2305.25,5349.55,0.26,44.8917
1.500000e+00,1037.99,54344.72,62860.96,667.92,2592.11,5256.22,0.31,46.1512
1.500000e+00,672.09,32971.57,41711.96,787.89,2176.15,5776.35,0.21,41.9464
1.500000e+00,939.41,47928.24,57073.19,616.61,2271.69,6256.65,0.29,44.3853
1.500000e+00,759.73,37086.55,46506.79,674.84,2634.41,6110.99,0.23,43.5254
1.500000e+00,816.58,42795.27,50801.72,548.64,2264.27,5193.54,0.25,44.9432
1.500000e+00,760.88,37699.56,46095.37,658.88,2370.89,5366.04,0.23,44.1184
1.500000e+00,717.39,36351.90,44587.37,656.41,2117.55,5461.51,0.22,43.5697
1.500000e+00,826.68,41917.61,50762.58,581.79,2531.30,5731.88,0.25,43.4485
1.500000e+00,877.17,44968.90,53863.58,732.58,2463.83,5698.27,0.27,44.2901
1.500000e+00,716.73,35467.17,44250.39,740.58,2332.85,5709.78,0.22,43.0613
1.500000e+00,919.72,46341.58,55394.17,726.11,2563.65,5762.82,0.28,41.9599
1.500000e+00,1001.55,50355.08,60029.20,714.62,2965.75,5993.74,0.30,44.8882
1.500000e+00,721.40,36587.58,45069.52,792.22,2289.55,5400.17,0.22,43.6370
1.500000e+00,876.25,44164.41,53116.13,708.83,2509.82,5733.08,0.27,41.4780
1.500000e+00,714.42,35392.41,44536.65,775.65,2378.41,5990.18,0.22,42.8297
1.500000e+00,942.35,47927.11,57299.77,803.10,2822.64,5746.93,0.29,43.7656
1.500000e+00,755.90,36951.74,46545.39,696.79,2470.41,6426.44,0.23,42.5286
1.500000e+00,633.84,32732.42,39832.04,604.25,2043.52,4451.86,0.20,40.8019
1.500000e+00,1036.72,54043.83,62831.06,557.10,2289.68,5940.46,0.32,44.6005
1.500000e+00,737.84,36829.55,45095.72,748.91,2688.10,4829.15,0.23,43.2648
1.500000e+00,712.04,36277.10,44585.48,831.04,2272.63,5204.72,0.22,43.2698
1.500000e+00,751.35,37550.79,45791.24,743.67,2573.95,4922.83,0.23,42.0791
1.500000e+00,772.68,39518.11,47550.38,486.84,2252.22,5293.20,0.24,43.0201
1.500000e+00,724.37,37599.94,44775.95,788.40,2140.83,4246.77,0.22,42.9716
1.500000e+00,889.95,43935.32,54306.39,782.81,2544.37,7043.88,0.27,44.4952
1.500000e+00,799.93,41184.25,49315.04,760.34,2306.32,5064.12,0.25,41.0470
1.500000e+00,637.86,31353.75,39118.05,855.98,2392.01,4516.32,0.19,41.2371
1.500000e+00,784.29,38702.76,48350.58,780.21,2453.81,6413.80,0.24,43.2767
1.500000e+00,721.74,36660.95,44149.23,674.30,2380.55,4433.43,0.22,42.2948
1.500000e+00,871.95,44470.95,53510.23,675.07,2272.69,6091.53,0.27,43.8540
1.500000e+00,1101.41,56289.64,65968.70,666.87,3037.37,5974.83,0.33,45.4060
1.500000e+00,574.48,28288.30,35898.73,730.33,1880.10,5000.01,0.18,41.3776
1.500000e+00,835.42,42565.54,51278.61,664.61,2695.26,5353.21,0.26,44.5964
1.500000e+00,766.37,38829.24,47374.50,620.44,2397.17,5527.65,0.24,41.8642
1.500000e+00,947.13,47893.35,56949.15,752.46,2987.74,5315.59,0.29,43.3486
1.500000e+00,892.25,45807.95,54025.52,576.04,2133.95,5507.58,0.27,44.7077
1.500000e+00,803.55,39473.09,48550.26,651.69,2733.33,5692.16,0.24,43.9823
1.500000e+00,762.94,38988.83,47223.94,651.78,2378.79,5204.54,0.23,44.1641
1.500000e+00,927.50,46791.00,56637.18,717.11,2583.97,6545.11,0.28,43.0816
1.500000e+00,999.02,50242.23,59864.28,784.62,2776.50,6060.93,0.30,44.6607
1.500000e+00,795.11,40248.18,48665.74,674.18,2439.54,5303.84,0.24,42.1437
1.500000e+00,852.61,44292.76,52321.48,708.31,2095.02,5225.39,0.26,41.9179
1.500000e+00,750.84,36806.70,46398.29,724.25,2380.20,6487.14,0.23,41.9929
1.500000e+00,859.65,43506.29,52654.21,883.10,2581.39,5683.44,0.26,43.0034
1.500000e+00,846.24,43385.33,51326.62,636.40,2520.07,4784.82,0.26,40.8694
1.500000e+00,891.52,46116.34,54800.89,656.47,2257.96,5770.13,0.28,42.7761
1.500000e+00,900.86,46010.74,55228.80,696.37,2750.35,5771.34,0.28,42.9295
1.500000e+00,782.52,39119.31,47696.94,751.94,2462.66,5363.03,0.24,43.5999
1.500000e+00,916.89,46008.02,54994.53,642.03,2405.66,5938.82,0.28,44.6669
1.500000e+00,922.96,46640.13,55870.43,634.62,2485.51,6110.17,0.28,45.3217
1.500000e+00,797.56,42094.97,50232.94,618.22,1949.76,5569.98,0.25,40.5095
1.500000e+00,834.44,42035.31,51589.73,654.36,2500.76,6399.31,0.26,43.6551
1.500000e+00,603.51,29992.16,37838.41,644.26,2232.00,4969.98,0.19,40.2987
1.500000e+00,773.53,37576.28,46572.86,793.15,2537.28,5666.14,0.24,41.5816
1.500000e+00,923.79,47325.47,56529.79,633.33,2265.24,6305.75,0.28,42.2698
1.500000e+00,770.03,38083.07,46902.67,738.09,2859.16,5222.35,0.23,41.5359
1.500000e+00,860.98,42845.79,52252.33,785.44,2938.45,5682.65,0.26,40.6022
1.500000e+00,931.17,47636.23,56724.91,723.84,2599.15,5765.68,0.28,43.9177
1.500000e+00,1062.26,53442.50,63833.23,856.21,3327.95,6206.56,0.32,46.3512
1.500000e+00,756.70,39333.48,47739.51,657.00,2316.82,5432.21,0.23,41.8543
1.500000e+00,884.25,44686.49,53994.01,695.05,2605.45,6007.03,0.27,41.5921
1.500000e+00,873.33,43274.24,52908.51,809.96,3041.37,5782.93,0.27,42.3670
1.500000e+00,858.85,44277.44,52801.44,551.05,1990.75,5982.20,0.27,41.2147
1.500000e+00,823.65,42055.89,49888.15,692.15,1984.68,5155.43,0.25,41.7578
1.500000e+00,871.45,45974.08,53665.88,593.10,2266.84,4831.87,0.27,41.6854
1.500000e+00,848.48,42868.85,50976.51,769.33,2075.29,5263.04,0.26,42.6895
1.500000e+00,822.39,43500.95,50865.36,747.49,2244.14,4372.78,0.25,41.3270
1.500000e+00,820.25,41614.14,50173.53,706.55,2629.21,5223.63,0.25,42.3144
1.500000e+00,858.60,44070.30,52382.36,598.32,2373.84,5339.90,0.26,41.8075
1.500000e+00,819.07,43098.79,51326.52,618.56,2020.15,5589.02,0.25,41.4301
1.500000e+00,813.94,41508.16,49999.99,635.03,2177.61,5679.20,0.25,42.8592
1.500000e+00,902.72,45596.75,55004.30,670.95,2523.03,6213.57,0.28,41.9948
1.500000e+00,872.06,42842.90,52724.87,725.86,2843.13,6312.98,0.27,42.6949
1.500000e+00,979.18,49108.21,58847.55,660.22,2574.65,6504.48,0.30,43.5520
1.500000e+00,794.63,40019.09,49336.33,817.52,2471.98,6027.74,0.25,40.8300
1.500000e+00,1043.80,52636.67,62296.39,723.43,2849.17,6087.12,0.32,42.6998
1.500000e+00,665.94,33948.07,41530.47,819.58,2428.52,4334.31,0.21,40.1317
1.500000e+00,860.60,43621.07,53141.09,926.91,2327.64,6265.48,0.27,41.9039
1.500000e+00,921.98,48231.57,56500.00,622.01,2305.18,5341.23,0.28,21.8278
1.500000e+00,805.89,42053.80,49264.78,651.65,2073.97,4485.36,0.25,20.6842
1.500000e+00,648.69,32608.03,40946.14,654.70,2130.01,5553.41,0.20,19.0518
1.500000e+00,919.95,46429.40,56174.83,671.46,2368.54,6705.44,0.28,18.0879
2,698.80,35554.04,43356.24,613.46,2044.36,5144.39,0.21,41.9736
2,870.71,44144.07,53336.09,715.33,2701.44,5775.24,0.27,44.1036
2,865.40,44429.16,53530.09,713.35,2654.00,5733.59,0.27,44.9020
2,773.64,40150.80,47268.36,532.96,2253.07,4331.52,0.24,43.2315
2,960.93,48854.10,58849.73,694.18,2450.09,6851.35,0.30,45.2062
2,814.14,41024.26,50200.94,792.83,2467.69,5916.16,0.25,44.2782
2,925.36,45862.05,55690.79,799.32,2677.31,6352.11,0.28,44.4812
2,780.83,37983.09,47443.78,830.82,2259.13,6370.75,0.24,43.8568
2,732.40,36686.68,45663.99,725.62,2544.24,5707.45,0.23,42.8782
2,775.97,40134.21,48348.42,469.83,2106.12,5638.27,0.24,43.9812
2,794.45,41086.91,49113.08,589.03,2058.43,5378.72,0.25,42.5433
2,721.13,36779.13,44325.56,611.05,2482.20,4453.18,0.22,43.0050
2,947.69,49250.98,57181.30,572.45,2381.22,4976.65,0.29,47.4994
2,670.42,32507.99,41539.99,707.85,2465.28,5858.86,0.21,43.8322
2,624.14,31042.95,38955.79,736.50,2414.22,4762.11,0.19,42.1188
2,864.17,43453.01,52719.09,666.84,2580.69,6018.54,0.26,45.0672
2,910.86,46525.03,56012.58,734.54,2453.38,6299.63,0.28,47.4329
2,838.02,42546.23,50773.32,572.28,2305.25,5349.55,0.26,46.2729
2,1037.99,54344.72,62860.96,667.92,2592.11,5256.22,0.31,48.4363
2,677.39,33024.88,41812.32,715.26,2314.10,5758.09,0.21,44.6597
2,946.61,47887.11,57159.40,645.95,2353.50,6272.84,0.29,46.1253
2,759.73,37086.55,46506.79,674.84,2634.41,6110.99,0.23,45.0013
2,816.58,42795.27,50801.72,548.64,2264.27,5193.54,0.25,46.1355
2,766.34,37739.08,46375.06,714.56,2526.86,5394.57,0.23,44.7029
2,717.39,36351.90,44587.37,656.41,2117.55,5461.51,0.22,45.4821
2,824.75,41866.88,50767.08,636.49,2536.88,5726.83,0.25,43.0395
2,892.13,45076.44,54138.25,708.26,2635.29,5718.25,0.27,47.4016
2,716.54,35852.20,44651.85,618.63,2447.39,5733.63,0.22,45.0232
2,924.82,46370.64,55527.77,749.49,2631.64,5775.99,0.28,45.8454
2,1002.62,50407.61,60014.11,659.29,2949.18,5998.03,0.30,45.9437
2,734.03,36820.25,45238.73,669.99,2322.28,5426.21,0.23,44.0055
2,866.78,44269.76,53146.32,637.81,2496.36,5742.39,0.27,44.8800
2,726.57,35523.74,44586.67,603.55,2466.13,5993.25,0.22,45.4105
2,948.20,48096.23,57601.22,746.93,3000.05,5758.01,0.29,45.2365
2,751.44,36972.94,46210.15,612.28,2236.41,6388.53,0.23,42.1026
2,630.19,32499.77,39820.90,782.84,2096.95,4441.33,0.20,42.4603
2,1035.19,54033.74,62832.98,575.91,2282.46,5940.87,0.32,46.1021
2,737.84,36829.55,45095.72,748.91,2688.10,4829.15,0.23,44.0989
2,719.79,36445.18,44635.35,685.53,2297.29,5207.36,0.22,43.7642
2,749.06,37635.44,45838.92,691.42,2584.24,4927.82,0.23,44.4451
2,773.56,39336.94,47528.97,667.47,2225.20,5299.35,0.24,44.0916
2,719.82,37740.39,44773.43,698.96,2105.56,4228.52,0.22,43.9608
2,887.95,44118.27,54196.44,683.40,2370.44,7024.34,0.27,46.2964
2,805.44,41361.15,49428.65,643.01,2332.68,5091.81,0.25,43.2143
2,646.67,31593.25,39543.55,744.36,2633.46,4572.49,0.20,43.8221
2,784.29,38702.76,48350.58,780.21,2453.81,6413.80,0.24,44.3979
2,713.75,36725.06,44164.24,668.39,2353.78,4417.01,0.22,43.8662
2,869.70,44600.06,53545.19,585.52,2252.25,6107.37,0.27,46.5205
2,1101.41,56289.64,65968.70,666.87,3037.37,5974.83,0.33,47.6076
2,574.96,28243.61,35966.99,733.55,1992.14,4997.69,0.18,41.6812
2,819.42,42278.38,50732.56,688.59,2498.83,5266.75,0.25,43.6893
2,779.78,38865.50,47587.99,742.79,2456.85,5522.85,0.24,44.2249
2,948.15,48020.56,57229.68,801.52,3058.64,5348.97,0.29,45.4694
2,892.25,45807.95,54025.52,576.04,2133.95,5507.58,0.27,45.5432
2,808.67,39507.10,48909.26,747.56,2932.16,5722.45,0.25,47.3004
2,762.21,39000.59,47214.19,692.74,2302.61,5218.25,0.23,45.5779
2,933.21,46727.77,56783.47,790.56,2714.86,6550.28,0.28,46.6787
2,1001.32,50486.01,60152.99,696.06,2878.52,6092.39,0.30,46.2950
2,793.65,40233.13,48598.43,593.87,2474.43,5297.00,0.24,44.1856
2,842.66,44499.25,52163.18,556.61,1897.57,5209.75,0.26,43.8282
2,746.57,36985.36,46480.56,649.36,2337.79,6508.05,0.23,43.6018
2,882.53,44240.41,53612.65,759.31,2885.16,5727.77,0.27,44.0723
2,844.27,43317.57,51539.20,696.76,2739.25,4785.61,0.26,43.1862
2,907.71,46118.46,54988.95,703.19,2365.50,5801.81,0.28,42.6208
2,906.78,45994.64,55316.08,740.87,2774.91,5805.66,0.28,45.7345
2,782.52,39119.31,47696.94,751.94,2462.66,5363.03,0.24,44.4741
2,925.18,46169.12,55481.80,686.76,2624.77,6001.14,0.28,46.5699
2,918.12,46718.34,55758.42,578.39,2349.29,6112.40,0.28,46.2256
2,797.56,42094.97,50232.94,618.22,1949.76,5569.98,0.25,42.4684
2,841.73,41943.27,51672.62,732.07,2606.54,6390.75,0.26,45.4287
2,602.73,30024.45,37859.55,620.44,2240.39,4974.27,0.18,41.8405
2,778.31,37692.22,46795.70,844.61,2588.40,5670.48,0.24,43.5525
2,934.82,47350.59,56752.55,601.42,2463.34,6337.20,0.29,44.4859
2,766.80,38123.14,46959.52,689.31,2895.11,5251.96,0.23,42.4054
2,867.21,43040.08,52517.34,710.70,3048.12,5718.45,0.26,43.6496
2,934.12,47857.90,56781.26,625.10,2539.74,5758.52,0.28,45.3275
2,1064.34,53806.34,64056.90,630.23,3402.94,6217.39,0.32,47.3517
2,756.70,39333.48,47739.51,657.00,2316.82,5432.21,0.23,43.6179
2,884.25,44686.49,53994.01,695.05,2605.45,6007.03,0.27,43.9446
2,874.12,43363.09,52982.72,789.51,3040.53,5789.59,0.27,43.4526
2,849.75,44230.34,52867.36,646.80,2004.15,5986.07,0.27,44.1805
2,823.65,42055.89,49888.15,692.15,1984.68,5155.43,0.25,42.7865
2,870.54,45835.54,53478.16,645.97,2158.00,4838.66,0.27,43.6121
2,862.81,44037.23,52372.14,624.10,2403.65,5307.15,0.26,43.0569
2,825.54,43527.04,51029.34,767.39,2364.89,4370.02,0.25,44.5938
2,824.28,41518.14,50260.46,751.98,2749.63,5240.70,0.25,45.4680
2,865.99,44018.57,52751.64,716.18,2622.85,5394.04,0.26,45.3385
2,820.83,43227.83,51345.04,614.40,1928.10,5574.71,0.25,43.1778
2,810.73,41621.40,50056.82,616.98,2142.24,5676.20,0.25,44.6153
2,892.96,45705.74,55039.62,648.34,2465.34,6220.19,0.28,44.9613
2,872.35,42819.98,52694.99,671.94,2919.16,6283.91,0.27,44.2109
2,979.18,49108.21,58847.55,660.22,2574.65,6504.48,0.30,42.7924
2,805.30,40468.12,49716.44,648.71,2554.60,6045.01,0.25,43.0856
2,1043.80,52636.67,62296.39,723.43,2849.17,6087.12,0.32,43.6916
2,678.17,33861.12,41906.70,848.56,2824.87,4372.15,0.21,42.7350
2,886.08,44862.22,54503.55,754.57,2553.72,6333.04,0.27,41.6927
2,931.74,48228.41,56625.50,698.85,2353.08,5345.16,0.29,20.5104
2,800.68,42071.86,49341.73,638.29,2153.81,4477.78,0.25,19.5489
2,665.57,32611.82,41080.39,683.83,2222.14,5562.60,0.20,18.2976
2,924.39,46476.07,56080.49,648.10,2281.13,6675.19,0.28,18.9602
2.500000e+00,703.00,35475.54,43560.05,670.70,2233.23,5180.57,0.21,41.7913
2.500000e+00,870.71,44144.07,53336.09,715.33,2701.44,5775.24,0.27,44.5176
2.500000e+00,865.40,44429.16,53530.09,713.35,2654.00,5733.59,0.27,45.2996
2.500000e+00,773.64,40150.80,47268.36,532.96,2253.07,4331.52,0.24,43.5682
2.500000e+00,960.93,48854.10,58849.73,694.18,2450.09,6851.35,0.30,45.4241
2.500000e+00,814.14,41024.26,50200.94,792.83,2467.69,5916.16,0.25,44.5991
2.500000e+00,925.36,45862.05,55690.79,799.32,2677.31,6352.11,0.28,44.3560
2.500000e+00,780.83,37983.09,47443.78,830.82,2259.13,6370.75,0.24,44.0074
2.500000e+00,727.91,36551.34,45484.19,723.49,2528.55,5680.81,0.22,43.1167
2.500000e+00,775.97,40134.21,48348.42,469.83,2106.12,5638.27,0.24,45.0632
2.500000e+00,794.92,41073.35,49105.23,589.03,2066.13,5376.71,0.25,42.6284
2.500000e+00,721.13,36779.13,44325.56,611.05,2482.20,4453.18,0.22,43.0712
2.500000e+00,947.69,49250.98,57181.30,572.45,2381.22,4976.65,0.29,47.5703
2.500000e+00,670.42,32507.99,41539.99,707.85,2465.28,5858.86,0.21,43.4745
2.500000e+00,633.03,31095.18,39170.86,771.52,2523.40,4780.76,0.19,42.8579
2.500000e+00,864.17,43453.01,52719.09,666.84,2580.69,6018.54,0.26,45.5168
2.500000e+00,910.86,46525.03,56012.58,734.54,2453.38,6299.63,0.28,47.1376
2.500000e+00,838.02,42546.23,50773.32,572.28,2305.25,5349.55,0.26,45.9711
2.500000e+00,1037.99,54344.72,62860.96,667.92,2592.11,5256.22,0.31,48.1901
2.500000e+00,678.48,33050.95,41799.71,675.05,2316.18,5757.53,0.21,44.1091
2.500000e+00,946.61,47887.11,57159.40,645.95,2353.50,6272.84,0.29,46.9480
2.500000e+00,759.73,37086.55,46506.79,674.84,2634.41,6110.99,0.23,45.0650
2.500000e+00,816.58,42795.27,50801.72,548.64,2264.27,5193.54,0.25,47.3771
2.500000e+00,766.34,37739.08,46375.06,714.56,2526.86,5394.57,0.23,44.6583
2.500000e+00,717.39,36351.90,44587.37,656.41,2117.55,5461.51,0.22,45.8791
2.500000e+00,824.75,41866.88,50767.08,636.49,2536.88,5726.83,0.25,43.4018
2.500000e+00,892.13,45076.44,54138.25,708.26,2635.29,5718.25,0.27,48.0582
2.500000e+00,725.42,35707.95,44717.63,700.12,2557.90,5751.67,0.22,44.5603
2.500000e+00,922.99,46402.56,55540.68,702.63,2672.30,5763.19,0.28,44.3180
2.500000e+00,1002.62,50407.61,60014.11,659.29,2949.18,5998.03,0.30,45.3461
2.500000e+00,734.03,36820.25,45238.73,669.99,2322.28,5426.21,0.23,45.1282
2.500000e+00,871.29,44243.53,53158.35,642.73,2526.29,5745.79,0.27,46.1113
2.500000e+00,726.57,35523.74,44586.67,603.55,2466.13,5993.25,0.22,45.7759
2.500000e+00,944.14,48010.13,57661.01,832.14,3046.94,5771.80,0.29,46.0959
2.500000e+00,751.44,36972.94,46210.15,612.28,2236.41,6388.53,0.23,43.7115
2.500000e+00,638.99,32623.49,39927.28,654.78,2191.80,4457.21,0.20,42.6479
2.500000e+00,1035.19,54033.74,62832.98,575.91,2282.46,5940.87,0.32,46.2107
2.500000e+00,737.84,36829.55,45095.72,748.91,2688.10,4829.15,0.23,43.5808
2.500000e+00,709.71,36590.13,44542.54,570.85,2188.92,5192.64,0.22,45.8895
2.500000e+00,748.59,37706.54,45854.17,619.51,2607.05,4921.06,0.23,44.4383
2.500000e+00,775.55,39406.76,47542.33,620.65,2229.45,5285.46,0.24,44.1748
2.500000e+00,719.82,37740.39,44773.43,698.96,2105.56,4228.52,0.22,44.4460
2.500000e+00,887.95,44118.27,54196.44,683.40,2370.44,7024.34,0.27,46.9509
2.500000e+00,805.44,41361.15,49428.65,643.01,2332.68,5091.81,0.25,44.1419
2.500000e+00,646.67,31593.25,39543.55,744.36,2633.46,4572.49,0.20,43.7998
2.500000e+00,784.29,38702.76,48350.58,780.21,2453.81,6413.80,0.24,44.4329
2.500000e+00,713.75,36725.06,44164.24,668.39,2353.78,4417.01,0.22,45.2478
2.500000e+00,869.70,44600.06,53545.19,585.52,2252.25,6107.37,0.27,46.7012
2.500000e+00,1101.41,56289.64,65968.70,666.87,3037.37,5974.83,0.33,47.9271
2.500000e+00,574.96,28243.61,35966.99,733.55,1992.14,4997.69,0.18,40.9648
2.500000e+00,819.42,42278.38,50732.56,688.59,2498.83,5266.75,0.25,45.4805
2.500000e+00,779.78,38865.50,47587.99,742.79,2456.85,5522.85,0.24,44.2261
2.500000e+00,950.34,48074.96,57363.78,771.47,3178.00,5339.35,0.29,45.2370
2.500000e+00,892.25,45807.95,54025.52,576.04,2133.95,5507.58,0.27,45.0840
2.500000e+00,808.67,39507.10,48909.26,747.56,2932.16,5722.45,0.25,48.0222
2.500000e+00,762.21,39000.59,47214.19,692.74,2302.61,5218.25,0.23,45.7147
2.500000e+00,927.99,46894.38,56854.54,688.52,2721.28,6550.37,0.28,45.4143
2.500000e+00,1003.90,50533.21,60231.85,675.04,2931.85,6091.75,0.30,44.9746
2.500000e+00,793.65,40233.13,48598.43,593.87,2474.43,5297.00,0.24,44.8589
2.500000e+00,842.66,44499.25,52163.18,556.61,1897.57,5209.75,0.26,43.8503
2.500000e+00,746.57,36985.36,46480.56,649.36,2337.79,6508.05,0.23,44.0363
2.500000e+00,884.07,44371.53,53671.05,676.49,2881.69,5741.34,0.27,45.3503
2.500000e+00,844.27,43317.57,51539.20,696.76,2739.25,4785.61,0.26,43.7296
2.500000e+00,907.07,46212.25,54986.37,628.10,2346.78,5799.24,0.28,43.9500
2.500000e+00,906.46,46010.50,55311.58,720.69,2771.91,5808.49,0.28,45.9646
2.500000e+00,782.52,39119.31,47696.94,751.94,2462.66,5363.03,0.24,45.4723
2.500000e+00,925.18,46169.12,55481.80,686.76,2624.77,6001.14,0.28,47.2646
2.500000e+00,918.12,46718.34,55758.42,578.39,2349.29,6112.40,0.28,46.5534
2.500000e+00,797.56,42094.97,50232.94,618.22,1949.76,5569.98,0.25,43.3112
2.500000e+00,841.73,41943.27,51672.62,732.07,2606.54,6390.75,0.26,46.5589
2.500000e+00,602.73,30024.45,37859.55,620.44,2240.39,4974.27,0.18,43.2655
2.500000e+00,779.47,37802.19,46795.80,743.50,2573.85,5676.26,0.24,44.6091
2.500000e+00,937.10,47334.55,56751.13,602.50,2475.27,6338.81,0.28,45.1399
2.500000e+00,772.02,38166.87,47096.77,743.81,2931.54,5254.54,0.24,43.7203
2.500000e+00,869.17,43116.23,52550.30,659.65,3058.46,5715.97,0.26,45.0795
2.500000e+00,934.12,47857.90,56781.26,625.10,2539.74,5758.52,0.28,46.4144
2.500000e+00,1071.95,53911.42,64367.78,731.79,3495.32,6229.25,0.33,49.2839
2.500000e+00,756.70,39333.48,47739.51,657.00,2316.82,5432.21,0.23,44.5005
2.500000e+00,884.25,44686.49,53994.01,695.05,2605.45,6007.03,0.27,44.5258
2.500000e+00,874.12,43363.09,52982.72,789.51,3040.53,5789.59,0.27,44.7008
2.500000e+00,849.75,44230.34,52867.36,646.80,2004.15,5986.07,0.27,45.5332
2.500000e+00,823.65,42055.89,49888.15,692.15,1984.68,5155.43,0.25,44.2574
2.500000e+00,870.54,45835.54,53478.16,645.97,2158.00,4838.66,0.27,44.1948
2.500000e+00,864.37,44046.56,52350.39,566.36,2436.17,5301.29,0.26,45.1620
2.500000e+00,839.64,43586.58,51217.52,675.52,2566.88,4388.54,0.25,48.5670
2.500000e+00,824.28,41518.14,50260.46,751.98,2749.63,5240.70,0.25,47.3605
2.500000e+00,861.65,43971.34,52549.92,664.21,2531.36,5383.00,0.26,46.2186
2.500000e+00,820.83,43227.83,51345.04,614.40,1928.10,5574.71,0.25,45.9248
2.500000e+00,810.73,41621.40,50056.82,616.98,2142.24,5676.20,0.25,48.5047
2.500000e+00,892.96,45705.74,55039.62,648.34,2465.34,6220.19,0.28,47.2256
2.500000e+00,872.35,42819.98,52694.99,671.94,2919.16,6283.91,0.27,47.2819
2.500000e+00,979.18,49108.21,58847.55,660.22,2574.65,6504.48,0.30,48.3546
2.500000e+00,805.30,40468.12,49716.44,648.71,2554.60,6045.01,0.25,46.0614
2.500000e+00,1043.80,52636.67,62296.39,723.43,2849.17,6087.12,0.32,46.7206
2.500000e+00,675.42,34039.01,41867.15,700.72,2741.88,4385.53,0.21,45.8857
2.500000e+00,896.64,44793.06,54687.75,794.61,2749.99,6350.10,0.28,45.7479
2.500000e+00,928.71,48189.57,56672.46,788.05,2352.52,5342.33,0.28,19.9871
2.500000e+00,801.46,41933.90,49282.97,682.28,2191.94,4474.85,0.25,20.5445
2.500000e+00,655.43,32496.90,40940.17,717.56,2178.38,5547.32,0.20,19.1414
2.500000e+00,924.39,46476.07,56080.49,648.10,2281.13,6675.19,0.28,18.8473
3,703.00,35475.54,43560.05,670.70,2233.23,5180.57,0.21,42.3960
3,870.71,44144.07,53336.09,715.33,2701.44,5775.24,0.27,44.6791
3,865.40,44429.16,53530.09,713.35,2654.00,5733.59,0.27,45.5475
3,773.64,40150.80,47268.36,532.96,2253.07,4331.52,0.24,44.1542
3,960.93,48854.10,58849.73,694.18,2450.09,6851.35,0.30,46.0854
3,814.14,41024.26,50200.94,792.83,2467.69,5916.16,0.25,45.8988
3,925.36,45862.05,55690.79,799.32,2677.31,6352.11,0.28,44.5924
3,780.83,37983.09,47443.78,830.82,2259.13,6370.75,0.24,44.4493
3,728.97,36600.60,45661.95,777.16,2569.10,5715.09,0.23,43.0357
3,775.97,40134.21,48348.42,469.83,2106.12,5638.27,0.24,45.1060
3,794.92,41073.35,49105.23,589.03,2066.13,5376.71,0.25,43.5818
3,721.13,36779.13,44325.56,611.05,2482.20,4453.18,0.22,44.6306
3,947.69,49250.98,57181.30,572.45,2381.22,4976.65,0.29,47.3731
3,670.42,32507.99,41539.99,707.85,2465.28,5858.86,0.21,43.7246
3,633.03,31095.18,39170.86,771.52,2523.40,4780.76,0.19,42.6971
3,864.17,43453.01,52719.09,666.84,2580.69,6018.54,0.26,45.5965
3,910.86,46525.03,56012.58,734.54,2453.38,6299.63,0.28,47.7139
3,838.02,42546.23,50773.32,572.28,2305.25,5349.55,0.26,46.7034
3,1037.99,54344.72,62860.96,667.92,2592.11,5256.22,0.31,48.1601
3,678.48,33050.95,41799.71,675.05,2316.18,5757.53,0.21,44.4565
3,946.61,47887.11,57159.40,645.95,2353.50,6272.84,0.29,46.6333
3,759.73,37086.55,46506.79,674.84,2634.41,6110.99,0.23,44.7979
3,816.58,42795.27,50801.72,548.64,2264.27,5193.54,0.25,47.0767
3,766.34,37739.08,46375.06,714.56,2526.86,5394.57,0.23,44.8596
3,717.39,36351.90,44587.37,656.41,2117.55,5461.51,0.22,45.4240
3,824.75,41866.88,50767.08,636.49,2536.88,5726.83,0.25,43.0163
3,892.13,45076.44,54138.25,708.26,2635.29,5718.25,0.27,48.3017
3,727.08,35675.19,44810.23,764.82,2614.63,5755.59,0.22,45.4308
3,922.99,46402.56,55540.68,702.63,2672.30,5763.19,0.28,44.6222
3,1002.62,50407.61,60014.11,659.29,2949.18,5998.03,0.30,45.1758
3,734.03,36820.25,45238.73,669.99,2322.28,5426.21,0.23,44.9431
3,871.29,44243.53,53158.35,642.73,2526.29,5745.79,0.27,45.8558
3,726.57,35523.74,44586.67,603.55,2466.13,5993.25,0.22,44.7896
3,944.14,48010.13,57661.01,832.14,3046.94,5771.80,0.29,45.7445
3,751.44,36972.94,46210.15,612.28,2236.41,6388.53,0.23,43.0490
3,638.99,32623.49,39927.28,654.78,2191.80,4457.21,0.20,41.5965
3,1035.19,54033.74,62832.98,575.91,2282.46,5940.87,0.32,46.3104
3,737.84,36829.55,45095.72,748.91,2688.10,4829.15,0.23,44.2607
3,709.71,36590.13,44542.54,570.85,2188.92,5192.64,0.22,45.7383
3,748.59,37706.54,45854.17,619.51,2607.05,4921.06,0.23,44.8518
3,775.55,39406.76,47542.33,620.65,2229.45,5285.46,0.24,44.0144
3,719.82,37740.39,44773.43,698.96,2105.56,4228.52,0.22,44.2618
3,887.95,44118.27,54196.44,683.40,2370.44,7024.34,0.27,46.3004
3,805.44,41361.15,49428.65,643.01,2332.68,5091.81,0.25,44.0531
3,646.67,31593.25,39543.55,744.36,2633.46,4572.49,0.20,43.6449
3,784.29,38702.76,48350.58,780.21,2453.81,6413.80,0.24,44.4727
3,713.75,36725.06,44164.24,668.39,2353.78,4417.01,0.22,44.5483
3,869.70,44600.06,53545.19,585.52,2252.25,6107.37,0.27,46.5595
3,1101.41,56289.64,65968.70,666.87,3037.37,5974.83,0.33,47.5818
3,574.96,28243.61,35966.99,733.55,1992.14,4997.69,0.18,41.3969
3,819.42,42278.38,50732.56,688.59,2498.83,5266.75,0.25,45.2357
3,779.78,38865.50,47587.99,742.79,2456.85,5522.85,0.24,44.6650
3,953.89,48160.45,57484.64,740.00,3224.33,5359.86,0.29,46.8483
3,892.25,45807.95,54025.52,576.04,2133.95,5507.58,0.27,45.1594
3,808.67,39507.10,48909.26,747.56,2932.16,5722.45,0.25,47.7451
3,762.21,39000.59,47214.19,692.74,2302.61,5218.25,0.23,45.6904
3,927.99,46894.38,56854.54,688.52,2721.28,6550.37,0.28,45.9137
3,1003.90,50533.21,60231.85,675.04,2931.85,6091.75,0.30,45.7777
3,793.65,40233.13,48598.43,593.87,2474.43,5297.00,0.24,45.0053
3,842.66,44499.25,52163.18,556.61,1897.57,5209.75,0.26,43.4972
3,746.57,36985.36,46480.56,649.36,2337.79,6508.05,0.23,43.7072
3,886.15,44357.99,53723.18,704.46,2925.23,5735.49,0.27,46.5336
3,844.27,43317.57,51539.20,696.76,2739.25,4785.61,0.26,44.1892
3,907.07,46212.25,54986.37,628.10,2346.78,5799.24,0.28,44.6610
3,906.46,46010.50,55311.58,720.69,2771.91,5808.49,0.28,45.6973
3,782.52,39119.31,47696.94,751.94,2462.66,5363.03,0.24,45.5213
3,925.18,46169.12,55481.80,686.76,2624.77,6001.14,0.28,47.5636
3,918.12,46718.34,55758.42,578.39,2349.29,6112.40,0.28,47.3160
3,797.56,42094.97,50232.94,618.22,1949.76,5569.98,0.25,43.5583
3,841.73,41943.27,51672.62,732.07,2606.54,6390.75,0.26,46.6236
3,602.73,30024.45,37859.55,620.44,2240.39,4974.27,0.18,42.7737
3,779.47,37802.19,46795.80,743.50,2573.85,5676.26,0.24,43.9270
3,937.10,47334.55,56751.13,602.50,2475.27,6338.81,0.28,45.5162
3,772.02,38166.87,47096.77,743.81,2931.54,5254.54,0.24,44.4025
3,869.17,43116.23,52550.30,659.65,3058.46,5715.97,0.26,45.0094
3,934.12,47857.90,56781.26,625.10,2539.74,5758.52,0.28,47.2095
3,1071.95,53911.42,64367.78,731.79,3495.32,6229.25,0.33,49.0903
3,756.70,39333.48,47739.51,657.00,2316.82,5432.21,0.23,43.7439
3,884.25,44686.49,53994.01,695.05,2605.45,6007.03,0.27,44.6234
3,874.12,43363.09,52982.72,789.51,3040.53,5789.59,0.27,45.0404
3,849.75,44230.34,52867.36,646.80,2004.15,5986.07,0.27,45.4473
3,823.65,42055.89,49888.15,692.15,1984.68,5155.43,0.25,44.2956
3,870.54,45835.54,53478.16,645.97,2158.00,4838.66,0.27,44.6269
3,864.37,44046.56,52350.39,566.36,2436.17,5301.29,0.26,45.6944
3,839.64,43586.58,51217.52,675.52,2566.88,4388.54,0.25,45.9283
3,824.28,41518.14,50260.46,751.98,2749.63,5240.70,0.25,45.9573
3,861.65,43971.34,52549.92,664.21,2531.36,5383.00,0.26,45.0305
3,820.83,43227.83,51345.04,614.40,1928.10,5574.71,0.25,43.5541
3,810.73,41621.40,50056.82,616.98,2142.24,5676.20,0.25,45.1544
3,892.96,45705.74,55039.62,648.34,2465.34,6220.19,0.28,44.9987
3,872.35,42819.98,52694.99,671.94,2919.16,6283.91,0.27,45.4822
3,979.18,49108.21,58847.55,660.22,2574.65,6504.48,0.30,46.7707
3,805.30,40468.12,49716.44,648.71,2554.60,6045.01,0.25,41.6336
3,1043.80,52636.67,62296.39,723.43,2849.17,6087.12,0.32,43.9468
3,675.42,34039.01,41867.15,700.72,2741.88,4385.53,0.21,43.0368
3,896.64,44793.06,54687.75,794.61,2749.99,6350.10,0.28,44.0381
3,928.71,48189.57,56672.46,788.05,2352.52,5342.33,0.28,24.8484
3,801.46,41933.90,49282.97,682.28,2191.94,4474.85,0.25,22.0444
3,655.43,32496.90,40940.17,717.56,2178.38,5547.32,0.20,20.3987
3,924.39,46476.07,56080.49,648.10,2281.13,6675.19,0.28,19.5880
