5.000000e-01,294.43,14411.61,18609.11,585.69,1892.30,1719.51,0.09,9.0023
5.000000e-01,351.45,16266.39,22134.96,1113.49,2780.38,1974.69,0.11,9.5568
5.000000e-01,348.84,16261.68,21949.76,1077.53,2635.18,1975.37,0.11,9.3224
5.000000e-01,337.68,16453.22,20564.53,660.49,1971.86,1478.96,0.11,9.6209
5.000000e-01,441.36,20619.75,27082.87,724.15,3169.99,2568.97,0.14,9.0673
5.000000e-01,300.30,13373.97,19264.58,1309.01,2688.29,1893.32,0.10,9.5620
5.000000e-01,397.25,19560.61,25760.53,1082.30,2649.17,2468.45,0.13,9.1279
5.000000e-01,306.74,13219.88,19086.89,1199.21,2595.11,2072.69,0.10,9.5630
5.000000e-01,284.67,13129.26,18057.50,753.13,2236.25,1938.87,0.09,9.1329
5.000000e-01,322.77,14762.35,20250.15,903.41,2609.02,1975.37,0.10,9.7260
5.000000e-01,346.07,16290.77,21673.45,735.99,2740.73,1905.96,0.11,9.6685
5.000000e-01,295.73,14229.40,18570.43,519.11,2362.69,1459.23,0.09,9.6721
5.000000e-01,487.99,24772.46,30250.38,560.08,2798.42,2119.42,0.15,14.0302
5.000000e-01,268.06,12159.70,17699.38,830.84,2576.28,2132.56,0.09,11.4967
5.000000e-01,251.03,11792.44,16822.63,821.10,2443.55,1765.53,0.08,8.5585
5.000000e-01,383.06,18382.12,23825.17,669.58,2530.35,2243.12,0.12,8.7025
5.000000e-01,405.06,19650.47,26589.04,1054.23,3402.34,2482.01,0.13,14.3753
5.000000e-01,428.95,20479.94,26317.71,417.42,3154.97,2265.39,0.14,7.8872
5.000000e-01,514.38,26062.97,31682.03,654.73,2857.69,2106.64,0.16,8.4278
5.000000e-01,229.78,9302.48,15149.53,1662.84,2418.73,1765.49,0.08,8.9237
5.000000e-01,393.33,19456.96,24635.80,695.98,2305.37,2177.49,0.12,14.2372
5.000000e-01,308.37,15292.09,20398.01,787.63,2072.75,2245.54,0.10,9.9558
5.000000e-01,409.89,20371.44,25640.80,464.68,2663.35,2141.34,0.13,8.7574
5.000000e-01,302.66,15286.07,19208.86,571.36,1578.20,1773.22,0.10,8.4280
5.000000e-01,309.08,15277.01,19504.96,429.52,1930.47,1867.96,0.10,14.7594
5.000000e-01,321.16,14207.86,19907.19,1123.80,2656.24,1919.29,0.10,9.5820
5.000000e-01,379.00,18024.86,23373.16,524.72,2889.89,1933.69,0.12,8.7384
5.000000e-01,292.54,13746.98,18701.27,636.46,2338.94,1978.89,0.09,8.9381
5.000000e-01,473.30,23588.21,28722.46,349.53,2401.78,2382.94,0.15,12.7814
5.000000e-01,454.32,22917.30,28044.41,551.88,2382.78,2192.46,0.14,9.0541
5.000000e-01,313.12,15384.21,20402.44,640.68,2456.51,1921.04,0.10,8.9061
5.000000e-01,328.65,14856.52,20140.15,1000.79,2489.45,1793.39,0.10,8.7207
5.000000e-01,293.37,13268.06,18543.34,945.03,2247.64,2082.61,0.09,15.2916
5.000000e-01,404.17,18821.20,25014.75,1045.73,3089.63,2058.19,0.13,9.9386
5.000000e-01,290.51,12885.82,19307.75,1353.61,2794.29,2274.03,0.10,8.7726
5.000000e-01,276.75,13000.75,17552.26,572.23,2333.68,1645.61,0.09,8.9221
5.000000e-01,546.69,27686.29,33431.92,472.04,2799.00,2474.59,0.17,14.4863
5.000000e-01,340.68,16818.61,22451.76,688.97,2971.60,1972.58,0.11,10.5242
5.000000e-01,296.94,12956.57,18390.79,1042.67,2623.50,1768.06,0.09,8.8244
5.000000e-01,342.90,17078.45,21584.01,395.08,2187.42,1923.06,0.11,8.7348
5.000000e-01,338.23,15458.51,20457.60,570.60,2617.57,1810.91,0.10,13.2277
5.000000e-01,292.82,14152.58,18531.68,738.57,2204.08,1436.44,0.09,8.9168
5.000000e-01,429.84,20161.38,26121.06,517.91,2682.18,2759.60,0.13,8.8729
5.000000e-01,368.55,18506.16,23333.52,387.20,2449.23,1990.93,0.12,8.7570
5.000000e-01,241.43,10926.91,14993.90,842.98,1884.60,1339.40,0.08,14.4822
5.000000e-01,366.83,17922.62,24328.75,544.32,3138.69,2723.11,0.12,10.6908
5.000000e-01,345.76,16803.52,21083.86,438.20,2146.95,1695.20,0.11,8.8392
5.000000e-01,355.89,16814.89,23098.89,1374.09,2719.51,2190.40,0.12,8.5394
5.000000e-01,517.60,26470.53,32716.23,833.25,3025.94,2386.52,0.17,14.7492
5.000000e-01,183.16,6773.76,12413.53,1856.34,2296.83,1486.60,0.06,9.6786
5.000000e-01,365.43,17353.54,23603.87,1110.06,3109.54,2030.73,0.12,8.8739
5.000000e-01,283.72,12214.76,17934.12,1241.74,2711.84,1765.78,0.09,8.9350
5.000000e-01,456.27,22466.04,27546.15,579.18,2451.39,2049.54,0.14,15.3854
5.000000e-01,401.01,20141.46,24705.28,506.28,2063.05,1994.48,0.13,10.8650
5.000000e-01,326.61,14574.27,20446.01,1105.10,2790.34,1976.30,0.10,8.8822
5.000000e-01,334.59,15828.27,20734.57,620.28,2483.22,1802.80,0.11,8.8765
5.000000e-01,342.16,15478.88,21059.49,1340.31,2260.13,1980.15,0.11,14.4195
5.000000e-01,397.74,18086.92,24519.82,1444.77,3029.49,1958.63,0.12,9.4387
5.000000e-01,343.79,17279.47,22428.17,658.86,2487.12,2002.72,0.11,8.9139
5.000000e-01,370.14,17968.41,23004.49,959.32,2235.75,1841.01,0.12,8.8744
5.000000e-01,291.24,13155.21,19274.67,1089.79,2712.74,2316.92,0.10,8.4662
5.000000e-01,355.57,17205.44,21997.87,873.80,2011.86,1906.77,0.11,10.0940
5.000000e-01,360.12,17180.72,22292.95,827.12,2535.23,1749.89,0.11,8.3989
5.000000e-01,383.12,18431.97,23966.38,935.15,2574.36,2024.90,0.12,8.2601
5.000000e-01,346.52,15580.05,21393.73,1206.20,2750.77,1856.71,0.11,8.3141
5.000000e-01,348.45,17420.45,23126.16,793.03,2810.20,2102.49,0.12,8.3592
5.000000e-01,396.04,19279.60,24174.13,629.50,2172.10,2092.92,0.12,8.4209
5.000000e-01,349.67,15731.25,21898.33,1469.91,2763.79,1933.37,0.11,8.3394
5.000000e-01,386.00,19672.39,24295.44,380.40,2112.31,2130.34,0.12,8.4304
5.000000e-01,340.17,15552.14,21664.01,1169.29,2701.87,2240.72,0.11,8.3772
5.000000e-01,231.94,10852.94,15602.22,748.95,2258.15,1742.19,0.08,8.3373
5.000000e-01,311.08,14437.80,19160.24,639.80,2242.78,1839.87,0.10,10.6873
5.000000e-01,410.69,21074.82,26483.61,759.63,2301.22,2347.94,0.13,8.4260
5.000000e-01,289.90,13182.81,18455.54,1090.83,2457.12,1724.78,0.09,8.2775
5.000000e-01,398.53,19406.58,25008.88,663.59,2713.59,2225.12,0.13,8.3065
5.000000e-01,451.82,22039.55,27636.04,437.12,2907.37,2252.00,0.14,10.2114
5.000000e-01,424.01,18800.60,26309.69,2192.16,3191.21,2125.73,0.13,8.3669
5.000000e-01,329.70,15521.86,21372.46,929.92,2854.82,2065.87,0.11,8.3324
5.000000e-01,394.64,18877.36,25554.34,991.47,3341.78,2343.73,0.13,8.2504
5.000000e-01,419.79,21066.73,26897.46,500.16,2902.12,2428.44,0.14,8.3675
5.000000e-01,357.55,16814.89,22084.57,1071.36,2161.45,2036.87,0.11,8.1848
5.000000e-01,366.11,18424.34,23025.11,641.33,2004.54,1954.90,0.12,8.7033
5.000000e-01,428.90,20347.15,26419.21,872.77,3219.00,1980.29,0.14,8.3459
5.000000e-01,322.01,14761.82,18843.85,649.48,1867.63,1564.92,0.10,12.2523
5.000000e-01,308.79,14318.87,18633.20,956.13,2049.10,1309.11,0.09,8.3319
5.000000e-01,339.52,15437.49,20837.52,1045.95,2539.72,1814.35,0.11,8.0033
5.000000e-01,442.42,21700.86,27209.47,412.29,2840.38,2255.94,0.14,8.0892
5.000000e-01,385.66,19844.90,24911.54,515.32,2367.33,2183.99,0.12,7.1269
5.000000e-01,341.64,16904.18,21652.82,747.12,2040.80,1960.72,0.11,8.3091
5.000000e-01,394.80,19743.96,24701.58,487.66,2233.15,2236.82,0.12,8.2008
5.000000e-01,340.09,15911.36,21960.67,1408.12,2613.75,2027.45,0.11,7.9926
5.000000e-01,428.65,21994.84,26496.86,400.82,1829.62,2271.59,0.14,8.2134
5.000000e-01,321.29,14983.49,20628.76,925.09,2668.26,2051.93,0.10,7.6387
5.000000e-01,572.52,28637.76,34839.22,428.94,3058.98,2713.55,0.18,6.2844
5.000000e-01,239.61,10617.75,15299.96,948.82,2435.48,1297.91,0.08,7.9626
5.000000e-01,360.58,16547.79,21839.88,754.98,2584.45,1952.67,0.11,7.7088
5.000000e-01,367.12,17472.65,21958.99,869.09,1918.98,1698.26,0.11,8.1630
5.000000e-01,345.57,15875.53,20986.55,1025.00,2517.33,1568.70,0.11,7.3813
5.000000e-01,245.01,11170.45,16619.80,975.76,2533.66,1939.94,0.08,4.4011
5.000000e-01,424.33,20752.29,26408.74,536.07,2588.08,2532.29,0.13,3.9497
1,486.25,23218.14,30151.27,1227.34,2258.64,3447.16,0.15,8.6282
1,627.66,28919.80,37896.77,1593.05,3335.07,4048.85,0.19,8.7073
1,587.73,26529.93,35003.12,1749.54,3020.93,3702.73,0.18,8.6748
1,579.46,28911.67,35658.84,911.25,2705.53,3130.39,0.18,8.7213
1,707.12,33099.85,42156.27,896.69,3438.07,4721.66,0.21,8.7926
1,525.24,22733.21,31653.67,1991.00,3257.90,3671.57,0.16,8.7196
1,688.64,31759.34,41306.21,1520.88,3349.15,4676.83,0.21,8.7205
1,477.25,19297.44,28198.99,2349.90,2822.30,3729.34,0.14,8.7106
1,495.24,22319.91,29733.77,1074.58,2623.16,3716.11,0.15,8.5367
1,561.14,25562.82,33900.19,1385.09,3063.70,3888.58,0.17,8.7762
1,571.19,26729.06,34741.83,1113.52,3236.57,3662.68,0.18,8.6474
1,474.52,22169.84,28776.88,1114.52,2802.29,2690.23,0.15,8.7147
1,821.84,41844.01,50573.80,794.69,3712.04,4223.07,0.26,8.5869
1,481.78,20384.34,29369.24,1668.95,3211.34,4104.61,0.15,8.4538
1,441.80,20130.93,27379.87,1056.95,2898.36,3293.63,0.14,8.4885
1,666.92,31548.04,40196.61,1052.25,3068.41,4527.92,0.20,8.7012
1,705.33,32519.62,42789.53,1419.85,4103.24,4746.82,0.22,8.6042
1,718.60,33789.28,42557.75,572.08,3830.46,4365.93,0.22,8.4415
1,837.45,42337.44,50305.92,653.23,3271.81,4043.45,0.25,8.5473
1,413.29,16041.27,24933.43,2265.06,3183.98,3443.12,0.13,8.3553
1,640.47,29943.38,37949.24,1304.31,2689.80,4011.76,0.19,8.4094
1,582.22,27369.59,36474.31,1174.59,3119.24,4810.89,0.19,8.3415
1,672.03,32672.61,40495.80,723.00,3103.11,3997.08,0.21,8.3989
1,531.15,25209.35,32232.32,1003.46,2451.81,3567.71,0.17,8.5697
1,583.70,28900.32,36778.71,555.45,2949.87,4373.08,0.19,8.6875
1,547.94,24208.66,32454.89,1498.25,3056.33,3691.66,0.17,8.3483
1,613.00,28712.50,36835.54,1159.25,3314.27,3649.52,0.19,8.4080
1,502.79,22749.56,30271.41,889.67,2824.38,3807.80,0.15,8.6068
1,778.35,38803.57,46816.51,493.42,2847.54,4671.99,0.24,8.7397
1,770.43,38239.69,46838.00,936.47,3167.62,4494.21,0.24,8.4827
1,546.73,26321.94,34803.84,1222.37,3244.31,4015.23,0.18,8.6330
1,580.82,26268.10,34338.77,1541.72,2860.50,3668.45,0.18,8.6979
1,498.16,21629.32,30063.42,1592.38,2829.34,4012.38,0.15,8.5332
1,690.97,32580.08,41131.06,1040.30,3513.43,3997.25,0.21,8.3007
1,522.62,21790.65,31283.75,1766.08,3391.88,4335.14,0.16,8.5573
1,472.78,22246.75,29321.37,1044.16,2816.16,3214.30,0.15,8.6450
1,834.67,41748.79,50176.60,957.47,3087.77,4382.58,0.26,8.6348
1,611.79,29143.52,38252.51,1156.70,3941.51,4010.78,0.19,8.4715
1,487.20,22204.64,29725.60,1302.16,2848.02,3370.79,0.15,8.5258
1,585.57,28646.48,35771.72,629.93,2786.71,3708.59,0.18,8.6070
1,537.93,24640.77,31827.58,984.85,2818.55,3383.41,0.16,8.6593
1,472.73,21898.52,28730.69,1689.09,2520.08,2623.01,0.15,8.3743
1,675.12,31155.45,40988.31,1504.01,3035.77,5293.07,0.21,8.6079
1,627.22,30776.92,38458.29,864.82,3020.25,3796.30,0.19,8.6445
1,417.99,18385.01,25674.03,1924.79,2527.56,2836.67,0.13,8.4028
1,678.75,30681.53,41007.17,919.43,3934.17,5472.04,0.21,8.4529
1,555.52,27565.99,33960.95,540.44,2599.90,3254.63,0.17,8.5605
1,601.11,27010.80,36359.60,2116.69,3119.09,4113.03,0.18,8.6380
1,863.61,42339.56,52103.86,1397.77,3790.42,4576.11,0.27,8.5855
1,349.15,12515.24,21160.53,2625.92,3053.18,2966.18,0.11,8.4164
1,629.32,29695.15,38809.55,1314.33,3814.35,3985.72,0.20,8.6749
1,524.34,22709.97,31445.34,1774.84,3384.79,3575.74,0.16,8.3847
1,744.41,37158.53,44988.85,757.09,3019.92,4053.31,0.23,8.5407
1,690.89,35097.17,43234.34,819.55,3070.98,4246.65,0.22,8.4553
1,569.42,25420.32,33757.92,1165.60,3300.15,3871.85,0.17,8.5587
1,570.23,27384.04,35398.84,1057.76,3187.26,3769.79,0.18,8.7567
1,562.76,25311.37,33171.35,1585.32,2497.66,3777.00,0.17,8.5776
1,664.12,30555.98,39657.74,1980.33,3254.25,3867.19,0.20,8.3848
1,592.23,28648.93,36586.08,786.77,3287.89,3862.49,0.18,8.6996
1,602.79,29527.81,36735.68,1085.92,2607.54,3514.40,0.19,8.6410
1,545.49,22874.52,32555.09,1687.69,3363.95,4628.93,0.17,8.4468
1,606.42,28549.20,35991.75,1160.87,2558.85,3722.82,0.18,8.4297
1,607.63,28665.89,36418.03,1477.20,2930.16,3344.78,0.19,8.3579
1,652.59,30689.56,38964.56,1280.11,3033.63,3961.26,0.20,8.6196
1,562.43,25297.82,33374.53,1653.01,3011.06,3412.64,0.17,8.3541
1,637.19,31213.42,40555.01,867.36,3974.30,4499.93,0.21,8.6857
1,645.94,31450.38,38987.50,942.31,2538.54,4056.27,0.20,8.5728
1,609.66,26771.12,36555.20,2462.08,3399.70,3922.30,0.19,8.4891
1,656.12,32313.00,40523.60,881.40,3040.17,4289.02,0.21,8.6202
1,582.91,26179.21,35894.12,2080.66,3212.57,4421.68,0.18,8.5982
1,443.15,20309.10,28478.58,1414.00,3030.99,3724.49,0.14,8.4654
1,498.47,22102.50,29283.15,1031.22,2755.93,3393.51,0.15,8.5458
1,702.18,33557.35,41993.37,1133.04,2813.52,4489.45,0.21,8.3752
1,506.18,22195.53,30665.04,2245.63,2901.82,3322.06,0.15,8.4821
1,668.42,31804.12,40377.99,1125.32,3168.64,4279.91,0.21,8.5784
1,734.54,36734.06,45056.77,628.02,3292.05,4402.63,0.23,8.6238
1,742.22,33930.13,44372.97,2491.59,3701.74,4249.50,0.22,8.5144
1,569.72,26408.29,35324.42,1441.08,3460.50,4014.54,0.18,8.6223
1,697.32,32028.28,42260.16,1443.39,4148.22,4640.26,0.21,8.5558
1,700.89,34000.21,42819.41,590.19,3681.98,4547.03,0.22,8.3590
1,562.24,25878.61,34013.61,1829.15,2619.27,3686.59,0.17,8.5569
1,610.25,30252.94,37741.90,1224.39,2513.60,3750.98,0.19,8.4186
1,707.46,33718.86,42364.96,1262.93,3661.88,3721.29,0.22,8.4599
1,499.95,23589.92,29450.71,1041.28,1938.21,2881.30,0.15,8.4954
1,493.64,23562.13,29503.51,1325.05,2168.67,2447.67,0.15,8.4841
1,580.01,26720.45,34604.05,1403.21,2919.70,3560.70,0.18,8.5972
1,697.65,34010.40,41855.39,460.63,3238.89,4145.46,0.21,8.4886
1,651.76,32569.40,40393.40,775.76,2860.46,4187.77,0.20,7.0405
1,589.23,27839.71,35363.83,907.84,2713.55,3902.74,0.18,7.8098
1,693.27,34009.55,42654.13,926.51,3051.99,4666.08,0.22,8.5148
1,581.05,25717.28,35122.21,2036.68,3345.73,4022.51,0.18,8.5735
1,728.56,35643.95,44459.80,1144.60,2962.69,4708.56,0.23,8.6969
1,529.65,23497.91,31891.23,1611.91,2935.39,3846.01,0.16,8.4888
1,878.99,43610.04,52159.94,398.97,3384.90,4766.03,0.27,8.6709
1,424.69,18837.18,25856.66,1543.51,2880.81,2595.16,0.13,8.0570
1,556.43,25199.62,32905.40,1376.48,2791.72,3537.57,0.17,7.0403
1,590.48,28560.72,35072.23,1235.04,2031.45,3245.03,0.18,6.4074
1,560.53,26516.11,33341.18,1162.42,2710.93,2951.71,0.17,6.2460
1,462.45,20124.10,28686.48,1402.73,3275.97,3883.67,0.15,4.0048
1,728.74,35098.37,44456.68,968.74,3237.00,5152.57,0.23,4.1646
1.500000e+00,639.30,29157.32,38081.42,1556.82,2505.14,4862.14,0.20,8.7749
1.500000e+00,836.85,37804.19,48999.99,1770.65,3513.37,5911.78,0.25,8.8606
1.500000e+00,788.21,35380.08,45701.10,1578.53,3181.35,5561.14,0.24,8.9090
1.500000e+00,761.76,36898.67,45624.64,1220.97,3035.16,4469.84,0.24,8.8921
1.500000e+00,937.02,43110.13,54745.16,1096.29,3590.34,6948.40,0.28,8.8864
1.500000e+00,704.84,29769.17,40877.50,2213.56,3436.40,5458.37,0.21,8.7753
1.500000e+00,918.84,41096.86,53252.04,1825.37,3547.63,6782.17,0.28,8.6989
1.500000e+00,629.94,25894.07,36839.65,2522.31,2956.45,5466.82,0.19,8.7942
1.500000e+00,658.25,29538.05,38589.50,1049.93,2678.76,5322.76,0.20,8.8273
1.500000e+00,754.13,33998.98,44184.12,1293.04,3204.49,5687.62,0.23,8.8587
1.500000e+00,735.23,32560.64,42776.66,1823.25,3319.78,5072.99,0.22,8.8399
1.500000e+00,608.98,27572.32,35823.52,1519.16,2910.09,3821.95,0.19,8.7321
1.500000e+00,1056.56,52737.27,63466.87,771.30,4028.98,5929.32,0.32,8.8018
1.500000e+00,680.17,28207.93,39898.89,1863.25,3593.35,6234.36,0.21,8.6546
1.500000e+00,609.29,26933.23,36492.14,1454.71,3220.91,4883.29,0.19,8.7395
1.500000e+00,877.06,39878.41,51173.58,1592.82,3204.93,6497.43,0.27,8.6575
1.500000e+00,951.95,42385.04,55721.79,2026.73,4288.55,7021.47,0.29,8.6214
1.500000e+00,945.64,43321.37,54954.56,1204.94,4067.32,6360.92,0.29,8.6034
1.500000e+00,1072.64,54373.13,64159.76,674.06,3354.08,5758.49,0.33,8.7143
1.500000e+00,567.83,22598.43,33531.43,2482.87,3299.41,5150.73,0.17,8.3431
1.500000e+00,840.28,38131.60,48442.95,1732.02,2811.36,5767.97,0.25,8.7141
1.500000e+00,819.12,35544.80,47969.50,1612.39,3731.72,7080.59,0.25,8.7470
1.500000e+00,880.69,42136.83,52049.76,901.09,3216.17,5795.67,0.27,8.7668
1.500000e+00,698.11,31581.47,40843.88,1474.44,2722.66,5065.32,0.22,8.7049
1.500000e+00,788.84,36883.18,47372.42,731.39,3334.47,6423.38,0.25,8.8709
1.500000e+00,730.14,31740.84,41813.22,1526.06,3215.61,5330.71,0.22,8.6885
1.500000e+00,820.60,37599.36,47957.38,1422.38,3501.60,5434.04,0.25,8.6924
1.500000e+00,669.19,29427.53,39135.75,1263.63,2927.79,5516.81,0.20,8.7288
1.500000e+00,981.74,47623.28,57876.32,650.60,3028.48,6573.96,0.30,8.6426
1.500000e+00,1020.13,48132.16,59873.14,1468.54,3676.38,6596.07,0.31,8.6106
1.500000e+00,752.52,34189.25,45600.71,1679.53,3775.17,5956.76,0.24,8.7201
1.500000e+00,770.05,34787.08,44630.53,1526.95,2899.73,5416.77,0.23,8.6215
1.500000e+00,668.29,28224.72,39452.81,2250.28,3062.40,5915.41,0.21,8.7140
1.500000e+00,887.13,41513.39,51849.20,1096.48,3520.96,5718.38,0.27,8.7875
1.500000e+00,704.95,29123.74,41297.29,2106.13,3657.93,6409.49,0.21,8.7020
1.500000e+00,645.46,29213.76,38522.64,1472.63,3111.96,4724.29,0.20,8.7315
1.500000e+00,1077.13,52639.87,63178.37,1091.91,3245.28,6201.31,0.33,8.4617
1.500000e+00,865.16,39466.81,51399.47,1271.14,4559.48,6102.04,0.27,8.6624
1.500000e+00,642.82,28665.60,37917.45,1396.09,2994.72,4861.04,0.20,8.5153
1.500000e+00,766.17,36254.38,45595.49,1013.65,2993.53,5333.93,0.23,8.7128
1.500000e+00,692.19,30671.37,39836.98,1418.83,2918.08,4828.70,0.21,8.7185
1.500000e+00,652.00,29828.19,38521.48,1968.83,2761.69,3962.77,0.20,8.5927
1.500000e+00,907.87,40731.82,53603.55,1824.74,3310.22,7736.77,0.28,8.8536
1.500000e+00,851.18,40846.58,50827.11,960.82,3313.58,5706.12,0.26,8.7495
1.500000e+00,557.95,23538.80,33138.76,2704.50,2819.05,4076.41,0.17,8.6343
1.500000e+00,902.81,39475.91,52656.11,1105.63,4233.67,7840.90,0.28,8.6723
1.500000e+00,734.63,35433.63,43956.11,854.47,2919.34,4748.66,0.23,8.7917
1.500000e+00,815.88,36490.08,47738.86,1920.09,3280.53,6048.16,0.25,8.6988
1.500000e+00,1136.49,54277.48,66855.42,1980.42,4002.79,6594.73,0.35,8.8092
1.500000e+00,491.91,18663.22,29093.37,2603.66,3343.14,4483.34,0.15,8.6246
1.500000e+00,844.09,38544.05,50042.28,1663.18,3978.70,5856.35,0.26,8.7617
1.500000e+00,708.92,30212.57,41225.03,2241.17,3451.88,5319.41,0.21,8.6584
1.500000e+00,960.50,47364.01,57218.17,910.14,3191.84,5752.18,0.30,8.6435
1.500000e+00,913.75,43350.34,54506.20,1643.38,3520.20,5992.29,0.28,8.6621
1.500000e+00,749.54,32333.95,42981.49,1597.00,3464.58,5585.96,0.23,8.8363
1.500000e+00,764.56,35685.08,46016.80,1213.46,3520.22,5598.04,0.24,8.7379
1.500000e+00,738.70,32724.20,42403.60,1737.98,2549.32,5392.10,0.22,8.6039
1.500000e+00,867.87,39376.71,50301.72,2020.88,3396.59,5507.54,0.26,8.5340
1.500000e+00,805.66,37828.82,48291.39,1035.26,3643.84,5783.47,0.25,8.8773
1.500000e+00,803.81,37849.09,47067.14,1282.07,2851.84,5084.14,0.24,8.3692
1.500000e+00,748.21,31399.78,43681.05,1894.52,3541.12,6845.62,0.23,8.4193
1.500000e+00,793.22,36954.39,46272.19,1240.83,2661.69,5415.28,0.24,8.7374
1.500000e+00,801.68,38132.31,47591.74,1542.68,2997.58,4919.18,0.24,8.2695
1.500000e+00,870.20,40865.81,50983.75,1117.26,3170.90,5829.78,0.26,8.7119
1.500000e+00,756.36,34092.28,43832.24,1559.78,3110.05,5070.12,0.23,8.4042
1.500000e+00,903.62,41324.87,54147.42,1265.95,4675.95,6880.65,0.28,8.6611
1.500000e+00,854.18,39249.54,48900.28,1164.97,2729.15,5756.62,0.26,8.2880
1.500000e+00,815.71,35388.15,47204.23,2490.97,3584.05,5741.05,0.25,8.4350
1.500000e+00,896.57,42614.10,53702.57,894.70,3683.55,6510.23,0.28,8.5604
1.500000e+00,808.90,35540.09,48235.04,2478.74,3550.55,6665.67,0.25,8.4413
1.500000e+00,628.51,27689.08,38415.27,1629.16,3498.15,5598.88,0.20,8.5750
1.500000e+00,668.16,28626.00,38303.79,1581.99,3062.61,5033.18,0.20,8.4769
1.500000e+00,908.64,41535.44,52055.55,1275.98,2942.43,6301.70,0.28,8.3367
1.500000e+00,677.21,29303.82,39779.35,2627.26,3008.46,4839.81,0.20,8.4825
1.500000e+00,890.61,40815.88,51905.87,1500.79,3345.05,6244.15,0.27,8.4787
1.500000e+00,956.20,46101.78,56545.02,652.05,3512.93,6278.25,0.29,8.5548
1.500000e+00,971.57,44877.14,57298.46,2500.68,3714.74,6205.90,0.29,8.4077
1.500000e+00,775.57,35149.21,46189.84,1439.12,3655.06,5946.45,0.24,8.4677
1.500000e+00,935.49,41448.42,54891.13,2226.82,4413.13,6802.75,0.28,8.4825
1.500000e+00,933.40,43411.31,54882.67,869.27,3916.67,6685.41,0.29,8.5725
1.500000e+00,785.26,35028.92,45567.32,2024.76,2866.47,5647.18,0.24,8.4193
1.500000e+00,800.38,38124.13,47716.65,1458.96,2770.93,5362.63,0.25,8.6248
1.500000e+00,940.90,45272.60,55728.62,1224.34,3796.34,5435.34,0.29,8.3040
1.500000e+00,653.72,30735.03,38086.11,1181.11,1956.80,4213.17,0.20,8.6301
1.500000e+00,647.47,30661.36,38341.33,1858.60,2291.99,3529.39,0.20,8.3777
1.500000e+00,767.71,34718.34,44457.43,1582.54,2990.42,5166.12,0.23,8.5212
1.500000e+00,897.03,42860.59,52722.69,696.54,3347.11,5818.45,0.27,8.5560
1.500000e+00,857.21,41201.84,51249.48,970.10,3073.59,6003.95,0.26,8.5215
1.500000e+00,782.52,35992.46,45620.37,1163.95,2872.91,5591.05,0.24,8.4476
1.500000e+00,934.98,44046.07,55491.26,1153.22,3421.07,6870.90,0.29,8.3729
1.500000e+00,731.36,30632.27,42804.79,2946.63,3693.33,5532.56,0.22,7.7024
1.500000e+00,977.30,44416.66,56526.39,1730.39,3636.26,6743.08,0.30,8.5343
1.500000e+00,732.49,31535.38,42630.01,2162.55,3171.82,5760.26,0.22,8.1413
1.500000e+00,1134.50,55203.82,66500.97,714.11,3702.20,6880.84,0.35,8.4530
1.500000e+00,582.47,25761.20,34744.60,1903.31,3179.91,3900.18,0.18,6.2569
1.500000e+00,709.36,31595.53,40872.09,1433.27,2865.04,4978.25,0.22,4.6627
1.500000e+00,751.95,36344.09,44013.55,1041.37,2040.82,4587.27,0.23,6.1943
1.500000e+00,722.46,34202.59,42610.93,1430.82,2750.70,4226.83,0.22,5.2815
1.500000e+00,658.15,27768.68,38861.54,1559.13,3651.29,5882.44,0.20,4.6727
1.500000e+00,929.52,42641.16,54297.34,1294.55,3407.64,6953.99,0.29,3.8260
2,777.66,35120.17,45503.88,1543.55,2625.32,6214.84,0.24,8.4236
2,1010.78,45081.07,58244.08,1901.15,3540.54,7721.32,0.31,8.6139
2,956.99,42705.86,54857.24,1705.24,3212.09,7234.06,0.29,8.7062
2,904.69,42493.99,53109.99,1737.63,3189.82,5688.55,0.28,8.6597
2,1114.96,50504.94,64520.63,1412.07,3722.38,8881.25,0.34,8.5640
2,874.16,37401.82,50572.86,2328.96,3508.14,7333.94,0.26,8.5509
2,1088.08,48244.51,62754.10,2224.13,3596.32,8689.14,0.33,8.5272
2,757.83,31714.28,44507.70,2610.80,2957.74,7224.87,0.23,8.7024
2,804.59,36101.82,47186.89,1270.94,2725.88,7088.25,0.24,8.6282
2,922.63,40962.42,53292.54,1635.52,3233.50,7461.11,0.28,8.7234
2,893.23,39196.35,50867.41,1664.82,3495.41,6510.83,0.27,8.6562
2,749.65,33606.60,43593.83,1804.04,3088.27,5094.92,0.23,8.7014
2,1269.71,62068.83,74918.32,980.33,4231.32,7637.84,0.39,8.6138
2,823.27,34113.70,48266.55,2297.12,3687.97,8167.76,0.25,8.5272
2,753.92,32626.65,44282.82,1812.16,3361.60,6482.41,0.23,8.6079
2,1059.88,47669.59,61103.62,1735.56,3280.46,8418.02,0.32,8.4413
2,1148.36,51286.45,66951.35,2185.17,4303.40,9176.33,0.35,8.5146
2,1127.38,50809.82,64568.96,1431.82,4123.29,8204.03,0.34,8.5419
2,1268.20,62706.30,74276.46,868.58,3454.02,7247.56,0.38,8.2464
2,694.69,27695.21,40507.05,2680.51,3363.15,6768.19,0.21,8.2455
2,988.49,44764.72,56580.00,1680.02,2811.54,7323.73,0.30,8.4948
2,1000.66,43335.46,58428.57,1670.39,4134.65,9288.06,0.31,8.4932
2,1046.62,48334.86,60045.25,1145.21,3335.09,7230.09,0.32,8.4074
2,850.53,37216.80,48646.72,1835.08,2969.78,6625.05,0.26,8.2752
2,961.88,43971.36,56678.22,856.01,3597.47,8253.38,0.30,8.6884
2,889.90,39194.36,50970.21,1494.00,3286.60,6995.25,0.27,8.5164
2,979.27,43538.52,55806.86,1721.53,3551.94,6994.86,0.30,8.6286
2,804.30,35259.11,47088.91,1608.99,3002.07,7218.74,0.24,8.4157
2,1165.20,55239.56,67556.31,866.50,3115.56,8334.69,0.36,8.5909
2,1232.90,56634.93,70858.98,1762.00,3918.43,8543.62,0.38,8.4718
2,905.97,39928.76,53857.81,2219.52,4025.23,7684.29,0.28,8.5988
2,925.22,41773.86,53040.24,1352.43,2944.22,6969.73,0.28,8.3251
2,816.34,34275.83,47732.34,2454.18,3263.78,7738.55,0.25,8.6352
2,1073.84,49389.26,61424.13,1069.03,3529.17,7436.67,0.32,8.5521
2,860.58,35838.77,50365.79,2326.15,3727.94,8472.93,0.26,8.6172
2,816.12,36117.85,47523.64,1670.10,3387.26,6348.43,0.25,8.3863
2,1237.72,58235.12,70704.72,1734.68,3151.60,7583.31,0.38,8.6350
2,1082.88,47792.20,62249.29,1530.39,4843.91,8082.79,0.33,8.6150
2,792.09,34474.24,45915.24,1956.02,3068.31,6416.68,0.24,8.5643
2,924.39,42669.98,53948.55,1318.17,3084.82,6875.57,0.28,8.5472
2,831.58,36784.45,47546.30,1472.76,2979.04,6310.04,0.25,8.6598
2,815.12,37143.31,47427.62,2064.87,2943.04,5276.39,0.25,8.4895
2,1120.92,49547.54,65558.96,2181.34,3567.99,10262.09,0.34,8.5725
2,1032.48,48720.71,60556.33,982.30,3464.84,7388.47,0.31,8.4600
2,654.59,27688.62,38482.17,2758.96,2906.92,5127.66,0.20,8.6036
2,1108.30,48419.16,64684.09,1419.01,4523.82,10322.10,0.34,8.4941
2,918.03,42326.97,53188.38,1306.19,3289.99,6265.23,0.28,8.6585
2,970.50,42611.50,56285.96,2632.50,3294.85,7747.11,0.29,8.3571
2,1372.99,64042.30,78989.22,2305.33,4106.31,8535.28,0.42,8.6318
2,611.09,23850.04,36046.30,2789.49,3455.60,5951.18,0.18,8.5587
2,1030.34,46213.94,59633.04,1709.75,4080.77,7628.59,0.31,8.6042
2,878.17,37909.09,50870.47,2318.87,3564.79,7077.73,0.27,8.3336
2,1163.29,55461.98,67448.91,1267.54,3303.96,7415.43,0.35,8.6199
2,1130.12,51762.04,65422.92,1881.16,3838.09,7941.63,0.35,8.6353
2,893.25,38317.45,50827.92,1872.39,3483.93,7154.15,0.27,8.5948
2,939.69,42535.30,54987.82,1267.11,3895.09,7290.32,0.29,8.4113
2,874.45,38388.98,50003.87,2202.68,2530.20,6882.01,0.26,8.5304
2,1012.62,45166.63,57697.74,2294.06,3382.20,6854.86,0.31,8.5886
2,984.47,45046.61,57864.90,1466.92,3805.74,7545.64,0.30,8.5663
2,960.76,44278.65,55356.39,1628.47,2996.63,6452.64,0.29,8.4540
2,909.44,38778.20,53605.05,2140.04,3617.29,9069.52,0.27,8.4630
2,954.99,43688.39,54942.46,1507.46,2755.22,6991.40,0.29,8.6113
2,978.93,45595.64,56721.68,1700.50,3020.51,6405.03,0.30,8.3587
2,1050.95,48515.73,60613.70,1310.73,3204.76,7582.48,0.32,8.5898
2,926.32,41667.84,53217.66,1653.93,3178.98,6716.91,0.28,8.3513
2,1125.67,50167.19,65790.40,1453.44,5074.63,9095.15,0.35,8.6216
2,1010.40,46185.57,57716.54,1296.68,2831.93,7402.35,0.31,8.4983
2,992.81,43062.02,57075.55,2712.11,3732.66,7568.76,0.30,8.5961
2,1126.16,52724.45,66925.72,1106.26,4208.83,8886.17,0.35,8.4698
2,980.40,43195.35,58058.70,2497.26,3691.45,8674.64,0.30,8.4805
2,784.53,33416.39,46620.20,2027.45,3845.71,7330.65,0.24,8.4605
2,819.54,34927.74,46696.55,1820.20,3245.94,6702.67,0.25,8.4560
2,1066.34,48832.93,61159.82,1264.53,2942.85,8119.51,0.32,8.3247
2,814.12,35123.12,46866.32,2431.72,3047.53,6263.94,0.25,8.5433
2,1067.51,48312.40,61442.57,1628.39,3444.87,8056.90,0.32,8.3829
2,1159.41,54161.18,66975.64,965.70,3699.97,8148.79,0.35,8.6672
2,1195.24,54287.66,69171.87,2844.84,3826.66,8212.71,0.36,8.5127
2,940.96,42150.76,55346.71,1776.66,3759.54,7659.74,0.29,8.6077
2,1124.39,49139.19,65043.09,2593.76,4512.06,8798.08,0.34,8.5813
2,1119.96,50949.78,64582.57,1001.53,4075.09,8556.16,0.34,8.5024
2,946.38,42052.85,54209.97,1969.16,2933.69,7254.26,0.29,8.3270
2,968.14,44493.43,56237.98,1906.79,2967.82,6869.94,0.29,8.5753
2,1142.07,53829.19,66550.32,1685.65,3916.90,7118.57,0.35,8.3834
2,793.52,36615.93,45471.18,1348.01,1960.94,5546.30,0.24,8.2453
2,755.66,35826.83,44489.12,1896.88,2275.14,4490.26,0.23,8.3381
2,916.39,40899.01,52311.60,1799.67,2967.22,6645.70,0.28,8.2027
2,1057.92,49357.61,60945.70,865.74,3404.45,7317.90,0.32,8.3128
2,1055.22,48976.79,61416.43,1267.85,3255.60,7916.18,0.32,8.3333
2,946.94,42687.97,54259.27,1330.95,3008.86,7231.49,0.29,8.2604
2,1129.23,52047.35,65478.58,1006.54,3654.84,8769.85,0.35,8.0165
2,883.03,36991.45,51117.84,3067.61,3834.34,7224.45,0.27,8.2529
2,1170.53,52105.28,66546.19,1749.76,3958.57,8732.58,0.36,8.3088
2,851.72,37029.58,49614.12,2128.95,3154.86,7300.73,0.26,8.2923
2,1331.35,62922.18,76578.35,1122.22,3784.80,8749.15,0.41,7.7713
2,715.16,31052.42,41588.96,2151.21,3269.37,5115.95,0.22,7.4954
2,818.16,35998.15,46567.20,1664.33,2835.27,6069.45,0.25,6.6692
2,895.79,42676.87,51411.46,828.00,2049.26,5857.34,0.27,6.1039
2,866.36,40552.75,49928.96,1225.38,2761.71,5389.12,0.26,4.7340
2,800.37,33886.90,47003.54,1727.85,3732.58,7656.22,0.24,4.4434
2,1136.61,51431.69,65979.79,1629.87,3674.63,9243.60,0.35,4.0765
2.500000e+00,877.16,39258.76,50988.29,1691.20,2674.25,7364.08,0.27,8.2860
2.500000e+00,1173.81,52332.16,67475.52,1990.77,3572.09,9580.50,0.35,8.4489
2.500000e+00,1096.65,48798.45,62961.69,2096.57,3156.37,8910.30,0.33,8.4377
2.500000e+00,1042.19,47894.30,59922.59,1853.86,3330.67,6843.76,0.32,8.4758
2.500000e+00,1281.01,57766.05,74255.79,1717.46,3806.50,10965.78,0.39,8.2491
2.500000e+00,1009.09,43527.16,58462.65,2255.94,3562.65,9116.90,0.30,8.4247
2.500000e+00,1240.16,55545.77,71928.57,2134.93,3645.72,10602.14,0.37,8.4278
2.500000e+00,890.27,36781.86,51654.38,2748.14,2981.58,9142.81,0.27,8.1010
2.500000e+00,918.23,41024.76,53894.31,1511.43,2716.52,8641.59,0.28,8.1775
2.500000e+00,1055.08,47310.40,61218.41,1546.91,3321.55,9039.55,0.32,8.3763
2.500000e+00,1039.97,45665.86,59354.59,1925.48,3573.37,8189.88,0.31,8.2471
2.500000e+00,862.12,38145.67,49413.70,1961.74,3138.99,6167.30,0.26,8.4531
2.500000e+00,1446.83,69172.65,84087.41,1431.41,4277.42,9205.93,0.44,8.1747
2.500000e+00,971.91,40061.98,56598.79,2567.61,3819.28,10149.91,0.30,8.3814
2.500000e+00,879.67,38466.10,51739.56,1762.11,3456.50,8054.85,0.27,8.4340
2.500000e+00,1228.39,55289.81,70872.16,1872.54,3346.21,10363.61,0.37,8.4343
2.500000e+00,1313.18,59189.91,76556.89,1893.68,4289.95,11183.35,0.40,8.3114
2.500000e+00,1256.06,56272.87,71716.72,1570.49,4171.43,9701.93,0.38,8.4033
2.500000e+00,1436.88,69196.04,82347.83,1057.10,3487.44,8607.25,0.43,8.3888
2.500000e+00,794.99,32008.02,46073.40,2585.73,3364.98,8114.67,0.24,8.4345
2.500000e+00,1141.53,51980.16,65585.15,1569.51,2902.38,9133.10,0.34,8.1764
2.500000e+00,1151.15,49928.92,67187.05,1692.73,4187.09,11378.31,0.35,8.1184
2.500000e+00,1176.15,53837.93,67070.60,1283.41,3388.58,8560.68,0.36,8.3176
2.500000e+00,972.65,42681.86,55929.67,2011.50,3056.45,8179.87,0.29,8.1760
2.500000e+00,1123.96,50525.21,65764.30,1138.78,3809.20,10291.11,0.34,8.3346
2.500000e+00,1048.09,46502.66,60222.06,1485.75,3351.80,8881.86,0.32,8.3197
2.500000e+00,1120.00,49889.48,63732.52,1698.60,3653.08,8491.37,0.34,8.4218
2.500000e+00,921.85,40110.03,53839.66,1763.26,3058.66,8907.71,0.28,8.4582
2.500000e+00,1287.23,60448.39,74590.72,1167.94,3178.89,9795.49,0.39,8.3767
2.500000e+00,1382.00,63206.07,79114.13,1691.73,3983.09,10233.24,0.42,8.4649
2.500000e+00,1058.80,45917.31,62075.75,2400.11,4246.33,9512.01,0.32,8.5144
2.500000e+00,1066.11,47986.07,61041.12,1466.62,2946.54,8641.90,0.32,8.4196
2.500000e+00,940.66,39645.82,54822.07,2384.19,3299.16,9492.91,0.28,8.1581
2.500000e+00,1210.32,55733.66,69056.43,936.52,3528.39,8857.85,0.37,8.1084
2.500000e+00,1010.97,42491.70,58921.54,2018.71,3749.28,10661.85,0.31,8.3649
2.500000e+00,930.01,41449.81,54623.81,2042.52,3386.57,7744.91,0.28,8.3223
2.500000e+00,1431.67,66597.60,81186.15,2020.53,3354.83,9213.18,0.43,8.2030
2.500000e+00,1265.37,55520.76,71744.00,1326.81,4948.56,9947.87,0.38,8.3327
2.500000e+00,920.41,39983.70,53329.99,2309.85,3141.77,7894.67,0.28,8.3111
2.500000e+00,1075.73,49210.12,62229.69,1321.73,3235.83,8462.01,0.33,8.4510
2.500000e+00,932.32,41603.52,53745.87,1601.33,2948.58,7592.44,0.28,8.1358
2.500000e+00,919.50,41772.86,53029.10,2049.01,2915.46,6291.77,0.28,8.0038
2.500000e+00,1269.93,55198.51,73870.53,2595.42,3623.44,12453.16,0.39,8.3208
2.500000e+00,1195.93,55554.23,69471.83,1314.22,3537.93,9065.46,0.36,8.3138
2.500000e+00,746.74,31457.16,43642.76,2995.23,3006.34,6184.03,0.23,8.2228
2.500000e+00,1282.80,56076.53,75019.24,1632.17,4551.12,12759.41,0.39,8.1686
2.500000e+00,1025.77,46705.00,59146.50,1703.45,3325.47,7412.57,0.31,8.4257
2.500000e+00,1128.65,49637.28,65393.74,2764.42,3339.48,9652.56,0.34,8.4422
2.500000e+00,1545.09,71158.19,87724.65,2319.62,4154.70,10092.15,0.47,8.3946
2.500000e+00,730.65,29512.80,43289.16,2567.05,3493.51,7715.79,0.22,8.3715
2.500000e+00,1178.00,52831.75,67816.33,1625.75,4117.05,9241.77,0.36,8.4391
2.500000e+00,1012.77,43954.64,58604.83,2295.67,3617.21,8737.32,0.31,8.4135
2.500000e+00,1318.16,61868.45,75434.03,1291.90,3510.72,8762.95,0.40,8.3454
2.500000e+00,1281.54,58530.36,73818.89,1774.06,4061.76,9452.72,0.39,8.4419
2.500000e+00,1024.54,44259.27,58423.66,1944.12,3481.99,8738.27,0.31,8.2197
2.500000e+00,1074.03,47984.87,62153.32,1383.12,3980.73,8804.61,0.33,8.3009
2.500000e+00,994.01,44330.64,57237.28,1852.56,2543.44,8510.63,0.30,8.1995
2.500000e+00,1149.76,50939.21,64946.13,2395.10,3336.61,8275.21,0.35,8.1319
2.500000e+00,1150.51,52145.25,66877.76,1406.82,3983.12,9342.58,0.35,8.4615
2.500000e+00,1085.55,49694.69,61897.29,1473.49,2995.83,7733.28,0.33,8.3650
2.500000e+00,1059.12,44942.38,62049.36,2193.54,3637.54,11275.91,0.32,8.2242
2.500000e+00,1085.61,49588.51,62095.78,1332.76,2758.20,8416.32,0.33,8.1800
2.500000e+00,1130.49,52219.84,64670.68,1547.69,3032.66,7870.49,0.34,8.2275
2.500000e+00,1187.92,54066.39,67992.62,1641.52,3205.71,9079.00,0.36,8.1313
2.500000e+00,1050.66,47528.41,60328.69,1521.82,3162.32,8116.14,0.32,8.1557
2.500000e+00,1309.91,58237.68,76451.29,1571.66,5314.27,11327.68,0.40,8.2229
2.500000e+00,1161.56,52918.22,66244.04,1260.18,2913.42,9152.22,0.35,8.2163
2.500000e+00,1121.47,49056.08,64782.52,2841.22,3755.34,9129.87,0.34,8.2783
2.500000e+00,1300.50,59939.28,76473.83,1158.06,4574.92,10801.57,0.40,8.2889
2.500000e+00,1133.08,49725.47,66702.43,2502.75,3737.64,10736.57,0.34,8.4134
2.500000e+00,916.34,39328.12,54329.51,1906.73,3982.63,9112.03,0.28,8.3903
2.500000e+00,919.33,38922.84,52468.64,2134.95,3323.10,8087.75,0.28,8.2959
2.500000e+00,1196.69,54359.37,68615.81,1471.01,2992.11,9793.33,0.36,8.4408
2.500000e+00,942.88,41210.10,54571.86,2490.81,3069.14,7801.81,0.28,8.1937
2.500000e+00,1195.47,54070.58,68934.66,1779.40,3452.79,9631.89,0.36,8.2051
2.500000e+00,1308.33,60268.51,75028.06,1316.67,3818.59,9624.29,0.40,8.2458
2.500000e+00,1354.90,61523.65,77774.16,2596.60,3824.87,9829.04,0.41,8.3797
2.500000e+00,1079.47,48680.76,63653.07,1805.81,3795.86,9370.65,0.33,8.3207
2.500000e+00,1280.78,56556.67,74385.06,2633.19,4506.30,10688.89,0.39,8.4211
2.500000e+00,1287.44,58261.68,74211.23,1283.10,4143.72,10522.73,0.39,8.2332
2.500000e+00,1088.96,48263.73,62282.30,2174.87,3003.66,8840.05,0.33,8.3968
2.500000e+00,1096.63,49539.32,63074.43,2179.49,3107.32,8248.30,0.33,8.3597
2.500000e+00,1322.16,60956.03,75498.89,1853.62,3937.69,8751.54,0.40,8.3273
2.500000e+00,874.82,39940.25,49838.98,1600.12,1930.26,6368.35,0.26,8.3052
2.500000e+00,896.52,42309.98,51873.31,1680.22,2271.21,5611.90,0.27,8.2699
2.500000e+00,1060.60,47430.53,60335.47,1776.16,3002.68,8126.10,0.32,8.3216
2.500000e+00,1192.06,55169.59,68172.15,847.53,3407.16,8747.87,0.36,8.1997
2.500000e+00,1195.68,54820.46,69082.35,1500.84,3309.81,9451.24,0.36,8.2908
2.500000e+00,1069.13,48238.60,61394.32,1327.97,3052.93,8774.82,0.32,7.8791
2.500000e+00,1285.46,58519.26,74232.48,1331.72,3790.64,10590.87,0.39,7.2336
2.500000e+00,1006.69,41922.39,57940.28,3198.06,3866.63,8953.20,0.30,5.0109
2.500000e+00,1309.49,57441.04,74233.25,2426.09,4035.08,10331.04,0.40,8.1615
2.500000e+00,993.27,43685.95,58057.41,2006.46,3233.07,9131.92,0.30,8.0140
2.500000e+00,1492.60,69721.72,85511.63,1236.49,3991.43,10561.98,0.46,8.0339
2.500000e+00,799.77,34706.63,45972.18,2004.43,3207.69,6053.43,0.24,7.8106
2.500000e+00,905.72,39675.67,51301.90,1694.01,2887.27,7044.96,0.27,5.2526
2.500000e+00,1016.82,47964.44,57760.72,752.53,2048.16,6995.60,0.31,5.3593
2.500000e+00,981.13,44998.56,55625.39,1392.37,2774.00,6460.47,0.30,5.6446
2.500000e+00,938.27,39805.73,54877.29,1739.03,3834.81,9497.72,0.28,5.0411
2.500000e+00,1300.46,58588.49,75643.72,1938.62,3838.49,11278.12,0.40,4.1017
3,973.82,42577.79,56161.78,2238.10,2754.03,8591.86,0.29,8.2364
3,1315.81,58795.58,75642.42,1870.65,3589.95,11386.24,0.40,8.3296
3,1219.15,54501.81,70000.68,1973.40,3153.24,10372.23,0.37,8.1458
3,1160.52,52278.33,65870.78,2232.95,3393.02,7966.49,0.35,8.0065
3,1419.96,63035.67,81654.52,2004.26,3829.79,12784.80,0.43,8.2346
3,1137.48,49231.79,65870.69,2116.35,3598.55,10924.01,0.34,8.1886
3,1387.95,61544.68,79833.30,2172.77,3647.27,12468.58,0.42,8.1979
3,985.92,40273.97,56652.32,2770.48,2951.67,10656.20,0.30,8.2841
3,1039.26,46418.04,60822.37,1381.38,2737.33,10285.62,0.31,8.2772
3,1167.28,52459.31,67688.18,1547.31,3311.90,10369.65,0.35,8.2106
3,1142.11,50180.13,65239.13,2046.69,3569.23,9443.09,0.35,8.3625
3,965.86,42538.60,54979.08,2042.99,3201.16,7196.32,0.29,7.9753
3,1610.90,75779.43,92299.83,1401.44,4430.51,10688.44,0.49,7.8101
3,1086.64,44366.25,62766.32,2625.32,3846.91,11927.84,0.33,7.4904
3,985.19,42967.27,57781.33,1818.38,3509.46,9486.22,0.30,7.8615
3,1377.24,62241.97,79557.01,1664.73,3420.29,12230.02,0.42,7.9343
3,1461.53,65088.29,84458.05,2011.44,4312.99,13045.33,0.44,7.8689
3,1396.76,62718.95,79918.74,1552.66,4266.28,11380.85,0.42,7.8590
3,1566.06,74501.55,88700.84,991.76,3522.55,9684.97,0.47,7.8055
3,911.24,36669.29,52723.50,2751.48,3406.63,9896.09,0.28,7.7489
3,1251.53,56597.58,71590.93,1589.96,2858.42,10544.96,0.38,7.9562
3,1299.35,55657.77,75353.85,1939.02,4275.36,13481.71,0.39,7.5850
3,1283.67,58589.80,73157.35,1410.23,3389.91,9767.41,0.39,7.7321
3,1069.56,46563.10,61211.90,2116.98,3063.59,9468.24,0.32,7.8082
3,1258.84,55775.49,73320.14,1467.86,3920.00,12156.78,0.38,7.8701
3,1169.49,51866.86,67172.94,1443.68,3354.35,10508.05,0.35,7.5823
3,1234.97,55054.97,70296.00,1694.42,3660.61,9885.99,0.37,7.7629
3,1029.69,44349.43,59791.10,1850.91,3088.54,10502.22,0.31,7.8516
3,1418.84,65736.30,81488.26,1211.88,3324.52,11215.55,0.43,7.4892
3,1521.90,69396.28,86903.84,1649.36,4038.27,11819.92,0.46,7.6393
3,1197.76,51163.07,69168.41,2488.32,4437.52,11079.50,0.36,7.7515
3,1184.57,53397.70,67751.61,1289.39,2949.85,10114.67,0.36,7.7700
3,1069.79,44749.28,61874.99,2427.56,3350.60,11347.55,0.32,7.7487
3,1331.72,61040.18,75754.15,1042.56,3527.50,10143.91,0.40,7.9833
3,1130.49,47046.65,65451.31,2111.89,3739.98,12552.79,0.34,7.6713
3,1040.71,46452.39,60970.07,1969.21,3460.96,9087.52,0.32,7.7957
3,1530.80,71351.37,86639.13,1765.84,3332.30,10189.63,0.46,7.6378
3,1398.00,61523.16,79652.70,1499.38,4963.93,11666.23,0.42,7.4917
3,1027.20,44477.73,59497.04,2450.01,3233.14,9336.16,0.31,7.8380
3,1186.56,54087.20,68431.40,1332.92,3249.96,9761.33,0.36,7.8190
3,1041.81,46320.65,59942.36,1724.80,2953.16,8943.74,0.32,7.8486
3,1033.74,46263.39,58955.57,2362.90,2975.02,7354.26,0.31,7.5292
3,1414.42,60179.83,81039.15,2824.54,3618.29,14416.50,0.43,7.8048
3,1324.41,61148.68,76648.26,1456.53,3564.24,10478.81,0.40,7.8437
3,835.90,34922.21,48401.93,3142.82,3033.34,7303.57,0.25,7.8693
3,1444.06,62374.01,83801.98,1835.08,4549.59,15043.31,0.44,7.5807
3,1128.07,51086.20,64633.00,1672.76,3408.91,8465.14,0.34,7.8223
3,1246.74,54681.93,71846.72,2559.78,3350.21,11254.81,0.38,7.8681
3,1698.32,77914.39,96152.06,2458.54,4137.87,11641.26,0.51,7.8754
3,847.77,34406.21,49967.43,2624.57,3545.73,9390.92,0.26,7.5720
3,1313.20,58941.95,75668.49,1669.40,4140.18,10916.95,0.40,7.7664
3,1115.78,48352.71,64612.56,2513.36,3555.84,10190.64,0.34,7.9533
3,1441.48,66891.48,81653.05,1298.43,3538.34,9924.80,0.44,7.5862
3,1433.75,64762.09,82237.89,2091.80,4156.59,11227.41,0.44,7.7778
3,1142.27,49246.88,64771.24,1837.67,3492.29,10194.40,0.34,7.8220
3,1200.83,52805.83,68964.03,1734.02,4109.03,10315.15,0.36,7.9561
3,1106.21,49218.42,63523.02,1807.85,2539.82,9956.93,0.33,7.8168
3,1239.52,55319.06,70018.91,2053.16,3403.33,9243.35,0.37,7.7977
3,1298.75,58632.20,75305.46,1625.07,4045.63,11002.55,0.39,7.8992
3,1188.75,53999.01,67295.23,1486.84,2989.46,8819.93,0.36,7.7588
3,1197.08,50350.50,69749.38,2372.71,3672.71,13353.46,0.36,7.6466
3,1194.14,54157.17,68110.05,1497.42,2774.45,9681.02,0.36,7.5735
3,1248.95,57550.31,71274.64,1559.05,3022.16,9143.12,0.38,7.3774
3,1277.41,58358.78,73161.75,1393.18,3172.83,10236.96,0.39,7.5101
3,1174.64,52974.51,67291.05,1598.01,3151.49,9567.05,0.35,7.5383
3,1473.89,65339.49,85730.38,1534.59,5421.69,13434.61,0.45,7.8518
3,1280.81,57630.63,72645.40,1415.66,2929.60,10669.51,0.39,7.4439
3,1261.46,55694.49,73136.17,2652.86,3823.53,10965.30,0.38,7.7351
3,1451.29,66017.44,84439.88,1061.20,4661.81,12699.43,0.44,7.9527
3,1271.25,54931.13,74093.60,2655.12,3790.32,12717.03,0.39,7.4893
3,1058.44,45234.72,62515.92,2224.42,4034.78,11022.01,0.32,7.5846
3,1040.36,43875.88,59379.55,2388.77,3377.22,9737.68,0.31,7.6795
3,1315.54,59222.98,74983.84,1331.26,3018.25,11411.35,0.40,7.8935
3,1044.41,45282.48,60307.05,2927.46,3065.24,9031.86,0.32,7.5126
3,1311.08,58953.56,75534.46,2005.00,3478.16,11097.74,0.40,7.5294
3,1429.50,65827.47,81872.38,1237.27,3818.70,10988.94,0.43,7.6934
3,1526.70,69232.54,87164.30,2416.49,3854.58,11660.69,0.46,7.5858
3,1216.29,54628.74,71492.30,1953.86,3788.25,11121.45,0.37,7.8312
3,1444.29,63094.44,83472.68,3067.81,4565.21,12745.21,0.44,7.6948
3,1425.05,64218.12,81945.30,1345.47,4179.30,12202.41,0.43,7.6765
3,1187.88,52589.04,67595.26,1952.98,3020.38,10032.86,0.36,7.4560
3,1205.44,54236.57,69036.39,2102.18,3138.23,9559.41,0.36,7.5550
3,1460.85,67322.67,83074.98,1748.67,3923.51,10080.14,0.44,7.8181
3,978.93,44718.18,55641.56,1482.28,1935.33,7505.77,0.30,7.6337
3,992.91,46293.33,56733.59,1668.63,2257.11,6514.52,0.30,7.6704
3,1168.75,52412.68,66604.47,1748.52,3048.94,9394.34,0.35,7.8893
3,1307.44,60854.50,74879.81,572.44,3459.59,9993.28,0.39,7.6027
3,1315.79,60121.29,75971.67,1658.11,3369.69,10822.57,0.40,7.8055
3,1184.14,53181.21,68037.31,1361.10,3077.74,10417.27,0.36,7.3938
3,1434.57,64807.87,82628.73,1505.33,3865.50,12450.04,0.44,5.9157
3,1136.55,46932.73,64968.53,3431.10,3950.09,10654.61,0.34,6.2413
3,1440.25,62982.15,81376.14,2279.57,4110.74,12003.68,0.43,6.8530
3,1092.97,48140.17,63688.25,1789.02,3172.18,10586.88,0.33,6.9704
3,1673.43,76939.81,94839.11,1440.55,4174.60,12284.15,0.51,5.7404
3,884.38,38339.21,50714.49,2128.64,3232.05,7014.61,0.27,6.3949
3,962.00,41236.52,54088.13,2136.21,2775.42,7939.99,0.29,6.0044
3,1119.46,52690.62,63429.15,653.68,2036.96,8047.89,0.34,5.6523
3,1072.00,48881.76,60312.86,1341.54,2750.25,7339.31,0.32,5.5615
3,1048.63,44507.88,61343.06,1852.10,3855.27,11127.81,0.32,4.5859
3,1434.46,64036.70,82592.98,1551.04,3896.00,13109.25,0.43,5.0816
