5.000000e-01,273.46,16359.59,20983.04,367.40,2164.80,2091.25,0.09,18.7967
5.000000e-01,325.60,19655.26,25165.50,602.98,2537.93,2369.34,0.10,10.8807
5.000000e-01,367.87,20579.40,26939.13,1325.47,2523.28,2510.97,0.12,4.8561
5.000000e-01,302.29,18360.15,23109.17,455.87,2426.68,1866.47,0.10,8.9598
5.000000e-01,371.75,22488.62,28538.91,434.90,2658.70,2956.69,0.12,19.2295
5.000000e-01,327.67,19054.11,25164.25,782.26,2718.11,2609.77,0.10,10.5033
5.000000e-01,328.13,20646.53,26157.11,434.63,2466.26,2609.69,0.11,18.8796
5.000000e-01,310.90,17634.32,23153.78,562.16,2307.96,2649.34,0.10,10.1034
5.000000e-01,262.97,15630.10,20518.66,398.19,2255.44,2234.94,0.08,18.6674
5.000000e-01,302.80,17638.68,23045.92,690.61,2311.16,2405.46,0.10,8.7616
5.000000e-01,312.45,18254.22,23667.29,543.83,2621.17,2248.08,0.10,9.0801
5.000000e-01,276.12,16791.42,21524.18,546.17,2303.83,1882.76,0.09,9.1348
5.000000e-01,340.47,20908.53,26677.84,687.98,3033.91,2047.43,0.11,18.9733
5.000000e-01,248.09,14238.28,19604.61,439.29,2532.08,2394.96,0.08,19.3559
5.000000e-01,228.38,13172.37,17682.38,418.48,2162.22,1929.31,0.07,17.7040
5.000000e-01,319.39,19069.15,24623.26,470.18,2630.04,2453.90,0.10,16.4000
5.000000e-01,354.40,20773.99,27008.41,549.85,3027.27,2657.31,0.11,23.8776
5.000000e-01,314.58,18775.41,24421.96,555.21,2810.05,2281.28,0.10,10.6501
5.000000e-01,462.73,25668.27,32699.39,1724.47,2885.12,2421.52,0.15,4.2067
5.000000e-01,254.89,14655.21,19950.38,436.66,2458.57,2399.94,0.08,16.5720
5.000000e-01,400.41,21799.84,28900.87,1626.59,2671.28,2803.16,0.13,7.5754
5.000000e-01,279.14,16342.45,22036.58,506.38,2678.84,2508.90,0.09,18.7477
5.000000e-01,302.86,19668.46,24585.80,394.15,2310.83,2212.36,0.10,18.4318
5.000000e-01,286.73,17128.99,21941.75,369.70,2254.90,2188.16,0.09,16.6165
5.000000e-01,290.59,16825.04,22319.42,488.85,2676.68,2328.85,0.09,28.2972
5.000000e-01,318.55,18918.41,24358.16,543.11,2478.75,2417.89,0.10,17.1454
5.000000e-01,340.48,20532.62,26281.40,523.89,2804.06,2420.83,0.11,9.9811
5.000000e-01,277.59,16746.65,21597.74,336.31,2120.65,2394.14,0.09,16.1407
5.000000e-01,394.68,21925.47,28168.20,1113.29,2615.99,2513.45,0.12,7.5711
5.000000e-01,446.60,24364.34,31349.13,1362.21,2890.47,2732.11,0.14,5.4520
5.000000e-01,287.70,17107.81,22729.24,539.97,2765.74,2315.72,0.09,18.4585
5.000000e-01,360.81,20317.59,26106.02,919.54,2385.08,2483.82,0.11,6.0346
5.000000e-01,269.25,15840.51,20787.22,361.00,2162.24,2423.47,0.09,28.7772
5.000000e-01,352.22,21509.06,27227.13,601.00,2740.92,2376.15,0.11,12.1822
5.000000e-01,289.66,16824.85,22410.90,431.55,2424.75,2729.76,0.09,18.2855
5.000000e-01,239.23,14588.95,19190.62,420.76,2304.37,1876.54,0.08,15.9065
5.000000e-01,510.53,26999.37,34545.41,1955.48,2794.60,2795.97,0.16,5.9398
5.000000e-01,263.02,15446.77,20818.20,553.95,2892.27,1925.21,0.09,19.1188
5.000000e-01,265.55,15544.02,20574.71,380.35,2479.78,2170.56,0.08,17.7480
5.000000e-01,297.06,16974.19,22047.29,714.80,2262.58,2095.71,0.09,6.2227
5.000000e-01,329.44,17996.17,23643.10,879.06,2447.19,2320.68,0.10,7.8586
5.000000e-01,278.76,16168.68,21016.69,851.29,2201.91,1794.82,0.09,6.3377
5.000000e-01,344.42,19981.94,26111.68,461.46,2758.20,2910.08,0.11,18.2117
5.000000e-01,285.51,17535.10,22748.58,595.12,2533.65,2084.72,0.09,12.5541
5.000000e-01,249.90,14479.47,19045.76,478.10,2211.14,1877.05,0.08,22.5595
5.000000e-01,298.04,17402.06,23466.81,499.15,2863.53,2702.07,0.10,18.2216
5.000000e-01,280.23,16566.35,21461.64,666.48,2358.11,1870.70,0.09,8.4309
5.000000e-01,331.57,19745.07,25490.13,445.40,2753.83,2545.82,0.10,18.3320
5.000000e-01,439.13,25742.33,32372.58,1049.80,2975.20,2605.24,0.14,11.4343
5.000000e-01,216.29,12073.06,17006.25,455.22,2450.24,2027.73,0.07,17.5043
5.000000e-01,331.17,19595.51,25376.96,618.85,2855.57,2307.03,0.10,10.3799
5.000000e-01,288.81,17249.20,22350.91,414.13,2400.40,2287.18,0.09,16.9097
5.000000e-01,412.35,22420.78,28781.17,1303.82,2723.91,2332.66,0.13,10.2925
5.000000e-01,337.97,20801.59,26347.57,504.43,2730.84,2310.71,0.11,19.5938
5.000000e-01,298.78,17596.26,22894.01,432.51,2517.99,2347.24,0.09,16.8612
5.000000e-01,284.34,17204.00,22524.18,504.86,2629.96,2185.37,0.09,17.1150
5.000000e-01,399.00,22157.98,28673.33,1360.94,2285.02,2869.40,0.13,8.3893
5.000000e-01,398.96,23494.20,29281.31,596.91,2651.90,2538.31,0.12,8.9386
5.000000e-01,285.92,17023.88,22148.89,432.40,2564.69,2127.92,0.09,17.9601
5.000000e-01,336.16,20176.40,25184.63,457.78,2342.84,2207.62,0.10,14.5661
5.000000e-01,282.89,16150.82,21961.68,429.77,2640.66,2740.42,0.09,19.8181
5.000000e-01,377.50,20292.36,26656.59,1608.56,2225.74,2529.92,0.12,7.5865
5.000000e-01,318.88,18997.55,24262.08,676.44,2557.76,2030.33,0.10,12.0128
5.000000e-01,367.45,20688.55,26726.40,978.62,2544.67,2514.56,0.11,9.1345
5.000000e-01,394.21,20821.42,27668.65,1626.50,2650.20,2570.54,0.12,4.6165
5.000000e-01,291.43,17381.11,22963.33,567.55,2794.88,2219.78,0.09,28.1899
5.000000e-01,388.28,21381.97,27476.68,1128.81,2389.57,2576.33,0.12,7.2716
5.000000e-01,381.66,21364.95,27808.94,1001.16,2804.20,2638.63,0.12,19.8315
5.000000e-01,334.45,19775.94,25785.88,550.50,3025.15,2434.29,0.11,20.2589
5.000000e-01,314.63,18355.98,24137.86,456.82,2692.05,2633.00,0.10,32.2510
5.000000e-01,227.83,13323.18,18103.01,456.60,2273.19,2050.04,0.07,18.0508
5.000000e-01,310.13,17574.62,23087.44,721.10,2359.82,2431.90,0.10,13.8585
5.000000e-01,386.45,22653.77,28382.50,491.18,2526.51,2711.03,0.12,11.2668
5.000000e-01,280.92,16625.15,21656.00,701.50,2210.52,2118.84,0.09,10.7087
5.000000e-01,351.78,20090.73,25975.31,814.82,2633.41,2436.35,0.11,7.8507
5.000000e-01,368.15,21875.93,27886.33,730.58,2820.35,2459.47,0.12,12.6027
5.000000e-01,429.96,24295.57,31151.97,1414.49,2779.37,2662.54,0.14,5.9044
5.000000e-01,284.97,17123.47,22599.77,608.66,2615.37,2252.27,0.09,17.2307
5.000000e-01,333.73,19943.47,25890.55,508.11,2954.78,2484.18,0.10,19.8814
5.000000e-01,337.59,19509.84,25486.68,759.08,2826.78,2390.98,0.11,13.6006
5.000000e-01,358.35,20502.01,26689.03,1065.00,2489.35,2632.67,0.12,7.2940
5.000000e-01,307.57,18093.50,23580.84,1019.10,2284.74,2183.49,0.10,13.9289
5.000000e-01,339.43,20315.36,25759.88,623.38,2749.66,2071.48,0.11,8.8616
5.000000e-01,406.15,20393.57,26855.62,2139.38,1895.17,2427.50,0.13,5.6011
5.000000e-01,369.11,19300.45,25540.50,1929.22,2365.97,1944.85,0.12,4.4536
5.000000e-01,305.63,17975.64,23098.26,570.88,2442.25,2109.48,0.09,13.7443
5.000000e-01,375.94,20715.16,26726.43,1106.17,2519.92,2385.18,0.12,5.3561
5.000000e-01,325.14,19569.48,25114.86,449.92,2712.84,2382.61,0.10,20.4382
5.000000e-01,322.24,19353.97,24664.54,445.85,2472.73,2392.00,0.10,19.4642
5.000000e-01,344.10,21154.48,26960.64,467.25,2743.08,2595.83,0.11,19.9823
5.000000e-01,352.09,21027.70,26898.85,455.17,2787.50,2628.47,0.11,17.7688
5.000000e-01,411.68,23394.95,29928.72,825.94,2853.93,2853.89,0.13,10.0842
5.000000e-01,303.14,18060.81,23554.46,390.59,2615.09,2487.96,0.10,17.9854
5.000000e-01,402.07,24036.56,30305.17,594.30,3102.29,2572.02,0.13,18.0276
5.000000e-01,263.76,15018.28,19909.94,759.98,2312.43,1819.24,0.08,10.9764
5.000000e-01,357.93,20914.44,26409.19,393.72,2456.44,2644.60,0.11,10.0370
5.000000e-01,427.39,23181.49,29554.16,1785.47,2130.15,2457.04,0.14,4.5421
5.000000e-01,316.97,18766.45,23727.74,912.39,2126.18,1922.72,0.10,6.5508
5.000000e-01,264.90,14996.67,20333.78,441.46,2477.44,2418.21,0.08,18.9812
5.000000e-01,360.42,21614.88,28069.45,513.25,3034.95,2906.37,0.12,17.3647
1,511.86,27962.24,36051.34,1217.34,2525.46,4346.29,0.16,5.0969
1,627.96,34599.19,43957.74,1273.68,3163.93,4920.94,0.20,8.4061
1,691.87,35883.16,45976.79,2161.77,2872.53,5059.33,0.22,3.6517
1,610.32,32386.36,41603.99,2120.46,3099.71,3997.47,0.20,3.5782
1,758.53,39436.85,50992.61,1924.76,3429.03,6201.97,0.23,4.6709
1,572.71,32227.83,41246.36,927.95,3096.70,4993.88,0.18,7.6927
1,701.50,37083.93,48181.49,2034.75,3343.19,5719.62,0.22,4.1022
1,573.82,30452.67,39784.15,1219.20,2684.29,5427.99,0.18,5.2596
1,489.15,27950.43,36119.83,793.46,2810.09,4565.85,0.15,12.3514
1,571.29,30879.92,40073.88,1436.17,2876.59,4881.19,0.18,7.3771
1,580.35,32617.58,40955.38,762.43,2997.94,4577.42,0.18,9.6383
1,513.08,28876.48,36653.77,1038.62,2983.14,3755.53,0.16,5.6601
1,642.82,37596.23,46952.99,1269.95,3851.65,4235.16,0.20,7.4939
1,434.58,24726.38,33092.02,438.63,3208.50,4718.52,0.14,21.3354
1,418.84,24320.91,31542.12,437.64,2849.84,3933.73,0.13,20.2929
1,669.01,34229.73,45003.63,2334.45,3104.01,5335.44,0.21,5.1995
1,644.54,36048.54,46280.96,1353.93,3510.11,5368.39,0.20,9.8605
1,636.59,33019.65,43339.10,1875.32,3667.13,4777.00,0.20,4.9253
1,908.04,45955.86,57922.81,3492.50,3323.97,5150.46,0.29,3.7310
1,454.22,25861.66,33687.23,391.50,2765.93,4668.15,0.14,21.8774
1,766.26,38754.28,50491.58,2965.83,2948.54,5822.93,0.24,4.4259
1,515.69,28974.90,38205.48,822.00,3291.20,5117.38,0.16,10.0098
1,673.54,35915.77,45760.62,1919.20,3059.68,4865.97,0.21,5.6874
1,572.26,29717.09,39487.60,2136.20,2904.64,4729.67,0.18,4.5457
1,493.40,28041.00,36355.39,593.81,3233.89,4486.69,0.15,18.3180
1,593.74,32948.94,41999.17,1181.57,2956.95,4911.71,0.18,7.8583
1,665.63,35721.79,45943.36,1860.98,3334.19,5026.40,0.21,6.1118
1,497.30,27744.21,35976.32,959.61,2528.72,4743.78,0.15,6.2326
1,687.90,37665.37,47148.48,1352.09,3136.45,4994.57,0.21,6.0869
1,865.42,42204.23,54354.40,2979.89,3450.50,5719.79,0.28,4.1434
1,509.98,28736.45,37453.00,679.37,3480.16,4557.03,0.16,19.6139
1,651.45,35058.73,44804.63,1971.07,2734.62,5040.21,0.20,5.0420
1,535.83,27759.98,37322.25,1580.90,2857.44,5123.93,0.17,5.5088
1,729.06,38807.32,49401.76,2031.08,3437.25,5126.12,0.23,5.4048
1,536.10,29191.70,38633.12,1032.50,2999.48,5409.44,0.17,8.1460
1,431.13,25497.93,32708.12,676.71,2786.67,3746.82,0.14,7.7823
1,894.34,46613.59,57969.36,2510.39,3201.29,5644.08,0.29,4.2381
1,475.95,27547.27,35759.25,700.11,3599.66,3912.21,0.15,11.4659
1,477.87,27455.88,35349.72,737.80,2934.42,4221.61,0.15,13.1953
1,566.25,30288.16,39125.44,1761.74,2663.54,4412.00,0.18,3.7188
1,577.42,31186.21,40135.81,1409.08,2872.29,4668.23,0.18,8.5039
1,619.41,29498.22,39573.27,3484.48,2718.09,3872.47,0.20,4.0532
1,631.79,35454.10,45295.19,675.40,3216.59,5949.11,0.19,9.6000
1,561.01,31237.68,40031.73,1351.10,3124.10,4318.86,0.18,5.9397
1,428.86,24091.84,31342.05,785.41,2824.84,3639.97,0.13,9.5356
1,530.20,30075.27,39797.43,504.14,3810.26,5407.76,0.16,20.1397
1,550.21,29770.45,37888.13,1401.56,2842.81,3873.31,0.17,5.8298
1,622.12,34726.93,44357.24,1288.81,3108.90,5232.59,0.20,5.9402
1,940.04,47039.02,59924.99,3519.03,3664.70,5702.23,0.30,4.1278
1,385.89,21739.74,29209.23,458.28,2943.73,4067.48,0.12,21.4717
1,645.36,34511.25,44762.22,1881.74,3448.45,4920.78,0.21,4.8352
1,534.53,30257.03,38967.98,885.23,3163.26,4662.47,0.17,13.9173
1,814.85,40398.75,51402.04,2703.22,3272.11,5027.96,0.26,4.2487
1,616.35,36082.23,44986.52,1025.40,3149.18,4729.71,0.19,9.3413
1,579.60,31374.74,41026.99,1760.11,2920.43,4971.72,0.19,4.7527
1,554.09,30477.28,39584.54,830.44,3778.42,4498.40,0.17,8.7847
1,700.29,37130.00,47517.96,2194.46,2534.28,5659.22,0.22,5.5831
1,740.47,40921.26,50609.40,1420.81,2983.89,5283.44,0.23,7.6702
1,544.37,31345.20,39669.49,756.18,3140.54,4427.57,0.17,11.1361
1,623.17,34668.53,43599.43,1608.63,2806.18,4516.09,0.19,5.6039
1,505.78,28450.37,37587.79,607.43,3089.37,5440.61,0.16,13.9836
1,741.33,35250.49,46336.37,3226.47,2612.55,5246.85,0.23,4.1375
1,712.25,34674.27,45285.92,3066.64,3042.41,4502.60,0.22,4.0822
1,767.45,37294.46,48563.43,2940.81,2976.84,5351.32,0.24,4.6357
1,703.44,36839.05,46918.62,1866.45,3070.78,5142.34,0.22,5.0405
1,512.38,29520.61,38404.95,767.00,3694.07,4423.27,0.16,13.4433
1,715.85,37142.81,47431.75,2154.77,2785.29,5348.88,0.23,5.3197
1,687.14,37101.35,47392.96,1581.75,3372.21,5337.65,0.21,6.5860
1,559.27,32577.75,41574.90,541.03,3751.28,4704.85,0.17,21.2350
1,594.74,32879.98,42484.52,942.66,3189.51,5472.38,0.18,13.3894
1,412.99,23773.03,31102.91,444.42,2772.01,4113.45,0.13,18.9723
1,582.66,30282.31,39980.46,1732.70,2939.07,5026.38,0.18,5.4508
1,744.24,38768.59,49398.87,1850.61,3077.93,5701.74,0.23,5.1659
1,583.33,29885.65,39923.07,2733.65,2665.18,4638.59,0.19,4.4769
1,696.57,35504.78,45750.85,2004.87,3146.80,5094.41,0.21,4.4318
1,749.55,39401.15,50716.60,2481.86,3477.84,5355.74,0.24,4.0638
1,882.22,43769.01,56627.37,3754.99,3332.08,5771.30,0.29,4.1982
1,514.13,29463.67,37959.83,786.97,3231.62,4477.57,0.16,8.8768
1,671.71,35289.78,46483.02,2059.91,3794.05,5339.28,0.21,6.2192
1,701.15,35353.77,46434.85,2093.72,3662.47,5324.89,0.22,4.6922
1,624.96,35374.11,44507.69,1003.39,2973.59,5156.61,0.19,7.6141
1,651.21,33620.94,43853.24,2375.86,3112.08,4744.36,0.21,4.1442
1,752.40,38014.14,48341.27,2429.31,3328.84,4568.99,0.24,4.1717
1,704.58,34267.25,43890.79,2780.77,2095.86,4746.90,0.22,4.0539
1,692.95,34199.38,43969.06,3219.26,2535.25,4015.17,0.22,4.1445
1,678.56,33923.98,44592.89,2791.37,3002.95,4874.58,0.22,4.0558
1,744.22,36879.02,47578.81,2706.35,2881.32,5112.12,0.24,3.8679
1,620.20,34404.73,43758.13,1323.80,3090.81,4938.80,0.19,9.1646
1,569.43,32478.88,41104.03,741.60,3068.81,4814.73,0.18,9.4957
1,657.27,36751.34,46474.55,1103.22,3223.19,5396.80,0.20,7.8158
1,603.94,34447.81,44129.27,869.78,3506.19,5305.49,0.19,12.7628
1,828.06,40899.28,53334.61,2688.82,3566.62,6179.88,0.27,3.8989
1,573.32,32206.80,41394.99,1122.93,2912.40,5152.84,0.18,6.6235
1,795.37,43152.64,53960.84,1400.99,3929.53,5477.68,0.25,5.0643
1,533.09,26568.83,36098.24,2562.15,2995.06,3972.20,0.17,4.7344
1,689.28,35746.73,45854.26,1808.74,2789.22,5509.57,0.21,5.8449
1,800.28,39261.48,50478.00,3700.22,2452.71,5063.59,0.25,4.1203
1,684.69,34095.11,43350.44,2511.06,2575.07,4169.20,0.21,3.9866
1,449.74,25610.90,33882.10,449.50,3139.33,4682.38,0.14,16.7862
1,636.04,36125.65,45956.17,571.87,3549.59,5709.06,0.20,16.6682
1.500000e+00,713.44,38363.60,49005.58,1370.22,2745.30,6526.47,0.22,4.9789
1.500000e+00,880.23,47368.73,59643.37,1513.78,3350.17,7410.70,0.28,5.0834
1.500000e+00,935.96,48793.10,62324.68,2788.88,2972.64,7770.05,0.30,3.7353
1.500000e+00,778.02,43536.02,54069.78,1652.36,3121.32,5760.07,0.25,4.7031
1.500000e+00,1018.99,53841.84,68665.81,2004.12,3560.56,9259.29,0.32,5.0988
1.500000e+00,827.52,44118.68,56833.52,1473.56,3529.85,7711.45,0.26,4.8014
1.500000e+00,988.90,50635.98,65852.27,2983.65,3439.67,8792.98,0.32,3.6945
1.500000e+00,792.38,40706.29,53221.81,1400.30,3006.92,8108.30,0.24,5.6295
1.500000e+00,718.05,38283.28,49826.01,1483.22,2990.96,7068.56,0.22,6.6420
1.500000e+00,786.30,42045.30,53772.11,1431.56,3076.90,7218.35,0.24,5.6677
1.500000e+00,814.28,44215.34,55280.75,811.57,3418.70,6835.14,0.25,5.8908
1.500000e+00,751.77,39672.00,50403.07,1797.59,3112.03,5821.45,0.24,4.3098
1.500000e+00,957.61,52527.00,65087.52,1811.66,4154.32,6594.54,0.30,5.7125
1.500000e+00,637.27,33935.78,45845.70,1163.80,3478.47,7267.66,0.20,7.2488
1.500000e+00,580.65,32428.24,42291.62,641.03,3329.84,5892.51,0.18,15.9698
1.500000e+00,962.42,47595.12,61876.03,2800.86,3334.33,8145.73,0.30,3.4198
1.500000e+00,900.71,49491.73,62557.42,1176.37,3856.63,8032.69,0.28,7.4354
1.500000e+00,852.79,44800.68,57399.64,1547.37,4003.69,7047.91,0.26,6.7780
1.500000e+00,1200.93,61682.61,76484.28,3879.32,3312.27,7610.09,0.39,3.9314
1.500000e+00,615.74,34761.09,45369.18,423.01,3292.58,6892.51,0.19,22.4377
1.500000e+00,1056.24,51940.22,66843.01,3200.16,3058.46,8644.16,0.33,4.2373
1.500000e+00,719.93,39194.02,51570.90,1043.75,3688.06,7645.06,0.23,7.4785
1.500000e+00,835.95,47207.68,58105.21,754.51,3377.14,6765.88,0.26,7.8620
1.500000e+00,782.21,39980.74,52419.12,2234.26,3124.38,7079.75,0.25,4.7528
1.500000e+00,751.42,39303.04,51601.94,1638.31,3501.62,7158.97,0.24,5.5207
1.500000e+00,777.85,44363.50,55281.11,665.81,3023.59,7228.21,0.24,11.4693
1.500000e+00,1008.45,49682.51,64373.98,3300.67,3417.64,7973.17,0.32,3.9724
1.500000e+00,735.52,37733.18,49634.64,1656.34,2942.64,7302.48,0.23,5.3982
1.500000e+00,960.31,51170.11,63888.94,1748.64,3342.24,7627.96,0.30,5.6813
1.500000e+00,1118.88,55988.18,70610.85,2662.75,3658.52,8301.40,0.36,4.2475
1.500000e+00,703.23,38581.60,50119.13,827.34,3877.28,6832.90,0.22,18.9998
1.500000e+00,941.07,47614.90,60746.12,2624.87,2873.56,7632.80,0.29,4.3903
1.500000e+00,735.65,38018.79,50128.27,1319.27,3215.66,7574.55,0.23,6.6010
1.500000e+00,956.82,51473.34,64836.30,2410.59,3411.98,7540.39,0.30,5.8766
1.500000e+00,737.80,39347.54,51793.30,1059.93,3324.02,8061.81,0.23,8.4902
1.500000e+00,659.69,35270.40,45610.50,1422.76,3094.57,5822.77,0.20,7.3215
1.500000e+00,1205.75,61981.64,76012.71,2437.62,3369.30,8224.15,0.38,4.1515
1.500000e+00,729.15,38740.44,50520.59,1462.34,4147.20,6170.60,0.23,5.8547
1.500000e+00,721.35,37668.79,49360.48,1824.35,3180.58,6686.76,0.22,5.3091
1.500000e+00,845.80,41356.77,53632.45,2519.12,3014.20,6742.35,0.27,3.3313
1.500000e+00,794.52,42934.32,54393.83,1496.08,3054.70,6908.74,0.25,6.1150
1.500000e+00,797.44,40701.51,52252.11,2943.75,2836.18,5770.67,0.25,4.5806
1.500000e+00,891.47,47549.28,61312.44,1380.92,3319.42,9062.81,0.28,6.1157
1.500000e+00,794.26,43407.29,55283.86,1912.55,3375.08,6588.94,0.26,4.9326
1.500000e+00,590.17,32707.88,42037.39,991.27,2928.16,5410.08,0.19,7.8243
1.500000e+00,803.08,41943.83,55874.52,1449.45,4060.94,8420.30,0.25,10.3166
1.500000e+00,797.03,40261.40,52037.03,2549.70,3127.28,6098.64,0.25,4.1683
1.500000e+00,885.51,47660.43,60695.60,1706.40,3343.40,7985.38,0.28,4.9676
1.500000e+00,1229.97,62810.88,77700.66,2940.35,3804.16,8145.26,0.39,4.0274
1.500000e+00,563.49,29907.50,40254.64,955.80,3218.34,6173.00,0.17,8.9892
1.500000e+00,878.12,46400.64,59233.15,2065.90,3528.33,7238.28,0.28,4.4990
1.500000e+00,784.03,41300.69,53724.58,1872.82,3374.52,7176.55,0.24,5.9682
1.500000e+00,1079.36,54132.29,67856.90,3038.98,3326.89,7358.74,0.35,3.8834
1.500000e+00,904.91,48880.56,61864.22,1961.80,3659.61,7362.25,0.29,6.2486
1.500000e+00,809.73,42078.57,55130.65,2487.57,3115.31,7449.20,0.26,4.2155
1.500000e+00,739.15,40556.86,52120.24,828.64,4098.13,6636.61,0.23,8.8243
1.500000e+00,949.58,49956.27,62800.32,1838.91,2628.94,8376.20,0.29,5.6614
1.500000e+00,993.63,54144.10,66321.14,1194.11,3348.78,7634.15,0.31,11.0419
1.500000e+00,825.71,43318.34,56071.95,2212.99,3444.03,7096.59,0.26,4.3675
1.500000e+00,872.09,48002.50,59273.20,1456.40,3100.05,6714.24,0.27,16.7514
1.500000e+00,757.41,39563.04,52506.81,1303.09,3345.94,8294.74,0.23,8.7221
1.500000e+00,942.26,45875.85,59132.75,3051.44,2720.75,7484.71,0.29,4.2985
1.500000e+00,952.83,47615.00,59992.79,2726.93,3070.07,6580.80,0.30,4.2265
1.500000e+00,973.08,49614.44,62598.45,2248.02,3094.66,7641.34,0.30,6.9032
1.500000e+00,968.31,50101.54,63104.39,2231.70,3124.34,7646.80,0.30,5.5705
1.500000e+00,738.29,40614.43,52941.72,1120.75,4380.95,6825.60,0.23,7.4583
1.500000e+00,914.79,49468.66,61344.96,1433.49,2916.98,7525.83,0.29,6.1580
1.500000e+00,936.13,50025.02,63338.18,1854.12,3536.14,7922.89,0.29,7.0984
1.500000e+00,796.16,44331.33,56365.84,862.28,4075.09,7097.13,0.24,15.9822
1.500000e+00,839.68,44864.86,57971.42,1214.12,3651.39,8241.06,0.26,13.5542
1.500000e+00,569.36,31984.56,41973.64,464.37,3391.90,6132.82,0.17,21.2810
1.500000e+00,782.67,40656.35,52819.45,1630.27,3169.53,7363.29,0.24,5.6736
1.500000e+00,952.63,50877.46,63666.56,1349.47,3263.93,8175.70,0.30,6.8997
1.500000e+00,820.89,40417.08,53866.17,3635.20,2807.06,7006.82,0.27,4.1775
1.500000e+00,949.90,47710.60,60684.30,2107.56,3300.91,7565.23,0.29,4.6945
1.500000e+00,1032.75,53151.21,68184.98,3391.53,3554.37,8087.87,0.34,4.0097
1.500000e+00,1226.03,59806.52,75767.24,4030.33,3373.44,8556.95,0.39,3.8950
1.500000e+00,844.35,41797.96,55143.57,2550.92,3454.44,7340.25,0.26,4.5808
1.500000e+00,933.67,48419.59,63090.20,2594.14,3954.10,8122.37,0.30,4.4159
1.500000e+00,968.19,47693.33,61848.15,2286.90,3959.60,7908.32,0.30,5.0342
1.500000e+00,880.57,48044.69,60438.66,1483.59,3159.75,7750.62,0.27,9.0975
1.500000e+00,890.91,45939.05,58239.67,2090.50,3214.41,6995.72,0.28,4.4297
1.500000e+00,1041.89,51695.54,65044.52,3062.97,3452.36,6833.66,0.33,4.0566
1.500000e+00,903.55,46282.45,57680.18,2367.93,2139.96,6889.86,0.28,4.5876
1.500000e+00,885.25,46606.13,57476.98,2480.50,2636.96,5753.38,0.28,4.6038
1.500000e+00,913.22,45611.77,59364.65,3354.84,3174.04,7224.01,0.29,4.3396
1.500000e+00,946.11,48798.65,61025.99,2053.22,2946.03,7228.09,0.30,4.2452
1.500000e+00,888.12,46939.17,59630.23,1775.73,3386.09,7529.24,0.28,5.5149
1.500000e+00,807.59,44318.85,56004.86,1307.92,3085.34,7292.76,0.25,6.7546
1.500000e+00,868.92,49062.05,61543.49,1186.11,3427.06,7868.27,0.27,7.7900
1.500000e+00,809.55,44985.18,57079.93,645.60,3753.30,7695.86,0.25,19.1230
1.500000e+00,1149.91,54538.72,71035.29,3435.15,3841.62,9219.80,0.37,4.0222
1.500000e+00,813.84,43313.04,55815.10,1524.03,3267.77,7710.25,0.25,6.0623
1.500000e+00,1107.68,58768.64,73316.36,2231.26,3919.93,8396.53,0.36,4.9015
1.500000e+00,676.83,35948.00,46664.50,1931.30,3137.49,5647.71,0.21,5.0253
1.500000e+00,902.21,48689.66,60210.59,836.39,2944.88,7739.66,0.28,14.1024
1.500000e+00,1048.04,52454.25,65482.61,3171.10,2510.93,7346.33,0.33,4.7341
1.500000e+00,849.46,45020.98,55568.43,2046.73,2629.91,5870.82,0.26,5.0497
1.500000e+00,634.77,35067.03,46261.29,791.82,3326.33,7076.10,0.20,10.3725
1.500000e+00,902.90,49543.06,62969.79,1037.25,3835.56,8553.92,0.28,7.4447
2,853.24,47049.64,58757.95,735.17,2764.51,8208.62,0.26,14.3546
2,1034.54,57266.06,71209.62,975.53,3560.30,9407.74,0.32,9.6562
2,1121.25,59022.27,73859.11,1840.41,3157.77,9838.66,0.35,6.0789
2,1010.60,53415.36,66005.19,1674.41,3376.31,7539.11,0.31,5.2424
2,1191.39,65221.24,81659.41,1139.35,3696.46,11602.36,0.36,11.8864
2,1045.02,54305.49,69877.24,1967.30,3428.07,10176.39,0.32,4.7983
2,1225.57,62223.74,80377.21,3056.43,3506.20,11590.84,0.40,3.8962
2,928.28,49369.96,63677.38,923.77,3048.73,10334.91,0.28,6.8027
2,931.49,47397.39,62127.19,1999.56,3155.31,9574.92,0.29,5.2393
2,999.92,52923.62,67594.05,1785.99,3033.06,9851.38,0.32,5.2473
2,986.14,53935.10,66796.46,603.97,3384.28,8873.11,0.30,8.9375
2,908.37,49025.10,61120.61,1386.51,3163.29,7545.71,0.28,5.5305
2,1244.16,65171.01,80826.45,2279.43,4402.71,8973.31,0.39,5.2105
2,797.80,42353.97,56618.74,1081.08,3654.51,9529.18,0.25,7.9388
2,731.20,40213.25,52138.43,661.21,3439.86,7824.10,0.22,16.8986
2,1085.06,57593.89,72955.23,1675.75,3381.92,10303.67,0.34,5.3022
2,1143.43,61587.69,77902.44,1575.00,3929.91,10809.84,0.36,6.6535
2,1028.72,55024.03,69594.65,1248.26,4186.61,9135.74,0.32,6.6014
2,1413.17,74126.44,90190.88,3074.88,3466.98,9522.58,0.45,5.1732
2,791.39,42991.47,55923.07,429.59,3401.57,9100.44,0.24,23.8252
2,1215.12,62176.19,78493.64,2127.56,3228.13,10961.76,0.38,6.4232
2,900.24,48264.13,63413.65,1033.16,4037.25,10079.10,0.28,9.6989
2,1090.75,58109.92,72410.55,1687.69,3354.34,9258.60,0.34,6.1966
2,985.18,49446.52,64536.33,2534.38,3159.94,9395.48,0.31,4.3399
2,917.25,47521.45,61807.55,1320.44,3715.34,9250.32,0.28,6.9935
2,964.43,53976.00,67523.09,891.04,3179.79,9476.26,0.30,11.4053
2,1153.49,59507.91,75183.97,2014.68,3808.13,9853.25,0.35,7.8267
2,866.89,46538.82,59929.10,1123.15,2913.51,9353.63,0.27,7.8899
2,1154.98,61450.06,76006.65,1420.45,3423.05,9713.08,0.36,6.7262
2,1394.71,67464.22,85060.45,2859.18,3814.40,10922.64,0.44,4.4594
2,909.06,48273.29,62668.81,1199.00,3963.38,9233.14,0.28,9.4428
2,1152.07,58683.37,74030.70,2388.35,3040.36,9918.61,0.36,6.5570
2,913.93,47070.39,62344.22,1734.41,3234.27,10305.15,0.29,6.1370
2,1191.49,63952.55,78683.36,1500.14,3512.81,9717.86,0.37,6.6058
2,925.37,48618.73,64033.73,1217.58,3507.30,10690.12,0.28,12.5820
2,761.73,43086.05,54468.76,751.74,3210.09,7420.87,0.24,9.3032
2,1385.89,73341.21,88924.52,1717.88,3479.30,10386.12,0.43,5.5772
2,919.21,48053.91,62384.94,1678.87,4379.24,8272.91,0.29,5.6500
2,931.48,47694.65,62236.69,2235.54,3245.73,9060.77,0.29,5.7026
2,954.30,49355.67,63002.54,2103.06,3016.34,8527.46,0.30,4.7813
2,974.56,51905.66,65370.89,1286.02,3122.38,9056.83,0.30,6.8243
2,1007.87,50360.15,64293.32,3405.54,2840.92,7686.71,0.32,3.9608
2,1060.55,58014.00,73683.63,627.83,3545.78,11496.01,0.32,17.2117
2,973.36,53324.20,67112.72,1596.05,3583.37,8609.09,0.31,7.5723
2,782.00,40238.69,52992.09,2056.86,3127.79,7568.75,0.25,5.1684
2,998.87,51779.67,68316.43,1399.51,4091.63,11045.62,0.31,7.1904
2,1001.43,49683.55,63446.06,2396.31,3422.14,7944.05,0.31,4.9121
2,1037.32,58353.18,72740.14,793.96,3513.55,10079.45,0.32,14.7975
2,1436.53,75520.84,92675.77,2720.50,3850.03,10584.41,0.46,4.9874
2,689.17,37796.86,49714.80,578.69,3282.32,8056.93,0.21,12.6932
2,1037.57,56194.36,70664.91,1508.23,3736.61,9225.71,0.33,6.3923
2,908.16,50652.88,63796.48,572.57,3604.59,8966.43,0.28,20.2304
2,1265.30,65014.16,80544.29,2659.78,3412.68,9457.67,0.41,5.0983
2,1190.72,61047.71,77078.98,2281.57,3888.72,9860.97,0.37,6.2065
2,992.22,51676.45,66575.86,1922.27,3378.09,9599.05,0.31,6.8697
2,917.65,49869.70,63632.87,738.27,4346.26,8678.64,0.28,12.8574
2,1138.81,60614.96,75100.91,1156.55,2571.38,10758.02,0.35,9.9191
2,1233.96,66240.81,79965.67,741.80,3233.24,9749.82,0.38,20.0359
2,1013.52,53353.71,67824.30,1680.57,3648.53,9141.49,0.31,5.4370
2,1064.42,58292.16,71644.77,1270.18,3216.62,8865.81,0.33,8.8838
2,912.07,48720.35,63820.27,797.84,3487.53,10814.54,0.28,13.5266
2,1120.96,56992.78,72145.92,2708.31,2729.76,9715.07,0.35,4.8960
2,1170.70,58778.84,73527.99,2725.53,3290.28,8733.34,0.37,5.1013
2,1155.45,61348.05,75863.52,1382.79,3175.01,9957.67,0.36,10.5893
2,1149.76,60454.99,74885.51,1475.95,3282.16,9672.41,0.35,5.9210
2,924.36,50267.63,64879.37,1145.57,4495.92,8970.26,0.29,7.5400
2,1097.34,59183.06,73269.29,1250.25,3172.08,9663.90,0.34,11.2575
2,1155.07,61554.91,77715.15,1938.54,3660.48,10561.21,0.36,7.2197
2,976.72,54184.67,68793.81,955.26,4194.23,9459.65,0.30,11.6015
2,1065.10,55190.93,71655.55,1784.38,3670.56,11009.68,0.33,5.9801
2,722.80,39784.20,52275.40,646.04,3577.98,8267.18,0.22,12.2663
2,948.12,49173.07,63385.55,1395.97,3262.75,9553.76,0.29,6.8568
2,1173.78,61678.85,76958.68,1457.10,3143.31,10679.41,0.36,6.9221
2,1021.82,49779.11,65453.54,3517.15,2949.74,9207.55,0.32,4.4587
2,1075.32,57825.46,71728.76,1002.67,3485.11,9415.52,0.33,6.6297
2,1257.48,63994.37,80825.68,2529.07,3925.93,10376.31,0.40,4.5625
2,1338.13,71301.82,87410.40,2134.85,3593.10,10380.64,0.42,5.4815
2,1035.92,51632.30,67525.76,2689.12,3613.65,9590.68,0.32,4.9422
2,1148.49,59598.93,76960.21,2436.24,4204.38,10720.66,0.37,5.2867
2,1139.76,57810.85,73679.88,1754.07,4056.89,10058.06,0.35,5.5156
2,1098.35,58001.55,73203.74,1617.62,3305.11,10279.46,0.34,5.7678
2,1113.05,56299.73,72042.08,3089.02,3312.30,9341.02,0.36,4.3607
2,1303.75,63278.62,78937.69,3050.53,3621.28,8987.26,0.41,4.1607
2,1086.49,56621.59,69146.02,1604.48,2139.94,8780.02,0.33,6.1153
2,1020.97,55969.77,67494.86,1654.66,2711.38,7159.05,0.31,8.9449
2,1074.08,55896.65,70686.27,2271.42,3325.67,9192.53,0.34,5.2635
2,1175.22,59034.83,73521.05,2013.50,3025.41,9447.30,0.37,4.7107
2,1018.97,56634.01,70674.03,1071.44,3485.19,9483.39,0.32,10.7284
2,1009.33,54128.90,68399.71,1289.86,3253.34,9727.61,0.31,7.5241
2,1071.75,59171.01,73940.18,876.01,3670.03,10223.13,0.33,9.7856
2,1034.89,54788.21,70025.84,1173.58,3695.75,10368.29,0.32,12.8086
2,1327.85,65114.24,83905.34,3015.65,3886.86,11888.58,0.43,4.3624
2,1005.51,52528.82,67588.96,1591.36,3326.92,10141.86,0.31,6.2355
2,1403.34,70753.76,88276.84,2318.25,4332.64,10872.20,0.44,4.2961
2,857.44,44885.18,57639.27,1921.04,3272.71,7560.35,0.27,5.0472
2,1154.83,59366.53,73036.06,669.55,2788.81,10211.17,0.35,18.7557
2,1238.07,64370.36,78346.31,2100.38,2620.63,9254.94,0.38,5.4093
2,1009.32,55940.98,66968.61,856.58,2811.94,7359.11,0.31,14.3500
2,802.51,43252.25,57237.56,891.91,3598.11,9495.28,0.25,10.9509
2,1115.27,60370.25,76649.24,745.30,4239.56,11294.12,0.34,9.2846
2.500000e+00,1009.89,53228.95,67640.83,1251.20,2798.20,10362.48,0.31,6.7209
2.500000e+00,1239.63,67255.34,83508.04,785.74,3718.30,11748.66,0.38,11.0734
2.500000e+00,1250.21,68189.02,83939.56,635.38,3322.07,11793.08,0.38,9.7525
2.500000e+00,1132.32,62024.92,75214.22,1020.33,3227.09,8941.88,0.35,11.8134
2.500000e+00,1420.34,76281.74,94965.92,564.83,3817.89,14301.45,0.43,15.4912
2.500000e+00,1167.04,62620.25,79430.27,958.35,3688.46,12163.20,0.36,9.4943
2.500000e+00,1353.62,70903.79,89685.40,1540.91,3789.61,13451.10,0.42,7.2696
2.500000e+00,1077.36,54914.05,70725.87,378.74,3062.04,12371.05,0.33,25.8352
2.500000e+00,1078.21,55751.14,72233.45,1775.96,3105.81,11600.54,0.33,5.8028
2.500000e+00,1172.86,61565.72,78300.09,1539.13,3227.75,11967.48,0.36,7.6323
2.500000e+00,1191.93,64099.09,79010.89,424.96,3601.04,10885.80,0.36,25.7213
2.500000e+00,1065.58,56020.15,69498.09,952.53,3396.78,9128.63,0.32,10.2656
2.500000e+00,1519.75,76941.68,95592.02,2830.23,4494.67,11325.45,0.48,4.8552
2.500000e+00,958.44,49204.53,66325.50,1322.41,3874.36,11924.20,0.30,8.4781
2.500000e+00,881.64,48014.19,61982.28,809.67,3478.35,9680.08,0.27,11.8909
2.500000e+00,1233.31,66871.47,83838.01,1122.84,3531.49,12312.21,0.38,10.9839
2.500000e+00,1331.04,70961.57,89294.00,1075.03,4192.46,13064.93,0.41,7.8858
2.500000e+00,1201.66,65001.64,81254.91,798.58,4297.34,11157.35,0.37,12.6909
2.500000e+00,1559.48,84452.56,100940.76,1689.96,3556.95,11241.28,0.49,7.0810
2.500000e+00,953.45,50664.47,66265.23,630.20,3447.13,11523.44,0.29,15.0302
2.500000e+00,1353.38,71361.64,88908.22,1264.17,3307.69,12974.73,0.41,11.3265
2.500000e+00,1070.09,56930.97,74316.49,952.65,3962.15,12470.71,0.33,10.4751
2.500000e+00,1263.96,67023.06,82929.88,1074.51,3578.94,11253.37,0.39,8.1072
2.500000e+00,1123.65,57288.21,74126.19,2053.98,3277.37,11506.63,0.36,5.6318
2.500000e+00,1018.04,54965.66,70367.84,458.01,3918.43,11025.74,0.31,25.2740
2.500000e+00,1167.40,64397.23,80099.45,720.65,3295.83,11685.74,0.35,12.7339
2.500000e+00,1290.89,68647.24,85696.05,1183.71,3881.79,11983.31,0.40,7.2870
2.500000e+00,1022.36,53896.48,69505.00,1037.37,3006.49,11564.65,0.31,8.0157
2.500000e+00,1353.60,70384.46,86682.12,917.70,3494.59,11885.37,0.42,9.5955
2.500000e+00,1446.03,75553.62,92944.66,1253.89,3901.22,12235.94,0.44,6.9019
2.500000e+00,1058.47,56045.33,72758.64,1172.23,4096.38,11444.70,0.33,14.1281
2.500000e+00,1277.33,67845.87,84232.13,1439.97,3123.45,11822.85,0.39,9.9751
2.500000e+00,1076.26,54817.81,72139.37,1437.76,3399.41,12484.39,0.33,6.3714
2.500000e+00,1399.36,74045.34,91190.99,1507.00,3682.47,11956.17,0.43,8.0233
2.500000e+00,1086.42,55938.43,73935.50,981.50,3601.00,13414.57,0.33,14.0626
2.500000e+00,943.28,50960.06,64743.34,1174.22,3259.99,9349.08,0.29,7.2291
2.500000e+00,1581.72,85072.78,101117.71,546.68,3447.92,12050.33,0.48,22.1397
2.500000e+00,1089.29,56731.44,73097.40,1591.10,4556.81,10218.05,0.34,6.4861
2.500000e+00,1073.10,56039.32,72112.00,1719.03,3374.45,10979.20,0.33,7.9137
2.500000e+00,1257.99,58624.03,76334.23,3320.73,3194.91,11194.56,0.39,4.4112
2.500000e+00,1140.49,60839.51,76364.29,1165.80,3201.11,11157.88,0.35,8.5401
2.500000e+00,1093.29,58395.14,72172.90,1792.20,2999.42,8986.13,0.34,7.0327
2.500000e+00,1298.12,67460.82,86746.64,1015.35,3622.44,14648.03,0.40,8.7110
2.500000e+00,1129.09,62539.79,77638.86,1092.51,3677.30,10329.26,0.35,8.3552
2.500000e+00,860.46,46834.25,59971.55,938.33,3312.20,8886.77,0.26,8.7352
2.500000e+00,1199.33,61240.49,80625.79,1249.32,4312.38,13823.59,0.37,9.3537
2.500000e+00,1114.21,57915.64,72740.71,1967.56,3295.60,9561.90,0.35,6.1307
2.500000e+00,1263.40,67989.38,85401.73,1097.10,3650.16,12665.08,0.39,9.1782
2.500000e+00,1654.35,86558.85,104820.98,1748.33,3978.18,12535.62,0.51,5.5627
2.500000e+00,811.94,43798.62,58065.84,448.27,3813.39,10005.56,0.25,24.4946
2.500000e+00,1235.84,65658.38,82616.90,1764.00,3833.77,11360.75,0.39,6.2004
2.500000e+00,1111.89,59759.58,75780.00,1016.63,3587.81,11415.99,0.34,7.9721
2.500000e+00,1451.25,74851.00,91746.81,2066.37,3500.90,11328.54,0.46,5.6731
2.500000e+00,1340.10,70266.82,87900.41,1843.88,3840.45,11949.26,0.42,6.5618
2.500000e+00,1162.86,60372.08,76215.95,1036.92,3489.06,11317.89,0.36,9.6142
2.500000e+00,1080.04,57606.87,73581.90,1052.97,4205.16,10716.90,0.33,8.8611
2.500000e+00,1328.44,69731.81,86874.96,1084.92,2678.19,13380.05,0.41,7.9190
2.500000e+00,1370.06,75410.77,91645.81,581.88,3632.49,12020.67,0.42,26.2496
2.500000e+00,1201.98,62403.54,78918.36,1469.18,3831.68,11213.96,0.37,7.0033
2.500000e+00,1239.26,68386.26,82759.61,472.85,3254.96,10645.54,0.38,20.2535
2.500000e+00,1084.64,57065.50,74877.80,877.32,3543.64,13391.34,0.33,14.0360
2.500000e+00,1319.20,66520.02,83645.51,2437.73,2808.42,11879.34,0.41,6.4758
2.500000e+00,1257.74,67777.32,82991.58,1625.18,3365.39,10223.69,0.39,6.1196
2.500000e+00,1340.36,70761.60,87263.30,1102.53,3187.04,12212.13,0.41,12.8126
2.500000e+00,1329.89,70528.96,86809.51,1120.98,3426.40,11733.17,0.41,10.5973
2.500000e+00,1099.76,58644.61,75716.89,1136.78,4707.92,11227.58,0.34,7.1795
2.500000e+00,1309.49,68230.77,83911.59,850.59,3207.34,11622.89,0.40,12.0897
2.500000e+00,1324.02,71032.81,87879.25,836.80,3621.58,12388.06,0.40,16.5498
2.500000e+00,1166.02,63467.03,80296.37,655.80,4379.44,11794.10,0.36,19.7725
2.500000e+00,1219.32,64857.04,82903.74,747.98,4005.48,13293.24,0.37,13.3907
2.500000e+00,861.32,47099.01,61742.56,664.46,3728.05,10251.04,0.26,14.1125
2.500000e+00,1115.83,57545.36,73803.48,918.24,3462.25,11877.63,0.34,9.6731
2.500000e+00,1366.36,70631.55,88142.58,1209.39,3239.55,13062.10,0.42,8.4905
2.500000e+00,1107.89,58133.23,73689.84,1826.11,3170.62,10559.88,0.34,9.3774
2.500000e+00,1287.06,66374.55,83106.15,1618.88,3388.21,11724.50,0.40,6.6316
2.500000e+00,1423.37,74831.81,92780.03,1599.64,3929.04,12419.54,0.44,9.8420
2.500000e+00,1524.51,82404.40,99995.45,1585.53,3568.78,12436.74,0.47,6.6809
2.500000e+00,1166.07,60197.83,76954.69,1745.16,3624.06,11387.64,0.36,6.2408
2.500000e+00,1282.05,68063.53,86242.02,1157.89,4407.54,12613.06,0.39,8.1324
2.500000e+00,1307.02,67256.42,85189.25,1413.77,4265.68,12253.38,0.40,8.5698
2.500000e+00,1277.68,68041.48,85725.63,1675.22,3245.99,12762.95,0.40,6.7281
2.500000e+00,1286.57,65223.80,82788.07,2791.25,3316.88,11456.13,0.41,4.6219
2.500000e+00,1489.12,73620.78,90973.55,2773.57,3632.73,10946.48,0.46,4.7270
2.500000e+00,1207.02,66759.62,79753.19,594.62,2009.35,10389.60,0.37,12.2293
2.500000e+00,1188.61,66422.45,78614.35,771.24,2743.41,8677.25,0.36,10.5458
2.500000e+00,1226.36,64716.47,80653.30,1445.27,3485.37,11006.19,0.38,6.4072
2.500000e+00,1280.54,66741.99,82013.79,1010.46,3193.72,11067.62,0.39,7.6652
2.500000e+00,1243.70,66341.76,82826.65,1123.50,3612.44,11748.96,0.38,8.9074
2.500000e+00,1153.87,62676.22,78496.67,797.98,3379.48,11642.99,0.35,19.4214
2.500000e+00,1273.66,69141.07,86320.68,743.06,3863.95,12572.60,0.39,13.8556
2.500000e+00,1166.41,63217.61,80184.68,484.43,3940.81,12541.83,0.35,25.4993
2.500000e+00,1524.96,74013.07,95071.33,2744.62,3949.32,14364.31,0.48,5.2670
2.500000e+00,1182.16,61286.60,78391.47,1288.57,3379.31,12436.99,0.36,7.1316
2.500000e+00,1619.75,80866.73,100782.37,2271.71,4274.38,13369.56,0.51,4.5951
2.500000e+00,1016.29,52726.58,67561.19,2197.53,3293.39,9343.70,0.32,4.8649
2.500000e+00,1281.86,65950.68,81805.34,552.40,2841.88,12460.38,0.39,22.6538
2.500000e+00,1377.98,74403.38,88989.75,842.84,2721.15,11022.38,0.42,11.2777
2.500000e+00,1173.24,64876.45,77190.31,596.74,2780.31,8936.81,0.36,9.7732
2.500000e+00,944.18,50353.69,66478.17,797.13,3719.81,11607.54,0.29,13.3226
2.500000e+00,1328.60,70632.88,89504.38,607.57,4291.74,13972.19,0.40,10.4138
3,1129.52,60149.12,75813.56,711.39,2847.97,12105.08,0.34,12.6894
3,1477.40,75899.03,94442.78,1091.39,3535.25,13917.12,0.45,13.6742
3,1493.22,77960.94,96200.32,890.28,3118.85,14230.25,0.45,7.0780
3,1321.77,68507.42,85324.04,2198.58,3618.78,10999.26,0.41,4.9647
3,1619.15,85986.06,106591.26,401.46,3449.33,16754.41,0.49,25.6646
3,1361.64,72013.21,90461.38,394.95,3740.45,14312.76,0.41,25.8946
3,1536.31,80465.60,101655.82,1670.61,3549.38,15970.22,0.48,6.6557
3,1254.38,63730.06,82520.70,826.32,2894.87,15069.44,0.38,14.2705
3,1168.66,63702.45,81142.60,779.64,3321.53,13338.98,0.36,11.2841
3,1344.25,70302.41,89016.92,1434.83,3192.98,14086.69,0.42,6.5270
3,1371.73,70165.61,87034.31,628.13,3433.03,12807.54,0.42,14.6516
3,1205.73,62706.46,78398.98,1470.11,3346.99,10875.43,0.37,5.6389
3,1568.44,84124.99,102804.10,1199.20,4805.79,12674.12,0.48,6.7429
3,1079.91,56057.08,74628.00,615.95,4005.81,13949.16,0.33,14.7566
3,1036.83,54100.68,70715.04,1253.14,3538.74,11822.47,0.32,9.3114
3,1478.60,76345.82,96020.08,1365.18,3409.38,14899.69,0.45,7.4223
3,1552.97,80880.09,101149.78,540.42,4209.29,15519.98,0.47,23.2857
3,1390.23,74431.79,92610.66,480.80,4464.08,13233.99,0.42,21.8135
3,1752.12,93324.47,110702.51,676.44,3647.55,13054.06,0.53,9.7335
3,1088.43,57227.54,74937.63,431.01,3494.30,13784.79,0.33,27.4498
3,1523.65,80520.89,100341.86,1104.39,3331.10,15385.48,0.47,10.8588
3,1240.77,64324.98,84443.36,796.36,4403.23,14918.79,0.38,11.8784
3,1409.33,75339.05,92851.06,900.71,3387.73,13223.56,0.43,10.5252
3,1216.49,63842.19,81642.60,1268.32,3406.55,13125.53,0.38,9.7856
3,1191.78,62228.45,80513.14,1033.87,3705.51,13545.32,0.37,10.0175
3,1347.09,72317.27,90202.04,915.82,3138.87,13830.08,0.41,12.9662
3,1435.77,77702.65,96265.19,515.89,4029.97,14016.68,0.43,20.9363
3,1126.68,60129.89,77464.32,642.61,3140.43,13551.39,0.35,11.9787
3,1526.41,77482.96,96288.23,1104.34,3685.66,14015.27,0.47,8.0844
3,1604.03,83472.29,103045.95,1083.34,3995.14,14495.18,0.49,15.9327
3,1179.57,61803.37,79994.54,753.88,4334.72,13102.58,0.36,16.3049
3,1472.53,76164.67,94935.33,1600.75,3047.10,14122.81,0.45,7.1368
3,1187.67,61865.65,80111.88,518.35,3313.23,14414.64,0.36,13.8438
3,1578.63,83844.57,101901.40,435.24,3766.01,13855.58,0.48,27.3205
3,1232.31,64120.16,83990.46,643.35,3823.25,15403.71,0.38,16.6028
3,1042.11,57444.17,72371.10,716.52,3324.31,10886.10,0.32,12.1643
3,1777.85,93400.27,112265.86,717.03,3514.81,14633.75,0.54,20.9141
3,1190.10,63551.53,81264.87,977.50,4718.00,12017.83,0.37,11.6315
3,1182.65,63135.48,79799.42,544.40,3484.75,12634.79,0.36,18.6995
3,1286.44,66229.30,83093.31,1527.45,3075.36,12261.18,0.39,6.4133
3,1311.70,68363.94,85673.40,1066.35,3208.65,13034.46,0.40,7.1429
3,1234.09,66087.20,80744.84,1190.63,3119.81,10347.20,0.38,7.3406
3,1459.86,75363.02,96807.21,650.33,3771.19,17022.67,0.44,15.0821
3,1365.02,71704.23,89418.44,1459.06,3733.46,12521.70,0.42,7.3978
3,1010.93,52553.61,67767.64,1437.88,3270.37,10505.77,0.31,8.8280
3,1348.70,69327.91,90591.24,796.44,4433.82,16033.07,0.41,10.3002
3,1287.87,65122.42,81467.54,1685.92,3409.33,11249.87,0.40,6.0759
3,1455.63,76787.17,96361.52,986.82,3635.94,14951.59,0.44,9.1483
3,1819.80,96006.97,115705.50,1296.58,3982.63,14419.31,0.56,7.6523
3,937.45,48789.41,65308.39,624.87,3792.05,12102.06,0.28,14.5829
3,1392.13,73712.91,92001.60,1195.32,3805.98,13287.39,0.43,7.9057
3,1306.04,68522.95,86969.17,1035.74,3653.13,13757.35,0.40,9.5605
3,1581.70,82836.87,100185.44,926.35,3640.89,12781.33,0.48,13.2187
3,1470.41,77911.70,96847.05,1196.12,3939.05,13800.18,0.45,16.4195
3,1295.90,67511.76,86282.47,1561.35,3405.49,13803.86,0.41,7.0853
3,1272.69,66499.96,84033.65,655.39,4359.76,12518.54,0.39,17.6903
3,1504.13,78568.57,97230.34,397.48,2668.78,15595.51,0.46,19.1636
3,1709.44,82743.83,100712.17,529.66,3375.68,14063.00,0.52,28.5991
3,1328.51,71211.89,89619.67,1395.65,3702.86,13309.27,0.42,7.3888
3,1452.76,77414.57,93488.53,354.17,3182.29,12537.51,0.44,30.5023
3,1231.94,64396.11,84463.96,757.30,3402.69,15907.86,0.37,19.3874
3,1460.50,74410.80,92734.51,1695.06,2909.09,13719.56,0.45,5.9231
3,1415.87,75831.89,92832.05,1591.93,3433.55,11974.68,0.44,10.1185
3,1475.91,80140.67,98362.82,556.66,3553.11,14112.37,0.45,29.7454
3,1496.43,80680.04,98155.03,521.61,3057.53,13895.85,0.45,21.8656
3,1259.49,66194.48,85642.10,1034.67,4964.15,13448.80,0.39,10.2189
3,1503.70,75697.80,93760.44,965.12,3303.89,13793.62,0.45,18.1172
3,1486.21,79875.00,99473.53,614.53,4131.60,14852.40,0.45,17.9279
3,1365.83,71581.91,90822.71,573.10,4719.01,13948.69,0.42,25.3324
3,1402.76,73211.82,93648.95,544.17,4220.69,15672.27,0.42,25.3655
3,995.20,53682.02,70295.11,660.40,3755.03,12197.66,0.31,11.9541
3,1232.19,63504.09,81524.24,660.10,3410.16,13949.89,0.38,10.0757
3,1514.46,77699.40,96813.96,491.88,3450.79,15171.89,0.46,16.0098
3,1265.87,65584.35,83373.94,2034.47,3132.03,12623.08,0.39,5.9372
3,1466.21,73856.61,92504.97,1544.12,3351.60,13752.64,0.45,8.8616
3,1555.02,81555.40,100520.75,708.97,4128.21,14128.17,0.48,17.5332
3,1748.33,93841.19,113309.31,1309.86,3540.06,14618.21,0.54,11.5388
3,1272.63,67646.83,85833.38,1341.81,3620.48,13224.25,0.39,7.0997
3,1423.75,76858.94,96369.33,526.31,4430.10,14553.98,0.43,23.2054
3,1463.24,74881.41,94869.82,1437.01,4289.27,14262.13,0.45,10.0696
3,1432.80,76343.94,95414.79,826.67,3579.41,14664.77,0.44,19.7955
3,1430.29,73271.57,92051.29,2139.76,3443.76,13196.19,0.45,5.0587
3,1576.34,82178.42,100080.27,1916.79,3570.84,12414.21,0.49,6.4162
3,1415.75,74435.43,89734.74,672.07,2180.07,12447.17,0.43,11.2120
3,1368.04,74394.33,88201.50,739.78,2719.05,10348.34,0.41,10.0925
3,1375.91,72429.62,90316.43,1491.72,3419.73,12975.37,0.43,6.4766
3,1459.01,75570.72,91821.01,452.42,3088.06,12709.81,0.44,21.3387
3,1372.65,74315.64,92446.33,784.35,3724.04,13622.31,0.42,17.1403
3,1304.61,70082.78,88306.15,540.37,3745.33,13937.68,0.39,19.7743
3,1453.12,78354.26,97935.76,616.14,3866.92,15098.45,0.44,19.8562
3,1363.18,71156.11,90911.39,508.95,4340.77,14905.57,0.41,27.6140
3,1595.24,81198.21,103245.51,1426.42,4112.47,16508.41,0.50,6.8229
3,1300.77,67977.83,86969.49,916.74,3405.14,14669.78,0.40,10.8362
3,1683.23,87848.38,108222.89,883.55,4543.27,14947.69,0.51,7.2445
3,1161.26,58748.87,75474.14,2274.60,3411.90,11038.76,0.36,4.6656
3,1451.73,72728.36,90987.83,497.41,2976.35,14785.71,0.44,17.1015
3,1464.90,82414.78,98258.96,300.18,2788.25,12755.75,0.44,27.8095
3,1328.57,71967.29,85934.25,442.22,2848.39,10676.36,0.40,18.7047
3,1075.62,57417.85,75471.41,471.14,3957.66,13624.76,0.33,23.1600
3,1536.12,78822.44,100396.12,635.09,4195.07,16743.53,0.47,14.7345
