5.000000e-01,240.01,12435.00,18745.38,2802.09,1435.12,2073.17,0.09,0.1597
5.000000e-01,258.03,16155.09,22450.40,2471.17,1595.71,2228.44,0.11,0.1031
5.000000e-01,205.11,14493.02,19199.25,1449.08,1346.14,1911.01,0.10,0.1357
5.000000e-01,167.07,11360.75,17085.73,2519.13,1759.06,1446.79,0.09,0.1617
5.000000e-01,313.39,19746.01,26451.98,2185.20,1692.54,2828.23,0.13,0.1452
5.000000e-01,231.02,13211.18,19252.61,2257.71,1551.38,2232.33,0.10,0.1140
5.000000e-01,230.16,14758.37,21432.14,2705.34,1773.19,2195.24,0.11,0.1559
5.000000e-01,206.22,13011.43,18177.59,1474.46,1170.29,2521.40,0.09,0.1212
5.000000e-01,167.38,11770.14,16879.14,1830.36,1308.81,1969.83,0.08,0.1635
5.000000e-01,197.60,12681.32,18744.36,2459.45,1546.19,2057.39,0.10,0.1351
5.000000e-01,307.79,16362.43,23011.47,2755.73,1444.87,2448.44,0.12,0.1327
5.000000e-01,247.71,13983.95,19133.00,2025.76,1395.76,1727.53,0.10,0.1316
5.000000e-01,230.68,15713.56,22676.80,3232.96,2045.33,1684.96,0.11,0.1799
5.000000e-01,204.38,10489.52,17222.80,2748.20,1805.54,2179.53,0.09,0.0926
5.000000e-01,168.01,9031.38,15188.43,2778.76,1632.53,1745.75,0.08,0.1121
5.000000e-01,290.77,16981.06,23642.01,2741.98,1522.42,2396.55,0.12,0.0854
5.000000e-01,290.18,16735.39,24245.53,3183.19,1789.80,2537.15,0.12,0.1213
5.000000e-01,205.86,13094.36,19313.12,2469.25,1869.18,1880.32,0.10,0.1007
5.000000e-01,206.15,16043.53,22205.40,2766.51,1808.61,1586.75,0.11,0.1063
5.000000e-01,195.92,10543.19,16463.39,2232.66,1438.73,2248.81,0.08,0.0944
5.000000e-01,252.05,16345.98,23127.51,2918.42,1535.44,2327.67,0.12,0.1320
5.000000e-01,190.51,11476.31,18775.77,3181.32,1922.83,2195.32,0.09,0.1036
5.000000e-01,205.46,13980.91,19715.11,2310.45,1608.21,1815.54,0.10,0.1074
5.000000e-01,191.02,13094.57,18239.63,1832.31,1384.79,1927.97,0.09,0.0954
5.000000e-01,208.30,11650.25,18454.05,2949.52,1821.40,2032.88,0.09,0.1189
5.000000e-01,222.74,14172.62,19667.13,1838.61,1515.53,2140.38,0.10,0.1020
5.000000e-01,312.44,18022.07,24489.20,2534.32,1611.43,2321.38,0.12,0.1072
5.000000e-01,198.43,12102.54,17920.12,2263.34,1455.85,2098.39,0.09,0.0751
5.000000e-01,153.53,13059.00,18509.26,2032.06,1687.72,1730.48,0.09,0.1327
5.000000e-01,217.77,15928.89,21923.22,2391.66,1754.50,1848.17,0.11,0.0968
5.000000e-01,244.77,14345.15,20853.45,2629.64,1612.43,2266.22,0.10,0.0967
5.000000e-01,276.39,16491.97,22189.55,2186.71,1252.19,2258.68,0.11,0.1000
5.000000e-01,209.89,12148.80,17987.06,2110.78,1364.03,2363.46,0.09,0.1373
5.000000e-01,259.34,14255.18,21867.40,3607.33,1919.58,2085.31,0.11,0.0815
5.000000e-01,245.28,13676.51,19875.17,2172.20,1461.04,2565.41,0.10,0.1243
5.000000e-01,151.54,9856.00,15154.80,2155.76,1527.00,1616.05,0.08,0.0790
5.000000e-01,201.03,15539.50,22018.86,2967.34,1641.42,1870.59,0.11,0.1828
5.000000e-01,216.88,11568.60,18671.06,3122.88,2226.24,1753.34,0.09,0.1254
5.000000e-01,198.16,12072.26,17232.97,1825.35,1367.15,1968.20,0.09,0.1198
5.000000e-01,177.86,13384.06,18119.19,1675.30,1336.65,1723.19,0.09,0.0809
5.000000e-01,246.34,13830.37,19501.44,2246.68,1299.66,2124.72,0.10,0.1414
5.000000e-01,170.29,10795.86,16177.97,2529.41,1377.19,1475.51,0.08,0.1077
5.000000e-01,242.00,14855.10,21641.22,2705.60,1560.20,2520.32,0.11,0.1129
5.000000e-01,210.51,13393.10,19995.54,2968.07,1770.41,1863.95,0.10,0.1048
5.000000e-01,146.90,7867.23,12983.43,2019.73,1482.94,1613.54,0.06,0.2070
5.000000e-01,223.72,13544.04,20710.96,2860.97,1899.95,2406.00,0.10,0.1235
5.000000e-01,206.64,12337.72,18082.71,2541.10,1600.02,1603.88,0.09,0.1007
5.000000e-01,274.89,16648.79,23617.66,2894.94,1554.52,2519.42,0.12,0.0912
5.000000e-01,205.63,15513.55,22250.49,3023.39,1847.90,1865.65,0.11,0.1321
5.000000e-01,192.11,9154.36,15046.28,2264.53,1535.26,2092.12,0.07,0.1175
5.000000e-01,231.98,14088.78,20729.79,2802.76,1796.86,2041.39,0.10,0.0972
5.000000e-01,200.58,11545.12,17725.53,2701.10,1546.06,1933.25,0.09,0.0987
5.000000e-01,183.53,14234.47,19703.07,2229.84,1666.18,1572.59,0.10,0.2052
5.000000e-01,218.19,14285.71,21531.98,3395.53,1915.20,1935.54,0.11,0.1074
5.000000e-01,233.07,14040.56,19731.87,2034.71,1481.51,2175.09,0.10,0.1327
5.000000e-01,263.85,14673.64,20558.17,2217.15,1647.99,2019.38,0.10,0.1079
5.000000e-01,226.25,15049.24,20056.30,1590.73,1240.47,2175.87,0.10,0.1130
5.000000e-01,300.50,17624.99,24090.38,2684.93,1412.51,2367.96,0.12,0.0862
5.000000e-01,197.27,13755.45,19655.47,2302.92,1717.92,1879.17,0.10,0.1312
5.000000e-01,187.26,13310.89,18560.01,1999.64,1511.93,1737.54,0.09,0.0917
5.000000e-01,215.71,12285.47,18252.37,2080.57,1561.92,2324.41,0.09,0.1000
5.000000e-01,175.04,13966.14,18977.88,1697.32,1460.86,1853.56,0.10,0.2421
5.000000e-01,205.10,14337.62,20210.11,2533.20,1641.72,1697.57,0.10,0.0853
5.000000e-01,249.48,15999.68,22023.45,2352.57,1521.84,2149.36,0.11,0.2231
5.000000e-01,294.44,17066.50,23147.21,2408.40,1402.32,2269.99,0.12,0.0946
5.000000e-01,232.58,13901.83,20392.23,2436.94,2083.05,1970.42,0.10,0.2991
5.000000e-01,282.23,17063.76,23784.20,2780.33,1605.72,2334.39,0.12,0.0853
5.000000e-01,303.69,17888.28,24117.44,2081.90,1651.14,2496.13,0.12,0.2484
5.000000e-01,270.46,15573.73,23408.68,3483.99,2079.93,2271.02,0.12,0.0946
5.000000e-01,212.90,12994.54,19384.07,2267.99,1831.38,2290.16,0.10,0.3114
5.000000e-01,184.13,9790.53,16008.25,2603.31,1660.12,1954.29,0.08,0.1013
5.000000e-01,247.77,13839.83,19297.35,1840.66,1448.88,2167.99,0.10,0.2891
5.000000e-01,294.35,19640.23,25175.87,1733.67,1222.42,2579.55,0.13,0.1126
5.000000e-01,162.67,10201.08,15700.21,2281.49,1510.16,1707.48,0.08,0.1462
5.000000e-01,169.93,13239.18,18412.08,1708.84,1641.80,1822.27,0.09,0.0917
5.000000e-01,190.35,13768.39,19825.70,2303.95,2011.65,1741.72,0.10,0.2569
5.000000e-01,220.21,16030.54,22307.92,2410.31,1910.50,1956.57,0.11,0.0785
5.000000e-01,238.24,13770.07,20133.72,2615.85,1606.28,2141.52,0.10,0.0973
5.000000e-01,263.11,15116.72,22576.62,3177.61,1982.59,2299.70,0.11,0.0966
5.000000e-01,235.89,15951.68,21785.18,2098.46,1701.20,2033.84,0.11,0.1427
5.000000e-01,231.93,14815.57,20632.16,2197.20,1383.05,2236.33,0.11,0.0908
5.000000e-01,215.57,13008.14,20613.72,3835.69,1810.13,1959.75,0.10,0.2362
5.000000e-01,292.73,17746.09,24156.70,2760.13,1750.95,1899.53,0.12,0.0907
5.000000e-01,181.55,13245.34,17628.14,1565.16,1102.62,1715.02,0.09,0.1573
5.000000e-01,147.10,12288.15,15811.20,1215.12,973.83,1334.11,0.08,0.0750
5.000000e-01,228.47,14271.82,19904.80,2135.25,1576.31,1921.42,0.10,0.1022
5.000000e-01,241.44,15511.33,20187.41,1538.31,1234.25,1903.52,0.10,0.1035
5.000000e-01,241.24,15977.67,22516.51,2738.87,1642.07,2157.90,0.11,0.1185
5.000000e-01,276.37,15873.66,22277.00,2659.34,1464.48,2279.53,0.11,0.0845
5.000000e-01,203.41,14961.50,21303.27,2484.36,1728.92,2128.49,0.11,0.0992
5.000000e-01,298.26,16195.65,22887.49,2590.18,1512.34,2589.32,0.11,0.1126
5.000000e-01,191.88,14565.93,20959.88,2480.13,1862.91,2050.90,0.11,0.1039
5.000000e-01,178.73,11331.80,17012.71,2199.49,1526.22,1955.20,0.08,0.0844
5.000000e-01,253.09,18004.67,23966.61,2196.98,1748.39,2016.56,0.12,0.1150
5.000000e-01,225.65,10409.27,16900.28,3173.73,1557.89,1759.40,0.09,0.1017
5.000000e-01,262.70,15485.51,21023.99,1866.53,1183.05,2488.91,0.11,0.0864
5.000000e-01,172.00,13781.35,19255.80,2302.71,1486.20,1685.54,0.10,0.1090
5.000000e-01,224.80,15458.06,19890.10,1600.56,1088.49,1743.00,0.10,0.0757
5.000000e-01,236.49,11626.55,18469.45,2866.90,1639.54,2336.45,0.09,0.1118
5.000000e-01,274.13,17120.70,25081.60,3441.30,1908.65,2610.95,0.13,0.1153
1,379.57,21808.38,29912.44,2802.09,1486.12,3815.85,0.15,0.0648
1,414.75,29248.27,37834.24,2471.17,1637.59,4477.21,0.19,0.0805
1,310.98,24596.95,31244.34,1449.08,1406.29,3792.02,0.16,0.0768
1,293.54,21346.52,28570.67,2519.13,1794.01,2911.02,0.15,0.0793
1,416.83,29081.59,37948.30,2185.20,1837.08,4844.43,0.19,0.0887
1,398.90,24568.63,32974.98,2257.71,1601.78,4546.87,0.17,0.1053
1,334.40,24997.38,33691.75,2705.34,1904.70,4084.34,0.17,0.0816
1,342.34,22120.00,29667.69,1474.46,1193.65,4879.58,0.15,0.0925
1,254.33,19058.33,25849.50,1830.36,1390.92,3569.89,0.13,0.0682
1,349.83,23219.98,31258.65,2459.45,1534.18,4045.04,0.16,0.0817
1,465.38,27152.20,35895.09,2755.73,1526.38,4460.77,0.18,0.0814
1,354.58,21739.23,28396.08,2025.76,1508.63,3122.46,0.15,0.1104
1,355.01,27387.34,35939.77,3232.96,2093.02,3226.46,0.18,0.1274
1,336.83,19882.47,28809.16,2748.20,1872.69,4305.79,0.15,0.0912
1,274.19,17055.50,24811.48,2778.76,1680.16,3297.06,0.13,0.0830
1,342.94,23725.22,31967.97,2741.98,1715.39,3785.39,0.16,0.0862
1,472.17,28784.07,38705.92,3183.19,1868.57,4870.10,0.20,0.0962
1,286.84,21003.48,28783.88,2469.25,2000.51,3310.62,0.15,0.0941
1,330.05,27293.20,35057.11,2766.51,1868.06,3129.35,0.18,0.1211
1,292.00,18420.48,26334.12,2232.66,1532.17,4148.81,0.13,0.1062
1,392.28,26405.40,35198.30,2918.42,1609.82,4264.66,0.18,0.1006
1,337.11,22235.50,31746.21,3181.32,1961.83,4367.56,0.16,0.1374
1,335.59,23913.09,31322.47,2310.45,1651.69,3447.25,0.16,0.0793
1,312.58,22311.86,29320.84,1832.31,1446.63,3730.04,0.15,0.1097
1,355.77,21626.78,30346.69,2949.52,1819.94,3950.45,0.16,0.1186
1,308.67,21973.82,29115.45,1838.61,1597.49,3705.53,0.15,0.0905
1,502.27,30035.10,38533.86,2534.32,1656.13,4308.31,0.20,0.1078
1,307.97,20864.66,28572.35,2263.34,1462.86,3981.48,0.15,0.1277
1,256.80,22448.19,29670.32,2032.06,1755.11,3434.95,0.15,0.1097
1,368.19,28319.70,36269.71,2391.66,1791.20,3767.15,0.18,0.1014
1,397.46,24322.94,32876.05,2629.64,1684.32,4239.15,0.17,0.0795
1,403.36,26140.73,33657.09,2186.71,1363.44,3966.21,0.17,0.0597
1,306.48,19901.13,27714.72,2110.78,1468.42,4234.40,0.14,0.1146
1,426.33,26242.88,35854.52,3607.33,1921.06,4083.25,0.19,0.0945
1,389.15,24170.61,32858.16,2172.20,1522.32,4993.03,0.17,0.0843
1,251.36,18097.46,24918.22,2155.76,1577.50,3087.51,0.13,0.0985
1,318.93,25730.96,33879.89,2967.34,1689.32,3492.27,0.18,0.0878
1,374.54,22983.60,31906.14,3122.88,2231.65,3568.01,0.16,0.1247
1,281.64,19388.22,26160.48,1825.35,1474.37,3472.55,0.13,0.0951
1,209.82,18441.44,24422.39,1675.30,1498.31,2807.34,0.12,0.0797
1,369.72,23185.52,30811.21,2246.68,1384.41,3994.60,0.16,0.0825
1,281.69,19645.62,26431.76,2529.41,1401.04,2855.70,0.13,0.0927
1,392.28,25762.95,34904.50,2705.60,1594.53,4841.42,0.18,0.0965
1,269.86,19784.26,27820.97,2968.07,1948.00,3120.63,0.14,0.0793
1,219.10,13950.10,20470.30,2019.73,1585.62,2914.86,0.10,0.1055
1,325.57,22102.49,31264.37,2860.97,2031.65,4269.27,0.16,0.1157
1,287.25,20402.72,27595.80,2541.10,1704.90,2947.08,0.14,0.0952
1,421.91,27593.32,36792.13,2894.94,1652.57,4651.30,0.19,0.0694
1,326.55,26120.39,34615.38,3023.39,1977.46,3494.14,0.18,0.1158
1,288.35,15931.81,23585.94,2264.53,1630.00,3759.60,0.12,0.0972
1,363.78,24284.44,32897.14,2802.76,1887.17,3922.77,0.17,0.1032
1,336.90,21394.74,29474.97,2701.10,1580.49,3798.65,0.15,0.1222
1,311.16,25287.26,32338.59,2229.84,1699.37,3122.12,0.17,0.1014
1,365.76,25337.22,34408.57,3395.53,1970.43,3705.39,0.17,0.0999
1,335.13,22771.91,30334.18,2034.71,1584.36,3943.20,0.16,0.0881
1,436.40,26515.78,34572.78,2217.15,1687.63,4152.21,0.18,0.0993
1,341.08,23744.62,30612.67,1590.73,1326.16,3951.16,0.16,0.0879
1,462.97,29132.38,37714.35,2684.93,1479.22,4417.82,0.19,0.0855
1,305.71,22677.13,30229.48,2302.92,1799.91,3449.52,0.15,0.1100
1,313.23,23504.58,30487.17,1999.64,1546.83,3436.11,0.16,0.0786
1,366.91,23107.09,31380.92,2080.57,1551.48,4641.77,0.16,0.0952
1,271.78,22791.90,29434.72,1697.32,1525.64,3419.86,0.15,0.1113
1,315.40,23199.68,30492.60,2533.20,1702.76,3056.95,0.16,0.0906
1,344.36,24809.78,32491.75,2352.57,1667.62,3661.79,0.17,0.0803
1,424.01,26506.40,34446.65,2408.40,1505.54,4026.30,0.18,0.0671
1,403.65,25891.37,34495.81,2436.94,2137.10,4030.40,0.17,0.1628
1,418.87,28039.31,36883.20,2780.33,1728.62,4334.94,0.19,0.1138
1,487.22,30980.41,39651.55,2081.90,1692.33,4896.91,0.20,0.1174
1,367.79,24468.18,34105.49,3483.99,2203.71,3949.61,0.17,0.0982
1,365.96,23913.47,32510.25,2267.99,1867.22,4461.57,0.16,0.1014
1,277.99,17523.84,25436.83,2603.31,1748.04,3561.65,0.13,0.0907
1,361.53,22396.23,29734.08,1840.66,1543.93,3953.26,0.15,0.1226
1,404.55,29460.45,37144.86,1733.67,1297.96,4652.77,0.19,0.0966
1,257.77,17957.83,25079.87,2281.49,1544.21,3296.33,0.13,0.1093
1,270.90,22362.65,29242.90,1708.84,1710.29,3461.11,0.15,0.0920
1,326.82,24776.10,32546.34,2303.95,2011.65,3454.65,0.16,0.1040
1,362.26,28217.91,36390.80,2410.31,1935.71,3826.87,0.19,0.0829
1,325.91,21436.91,29392.33,2615.85,1711.62,3627.96,0.15,0.1112
1,417.02,27035.49,36694.45,3177.61,2058.34,4423.01,0.19,0.1169
1,356.46,25618.74,33134.83,2098.46,1763.63,3653.99,0.17,0.1146
1,326.59,23263.06,30947.18,2197.20,1527.41,3959.51,0.16,0.1078
1,363.38,24437.80,33963.69,3835.69,1829.81,3860.39,0.18,0.1123
1,375.97,26117.60,33965.47,2760.13,1937.59,3150.15,0.17,0.0979
1,270.91,21358.90,27333.62,1565.16,1216.18,3193.38,0.14,0.0789
1,241.62,20782.83,25603.23,1215.12,1002.61,2602.68,0.13,0.1000
1,352.22,24479.15,31922.62,2135.25,1609.77,3698.45,0.16,0.0978
1,353.61,23888.69,30146.78,1538.31,1327.63,3392.16,0.16,0.0806
1,274.00,21669.70,29722.01,2738.87,1861.76,3451.68,0.15,0.0914
1,418.01,26456.71,34916.51,2659.34,1546.25,4254.21,0.18,0.0690
1,322.58,24910.71,33114.90,2484.36,1762.72,3957.11,0.17,0.1123
1,442.02,26089.57,35031.52,2590.18,1589.41,4762.37,0.18,0.1001
1,337.77,25931.79,34510.37,2480.13,1945.23,4153.21,0.18,0.1014
1,299.84,20638.36,28291.91,2199.49,1556.64,3897.42,0.14,0.0998
1,422.84,30765.87,38756.39,2196.98,1786.38,4007.16,0.20,0.0856
1,352.45,19102.64,27234.15,3173.73,1630.07,3327.72,0.14,0.1039
1,394.07,24306.61,31928.35,1866.53,1267.84,4487.38,0.17,0.0793
1,295.53,24271.99,31347.45,2302.71,1479.31,3293.45,0.16,0.1022
1,358.07,25507.20,31542.01,1600.56,1143.01,3291.24,0.16,0.0805
1,387.40,21918.45,30944.72,2866.90,1676.96,4482.41,0.16,0.1120
1,324.32,23518.63,33286.72,3441.30,2198.81,4127.97,0.17,0.1204
1.500000e+00,502.96,29463.17,39416.80,2802.09,1486.11,5665.44,0.20,0.0954
1.500000e+00,472.05,33531.40,43326.26,2471.17,1703.72,5619.97,0.22,0.0941
1.500000e+00,433.77,32181.98,40444.74,1449.08,1393.24,5420.45,0.21,0.0896
1.500000e+00,397.90,28898.78,37524.61,2519.13,1807.98,4298.72,0.19,0.0909
1.500000e+00,530.60,37246.92,48188.05,2185.20,1896.80,6859.13,0.25,0.0760
1.500000e+00,531.32,32437.73,42981.42,2257.71,1628.31,6657.67,0.22,0.0707
1.500000e+00,464.29,34293.07,45065.54,2705.34,1911.31,6155.83,0.23,0.0963
1.500000e+00,325.20,23890.72,32694.45,1474.46,1373.07,5956.20,0.17,0.0802
1.500000e+00,320.53,24785.29,33166.74,1830.36,1447.56,5103.54,0.17,0.0765
1.500000e+00,444.90,30826.88,40753.67,2459.45,1556.89,5910.45,0.21,0.0815
1.500000e+00,517.43,32006.68,42194.13,2755.73,1675.31,5756.41,0.22,0.0731
1.500000e+00,482.33,29956.39,38246.09,2025.76,1515.41,4748.53,0.20,0.0997
1.500000e+00,368.17,30677.02,40196.96,3232.96,2198.74,4088.25,0.21,0.0983
1.500000e+00,445.94,26878.55,37940.95,2748.20,1900.57,6413.63,0.19,0.1170
1.500000e+00,377.27,24005.04,33365.20,2778.76,1650.77,4930.63,0.17,0.1121
1.500000e+00,476.69,32896.14,43061.74,2741.98,1701.93,5721.70,0.22,0.0904
1.500000e+00,510.30,33186.30,44547.90,3183.19,2042.31,6136.10,0.23,0.1248
1.500000e+00,359.35,27074.34,36414.12,2469.25,2096.21,4774.32,0.19,0.1006
1.500000e+00,447.71,36416.20,45694.82,2766.51,1877.50,4634.61,0.24,0.0938
1.500000e+00,397.94,25103.73,34893.32,2232.66,1556.30,6000.63,0.18,0.0976
1.500000e+00,464.00,32679.85,43263.30,2918.42,1723.45,5941.58,0.22,0.0941
1.500000e+00,426.05,29079.04,40539.93,3181.32,2010.31,6269.27,0.21,0.0904
1.500000e+00,467.21,32630.46,41841.90,2310.45,1666.00,5235.00,0.22,0.0807
1.500000e+00,423.64,29492.54,38171.22,1832.31,1460.32,5386.06,0.20,0.0982
1.500000e+00,443.82,28440.16,38983.84,2949.52,1883.46,5710.70,0.20,0.1140
1.500000e+00,415.35,29747.28,38688.74,1838.61,1622.39,5480.46,0.20,0.1113
1.500000e+00,635.49,39196.76,49586.14,2534.32,1678.50,6176.57,0.26,0.1177
1.500000e+00,397.08,27228.00,36740.76,2263.34,1477.07,5772.35,0.19,0.0696
1.500000e+00,353.16,30450.37,39432.30,2032.06,1755.22,5194.65,0.20,0.0871
1.500000e+00,487.87,36875.23,46602.76,2391.66,1829.44,5506.44,0.24,0.0878
1.500000e+00,492.33,31028.18,41375.68,2629.64,1781.72,5936.14,0.21,0.0807
1.500000e+00,524.35,35436.53,44997.19,2186.71,1392.60,5981.34,0.23,0.0865
1.500000e+00,406.17,26752.93,36508.50,2110.78,1485.04,6159.76,0.19,0.1057
1.500000e+00,551.29,34724.77,46171.21,3607.33,1962.11,5876.99,0.24,0.0829
1.500000e+00,453.33,29578.38,40148.73,2172.20,1623.23,6774.92,0.20,0.0892
1.500000e+00,361.15,25606.03,34075.58,2155.76,1594.92,4718.87,0.17,0.0988
1.500000e+00,430.71,33898.00,43719.29,2967.34,1705.25,5148.69,0.23,0.0828
1.500000e+00,425.66,28247.20,38496.70,3122.88,2395.76,4730.85,0.20,0.1056
1.500000e+00,372.36,26453.88,34888.09,1825.35,1513.24,5095.62,0.18,0.0861
1.500000e+00,257.77,23669.85,30873.80,1675.30,1561.81,3966.85,0.16,0.0888
1.500000e+00,378.71,26213.99,35026.57,2246.68,1574.76,4991.13,0.18,0.1227
1.500000e+00,389.55,26922.48,35165.35,2529.41,1393.28,4320.19,0.18,0.0756
1.500000e+00,515.57,33944.07,45349.35,2705.60,1611.59,7088.09,0.23,0.1037
1.500000e+00,365.99,27187.98,36743.66,2968.07,1955.77,4631.84,0.19,0.0781
1.500000e+00,289.73,19053.01,26909.31,2019.73,1628.81,4207.77,0.14,0.1064
1.500000e+00,399.23,28538.75,39559.94,2860.97,2119.49,6040.73,0.20,0.1217
1.500000e+00,439.22,29795.66,38686.09,2541.10,1689.85,4659.47,0.20,0.1054
1.500000e+00,524.23,35093.76,46206.37,2894.94,1694.44,6523.24,0.24,0.0743
1.500000e+00,436.10,34531.29,44650.79,3023.39,1984.23,5111.89,0.23,0.1038
1.500000e+00,346.80,21659.60,31007.97,2264.53,1653.18,5430.66,0.16,0.1125
1.500000e+00,471.50,31593.47,41944.10,2802.76,1897.10,5650.77,0.22,0.0858
1.500000e+00,441.63,29199.72,39112.46,2701.10,1590.58,5621.05,0.20,0.0826
1.500000e+00,398.00,32373.00,40790.91,2229.84,1741.53,4446.55,0.21,0.0851
1.500000e+00,499.32,34556.14,45484.99,3395.53,1993.95,5539.37,0.23,0.1010
1.500000e+00,412.86,28193.55,37323.87,2034.71,1672.24,5423.37,0.19,0.0824
1.500000e+00,537.49,33994.74,43663.96,2217.15,1754.71,5697.35,0.22,0.0746
1.500000e+00,428.38,30221.18,38835.14,1590.73,1333.52,5689.72,0.20,0.0720
1.500000e+00,602.43,38139.16,48767.23,2684.93,1487.43,6455.71,0.25,0.0741
1.500000e+00,430.48,32132.34,41509.33,2302.92,1736.59,5337.48,0.21,0.0866
1.500000e+00,433.78,31751.94,40506.91,1999.64,1568.64,5186.69,0.21,0.1075
1.500000e+00,505.02,31603.86,42265.01,2080.57,1550.80,7029.79,0.22,0.0892
1.500000e+00,371.79,30373.32,38616.60,1697.32,1524.64,5021.32,0.20,0.0897
1.500000e+00,421.18,31298.10,40085.76,2533.20,1702.76,4551.70,0.21,0.0824
1.500000e+00,451.58,32748.79,42149.80,2352.57,1661.06,5387.38,0.22,0.0848
1.500000e+00,533.93,34223.82,43941.62,2408.40,1568.93,5740.47,0.23,0.0748
1.500000e+00,525.95,34518.24,45014.72,2436.94,2176.58,5882.95,0.23,0.1146
1.500000e+00,527.07,36361.06,47101.43,2780.33,1728.69,6231.34,0.25,0.0861
1.500000e+00,568.83,36896.73,47228.50,2081.90,1839.08,6410.78,0.24,0.1044
1.500000e+00,575.51,36287.24,48272.49,3483.99,2144.47,6356.79,0.25,0.0992
1.500000e+00,475.97,32053.57,42801.50,2267.99,1917.58,6562.35,0.22,0.0810
1.500000e+00,371.88,23848.76,33373.82,2603.31,1811.70,5110.05,0.17,0.1366
1.500000e+00,450.90,28588.76,37723.60,1840.66,1607.78,5686.40,0.20,0.0780
1.500000e+00,434.30,33483.89,42644.27,1733.67,1386.18,6040.53,0.23,0.1019
1.500000e+00,340.16,24120.21,32804.58,2281.49,1569.82,4833.06,0.17,0.0778
1.500000e+00,349.22,28786.60,37240.19,1708.84,1755.84,4988.92,0.19,0.0878
1.500000e+00,440.45,33670.62,43216.21,2303.95,2011.65,5229.99,0.22,0.0839
1.500000e+00,479.35,37311.21,47276.77,2410.31,1935.71,5619.54,0.24,0.0815
1.500000e+00,400.58,27715.86,37389.96,2615.85,1787.17,5271.08,0.19,0.0931
1.500000e+00,547.26,36286.59,48076.94,3177.61,2092.91,6519.83,0.25,0.1172
1.500000e+00,476.48,33757.35,43032.57,2098.46,1796.35,5380.41,0.22,0.0870
1.500000e+00,440.54,30926.90,40361.87,2197.20,1514.83,5722.95,0.21,0.0825
1.500000e+00,486.96,33091.78,44455.86,3835.69,1827.52,5700.86,0.23,0.0900
1.500000e+00,459.45,34377.19,43618.20,2760.13,1965.36,4515.51,0.22,0.1130
1.500000e+00,353.76,27753.76,35216.52,1565.16,1237.09,4660.50,0.18,0.0826
1.500000e+00,298.47,25966.31,31873.29,1215.12,1078.28,3613.58,0.17,0.0675
1.500000e+00,452.71,32369.54,41541.74,2135.25,1642.67,5394.29,0.21,0.1129
1.500000e+00,461.75,31742.07,39661.45,1538.31,1310.66,5070.41,0.21,0.0965
1.500000e+00,378.62,29299.69,39023.70,2738.87,1875.55,5109.58,0.20,0.1067
1.500000e+00,531.14,33961.56,44299.68,2659.34,1554.74,6124.04,0.23,0.1096
1.500000e+00,435.59,32977.21,43095.46,2484.36,1802.57,5831.31,0.23,0.0973
1.500000e+00,569.34,34650.78,45870.36,2590.18,1605.36,7024.04,0.24,0.0917
1.500000e+00,460.63,34338.84,45043.13,2480.13,1948.02,6276.13,0.24,0.0876
1.500000e+00,391.51,27527.96,37044.94,2199.49,1594.83,5722.66,0.19,0.1072
1.500000e+00,531.40,39653.37,49478.91,2196.98,1819.69,5808.87,0.26,0.1127
1.500000e+00,450.01,25697.51,35322.46,3173.73,1656.39,4794.83,0.18,0.1017
1.500000e+00,468.63,30185.18,39534.41,1866.53,1342.68,6140.02,0.20,0.0948
1.500000e+00,400.94,32254.82,40893.19,2302.71,1491.47,4844.19,0.21,0.0863
1.500000e+00,494.26,34791.23,42431.10,1600.56,1136.75,4902.56,0.22,0.1106
1.500000e+00,504.25,29355.80,40340.42,2866.90,1690.57,6427.14,0.21,0.1110
1.500000e+00,440.41,32199.04,43998.58,3441.30,2203.86,6154.37,0.23,0.0682
2,573.29,34222.86,45761.73,2802.09,1556.50,7180.28,0.24,0.0852
2,573.30,39796.09,51306.70,2471.17,1747.01,7292.43,0.27,0.0920
2,466.57,37238.64,47159.10,1449.08,1473.57,6997.81,0.25,0.0657
2,482.56,35243.04,45230.41,2519.13,1880.29,5587.96,0.23,0.0755
2,664.97,45885.68,59158.38,2185.20,1879.95,9207.55,0.31,0.0877
2,626.19,38415.53,50789.04,2257.71,1663.51,8452.29,0.26,0.0913
2,519.97,38906.84,51218.69,2705.34,1987.38,7619.13,0.27,0.0902
2,387.97,28404.34,38900.00,1474.46,1384.41,7636.78,0.20,0.1109
2,382.50,29613.02,39475.98,1830.36,1447.56,6585.03,0.20,0.1026
2,564.72,37412.06,49140.86,2459.45,1551.52,7717.83,0.26,0.0811
2,661.98,40154.68,52331.35,2755.73,1614.53,7806.40,0.27,0.1015
2,538.28,34371.74,43930.84,2025.76,1582.59,5950.76,0.23,0.0905
2,454.35,37806.36,48665.94,3232.96,2198.74,5427.88,0.25,0.1214
2,468.33,29929.99,42360.34,2748.20,2010.88,7671.26,0.22,0.1069
2,444.06,28778.95,39654.79,2778.76,1699.59,6397.49,0.20,0.1030
2,575.54,40001.04,52009.18,2741.98,1716.86,7549.30,0.27,0.0768
2,611.66,40277.56,53556.95,3183.19,2045.86,8050.34,0.28,0.1105
2,440.52,32834.26,43659.74,2469.25,2121.74,6234.49,0.23,0.1272
2,540.09,43280.25,53986.61,2766.51,1893.49,6046.36,0.28,0.0908
2,483.03,30704.14,42444.57,2232.66,1554.84,7952.93,0.22,0.0914
2,554.05,38628.35,50993.04,2918.42,1723.45,7722.83,0.27,0.0879
2,551.63,36411.73,49989.54,3181.32,2001.84,8394.65,0.26,0.1261
2,573.47,39906.32,50794.32,2310.45,1676.15,6901.41,0.27,0.0961
2,471.28,33569.79,43726.81,1832.31,1530.27,6794.44,0.23,0.0831
2,521.43,33856.26,46049.46,2949.52,1906.10,7337.58,0.24,0.1041
2,521.84,36107.95,46772.74,1838.61,1596.92,7229.26,0.25,0.1033
2,677.79,42266.52,53903.98,2534.32,1784.43,7318.71,0.28,0.0907
2,468.90,32289.06,43457.06,2263.34,1505.80,7398.86,0.23,0.0906
2,431.89,36553.40,47208.46,2032.06,1778.62,6844.37,0.25,0.1068
2,598.32,44766.01,56333.48,2391.66,1847.50,7328.32,0.29,0.1063
2,618.36,37853.99,49960.70,2629.64,1742.12,7734.95,0.26,0.1018
2,518.61,35587.24,46009.36,2186.71,1479.86,6755.54,0.24,0.1137
2,458.26,31229.54,42724.01,2110.78,1562.42,7821.27,0.22,0.0747
2,641.63,41166.71,54297.14,3607.33,1994.06,7529.04,0.29,0.0971
2,499.28,33705.21,45908.44,2172.20,1673.83,8357.19,0.23,0.0915
2,372.00,28030.57,37509.94,2155.76,1697.43,5626.19,0.19,0.1226
2,527.71,40350.78,51882.24,2967.34,1716.24,6847.87,0.28,0.0815
2,506.47,34345.61,46067.20,3122.88,2420.34,6178.37,0.24,0.0983
2,424.74,31532.69,41490.81,1825.35,1554.00,6578.77,0.22,0.0874
2,323.07,28937.37,37443.39,1675.30,1561.81,5268.91,0.19,0.0808
2,461.76,31600.31,41986.04,2246.68,1574.76,6564.28,0.22,0.0970
2,475.07,32950.48,42523.20,2529.41,1401.16,5642.16,0.22,0.0982
2,619.78,40807.38,54417.71,2705.60,1635.92,9268.81,0.28,0.0948
2,449.80,33345.44,44326.06,2968.07,1963.49,6049.05,0.23,0.0778
2,352.66,23695.40,32884.12,2019.73,1622.80,5546.19,0.17,0.0790
2,485.89,34367.92,47221.16,2860.97,2121.30,7870.98,0.24,0.1101
2,476.97,34594.34,44854.45,2541.10,1773.13,5945.88,0.24,0.1020
2,645.43,42707.78,55897.63,2894.94,1707.58,8587.33,0.29,0.1097
2,534.79,41304.29,53079.29,3023.39,1999.09,6752.52,0.28,0.1108
2,396.12,25785.20,36649.41,2264.53,1744.91,6854.77,0.19,0.1315
2,529.43,36091.76,47841.36,2802.76,1967.84,6979.00,0.25,0.0821
2,521.19,34904.75,46467.10,2701.10,1620.32,7240.93,0.24,0.1013
2,487.31,39184.82,48965.22,2229.84,1735.13,5815.43,0.26,0.1020
2,585.94,40989.40,53565.56,3395.53,2065.24,7115.39,0.28,0.0909
2,500.31,34232.11,45173.56,2034.71,1677.05,7229.69,0.24,0.0807
2,652.05,41636.99,53169.49,2217.15,1779.71,7535.63,0.28,0.1136
2,506.19,35877.57,46216.13,1590.73,1333.52,7414.32,0.24,0.0799
2,698.07,45137.50,57618.87,2684.93,1519.92,8276.51,0.30,0.0970
2,454.90,34680.46,45135.70,2302.92,1875.16,6277.16,0.23,0.1257
2,535.46,38233.15,48694.41,1999.64,1578.54,6883.07,0.25,0.1077
2,617.18,37931.74,50684.58,2080.57,1553.76,9118.50,0.26,0.0895
2,460.49,36760.20,46619.75,1697.32,1539.34,6622.89,0.24,0.0961
2,510.76,38023.34,48277.95,2533.20,1716.53,6004.88,0.25,0.0822
2,551.27,39683.24,50775.55,2352.57,1668.17,7071.57,0.27,0.1141
2,635.73,41028.64,52421.68,2408.40,1573.46,7411.18,0.28,0.0626
2,591.45,39142.14,50988.67,2436.94,2240.96,7168.63,0.26,0.1161
2,600.86,42051.59,54418.07,2780.33,1797.20,7788.94,0.28,0.0856
2,674.19,45584.64,58106.59,2081.90,1816.84,8623.22,0.30,0.1142
2,722.67,45253.84,59551.07,3483.99,2161.93,8651.31,0.31,0.1151
2,573.38,38800.46,51595.48,2267.99,1928.45,8598.58,0.26,0.1119
2,471.01,30081.47,41388.91,2603.31,1809.52,6894.62,0.21,0.1046
2,532.74,33846.60,44763.15,1840.66,1612.95,7462.93,0.24,0.0901
2,500.18,38333.92,49011.61,1733.67,1390.65,7553.37,0.26,0.0815
2,405.50,28898.19,38979.81,2281.49,1590.05,6210.08,0.20,0.0859
2,420.64,33827.10,43748.47,1708.84,1777.76,6434.77,0.23,0.1007
2,530.00,40605.93,51721.62,2303.95,2020.94,6790.80,0.27,0.1121
2,577.19,44670.07,56279.43,2410.31,1935.71,7263.34,0.29,0.1020
2,510.65,34574.35,46023.37,2615.85,1782.30,7050.87,0.24,0.1002
2,511.06,35918.97,48568.30,3177.61,2223.45,7248.28,0.25,0.0871
2,575.93,40933.82,51932.00,2098.46,1813.45,7086.26,0.27,0.0998
2,527.70,37282.32,48616.08,2197.20,1553.34,7583.22,0.26,0.0805
2,599.43,39923.16,52971.37,3835.69,1861.00,7351.52,0.28,0.1009
2,577.44,42392.48,53097.73,2760.13,1958.13,5987.00,0.27,0.1049
2,439.51,33625.81,42602.77,1565.16,1224.57,6187.23,0.23,0.0906
2,361.18,30978.92,37982.97,1215.12,1087.88,4701.05,0.20,0.0676
2,533.80,37936.13,48569.51,2135.25,1714.95,6783.19,0.25,0.0887
2,512.74,36785.63,46126.27,1538.31,1423.23,6379.09,0.24,0.0984
2,465.82,35445.31,46697.28,2738.87,1876.40,6636.70,0.24,0.0886
2,597.00,40502.83,52542.85,2659.34,1605.13,7775.55,0.27,0.0930
2,524.31,39270.43,51112.46,2484.36,1816.25,7541.41,0.27,0.1054
2,664.73,40311.24,53401.62,2590.18,1641.81,8858.39,0.28,0.1279
2,539.76,40204.59,52928.28,2480.13,2006.78,8236.78,0.28,0.0901
2,460.54,32308.20,43370.01,2199.49,1627.15,7235.17,0.22,0.0839
2,631.92,45933.14,57372.05,2196.98,1861.84,7380.08,0.30,0.1121
2,532.58,30951.65,42006.91,3173.73,1680.35,6201.18,0.22,0.1157
2,551.36,35853.31,47304.92,1866.53,1370.37,8214.71,0.25,0.0836
2,491.50,38820.72,48957.48,2302.71,1491.47,6342.59,0.26,0.0781
2,590.07,41671.46,50887.11,1600.56,1147.72,6467.37,0.27,0.0804
2,562.40,34759.80,47609.87,2866.90,1780.52,8202.64,0.25,0.0778
2,552.72,39594.30,53493.71,3441.30,2198.81,8259.30,0.28,0.0771
2.500000e+00,662.25,39029.83,52181.62,2802.09,1571.42,8778.28,0.27,0.0890
2.500000e+00,636.11,45035.81,58109.29,2471.17,1790.37,8811.95,0.30,0.0868
2.500000e+00,494.32,39815.47,50860.89,1449.08,1540.77,8055.57,0.27,0.0661
2.500000e+00,551.02,40059.88,51380.59,2519.13,1906.97,6894.60,0.27,0.0790
2.500000e+00,816.51,53879.13,69627.57,2185.20,1852.63,11710.61,0.36,0.0742
2.500000e+00,698.61,42989.21,57128.22,2257.71,1692.35,10188.95,0.30,0.0877
2.500000e+00,602.86,44146.32,58175.88,2705.34,1987.38,9336.83,0.30,0.0871
2.500000e+00,443.83,32520.70,44723.45,1474.46,1379.05,9349.23,0.23,0.0884
2.500000e+00,501.41,36556.91,48341.28,1830.36,1403.61,8550.41,0.25,0.0757
2.500000e+00,638.16,43030.00,56721.22,2459.45,1565.56,9666.21,0.30,0.0859
2.500000e+00,695.50,43822.41,57355.83,2755.73,1704.27,9073.41,0.30,0.0667
2.500000e+00,587.06,37908.18,48460.37,2025.76,1620.33,6906.10,0.25,0.0698
2.500000e+00,533.77,44034.63,56243.43,3232.96,2208.56,6767.29,0.29,0.1071
2.500000e+00,535.71,34191.01,48254.30,2748.20,2022.45,9292.63,0.25,0.0974
2.500000e+00,510.22,33121.48,45374.65,2778.76,1720.86,7753.55,0.24,0.0909
2.500000e+00,667.38,45954.87,59714.57,2741.98,1710.32,9307.40,0.31,0.0935
2.500000e+00,697.41,45919.24,60954.22,3183.19,2053.84,9797.95,0.32,0.1104
2.500000e+00,523.86,38549.61,50861.54,2469.25,2131.92,7710.76,0.27,0.1029
2.500000e+00,629.12,50019.50,62222.91,2766.51,1877.50,7559.41,0.33,0.1218
2.500000e+00,562.31,36078.27,49893.56,2232.66,1567.89,10014.75,0.26,0.0843
2.500000e+00,634.75,44019.91,58226.07,2918.42,1723.45,9564.30,0.31,0.0748
2.500000e+00,647.45,42160.26,57708.93,3181.32,2019.07,10348.29,0.30,0.1262
2.500000e+00,664.66,45624.09,58220.62,2310.45,1707.94,8578.14,0.31,0.0972
2.500000e+00,540.14,38321.15,50085.52,1832.31,1536.69,8395.38,0.26,0.0883
2.500000e+00,547.73,36722.09,50150.51,2949.52,1985.81,8493.09,0.26,0.1002
2.500000e+00,559.28,40183.73,52278.21,1838.61,1638.26,8617.61,0.28,0.0870
2.500000e+00,830.41,52332.15,66471.87,2534.32,1767.41,9837.99,0.35,0.0949
2.500000e+00,540.18,36845.58,49662.44,2263.34,1511.18,9042.35,0.26,0.0752
2.500000e+00,516.80,41798.06,54163.47,2032.06,1778.62,8554.72,0.29,0.0844
2.500000e+00,690.46,50986.26,64233.35,2391.66,1859.66,8995.77,0.34,0.0884
2.500000e+00,623.92,40374.45,53903.65,2629.64,1869.76,9029.79,0.28,0.1074
2.500000e+00,621.57,41234.45,53372.91,2186.71,1464.77,8486.97,0.28,0.0977
2.500000e+00,558.35,36671.13,50231.70,2110.78,1541.77,9908.02,0.26,0.1025
2.500000e+00,717.81,46044.34,60573.66,3607.33,2026.29,8895.70,0.32,0.1146
2.500000e+00,570.90,38632.83,52794.30,2172.20,1698.04,10291.23,0.27,0.0961
2.500000e+00,433.43,32536.10,43275.76,2155.76,1702.00,6881.90,0.22,0.1005
2.500000e+00,628.66,45986.63,59351.65,2967.34,1705.25,8692.43,0.32,0.0787
2.500000e+00,583.61,39263.71,52283.31,3122.88,2438.97,7457.76,0.27,0.0949
2.500000e+00,505.30,36589.71,48067.28,1825.35,1546.48,8105.74,0.25,0.0914
2.500000e+00,383.68,33394.54,43211.13,1675.30,1561.81,6579.49,0.23,0.0905
2.500000e+00,535.98,36232.44,48234.04,2246.68,1581.57,8173.35,0.25,0.0679
2.500000e+00,554.71,38215.20,49101.33,2529.41,1401.16,6955.56,0.26,0.0899
2.500000e+00,722.81,46335.18,62047.06,2705.60,1644.00,11362.29,0.32,0.0804
2.500000e+00,520.34,38124.62,50370.82,2968.07,1946.81,7331.31,0.26,0.1232
2.500000e+00,414.19,27587.55,38018.73,2019.73,1629.68,6781.77,0.20,0.1131
2.500000e+00,567.25,39934.37,54670.89,2860.97,2130.77,9744.77,0.28,0.1221
2.500000e+00,627.33,42915.54,55071.21,2541.10,1748.70,7865.88,0.29,0.0840
2.500000e+00,747.42,48945.16,64176.82,2894.94,1702.08,10634.65,0.33,0.0846
2.500000e+00,621.38,46656.94,59938.75,3023.39,2000.31,8258.11,0.32,0.1219
2.500000e+00,450.29,29295.05,41560.10,2264.53,1777.27,8223.25,0.21,0.1008
2.500000e+00,610.46,41625.31,54977.78,2802.76,1973.10,8576.61,0.29,0.0964
2.500000e+00,615.14,40719.04,53963.04,2701.10,1603.00,8939.90,0.28,0.0729
2.500000e+00,572.81,44918.97,56066.54,2229.84,1735.13,7182.60,0.30,0.0832
2.500000e+00,684.58,47103.80,61448.37,3395.53,2065.24,8883.80,0.32,0.0855
2.500000e+00,560.50,38475.47,50875.73,2034.71,1683.90,8681.64,0.27,0.0778
2.500000e+00,748.30,48398.80,61788.41,2217.15,1745.37,9427.08,0.32,0.1197
2.500000e+00,582.09,40959.42,53078.80,1590.73,1340.87,9187.78,0.28,0.0665
2.500000e+00,799.98,51060.23,65307.02,2684.93,1511.81,10050.05,0.35,0.0801
2.500000e+00,522.49,39597.20,51434.56,2302.92,1883.95,7650.49,0.27,0.1082
2.500000e+00,614.37,43478.48,55601.41,1999.64,1597.31,8525.98,0.29,0.0730
2.500000e+00,714.65,43911.18,58851.12,2080.57,1560.11,11299.26,0.30,0.1115
2.500000e+00,533.10,41567.05,52899.08,1697.32,1548.98,8085.72,0.28,0.0985
2.500000e+00,592.91,43612.16,55215.93,2533.20,1723.00,7347.57,0.29,0.0913
2.500000e+00,632.57,45023.49,57716.19,2352.57,1666.33,8673.79,0.30,0.0852
2.500000e+00,719.57,46542.79,59563.33,2408.40,1584.67,9027.46,0.32,0.0773
2.500000e+00,692.23,46407.22,60196.92,2436.94,2243.73,9109.02,0.31,0.1172
2.500000e+00,690.68,47836.14,62048.29,2780.33,1793.13,9638.68,0.33,0.0938
2.500000e+00,751.22,49644.30,63616.66,2081.90,1882.10,10008.36,0.33,0.1099
2.500000e+00,815.71,50599.26,66558.86,3483.99,2188.56,10287.06,0.35,0.1000
2.500000e+00,639.43,43779.84,58393.21,2267.99,1958.80,10386.58,0.30,0.1147
2.500000e+00,507.57,33394.01,45944.95,2603.31,1859.66,8087.98,0.24,0.0764
2.500000e+00,582.81,37523.48,49894.42,1840.66,1676.54,8853.74,0.26,0.1160
2.500000e+00,575.41,43192.14,55664.12,1733.67,1400.62,9337.69,0.30,0.0975
2.500000e+00,466.55,33098.59,44576.57,2281.49,1590.05,7606.45,0.23,0.0740
2.500000e+00,483.55,38428.31,49834.18,1708.84,1785.86,7911.16,0.26,0.0987
2.500000e+00,622.56,47034.36,59912.27,2303.95,2024.52,8549.44,0.31,0.1033
2.500000e+00,670.12,50969.98,64230.65,2410.31,1935.71,8914.65,0.34,0.0822
2.500000e+00,567.73,39457.22,52464.31,2615.85,1820.44,8570.81,0.27,0.0880
2.500000e+00,584.96,41127.56,55416.61,3177.61,2223.45,8887.99,0.29,0.1065
2.500000e+00,660.71,46891.43,59563.16,2098.46,1855.85,8717.41,0.31,0.0945
2.500000e+00,609.52,42670.38,55753.55,2197.20,1558.80,9327.16,0.30,0.0835
2.500000e+00,689.71,46486.10,61309.15,3835.69,1844.26,9143.09,0.32,0.0856
2.500000e+00,663.72,49164.96,61303.95,2760.13,1967.87,7410.99,0.32,0.0988
2.500000e+00,504.63,38057.89,48388.20,1565.16,1237.09,7528.06,0.26,0.0703
2.500000e+00,436.46,36758.31,44933.31,1215.12,1063.89,5896.00,0.24,0.0930
2.500000e+00,583.45,41924.16,53867.52,2135.25,1738.85,8069.25,0.28,0.0996
2.500000e+00,585.21,40908.71,51477.58,1538.31,1411.40,7619.15,0.27,0.0949
2.500000e+00,552.38,41064.46,53978.97,2738.87,1861.76,8313.87,0.28,0.0912
2.500000e+00,739.57,47733.32,61856.49,2659.34,1564.14,9899.69,0.32,0.0987
2.500000e+00,597.75,44352.66,57854.25,2484.36,1864.17,9153.05,0.31,0.1051
2.500000e+00,764.81,46045.86,61248.11,2590.18,1636.02,10976.05,0.32,0.0813
2.500000e+00,633.22,45058.17,59661.99,2480.13,2013.57,10110.12,0.32,0.0993
2.500000e+00,508.95,36018.71,48511.75,2199.49,1660.79,8632.76,0.25,0.0823
2.500000e+00,725.40,51704.92,64758.72,2196.98,1872.02,8984.81,0.35,0.0816
2.500000e+00,563.25,34333.73,46600.22,3173.73,1762.48,7330.28,0.24,0.1015
2.500000e+00,669.51,42742.71,56391.66,1866.53,1344.56,10437.87,0.30,0.0783
2.500000e+00,568.54,43857.45,55476.70,2302.71,1488.80,7827.75,0.30,0.0887
2.500000e+00,645.37,44453.66,54811.75,1600.56,1209.72,7547.81,0.29,0.0927
2.500000e+00,646.99,40271.59,55051.70,2866.90,1790.51,10122.70,0.28,0.0998
2.500000e+00,648.56,45500.35,61456.10,3441.30,2213.29,10301.16,0.32,0.0783
3,717.59,42695.41,57255.14,2802.09,1594.04,10163.60,0.30,0.0872
3,717.57,50129.16,64809.29,2471.17,1791.20,10417.77,0.34,0.1025
3,546.23,43681.62,56008.95,1449.08,1540.77,9337.48,0.30,0.0847
3,625.05,44460.15,56989.03,2519.13,1898.30,8111.45,0.30,0.1003
3,907.41,59401.28,77278.00,2185.20,1880.30,13811.22,0.41,0.0726
3,674.77,44024.34,59084.60,2257.71,1770.90,11031.65,0.31,0.0844
3,680.87,49055.87,64837.62,2705.34,1987.38,11089.03,0.34,0.0866
3,505.30,35949.77,49845.39,1474.46,1379.05,11042.11,0.26,0.0769
3,522.97,38980.51,51992.50,1830.36,1448.27,9733.37,0.27,0.0838
3,740.66,48331.21,63921.45,2459.45,1556.89,11573.89,0.34,0.0610
3,783.07,49165.65,64452.46,2755.73,1684.86,10846.22,0.34,0.0826
3,636.25,40856.80,52353.58,2025.76,1635.90,7835.13,0.28,0.0796
3,602.75,49139.73,62588.11,3232.96,2215.28,8000.14,0.33,0.0825
3,717.70,43204.98,60396.00,2748.20,1924.15,12518.66,0.32,0.1000
3,539.11,35640.62,48880.37,2778.76,1760.84,8700.15,0.25,0.0845
3,724.95,49664.76,64755.18,2741.98,1752.55,10595.90,0.34,0.1014
3,770.48,50545.10,67222.18,3183.19,2062.29,11431.60,0.36,0.0883
3,579.89,42298.58,55899.65,2469.25,2130.58,9001.23,0.30,0.0979
3,696.87,54635.49,68157.94,2766.51,1893.49,8862.46,0.37,0.1031
3,647.95,40528.05,56204.37,2232.66,1561.43,11882.23,0.29,0.0809
3,705.48,48222.56,64111.45,2918.42,1723.45,11247.04,0.34,0.0835
3,723.03,46624.19,64044.75,3181.32,2026.18,12213.05,0.33,0.0961
3,729.20,49542.94,63408.44,2310.45,1731.14,9823.91,0.34,0.0766
3,660.91,44397.24,58063.36,1832.31,1489.39,10344.43,0.31,0.0685
3,613.92,40736.36,55615.24,2949.52,1985.71,9943.65,0.29,0.1103
3,592.02,41817.16,54959.70,1838.61,1697.60,9606.32,0.29,0.0820
3,806.55,51959.69,66893.68,2534.32,1871.90,10527.77,0.36,0.0813
3,607.14,40809.48,55318.53,2263.34,1511.18,10734.53,0.29,0.0730
3,586.39,45925.81,59885.64,2032.06,1770.20,10157.57,0.32,0.0713
3,788.07,56535.50,71457.24,2391.66,1847.82,10682.26,0.38,0.0802
3,751.62,46630.80,62097.79,2629.64,1820.63,11016.72,0.33,0.0795
3,687.35,45508.90,59139.21,2186.71,1458.43,9985.17,0.31,0.0769
3,627.11,40805.80,56178.90,2110.78,1537.56,11724.76,0.30,0.0928
3,790.87,50428.72,66356.49,3607.33,2026.29,10294.15,0.36,0.0621
3,645.50,43169.11,59301.17,2172.20,1689.40,12270.46,0.31,0.0692
3,485.50,36598.82,48576.08,2155.76,1715.11,8106.39,0.25,0.0764
3,711.38,50129.30,65065.01,2967.34,1710.34,10258.03,0.35,0.0713
3,653.00,44111.10,58550.23,3122.88,2444.46,8871.79,0.31,0.1067
3,564.16,40919.87,53822.59,1825.35,1558.29,9519.08,0.28,0.0993
3,428.29,36840.45,47749.36,1675.30,1561.81,7671.80,0.25,0.0684
3,596.82,39890.80,53411.37,2246.68,1581.57,9692.32,0.28,0.0834
3,625.25,42710.96,54953.52,2529.41,1425.08,8288.08,0.29,0.0969
3,773.34,49497.59,67015.09,2705.60,1681.83,13130.08,0.35,0.0860
3,593.75,42622.01,56319.28,2968.07,1955.22,8773.97,0.30,0.0793
3,463.66,31369.33,43164.32,2019.73,1635.51,8139.76,0.22,0.0801
3,643.06,44658.18,61156.38,2860.97,2130.77,11506.46,0.31,0.0997
3,571.86,39654.43,51838.64,2541.10,1830.47,7812.65,0.27,0.0795
3,819.05,51968.06,68575.92,2894.94,1717.72,11995.21,0.36,0.0891
3,708.99,51848.95,66763.83,3023.39,2000.31,9891.18,0.36,0.0927
3,510.84,33204.41,47062.76,2264.53,1787.68,9806.14,0.24,0.0927
3,681.56,46488.20,61358.89,2802.76,1980.56,10087.37,0.33,0.0815
3,686.97,45359.92,60242.40,2701.10,1616.31,10565.07,0.31,0.0858
3,645.21,49564.33,61934.21,2229.84,1735.13,8404.92,0.33,0.0773
3,721.86,50437.25,65985.98,3395.53,2094.70,10058.50,0.35,0.0914
3,643.43,43526.69,57698.83,2034.71,1677.05,10460.38,0.31,0.1028
3,762.44,49653.21,64088.56,2217.15,1858.49,10359.70,0.34,0.1205
3,639.70,44257.65,57838.15,1590.73,1333.52,10656.25,0.31,0.0762
3,884.40,55347.10,71137.76,2684.93,1494.22,11611.50,0.38,0.0866
3,601.97,44318.32,57652.42,2302.92,1892.89,9138.29,0.30,0.0694
3,698.25,48452.26,62221.82,1999.64,1583.80,10186.12,0.33,0.0782
3,717.79,45775.76,62181.67,2080.57,1635.64,12689.70,0.32,0.1274
3,573.26,44750.17,57310.76,1697.32,1561.09,9302.18,0.31,0.0911
3,664.94,48376.31,61292.22,2533.20,1723.60,8659.10,0.33,0.0681
3,701.69,49983.08,64230.73,2352.57,1661.06,10234.03,0.34,0.0694
3,807.30,51799.64,66379.73,2408.40,1587.62,10584.07,0.36,0.0591
3,724.31,48750.81,63639.09,2436.94,2279.94,10171.39,0.33,0.0991
3,770.07,52622.57,68494.44,2780.33,1793.13,11298.41,0.36,0.0929
3,827.43,53477.37,69004.28,2081.90,1866.42,11578.60,0.36,0.0976
3,841.39,54490.15,72095.51,3483.99,2257.69,11863.68,0.38,0.1141
3,738.06,49247.65,65863.98,2267.99,1953.32,12395.03,0.34,0.0914
3,603.75,39318.45,53791.58,2603.31,1813.20,10056.63,0.28,0.0914
3,641.32,41353.43,55231.63,1840.66,1670.76,10366.79,0.29,0.0847
3,638.68,46927.63,60991.63,1733.67,1406.75,10923.57,0.33,0.0759
3,524.32,36711.51,49576.82,2281.49,1590.05,8993.77,0.26,0.0746
3,544.91,42684.71,55531.18,1708.84,1785.86,9351.76,0.29,0.0751
3,695.83,51686.51,66056.95,2303.95,2043.70,10022.80,0.35,0.0855
3,746.15,55803.89,70437.55,2410.31,1935.71,10287.64,0.38,0.0950
3,657.17,44897.60,59536.36,2615.85,1815.18,10207.73,0.31,0.1140
3,645.62,45150.42,60923.69,3177.61,2223.45,10372.22,0.32,0.1015
3,711.30,51360.41,65473.43,2098.46,1886.89,10127.67,0.34,0.0995
3,657.10,46493.97,61126.75,2197.20,1576.18,10859.40,0.33,0.1025
3,773.29,51390.79,67786.27,3835.69,1844.26,10715.53,0.36,0.0945
3,729.19,53941.88,67321.69,2760.13,1975.11,8644.57,0.36,0.0911
3,570.27,41957.77,53593.08,1565.16,1237.09,8833.06,0.29,0.0866
3,460.61,38718.04,47651.87,1215.12,1098.29,6620.42,0.25,0.0694
3,681.44,48081.00,61635.19,2135.25,1737.74,9681.20,0.32,0.0763
3,606.26,43501.47,55274.65,1538.31,1470.54,8764.32,0.29,0.0767
3,624.45,45510.00,59968.62,2738.87,1876.40,9843.35,0.32,0.0824
3,655.58,44230.88,58378.34,2659.34,1690.93,9797.19,0.31,0.0660
3,671.43,48903.20,64054.09,2484.36,1879.32,10787.20,0.34,0.0764
3,827.84,50649.89,67700.56,2590.18,1657.61,12802.89,0.36,0.0783
3,704.99,50021.49,66577.16,2480.13,2005.54,12070.00,0.36,0.1156
3,554.06,39058.19,52916.88,2199.49,1675.99,9983.20,0.28,0.0834
3,797.22,56532.39,71241.28,2196.98,1881.27,10630.64,0.38,0.0695
3,658.23,39112.22,52903.23,3173.73,1698.29,8918.99,0.28,0.0664
3,655.79,42324.22,56574.30,1866.53,1419.60,10963.95,0.30,0.0778
3,642.51,48321.25,61345.91,2302.71,1488.80,9233.15,0.33,0.0626
3,711.06,49246.55,61033.75,1600.56,1210.75,8975.89,0.32,0.0538
3,711.65,43418.47,59755.83,2866.90,1820.00,11650.45,0.31,0.1096
3,741.72,50498.61,68468.86,3441.30,2213.29,12315.65,0.36,0.0986
