5.000000e-01,498.38,27897.87,34033.54,600.20,1366.87,4168.60,0.15,6.5624
5.000000e-01,655.23,34090.61,41957.47,1330.90,1764.94,4771.01,0.20,4.1153
5.000000e-01,708.08,35131.62,43584.20,1564.10,1793.09,5095.40,0.22,3.2294
5.000000e-01,551.86,31322.47,36813.79,460.18,1509.45,3521.68,0.17,13.0473
5.000000e-01,713.06,37699.17,46986.04,1400.82,1959.99,5926.06,0.22,4.9038
5.000000e-01,556.00,30812.29,38463.39,866.18,1970.38,4814.55,0.17,6.3381
5.000000e-01,723.68,35742.65,45756.85,2575.47,1769.97,5668.76,0.22,3.5462
5.000000e-01,543.32,28333.26,35666.78,866.94,1529.80,4936.78,0.17,6.2229
5.000000e-01,496.48,25646.69,33427.75,1630.59,1541.24,4609.24,0.15,4.2707
5.000000e-01,540.99,29526.73,36679.05,673.42,1746.24,4732.67,0.16,5.9564
5.000000e-01,617.35,32706.44,40178.46,994.41,1912.81,4564.80,0.19,4.7209
5.000000e-01,542.93,29042.40,34904.25,742.14,1426.99,3692.72,0.17,3.7194
5.000000e-01,757.15,39833.06,48886.70,2207.16,2402.22,4444.26,0.24,4.6210
5.000000e-01,451.09,23960.10,31506.41,897.00,1975.94,4673.37,0.14,15.2900
5.000000e-01,445.11,23673.83,30580.80,976.44,1878.46,4052.07,0.14,5.2290
5.000000e-01,618.44,32382.18,40761.26,1744.41,1709.40,4925.27,0.19,5.1877
5.000000e-01,689.38,36353.30,45728.27,1787.33,2192.60,5395.04,0.21,7.0180
5.000000e-01,603.21,33131.70,40846.70,1073.23,2158.54,4483.23,0.19,5.4501
5.000000e-01,823.45,44244.99,52619.22,1745.48,1885.56,4743.19,0.26,4.3679
5.000000e-01,449.76,23628.13,31134.93,857.26,1897.26,4752.28,0.14,6.1985
5.000000e-01,672.73,34373.23,43207.61,1794.84,1687.64,5351.90,0.21,4.4424
5.000000e-01,567.36,28966.47,37633.64,1169.82,2248.48,5248.88,0.17,5.5428
5.000000e-01,678.10,34707.68,43245.03,1928.14,1822.68,4786.53,0.21,4.4828
5.000000e-01,558.85,28554.43,35780.75,925.95,1774.60,4525.77,0.17,4.8118
5.000000e-01,524.55,28734.59,36180.05,636.86,2260.90,4547.69,0.16,13.6396
5.000000e-01,538.98,30065.49,37282.07,902.78,1573.77,4740.02,0.16,6.9518
5.000000e-01,663.03,34967.13,42909.70,1109.79,1982.34,4850.44,0.20,4.6925
5.000000e-01,489.59,26601.42,32753.90,418.14,1359.04,4375.30,0.15,8.0865
5.000000e-01,717.26,36777.82,45063.32,1492.43,1882.63,4910.45,0.22,5.9279
5.000000e-01,839.52,41735.53,51127.35,1960.47,1937.74,5493.62,0.26,3.3966
5.000000e-01,537.60,28679.20,36339.40,948.91,2213.04,4498.26,0.16,8.0520
5.000000e-01,610.82,32064.29,39837.42,1422.46,1515.29,4835.38,0.18,5.1097
5.000000e-01,508.35,26821.11,34340.20,810.00,1710.61,4998.48,0.15,6.3844
5.000000e-01,687.97,37242.91,45300.87,1391.42,1773.56,4892.99,0.21,5.1792
5.000000e-01,510.36,27007.89,35103.60,763.40,2048.13,5284.18,0.15,7.6823
5.000000e-01,453.82,24187.17,30843.99,1330.45,1618.04,3708.32,0.14,5.2033
5.000000e-01,892.46,44922.78,54353.00,2263.70,1768.66,5397.85,0.28,4.2036
5.000000e-01,557.57,27543.44,36053.89,2056.22,2373.03,4081.20,0.17,4.0853
5.000000e-01,545.97,27115.63,35044.49,1628.28,1814.73,4485.85,0.17,4.5377
5.000000e-01,567.01,29056.87,36132.26,1253.92,1561.42,4260.06,0.17,3.6966
5.000000e-01,572.98,30646.24,37780.64,1020.45,1677.32,4436.64,0.17,8.1143
5.000000e-01,550.19,28163.09,34804.44,1562.39,1474.10,3604.86,0.17,4.2986
5.000000e-01,718.09,36005.33,45722.00,1679.30,1768.56,6268.80,0.22,3.5058
5.000000e-01,575.03,31669.51,38932.73,911.01,2067.79,4284.42,0.18,5.9051
5.000000e-01,436.69,23195.54,29528.62,1125.73,1554.10,3653.25,0.13,4.8185
5.000000e-01,561.29,30517.26,39158.55,1004.78,2210.14,5426.38,0.17,6.5884
5.000000e-01,552.18,29632.09,36153.95,1209.76,1551.72,3760.37,0.17,4.0813
5.000000e-01,633.73,34069.72,42490.91,1300.84,1898.16,5222.18,0.19,4.9887
5.000000e-01,877.51,46017.39,55375.60,2079.28,1955.01,5323.92,0.28,4.2594
5.000000e-01,378.76,19953.26,26697.67,897.05,1808.89,4038.47,0.12,7.7540
5.000000e-01,583.92,32470.28,39658.35,675.16,2132.92,4379.99,0.18,6.6271
5.000000e-01,534.00,28801.26,36401.55,1184.82,1698.43,4717.04,0.16,5.4572
5.000000e-01,686.90,38200.51,45357.52,1008.35,1836.02,4312.64,0.21,7.0076
5.000000e-01,650.48,36398.19,44040.54,1172.02,1832.68,4637.65,0.20,5.9399
5.000000e-01,561.90,29435.90,37024.53,1179.04,1808.55,4601.03,0.17,5.9796
5.000000e-01,560.63,31136.53,38043.61,552.90,2077.33,4276.85,0.17,13.0725
5.000000e-01,616.95,33088.89,39959.55,518.87,1259.43,5092.37,0.19,5.2932
5.000000e-01,712.60,39675.14,46867.77,218.25,2034.64,4939.73,0.22,18.7475
5.000000e-01,632.43,31517.73,40429.15,2032.85,2092.73,4785.84,0.20,4.8950
5.000000e-01,623.98,34122.80,41037.02,1010.61,1475.00,4428.61,0.19,4.6963
5.000000e-01,518.18,28434.42,36637.15,889.90,1855.56,5457.28,0.16,8.9730
5.000000e-01,564.17,31112.79,37916.29,783.39,1428.03,4592.08,0.17,5.2015
5.000000e-01,606.92,32646.14,39639.73,1340.22,1615.71,4037.66,0.18,5.6179
5.000000e-01,622.85,35122.64,42033.28,603.71,1627.57,4679.36,0.19,7.6371
5.000000e-01,658.87,34678.40,42352.46,1030.42,1775.79,4867.85,0.20,5.2260
5.000000e-01,600.56,30542.61,40115.21,2377.74,2443.77,4751.09,0.19,4.3653
5.000000e-01,625.27,34826.67,42003.09,942.87,1435.47,4798.09,0.19,7.3653
5.000000e-01,677.07,34916.55,43909.39,1657.86,2045.68,5289.29,0.21,5.1522
5.000000e-01,677.32,34474.19,43838.68,2095.83,2163.06,5105.60,0.21,4.4252
5.000000e-01,588.02,31740.05,39902.89,964.53,1912.73,5285.58,0.18,6.4242
5.000000e-01,438.16,23041.76,30264.46,1212.04,1843.51,4167.15,0.13,5.8531
5.000000e-01,555.07,28486.53,35750.95,942.55,1605.90,4715.97,0.17,6.5197
5.000000e-01,684.52,37912.93,45256.68,571.54,1640.94,5131.27,0.21,13.7947
5.000000e-01,506.72,27548.29,34343.25,1102.03,1490.81,4202.12,0.15,5.2700
5.000000e-01,651.17,33424.88,41537.23,1467.44,1823.77,4821.13,0.20,4.2647
5.000000e-01,726.22,37621.60,46669.53,1989.66,1997.50,5060.78,0.22,4.5565
5.000000e-01,738.62,39413.74,48044.80,1588.05,1914.50,5128.50,0.23,6.1850
5.000000e-01,538.82,28933.21,36824.51,1469.65,1911.90,4509.75,0.16,8.6288
5.000000e-01,673.19,34763.79,44121.64,1819.09,2328.39,5210.37,0.21,5.3326
5.000000e-01,690.21,33717.14,43243.13,2426.16,2003.14,5096.69,0.21,3.8430
5.000000e-01,639.00,32950.01,41429.45,1672.04,1671.89,5135.51,0.19,4.6078
5.000000e-01,647.01,33092.30,41007.52,1629.64,1713.32,4572.26,0.20,4.1012
5.000000e-01,714.48,35493.93,44310.91,2605.68,1884.95,4326.35,0.22,3.7892
5.000000e-01,597.07,31368.17,37753.04,990.92,1052.94,4341.01,0.18,4.1281
5.000000e-01,559.85,30971.51,36993.34,1152.82,1312.59,3556.41,0.17,4.5087
5.000000e-01,611.33,31627.10,39737.40,1896.73,1770.46,4443.11,0.19,5.4122
5.000000e-01,713.88,36171.82,44021.94,1353.10,1782.57,4714.44,0.22,3.9147
5.000000e-01,637.24,34522.99,42394.97,1043.30,1914.08,4914.60,0.19,5.3126
5.000000e-01,593.16,32883.29,40025.03,689.90,1637.77,4814.08,0.18,7.2581
5.000000e-01,615.17,34760.85,42397.21,695.54,1797.58,5143.24,0.19,8.2161
5.000000e-01,612.36,32677.07,40694.29,721.72,2172.92,5122.59,0.19,8.7213
5.000000e-01,800.83,39873.84,49610.53,1901.49,2006.38,5828.82,0.25,3.4745
5.000000e-01,548.64,31154.94,38338.44,587.19,1773.36,4822.96,0.17,10.5160
5.000000e-01,833.98,44423.96,53096.11,1194.26,2270.80,5207.09,0.25,5.5049
5.000000e-01,492.24,25717.58,32663.21,1370.41,1785.57,3789.65,0.15,4.0769
5.000000e-01,636.93,35858.07,42356.88,293.11,1297.69,4908.01,0.19,16.6063
5.000000e-01,679.01,37198.47,43956.86,1067.49,1164.54,4526.36,0.21,6.9689
5.000000e-01,586.67,32287.58,38433.24,934.63,1485.19,3725.84,0.18,4.5988
5.000000e-01,481.98,24869.12,33005.18,1444.99,1842.89,4848.18,0.15,4.6992
5.000000e-01,694.94,37665.16,46708.33,1151.82,2016.41,5874.95,0.21,9.8025
1,511.86,27962.24,36051.34,1217.34,2525.46,4346.29,0.16,4.8656
1,627.96,34599.19,43957.74,1273.68,3163.93,4920.94,0.20,8.1829
1,691.87,35883.16,45976.79,2161.77,2872.53,5059.33,0.22,3.7440
1,610.32,32386.36,41603.99,2120.46,3099.71,3997.47,0.20,3.2007
1,758.53,39436.85,50992.61,1924.76,3429.03,6201.97,0.23,4.5044
1,572.71,32227.83,41246.36,927.95,3096.70,4993.88,0.18,7.4725
1,701.50,37083.93,48181.49,2034.75,3343.19,5719.62,0.22,4.0509
1,573.82,30452.67,39784.15,1219.20,2684.29,5427.99,0.18,5.1199
1,489.15,27950.43,36119.83,793.46,2810.09,4565.85,0.15,12.0401
1,571.29,30879.92,40073.88,1436.17,2876.59,4881.19,0.18,7.0571
1,580.35,32617.58,40955.38,762.43,2997.94,4577.42,0.18,9.4018
1,513.08,28876.48,36653.77,1038.62,2983.14,3755.53,0.16,5.6209
1,642.82,37596.23,46952.99,1269.95,3851.65,4235.16,0.20,7.4131
1,434.58,24726.38,33092.02,438.63,3208.50,4718.52,0.14,21.8751
1,418.84,24320.91,31542.12,437.64,2849.84,3933.73,0.13,19.6664
1,669.01,34229.73,45003.63,2334.45,3104.01,5335.44,0.21,5.0624
1,644.54,36048.54,46280.96,1353.93,3510.11,5368.39,0.20,9.6145
1,636.59,33019.65,43339.10,1875.32,3667.13,4777.00,0.20,4.5762
1,908.04,45955.86,57922.81,3492.50,3323.97,5150.46,0.29,3.5094
1,454.22,25861.66,33687.23,391.50,2765.93,4668.15,0.14,20.9130
1,766.26,38754.28,50491.58,2965.83,2948.54,5822.93,0.24,4.2848
1,515.69,28974.90,38205.48,822.00,3291.20,5117.38,0.16,9.8272
1,673.54,35915.77,45760.62,1919.20,3059.68,4865.97,0.21,5.3810
1,572.26,29717.09,39487.60,2136.20,2904.64,4729.67,0.18,4.6388
1,493.40,28041.00,36355.39,593.81,3233.89,4486.69,0.15,18.0015
1,593.74,32948.94,41999.17,1181.57,2956.95,4911.71,0.18,7.7456
1,665.63,35721.79,45943.36,1860.98,3334.19,5026.40,0.21,5.8032
1,497.30,27744.21,35976.32,959.61,2528.72,4743.78,0.15,6.2944
1,687.90,37665.37,47148.48,1352.09,3136.45,4994.57,0.21,5.8609
1,865.42,42204.23,54354.40,2979.89,3450.50,5719.79,0.28,3.9201
1,509.98,28736.45,37453.00,679.37,3480.16,4557.03,0.16,19.0869
1,651.45,35058.73,44804.63,1971.07,2734.62,5040.21,0.20,5.0314
1,535.83,27759.98,37322.25,1580.90,2857.44,5123.93,0.17,5.2342
1,729.06,38807.32,49401.76,2031.08,3437.25,5126.12,0.23,4.9911
1,536.10,29191.70,38633.12,1032.50,2999.48,5409.44,0.17,7.6855
1,431.13,25497.93,32708.12,676.71,2786.67,3746.82,0.14,8.2037
1,894.34,46613.59,57969.36,2510.39,3201.29,5644.08,0.29,3.9911
1,475.95,27547.27,35759.25,700.11,3599.66,3912.21,0.15,10.9788
1,477.87,27455.88,35349.72,737.80,2934.42,4221.61,0.15,12.9414
1,566.25,30288.16,39125.44,1761.74,2663.54,4412.00,0.18,4.0633
1,577.42,31186.21,40135.81,1409.08,2872.29,4668.23,0.18,8.4963
1,619.41,29498.22,39573.27,3484.48,2718.09,3872.47,0.20,3.9826
1,631.79,35454.10,45295.19,675.40,3216.59,5949.11,0.19,9.4667
1,561.01,31237.68,40031.73,1351.10,3124.10,4318.86,0.18,5.6855
1,428.86,24091.84,31342.05,785.41,2824.84,3639.97,0.13,9.5331
1,530.20,30075.27,39797.43,504.14,3810.26,5407.76,0.16,19.6278
1,550.21,29770.45,37888.13,1401.56,2842.81,3873.31,0.17,5.8233
1,622.12,34726.93,44357.24,1288.81,3108.90,5232.59,0.20,6.1407
1,940.04,47039.02,59924.99,3519.03,3664.70,5702.23,0.30,4.0670
1,385.89,21739.74,29209.23,458.28,2943.73,4067.48,0.12,21.2326
1,645.36,34511.25,44762.22,1881.74,3448.45,4920.78,0.21,4.6882
1,534.53,30257.03,38967.98,885.23,3163.26,4662.47,0.17,13.3820
1,814.85,40398.75,51402.04,2703.22,3272.11,5027.96,0.26,3.9610
1,616.35,36082.23,44986.52,1025.40,3149.18,4729.71,0.19,8.8713
1,579.60,31374.74,41026.99,1760.11,2920.43,4971.72,0.19,4.6171
1,554.09,30477.28,39584.54,830.44,3778.42,4498.40,0.17,8.7799
1,700.29,37130.00,47517.96,2194.46,2534.28,5659.22,0.22,5.5763
1,740.47,40921.26,50609.40,1420.81,2983.89,5283.44,0.23,7.3309
1,544.37,31345.20,39669.49,756.18,3140.54,4427.57,0.17,10.7108
1,623.17,34668.53,43599.43,1608.63,2806.18,4516.09,0.19,5.9988
1,505.78,28450.37,37587.79,607.43,3089.37,5440.61,0.16,13.7521
1,741.33,35250.49,46336.37,3226.47,2612.55,5246.85,0.23,4.0895
1,712.25,34674.27,45285.92,3066.64,3042.41,4502.60,0.22,3.7745
1,767.45,37294.46,48563.43,2940.81,2976.84,5351.32,0.24,4.5421
1,703.44,36839.05,46918.62,1866.45,3070.78,5142.34,0.22,4.8583
1,512.38,29520.61,38404.95,767.00,3694.07,4423.27,0.16,12.8499
1,715.85,37142.81,47431.75,2154.77,2785.29,5348.88,0.23,5.2568
1,687.14,37101.35,47392.96,1581.75,3372.21,5337.65,0.21,6.3732
1,559.27,32577.75,41574.90,541.03,3751.28,4704.85,0.17,21.1653
1,594.74,32879.98,42484.52,942.66,3189.51,5472.38,0.18,13.4675
1,412.99,23773.03,31102.91,444.42,2772.01,4113.45,0.13,18.8278
1,582.66,30282.31,39980.46,1732.70,2939.07,5026.38,0.18,5.3454
1,744.24,38768.59,49398.87,1850.61,3077.93,5701.74,0.23,4.8804
1,583.33,29885.65,39923.07,2733.65,2665.18,4638.59,0.19,4.1763
1,696.57,35504.78,45750.85,2004.87,3146.80,5094.41,0.21,4.3623
1,749.55,39401.15,50716.60,2481.86,3477.84,5355.74,0.24,3.9783
1,882.22,43769.01,56627.37,3754.99,3332.08,5771.30,0.29,4.0690
1,514.13,29463.67,37959.83,786.97,3231.62,4477.57,0.16,8.9213
1,671.71,35289.78,46483.02,2059.91,3794.05,5339.28,0.21,6.0438
1,701.15,35353.77,46434.85,2093.72,3662.47,5324.89,0.22,4.5186
1,624.96,35374.11,44507.69,1003.39,2973.59,5156.61,0.19,7.3806
1,651.21,33620.94,43853.24,2375.86,3112.08,4744.36,0.21,3.9775
1,752.40,38014.14,48341.27,2429.31,3328.84,4568.99,0.24,3.9382
1,704.58,34267.25,43890.79,2780.77,2095.86,4746.90,0.22,3.9103
1,692.95,34199.38,43969.06,3219.26,2535.25,4015.17,0.22,4.0656
1,678.56,33923.98,44592.89,2791.37,3002.95,4874.58,0.22,4.1173
1,744.22,36879.02,47578.81,2706.35,2881.32,5112.12,0.24,3.6125
1,620.20,34404.73,43758.13,1323.80,3090.81,4938.80,0.19,8.8497
1,569.43,32478.88,41104.03,741.60,3068.81,4814.73,0.18,9.1853
1,657.27,36751.34,46474.55,1103.22,3223.19,5396.80,0.20,7.6010
1,603.94,34447.81,44129.27,869.78,3506.19,5305.49,0.19,12.4284
1,828.06,40899.28,53334.61,2688.82,3566.62,6179.88,0.27,3.8801
1,573.32,32206.80,41394.99,1122.93,2912.40,5152.84,0.18,6.6210
1,795.37,43152.64,53960.84,1400.99,3929.53,5477.68,0.25,5.0221
1,533.09,26568.83,36098.24,2562.15,2995.06,3972.20,0.17,4.7955
1,689.28,35746.73,45854.26,1808.74,2789.22,5509.57,0.21,5.7101
1,800.28,39261.48,50478.00,3700.22,2452.71,5063.59,0.25,3.9778
1,684.69,34095.11,43350.44,2511.06,2575.07,4169.20,0.21,3.8200
1,449.74,25610.90,33882.10,449.50,3139.33,4682.38,0.14,15.7577
1,636.04,36125.65,45956.17,571.87,3549.59,5709.06,0.20,16.0390
1.500000e+00,482.17,27494.03,35828.70,531.46,3561.98,4241.23,0.15,18.9573
1.500000e+00,601.71,34289.15,44270.91,1009.63,4065.04,4907.09,0.19,9.9938
1.500000e+00,623.23,34887.84,44665.07,880.96,3969.68,4926.58,0.19,7.0219
1.500000e+00,495.32,30137.50,38190.95,623.80,3734.68,3694.97,0.16,18.2006
1.500000e+00,663.38,38041.41,49072.57,736.06,4368.74,5926.36,0.21,18.5998
1.500000e+00,540.10,31375.99,41004.45,602.76,4058.08,4967.62,0.17,18.1390
1.500000e+00,584.61,34877.72,45033.25,684.81,4124.74,5345.98,0.18,18.9804
1.500000e+00,531.72,29720.42,39384.01,573.87,3760.04,5329.68,0.16,17.5508
1.500000e+00,460.21,27066.32,35868.58,619.45,3636.51,4546.30,0.15,19.1665
1.500000e+00,507.67,29927.07,38950.98,862.67,3440.97,4720.27,0.16,9.9748
1.500000e+00,539.64,31677.84,40479.13,576.87,3697.34,4527.08,0.17,18.3762
1.500000e+00,479.82,28451.35,36265.39,530.51,3550.55,3732.98,0.15,17.6547
1.500000e+00,578.78,35594.48,44925.64,808.81,4388.16,4134.18,0.18,23.4219
1.500000e+00,441.36,24653.59,34371.78,694.69,4146.42,4877.09,0.14,22.2696
1.500000e+00,412.67,23645.42,31964.44,681.84,3603.74,4033.44,0.13,21.1563
1.500000e+00,541.72,32824.27,42228.55,641.17,3799.48,4963.63,0.17,20.9241
1.500000e+00,606.62,34790.30,45560.68,794.97,4684.59,5290.82,0.19,23.0890
1.500000e+00,518.49,31053.69,40417.19,672.80,4219.96,4470.74,0.17,21.1791
1.500000e+00,745.08,42635.83,52696.06,1084.42,4324.56,4651.25,0.23,6.2840
1.500000e+00,455.26,25272.61,34473.95,635.91,3769.09,4796.34,0.14,20.6880
1.500000e+00,654.42,36948.00,47422.79,1063.77,3986.93,5424.09,0.21,8.6578
1.500000e+00,492.77,28025.28,37854.90,705.13,4048.48,5076.00,0.16,22.5017
1.500000e+00,560.76,33657.25,42601.72,670.72,3740.49,4533.26,0.18,12.4245
1.500000e+00,485.08,28493.25,37038.10,590.59,3534.99,4419.27,0.15,20.6425
1.500000e+00,466.77,27202.79,36347.36,687.67,3920.34,4536.57,0.15,21.5405
1.500000e+00,542.38,31793.40,40944.80,567.02,3797.06,4787.32,0.17,21.1090
1.500000e+00,583.87,34317.18,44010.84,747.32,4147.71,4798.62,0.18,11.2687
1.500000e+00,466.73,27359.71,35789.84,502.01,3235.61,4692.51,0.15,20.0777
1.500000e+00,584.37,35737.91,44673.95,588.90,3555.33,4791.81,0.19,22.4822
1.500000e+00,727.60,39797.07,50657.04,1294.30,4277.76,5287.90,0.23,6.1262
1.500000e+00,491.02,27908.21,37452.92,734.21,4179.87,4630.63,0.15,21.4216
1.500000e+00,621.54,34887.23,44727.77,1116.00,3714.42,5010.11,0.20,6.4046
1.500000e+00,485.72,27599.82,36555.10,562.38,3401.84,4991.05,0.15,20.4890
1.500000e+00,643.58,37880.10,47873.88,894.11,4123.64,4976.03,0.20,11.3779
1.500000e+00,501.34,28087.80,38148.82,647.01,4077.39,5336.62,0.16,20.7736
1.500000e+00,413.51,24569.32,32401.35,614.44,3475.50,3742.09,0.13,19.8420
1.500000e+00,755.80,43291.96,53697.72,1071.94,4063.53,5270.30,0.24,7.5096
1.500000e+00,458.85,26531.58,35725.89,796.74,4419.81,3977.77,0.15,23.2861
1.500000e+00,463.19,26955.20,35694.66,616.98,3817.60,4304.89,0.15,22.1579
1.500000e+00,504.15,28590.89,37192.44,1062.12,3412.29,4127.14,0.16,7.2598
1.500000e+00,524.97,30272.55,39173.40,569.27,3819.02,4512.55,0.16,20.3620
1.500000e+00,485.78,28232.54,36111.98,1038.21,3272.51,3568.72,0.15,8.2850
1.500000e+00,604.88,34256.86,44915.14,652.37,4072.30,5933.61,0.19,20.5287
1.500000e+00,488.27,29722.74,38354.17,647.63,3849.86,4133.93,0.16,21.4953
1.500000e+00,415.07,23630.48,31497.36,596.02,3564.04,3706.83,0.13,20.2454
1.500000e+00,515.66,29294.20,39782.81,730.65,4336.50,5421.45,0.16,21.3322
1.500000e+00,473.63,28027.25,35897.69,565.85,3622.57,3682.02,0.15,18.6048
1.500000e+00,575.21,33225.66,43350.14,686.49,4337.16,5100.84,0.18,21.4018
1.500000e+00,744.63,43145.95,53777.37,879.01,4557.05,5195.37,0.23,7.4761
1.500000e+00,389.96,21446.63,29953.27,628.70,3730.42,4147.53,0.12,21.2730
1.500000e+00,540.42,32002.18,41590.55,682.17,4354.78,4551.42,0.17,21.6923
1.500000e+00,506.62,29347.88,38564.97,625.51,3994.69,4596.89,0.16,20.3659
1.500000e+00,669.69,37219.64,46919.29,1061.51,4107.24,4530.89,0.21,8.3650
1.500000e+00,568.78,34404.84,43763.54,722.53,3996.43,4639.74,0.18,23.1651
1.500000e+00,516.01,29508.99,38624.92,594.73,3884.37,4636.83,0.16,20.6728
1.500000e+00,504.75,29821.29,39061.19,708.84,4082.20,4448.86,0.16,21.5430
1.500000e+00,664.85,36628.73,47363.42,1545.78,3611.42,5577.49,0.21,6.3235
1.500000e+00,678.74,39115.60,49300.11,1050.45,3968.30,5165.76,0.22,7.6842
1.500000e+00,516.22,30029.70,39189.72,674.11,4063.60,4422.30,0.16,20.7165
1.500000e+00,581.88,33896.69,43066.01,721.54,4009.19,4438.59,0.18,17.1753
1.500000e+00,499.01,28331.71,38143.70,580.04,3811.22,5420.72,0.16,20.6936
1.500000e+00,651.72,34945.40,45486.03,1819.92,3639.81,5080.90,0.21,5.3588
1.500000e+00,595.15,33182.74,42411.74,1098.70,3947.04,4183.27,0.19,8.2140
1.500000e+00,618.54,35349.55,45108.04,912.22,3891.93,4954.35,0.19,11.4214
1.500000e+00,674.56,37050.75,47285.65,1222.13,3914.75,5098.02,0.21,5.7124
1.500000e+00,499.48,29071.15,38836.63,795.14,4424.00,4546.33,0.16,22.7208
1.500000e+00,592.30,35040.21,44400.00,589.48,3753.82,5016.48,0.18,22.3572
1.500000e+00,592.12,34809.90,44929.08,653.43,4411.40,5054.34,0.19,22.1792
1.500000e+00,539.10,31614.87,41433.35,743.55,4319.38,4755.55,0.17,23.6159
1.500000e+00,572.62,32068.05,42324.53,643.70,4180.73,5432.07,0.18,21.7843
1.500000e+00,403.86,23257.42,31772.74,672.29,3620.04,4222.99,0.13,21.4445
1.500000e+00,508.77,29359.35,38526.06,600.10,3759.21,4807.40,0.16,22.3045
1.500000e+00,652.10,37278.14,47315.47,750.56,3863.11,5423.66,0.20,16.3344
1.500000e+00,504.12,28798.35,37680.84,910.21,3618.48,4353.80,0.16,11.9019
1.500000e+00,553.82,32792.72,42157.33,601.56,4052.37,4710.67,0.17,21.3092
1.500000e+00,622.64,36864.94,46842.58,794.19,4251.13,4932.31,0.20,12.2571
1.500000e+00,833.00,43896.21,55693.19,1715.05,4446.44,5635.49,0.27,4.2858
1.500000e+00,480.96,29330.03,38357.30,666.99,3890.52,4469.75,0.16,20.8043
1.500000e+00,563.39,33160.18,43348.37,728.60,4466.17,4993.42,0.18,22.9844
1.500000e+00,555.52,32669.93,42348.47,639.65,4264.87,4774.02,0.17,20.9203
1.500000e+00,570.65,34182.43,43583.74,578.44,3797.36,5025.51,0.18,22.2578
1.500000e+00,552.28,31933.13,40999.83,966.40,3706.66,4393.64,0.18,10.8951
1.500000e+00,623.55,35260.87,44423.41,966.19,4003.02,4193.34,0.20,7.6169
1.500000e+00,729.36,35414.56,46539.17,3194.84,2997.32,4932.45,0.23,3.7146
1.500000e+00,617.74,34065.49,42809.53,1474.26,3443.37,3826.41,0.19,8.0693
1.500000e+00,540.53,31452.48,40623.36,864.14,3925.29,4381.46,0.17,9.4570
1.500000e+00,616.93,34569.43,44193.06,1218.74,3689.55,4715.35,0.20,6.5784
1.500000e+00,554.96,32824.15,42203.33,615.23,3976.35,4787.60,0.17,21.8102
1.500000e+00,546.30,31747.65,41036.32,625.47,3834.48,4828.73,0.17,21.2294
1.500000e+00,587.58,35697.67,45491.69,675.46,3878.93,5239.62,0.19,22.0342
1.500000e+00,591.64,33726.17,44028.96,660.57,4344.87,5297.34,0.18,21.4742
1.500000e+00,650.81,37398.75,48167.12,765.62,4398.86,5603.89,0.21,13.5566
1.500000e+00,535.48,31261.06,40810.59,590.22,3951.38,5007.93,0.17,21.9375
1.500000e+00,674.52,40040.86,50496.63,740.08,4561.29,5154.40,0.21,23.6231
1.500000e+00,421.02,25166.52,32639.38,559.12,3359.82,3553.92,0.13,19.0429
1.500000e+00,625.21,35500.24,45439.52,681.73,3933.66,5323.89,0.19,15.5019
1.500000e+00,733.71,39371.13,49564.81,1927.38,3398.92,4867.37,0.23,4.7186
1.500000e+00,617.17,33440.32,42539.25,1652.88,3411.49,4034.56,0.20,4.9449
1.500000e+00,440.50,24994.08,34265.28,693.14,3823.29,4754.77,0.14,19.6658
1.500000e+00,611.22,35047.47,45866.61,710.46,4479.58,5629.10,0.19,22.5359
2,463.02,27199.86,35856.84,679.70,3737.82,4239.45,0.15,19.4324
2,543.45,32894.25,42809.88,781.66,4347.77,4786.20,0.18,19.8481
2,560.59,33451.76,43311.79,700.27,4332.10,4827.67,0.18,19.3805
2,470.64,29747.50,37972.75,701.39,3815.33,3708.52,0.16,18.2188
2,619.42,36761.02,48256.84,781.10,4845.17,5869.54,0.20,20.5429
2,521.08,30955.49,41352.64,754.67,4559.34,5083.12,0.17,19.9172
2,588.06,34770.42,45654.82,817.06,4638.95,5428.40,0.19,20.1906
2,529.95,29382.45,39906.43,746.71,4352.18,5425.08,0.17,19.4255
2,468.42,27200.02,36776.08,742.36,4128.57,4705.13,0.15,19.9143
2,491.82,28924.91,38290.07,672.07,4039.50,4653.59,0.16,19.0221
2,536.89,30767.90,40547.70,719.01,4496.76,4564.03,0.17,18.6141
2,462.22,28320.43,36903.08,694.61,4054.92,3833.13,0.15,17.5648
2,578.78,35594.48,44925.64,808.81,4388.16,4134.18,0.18,22.6435
2,437.27,24656.26,34729.46,794.80,4335.28,4943.11,0.14,21.0501
2,413.77,23589.48,32283.13,778.25,3860.35,4055.04,0.13,20.0850
2,549.12,32779.52,42628.67,733.10,4074.56,5041.49,0.18,20.1875
2,607.87,34938.54,45781.35,819.16,4720.87,5302.78,0.19,22.1665
2,527.35,30544.55,40444.84,774.42,4617.39,4508.47,0.17,20.8399
2,649.44,40481.25,50337.92,794.26,4576.78,4485.63,0.21,21.2543
2,456.56,25388.56,35093.59,730.11,4116.17,4858.76,0.15,19.9883
2,607.46,35178.01,45862.33,762.09,4591.89,5330.35,0.19,22.1546
2,485.50,27887.53,38104.80,777.84,4309.78,5129.65,0.16,21.3633
2,513.69,32775.49,41829.16,703.42,3865.98,4484.27,0.17,20.4264
2,480.47,28099.28,37515.24,742.83,4163.28,4509.84,0.16,21.0985
2,476.08,27213.27,36637.65,743.00,4114.34,4567.05,0.15,21.1144
2,542.09,31405.56,41456.91,742.72,4426.99,4881.64,0.17,20.5422
2,547.41,33299.38,43474.17,748.48,4632.50,4793.81,0.18,21.0521
2,470.25,27210.77,36497.81,663.61,3861.20,4762.23,0.15,20.2184
2,583.37,35052.36,44758.75,726.54,4150.38,4829.48,0.18,22.2934
2,672.64,37979.53,48625.22,776.73,4684.89,5184.07,0.21,10.3906
2,482.26,27613.82,37380.90,820.11,4293.82,4653.16,0.15,19.9972
2,564.17,33039.73,42980.65,734.30,4349.51,4857.11,0.18,20.8689
2,480.70,27181.41,36962.70,705.48,4044.82,5030.99,0.15,21.2745
2,599.59,36586.05,46895.26,780.72,4617.81,4910.68,0.19,21.2795
2,501.78,28064.60,38603.40,742.35,4383.93,5412.52,0.16,20.8262
2,408.21,24358.83,32415.03,688.28,3625.55,3742.37,0.13,19.0105
2,696.27,41414.11,51957.71,780.92,4603.67,5159.00,0.22,19.5851
2,458.85,26531.58,35725.89,796.74,4419.81,3977.77,0.15,21.1264
2,457.66,26749.54,36027.24,732.63,4163.36,4381.71,0.15,20.5546
2,467.44,27795.55,36405.73,707.90,3815.67,4086.61,0.15,19.4087
2,511.57,29639.55,38956.13,697.88,4146.47,4472.22,0.16,20.7616
2,454.98,27355.17,35443.14,713.72,3866.66,3507.59,0.14,19.2944
2,603.65,34091.29,45347.74,809.62,4463.91,5982.92,0.19,20.9300
2,484.20,29497.41,38512.38,766.10,4061.65,4187.22,0.16,21.2110
2,411.55,23447.19,31886.22,723.58,3947.14,3768.31,0.13,20.5569
2,520.25,29396.55,40208.35,804.54,4528.98,5478.28,0.17,21.1791
2,462.85,27636.96,36027.06,713.38,3941.49,3735.23,0.15,19.6238
2,558.64,32617.91,43036.31,759.99,4568.44,5089.97,0.18,21.5390
2,707.48,42118.30,52841.93,800.17,4780.17,5143.29,0.22,13.8157
2,370.90,21057.26,29815.99,762.54,3874.56,4121.63,0.12,20.3709
2,533.73,31551.58,41433.15,779.07,4562.25,4540.25,0.17,21.3275
2,494.82,28661.22,38439.32,744.12,4408.63,4625.35,0.16,20.4631
2,622.44,36193.59,45785.49,770.60,4349.56,4471.74,0.19,12.3125
2,555.33,33587.57,43257.58,802.86,4242.13,4625.02,0.18,22.1120
2,502.26,29050.22,38930.78,776.65,4385.08,4718.83,0.16,21.1351
2,503.83,29687.61,39237.66,763.97,4305.45,4480.64,0.16,21.0635
2,626.31,36000.72,46668.73,745.99,4372.82,5549.20,0.20,12.8295
2,648.30,38112.04,48428.75,731.16,4485.05,5100.49,0.20,20.6811
2,509.55,29531.94,39049.79,767.44,4330.79,4419.62,0.16,20.6957
2,550.98,33148.64,42716.79,739.01,4401.12,4428.02,0.18,21.4641
2,491.40,27972.75,38544.00,748.52,4316.43,5506.29,0.16,23.5874
2,553.52,32983.56,42357.74,733.70,3884.92,4755.56,0.18,13.0837
2,518.90,31088.93,40038.33,712.38,4270.87,3966.15,0.16,22.6085
2,578.04,33660.46,43621.89,687.95,4439.18,4834.30,0.18,21.4951
2,593.92,35190.34,45215.35,718.46,4376.19,4930.36,0.19,12.6818
2,499.48,29071.15,38836.63,795.14,4424.00,4546.33,0.16,22.5280
2,579.95,34527.45,44468.08,727.90,4186.37,5026.36,0.18,22.3622
2,593.73,34496.71,45269.18,759.21,4893.86,5119.39,0.19,23.4300
2,532.07,31190.31,41179.28,792.71,4457.30,4738.96,0.17,23.5750
2,559.38,31642.12,42313.19,742.10,4485.22,5443.76,0.18,21.7627
2,394.80,22736.64,31578.09,742.43,3881.55,4217.47,0.13,21.0645
2,507.62,28574.91,38517.91,748.31,4338.99,4855.69,0.16,21.8335
2,620.24,36240.05,46749.49,702.73,4454.07,5352.63,0.19,22.2696
2,483.64,28708.55,37887.14,724.49,4062.63,4391.47,0.16,21.0467
2,542.68,32690.97,42303.49,683.27,4178.27,4750.99,0.17,21.7209
2,604.47,35545.96,45875.86,741.66,4725.31,4862.94,0.19,21.0484
2,713.35,40882.36,52013.53,835.47,5007.94,5287.75,0.22,10.3262
2,476.65,28561.87,38110.00,797.18,4256.27,4494.69,0.15,22.3476
2,561.14,32825.06,43507.55,798.24,4844.10,5040.15,0.18,23.0355
2,544.95,32554.18,42640.58,768.24,4496.85,4821.32,0.18,21.8611
2,568.68,33769.07,43860.87,702.89,4284.59,5104.32,0.18,22.2732
2,505.82,30505.70,39612.64,765.85,4033.91,4307.17,0.16,21.9793
2,551.89,33243.83,42295.96,772.46,4250.09,4029.57,0.18,19.6693
2,631.60,34673.70,44450.06,1517.64,3601.36,4657.36,0.20,5.9596
2,538.40,32315.21,40534.85,688.34,3844.47,3686.83,0.17,14.7447
2,508.22,30846.12,40286.89,757.16,4330.78,4352.83,0.17,22.8386
2,546.52,32573.01,41776.32,687.81,4048.73,4466.77,0.17,19.0967
2,551.45,32337.51,42192.36,764.61,4306.08,4784.16,0.17,22.6417
2,524.56,31351.56,41055.51,754.05,4107.92,4841.99,0.17,21.8202
2,576.44,35095.15,45200.10,743.26,4122.52,5239.17,0.19,21.4718
2,584.96,33789.86,44676.49,794.27,4710.05,5382.31,0.19,21.5219
2,617.42,36118.93,47220.11,750.51,4777.67,5573.00,0.20,22.8719
2,521.22,30593.85,40840.21,747.70,4428.14,5070.52,0.17,21.9397
2,670.34,39527.92,50306.33,783.50,4794.10,5200.82,0.21,22.8483
2,418.23,24840.66,33334.80,753.73,4098.09,3642.33,0.14,21.8760
2,602.64,34117.35,44625.00,704.38,4522.53,5280.74,0.19,21.2441
2,601.82,36672.74,45848.27,620.77,4048.69,4506.08,0.19,21.5807
2,522.45,31265.47,39576.18,689.09,3842.01,3779.60,0.17,13.2429
2,447.58,25187.94,34781.25,744.45,4042.93,4805.92,0.14,22.9512
2,601.36,34445.97,45641.18,786.85,4752.66,5655.71,0.19,18.1412
2.500000e+00,455.84,27220.18,35943.90,727.01,3713.59,4283.12,0.15,18.9801
2.500000e+00,539.08,32587.94,42601.19,810.26,4427.83,4775.17,0.18,19.6799
2.500000e+00,538.99,33309.16,43356.18,795.40,4409.83,4841.80,0.18,20.8873
2.500000e+00,462.89,29473.00,37979.73,775.51,3996.12,3735.09,0.16,18.7801
2.500000e+00,612.07,36516.00,48009.79,811.08,4820.99,5861.71,0.20,19.0847
2.500000e+00,517.60,30834.47,41310.01,782.20,4625.09,5068.26,0.17,20.3483
2.500000e+00,588.06,34770.42,45654.82,817.06,4638.95,5428.40,0.19,19.9316
2.500000e+00,523.20,28846.65,39551.66,799.89,4498.85,5406.27,0.16,19.8385
2.500000e+00,469.96,27158.01,36962.76,772.16,4295.86,4736.72,0.15,18.6846
2.500000e+00,484.95,28663.22,38368.74,770.71,4237.97,4696.85,0.16,19.0129
2.500000e+00,528.65,30387.57,40258.91,770.64,4558.47,4542.22,0.17,18.8945
2.500000e+00,451.24,27521.96,36356.06,765.55,4267.96,3800.59,0.15,18.6061
2.500000e+00,578.78,35594.48,44925.64,808.81,4388.16,4134.18,0.18,21.5077
2.500000e+00,437.27,24656.26,34729.46,794.80,4335.28,4943.11,0.14,21.4999
2.500000e+00,417.49,23502.39,32336.80,798.66,3976.86,4058.89,0.13,20.7933
2.500000e+00,542.20,32127.29,42090.76,776.18,4201.91,4985.39,0.17,21.2712
2.500000e+00,607.87,34938.54,45781.35,819.16,4720.87,5302.78,0.19,22.0997
2.500000e+00,521.97,30368.99,40334.94,797.55,4648.88,4519.52,0.17,20.6398
2.500000e+00,644.43,40432.23,50314.98,824.08,4570.62,4488.05,0.21,21.4664
2.500000e+00,450.72,25114.37,34874.67,754.86,4177.00,4828.44,0.14,20.5064
2.500000e+00,600.86,34920.56,45672.09,786.55,4646.25,5318.74,0.19,21.7352
2.500000e+00,488.57,27698.29,38042.80,807.59,4413.07,5123.85,0.16,20.7277
2.500000e+00,516.37,32548.48,41858.08,751.82,4080.76,4477.02,0.17,21.0027
2.500000e+00,484.69,27717.64,37431.09,795.96,4406.34,4511.14,0.15,21.3015
2.500000e+00,468.54,27111.22,36578.43,769.46,4126.33,4571.42,0.15,21.7056
2.500000e+00,528.73,31016.41,41194.35,794.89,4533.45,4849.59,0.17,20.7998
2.500000e+00,541.19,32963.77,43190.61,789.53,4654.20,4783.10,0.18,21.8406
2.500000e+00,461.56,26605.94,36180.93,715.83,4110.64,4748.51,0.15,20.3858
2.500000e+00,586.65,34927.74,44888.40,775.84,4310.51,4874.31,0.19,21.5579
2.500000e+00,614.90,36578.96,47048.93,786.19,4642.85,5040.94,0.20,22.1119
2.500000e+00,473.45,27261.87,37105.72,866.90,4358.32,4618.62,0.15,21.1889
2.500000e+00,553.87,32761.17,42971.55,788.78,4554.92,4866.67,0.18,21.0210
2.500000e+00,485.28,27019.21,37087.39,755.36,4243.52,5069.31,0.15,20.9959
2.500000e+00,594.87,36141.67,46703.83,824.35,4825.77,4912.05,0.19,21.3854
2.500000e+00,498.84,27762.16,38475.64,789.22,4512.44,5411.81,0.16,21.7609
2.500000e+00,408.65,23971.12,32415.33,786.66,3900.86,3756.69,0.13,20.5499
2.500000e+00,696.27,41414.11,51957.71,780.92,4603.67,5159.00,0.22,19.2468
2.500000e+00,458.85,26531.58,35725.89,796.74,4419.81,3977.77,0.15,21.0717
2.500000e+00,455.38,26881.81,36328.34,784.96,4248.56,4413.01,0.15,21.7756
2.500000e+00,465.83,27478.24,36492.51,777.08,4161.42,4075.77,0.15,21.0136
2.500000e+00,498.34,29581.73,39175.44,802.87,4258.55,4532.30,0.16,21.2105
2.500000e+00,439.33,26731.88,34937.35,779.68,3951.62,3474.17,0.14,20.4913
2.500000e+00,603.65,34091.29,45347.74,809.62,4463.91,5982.92,0.19,20.8455
2.500000e+00,482.23,29379.75,38500.03,786.17,4134.08,4200.03,0.16,21.3755
2.500000e+00,408.66,23269.90,32002.63,795.26,4160.65,3776.82,0.13,21.4203
2.500000e+00,520.25,29396.55,40208.35,804.54,4528.98,5478.28,0.17,21.2257
2.500000e+00,453.26,27465.01,36030.36,764.67,4044.41,3756.28,0.15,20.4258
2.500000e+00,562.52,32579.46,43104.92,785.82,4647.97,5091.68,0.18,21.6690
2.500000e+00,707.48,42118.30,52841.93,800.17,4780.17,5143.29,0.22,13.3658
2.500000e+00,374.43,20948.59,29890.56,806.78,3986.62,4148.58,0.12,21.6089
2.500000e+00,527.80,31336.58,41323.68,805.02,4646.42,4535.66,0.17,22.1655
2.500000e+00,496.44,29048.97,39077.19,795.20,4519.84,4713.18,0.16,20.9316
2.500000e+00,582.91,34793.08,44354.39,778.61,4413.11,4369.59,0.18,20.7393
2.500000e+00,555.33,33587.57,43257.58,802.86,4242.13,4625.02,0.18,21.5850
2.500000e+00,502.70,28886.71,38922.71,796.86,4494.36,4744.78,0.16,22.0513
2.500000e+00,493.57,29280.66,39056.48,813.43,4492.41,4469.98,0.16,21.1274
2.500000e+00,614.93,35271.75,46551.04,801.20,4919.47,5558.63,0.19,21.4498
2.500000e+00,631.19,37673.06,48214.92,797.91,4612.56,5131.38,0.20,21.2365
2.500000e+00,500.60,29305.96,38865.19,790.43,4350.80,4418.01,0.16,21.4871
2.500000e+00,550.93,32820.50,42688.71,788.61,4618.59,4461.01,0.18,22.0896
2.500000e+00,482.72,27702.86,38393.69,775.04,4402.00,5513.79,0.16,21.3054
2.500000e+00,544.64,32761.66,42636.31,756.28,4301.63,4816.74,0.17,21.1418
2.500000e+00,507.71,30837.17,39946.28,790.49,4353.45,3965.17,0.16,21.9060
2.500000e+00,568.85,33178.28,43469.81,787.61,4652.57,4851.35,0.18,21.3140
2.500000e+00,576.70,34345.03,44556.48,743.38,4605.43,4862.64,0.18,21.3189
2.500000e+00,499.48,29071.15,38836.63,795.14,4424.00,4546.33,0.16,21.6732
2.500000e+00,570.28,33910.62,44067.02,775.95,4357.58,5022.88,0.18,21.7627
2.500000e+00,584.36,34309.77,45128.77,784.03,4908.20,5126.77,0.19,22.8826
2.500000e+00,532.07,31190.31,41179.28,792.71,4457.30,4738.96,0.17,21.9214
2.500000e+00,549.85,30909.10,41914.68,799.16,4773.56,5432.86,0.17,21.5322
2.500000e+00,395.09,22683.63,31722.61,797.42,4002.73,4238.83,0.13,20.8371
2.500000e+00,503.87,28197.39,38344.45,774.76,4528.98,4843.32,0.16,21.3566
2.500000e+00,601.78,35962.57,46486.45,750.57,4446.30,5327.00,0.19,20.9010
2.500000e+00,478.99,28382.95,37854.39,795.90,4259.81,4415.73,0.16,20.2029
2.500000e+00,548.36,32183.14,42398.57,775.62,4645.32,4794.49,0.17,21.9846
2.500000e+00,592.67,35661.26,45899.63,765.18,4594.42,4878.76,0.19,20.7465
2.500000e+00,654.94,39642.79,50627.24,785.70,5021.10,5177.65,0.21,20.7525
2.500000e+00,471.43,28523.82,38126.18,824.75,4278.02,4499.58,0.15,21.7840
2.500000e+00,561.14,32825.06,43507.55,798.24,4844.10,5040.15,0.18,21.6472
2.500000e+00,527.98,32026.01,42088.43,798.13,4482.85,4781.43,0.17,20.6843
2.500000e+00,560.05,33352.17,43690.62,784.74,4446.83,5106.87,0.18,21.8959
2.500000e+00,504.23,30467.83,39657.60,794.99,4090.34,4304.44,0.16,21.7336
2.500000e+00,533.65,32867.78,41897.74,772.46,4249.60,4007.89,0.17,21.3770
2.500000e+00,538.42,32088.04,41349.07,667.58,4181.41,4412.03,0.17,18.9771
2.500000e+00,510.18,31418.02,39901.81,730.04,4082.62,3671.13,0.16,21.3950
2.500000e+00,510.20,30352.25,39956.48,781.84,4504.02,4318.37,0.16,21.3532
2.500000e+00,538.92,32204.24,41758.79,736.04,4296.65,4521.86,0.17,20.6869
2.500000e+00,546.20,32207.99,42028.27,789.50,4247.08,4783.70,0.17,21.8650
2.500000e+00,515.98,31426.07,41293.86,825.29,4178.69,4863.80,0.17,21.2946
2.500000e+00,573.30,34454.30,45050.58,823.35,4503.08,5269.86,0.19,21.8026
2.500000e+00,577.74,33395.68,44552.69,848.79,4874.72,5433.49,0.19,21.4883
2.500000e+00,617.42,36118.93,47220.11,750.51,4777.67,5573.00,0.20,21.2276
2.500000e+00,520.17,30365.87,40779.07,769.57,4550.73,5092.90,0.17,20.8287
2.500000e+00,670.34,39527.92,50306.33,783.50,4794.10,5200.82,0.21,21.6735
2.500000e+00,422.04,25176.29,33946.77,801.39,4245.27,3723.82,0.14,21.1950
2.500000e+00,604.01,34290.82,45145.38,753.20,4694.39,5406.97,0.19,20.7253
2.500000e+00,589.89,35821.29,45390.82,752.10,4322.89,4494.54,0.19,17.4510
2.500000e+00,498.50,30262.23,38911.91,760.96,4106.85,3781.87,0.16,13.8381
2.500000e+00,426.92,24839.90,34462.35,790.26,4039.81,4792.37,0.14,12.5363
2.500000e+00,593.75,34235.59,45585.77,844.54,4836.62,5669.01,0.19,12.9951
3,455.01,27269.50,36109.85,749.18,3797.91,4293.26,0.15,19.7711
3,539.08,32587.94,42601.19,810.26,4427.83,4775.17,0.18,20.0856
3,538.99,33309.16,43356.18,795.40,4409.83,4841.80,0.18,20.6600
3,455.09,29510.23,38000.57,799.21,3953.56,3737.57,0.16,19.9094
3,612.07,36516.00,48009.79,811.08,4820.99,5861.71,0.20,20.6739
3,516.72,30416.06,40984.52,809.85,4713.36,5045.24,0.17,21.2805
3,588.06,34770.42,45654.82,817.06,4638.95,5428.40,0.19,20.3784
3,523.20,28846.65,39551.66,799.89,4498.85,5406.27,0.16,20.5553
3,469.69,27093.59,36940.89,800.30,4322.23,4724.77,0.15,20.0715
3,484.95,28663.22,38368.74,770.71,4237.97,4696.85,0.16,19.9076
3,529.69,30359.99,40354.85,794.40,4651.49,4548.97,0.17,20.0393
3,445.67,27629.82,36477.18,794.19,4242.34,3810.83,0.15,20.5068
3,578.78,35594.48,44925.64,808.81,4388.16,4134.18,0.18,21.6366
3,437.27,24656.26,34729.46,794.80,4335.28,4943.11,0.14,21.6030
3,410.69,23325.53,32160.60,823.78,3966.79,4044.50,0.13,20.4331
3,542.20,32127.29,42090.76,776.18,4201.91,4985.39,0.17,21.1411
3,607.87,34938.54,45781.35,819.16,4720.87,5302.78,0.19,22.2429
3,521.97,30368.99,40334.94,797.55,4648.88,4519.52,0.17,20.8983
3,644.43,40432.23,50314.98,824.08,4570.62,4488.05,0.21,21.1019
3,450.27,24900.86,35033.53,797.18,4458.95,4876.56,0.14,20.5971
3,600.86,34920.56,45672.09,786.55,4646.25,5318.74,0.19,21.9415
3,488.57,27698.29,38042.80,807.59,4413.07,5123.85,0.16,20.3850
3,516.84,32131.10,41601.47,774.09,4233.03,4463.24,0.17,20.9418
3,484.69,27717.64,37431.09,795.96,4406.34,4511.14,0.15,21.3295
3,469.66,26956.82,36531.23,795.73,4210.97,4567.71,0.15,21.1813
3,523.96,31003.44,41251.73,819.71,4570.88,4857.70,0.17,20.6928
3,541.19,32963.77,43190.61,789.53,4654.20,4783.10,0.18,20.8914
3,456.58,26336.58,36011.16,771.61,4147.41,4755.57,0.15,20.7311
3,582.84,34890.65,44953.15,796.72,4385.28,4880.50,0.19,21.8429
3,614.90,36578.96,47048.93,786.19,4642.85,5040.94,0.20,22.3504
3,473.45,27261.87,37105.72,866.90,4358.32,4618.62,0.15,20.6899
3,553.43,32625.48,42972.77,811.59,4670.18,4865.52,0.18,21.5244
3,487.39,27260.72,37388.85,777.26,4256.02,5094.85,0.15,21.1466
3,594.87,36141.67,46703.83,824.35,4825.77,4912.05,0.19,21.3321
3,498.84,27762.16,38475.64,789.22,4512.44,5411.81,0.16,21.3392
3,408.65,23971.12,32415.33,786.66,3900.86,3756.69,0.13,20.8983
3,696.27,41414.11,51957.71,780.92,4603.67,5159.00,0.22,18.7608
3,458.85,26531.58,35725.89,796.74,4419.81,3977.77,0.15,21.5334
3,455.38,26881.81,36328.34,784.96,4248.56,4413.01,0.15,20.9464
3,455.58,27298.03,36280.40,807.07,4106.92,4068.38,0.15,20.9175
3,498.34,29581.73,39175.44,802.87,4258.55,4532.30,0.16,21.2160
3,436.81,26688.22,34943.00,804.13,3966.35,3484.30,0.14,20.8846
3,603.65,34091.29,45347.74,809.62,4463.91,5982.92,0.19,20.5033
3,482.23,29379.75,38500.03,786.17,4134.08,4200.03,0.16,20.8636
3,408.66,23269.90,32002.63,795.26,4160.65,3776.82,0.13,21.0782
3,520.25,29396.55,40208.35,804.54,4528.98,5478.28,0.17,20.9668
3,442.47,27465.82,36023.01,793.63,4020.71,3742.85,0.15,20.7764
3,562.52,32579.46,43104.92,785.82,4647.97,5091.68,0.18,21.4090
3,707.48,42118.30,52841.93,800.17,4780.17,5143.29,0.22,13.7658
3,374.43,20948.59,29890.56,806.78,3986.62,4148.58,0.12,20.7398
3,527.80,31336.58,41323.68,805.02,4646.42,4535.66,0.17,21.2503
3,496.44,29048.97,39077.19,795.20,4519.84,4713.18,0.16,20.8694
3,599.28,35387.40,45200.49,799.65,4548.52,4464.92,0.19,19.1873
3,555.33,33587.57,43257.58,802.86,4242.13,4625.02,0.18,21.6247
3,502.70,28886.71,38922.71,796.86,4494.36,4744.78,0.16,21.6175
3,493.57,29280.66,39056.48,813.43,4492.41,4469.98,0.16,20.7770
3,605.31,35001.76,46337.38,823.90,4959.06,5552.66,0.19,21.8826
3,631.19,37673.06,48214.92,797.91,4612.56,5131.38,0.20,21.2793
3,500.60,29305.96,38865.19,790.43,4350.80,4418.01,0.16,21.1322
3,550.93,32820.50,42688.71,788.61,4618.59,4461.01,0.18,22.2622
3,482.72,27702.86,38393.69,775.04,4402.00,5513.79,0.16,21.5605
3,536.35,32396.73,42367.55,777.01,4384.53,4809.28,0.17,21.6583
3,507.71,30837.17,39946.28,790.49,4353.45,3965.17,0.16,21.7408
3,568.85,33178.28,43469.81,787.61,4652.57,4851.35,0.18,21.6585
3,567.03,34291.75,44665.68,798.19,4684.55,4891.18,0.18,21.6343
3,499.48,29071.15,38836.63,795.14,4424.00,4546.33,0.16,21.6630
3,562.12,33790.16,43985.21,797.32,4391.31,5006.43,0.18,22.5077
3,584.36,34309.77,45128.77,784.03,4908.20,5126.77,0.19,23.0586
3,532.07,31190.31,41179.28,792.71,4457.30,4738.96,0.17,22.1876
3,549.85,30909.10,41914.68,799.16,4773.56,5432.86,0.17,21.3432
3,395.09,22683.63,31722.61,797.42,4002.73,4238.83,0.13,20.6951
3,502.91,28147.91,38308.18,800.85,4533.46,4825.96,0.16,21.9203
3,611.41,35737.49,46479.49,772.92,4616.47,5352.61,0.19,21.4255
3,478.99,28382.95,37854.39,795.90,4259.81,4415.73,0.16,20.9044
3,548.36,32183.14,42398.57,775.62,4645.32,4794.49,0.17,22.1784
3,582.83,35611.25,45875.69,791.57,4598.19,4874.68,0.19,21.7047
3,654.94,39642.79,50627.24,785.70,5021.10,5177.65,0.21,20.1990
3,471.43,28523.82,38126.18,824.75,4278.02,4499.58,0.15,21.4299
3,561.14,32825.06,43507.55,798.24,4844.10,5040.15,0.18,21.5142
3,527.98,32026.01,42088.43,798.13,4482.85,4781.43,0.17,21.1308
3,560.05,33352.17,43690.62,784.74,4446.83,5106.87,0.18,21.5323
3,504.23,30467.83,39657.60,794.99,4090.34,4304.44,0.16,21.5547
3,533.65,32867.78,41897.74,772.46,4249.60,4007.89,0.17,21.0346
3,535.21,31541.11,41061.41,744.89,4374.44,4400.97,0.17,20.0777
3,492.54,31143.30,39750.19,778.52,4177.54,3650.82,0.16,22.7499
3,509.76,30215.00,39923.70,809.63,4555.81,4343.26,0.16,21.1879
3,531.70,32120.23,41807.34,787.63,4380.01,4519.47,0.17,21.5163
3,546.20,32207.99,42028.27,789.50,4247.08,4783.70,0.17,22.0365
3,515.98,31426.07,41293.86,825.29,4178.69,4863.80,0.17,20.8735
3,573.30,34454.30,45050.58,823.35,4503.08,5269.86,0.19,21.1554
3,577.74,33395.68,44552.69,848.79,4874.72,5433.49,0.19,21.5911
3,617.42,36118.93,47220.11,750.51,4777.67,5573.00,0.20,21.1005
3,521.72,30528.33,41028.25,797.51,4587.69,5114.73,0.17,21.6598
3,670.34,39527.92,50306.33,783.50,4794.10,5200.82,0.21,21.6208
3,422.04,25176.29,33946.77,801.39,4245.27,3723.82,0.14,21.4461
3,598.15,33878.30,44960.29,804.86,4885.95,5391.18,0.19,21.2385
3,563.39,36061.24,45559.71,804.60,4184.02,4509.84,0.19,19.1498
3,494.58,30223.56,38892.11,781.88,4100.34,3786.33,0.16,14.6511
3,426.92,24839.90,34462.35,790.26,4039.81,4792.37,0.14,13.4737
3,593.75,34235.59,45585.77,844.54,4836.62,5669.01,0.19,13.3367
