10,1006.31,58054.30,67485.59,775.38,2119.67,6536.24,49.2536
10,1091.27,60685.00,71086.70,795.16,2330.87,7275.66,49.6923
10,867.91,48230.63,57990.80,862.90,2147.48,6749.78,48.6971
10,615.16,34453.20,42232.89,778.81,1805.97,5194.91,45.5755
10,714.76,39370.32,50432.70,964.06,2100.52,7997.80,46.1113
10,764.80,42152.77,52189.82,927.62,1970.34,7139.10,48.9019
10,883.44,49382.28,59931.06,814.47,1990.32,7743.99,48.1059
10,1083.58,60215.43,70677.42,833.35,2396.63,7232.01,51.5925
10,855.22,48719.28,58369.74,775.49,2217.94,6657.03,48.2692
10,794.96,43940.24,53218.01,677.66,2020.15,6579.96,48.5084
10,863.06,47245.28,57361.36,851.52,2385.51,6879.05,48.5874
10,811.93,44919.22,53651.86,960.54,2053.28,5718.83,47.2975
10,816.57,45233.43,54570.63,775.59,2273.51,6288.10,47.3353
10,743.14,40984.95,50728.79,724.39,1718.69,7300.76,46.7963
10,985.64,53692.77,63495.82,1008.77,2432.62,6361.66,45.4360
10,1064.26,57743.57,68025.94,725.52,2381.46,7175.40,50.8720
10,1018.80,56588.23,66417.53,671.50,1774.98,7382.82,51.8559
10,653.91,36214.73,45633.28,728.80,2016.28,6673.47,60.1577
10,850.00,48382.72,57907.16,761.21,2275.96,6487.28,49.1270
10,962.94,54851.33,65467.95,1140.53,2158.69,7317.41,49.3534
10,1026.72,57298.48,67685.28,900.55,2179.86,7306.39,51.1420
10,830.97,48076.43,57674.30,785.82,1989.77,6822.28,48.0854
10,708.60,41466.67,50579.01,636.81,1723.94,6751.59,47.0289
10,843.75,47939.47,57267.86,724.46,2137.15,6466.78,48.4137
10,847.66,47667.79,57828.14,1033.59,2198.99,6927.76,47.7875
10,848.37,47268.30,56974.12,905.91,2233.33,6566.59,46.9844
10,746.26,41541.53,51403.51,808.32,2072.99,6980.67,48.4887
10,955.89,51692.66,61607.72,677.51,2118.33,7119.22,48.6253
10,1028.37,55728.81,65809.36,756.30,2340.61,6983.65,58.2693
10,941.22,51421.28,61389.85,745.48,2121.84,7101.26,55.4090
10,746.13,41971.13,51327.89,948.64,2246.65,6161.47,48.4499
10,798.18,44390.97,54315.33,902.03,2394.09,6628.24,47.3589
10,976.98,54809.84,64707.65,879.06,2166.36,6852.40,50.6965
10,676.31,37931.54,47922.10,1062.04,1822.23,7106.29,44.4224
10,1024.64,57468.00,67676.98,765.06,1984.01,7459.91,50.7034
10,648.73,39350.70,46981.72,782.66,1606.28,5242.08,46.2589
10,915.60,52115.04,62257.20,943.04,2240.10,6959.01,49.0599
10,751.78,41487.76,50265.15,886.17,1799.89,6091.32,46.6096
10,840.83,46250.02,55475.99,1045.47,2043.51,6136.99,47.9473
10,743.42,41285.39,50217.72,1001.75,1930.24,6000.33,47.9347
10,976.09,53910.19,62929.80,1097.97,1752.94,6168.69,56.4034
10,880.53,49108.02,57193.35,624.97,1957.85,5502.53,54.9228
10,980.11,52832.15,64657.99,799.65,2672.72,8353.46,48.7527
10,852.09,47387.37,56624.06,837.64,2023.50,6375.54,46.7113
10,811.63,45274.01,54249.29,738.16,2160.97,6076.15,46.4863
10,962.93,53333.69,64303.32,1037.33,2245.90,7686.39,48.7578
10,710.56,40713.58,49136.18,790.97,1997.40,5634.22,47.0139
10,867.51,49229.50,59526.93,914.48,2179.89,7203.06,50.5093
10,977.96,53956.66,64587.34,717.99,2404.01,7508.68,48.8478
10,910.86,51066.53,59880.55,764.79,2172.00,5877.23,46.1201
10,781.54,43831.87,53804.36,1022.38,2291.54,6658.57,48.0729
10,857.69,48221.99,57447.25,772.17,2021.81,6431.28,47.1530
10,629.00,35733.05,44573.28,682.68,1696.90,6460.66,48.3547
10,1017.50,56038.83,65351.77,836.43,2019.38,6457.13,64.7374
10,1045.15,56482.24,67108.93,917.31,2459.45,7249.93,48.4418
10,749.05,43365.96,52356.04,993.76,1806.77,6189.55,47.3119
10,764.34,41518.29,51680.68,824.23,2021.80,7316.36,46.3289
10,1008.99,56998.42,67124.88,914.37,2263.78,6948.30,50.8373
10,796.93,44434.28,53547.47,808.60,2196.88,6107.70,48.4682
10,722.15,41614.60,50998.97,942.95,2095.63,6345.80,51.9783
10,903.78,49151.33,59704.66,845.20,2300.80,7407.34,51.1985
10,792.41,44527.79,53975.57,670.80,1864.89,6912.09,46.6700
10,772.98,46189.55,54800.59,1019.08,2010.33,5581.63,47.1346
10,742.27,40518.46,50090.51,750.76,2290.09,6531.19,45.9061
10,731.46,40062.65,49623.87,835.11,2182.98,6543.13,46.6773
10,816.97,45048.36,54721.87,742.93,2269.23,6661.35,54.8623
10,913.14,50544.40,60827.31,821.25,2382.79,7078.87,50.2115
10,789.66,43509.78,53548.73,834.41,2193.26,7011.28,48.3637
10,904.70,49385.04,59666.25,1245.64,2151.24,6884.33,45.2780
10,847.56,47150.39,58027.91,953.13,1967.13,7957.26,50.1684
10,770.28,46624.12,55097.22,947.47,1699.84,5825.79,46.7469
10,1033.46,55552.47,66016.45,1065.59,2483.10,6915.29,52.8605
10,1022.11,61397.20,71019.02,700.62,1825.90,7095.30,52.5747
10,811.00,47556.88,56729.79,1019.30,1785.40,6368.21,46.7326
10,748.05,41117.61,50634.08,684.01,1848.27,6984.19,44.8569
10,807.57,43395.61,53371.80,844.98,2059.13,7072.07,47.9597
10,788.49,44151.64,54289.84,984.71,1915.97,7237.52,48.0079
10,978.21,54629.71,63752.33,801.64,1951.78,6369.20,54.2648
10,930.74,51720.52,62028.59,717.07,2060.25,7530.75,53.1113
10,808.78,43496.36,53354.71,937.17,1985.84,6935.34,46.8503
10,771.00,46237.40,55726.31,1001.94,1673.51,6813.46,47.5738
10,913.47,50996.01,59877.71,658.19,2137.15,6086.35,56.4718
10,794.31,47123.09,55553.20,635.23,1826.21,5968.67,47.4359
10,844.43,46438.10,55391.33,870.07,1827.19,6255.97,47.9215
10,863.22,50089.60,57950.85,798.17,1965.26,5097.82,56.2585
10,834.54,47258.48,56805.29,743.18,1901.08,6902.55,46.8508
10,732.31,41028.48,50327.95,1066.35,2088.24,6144.88,45.9464
10,860.61,47942.39,57191.20,695.90,2170.03,6382.88,55.2721
10,923.11,51403.83,61328.65,1062.16,2274.49,6588.17,50.3502
10,867.75,48467.67,58167.04,751.98,2058.07,6889.32,48.1752
10,912.28,51761.72,62109.76,1225.16,2156.60,6966.29,57.3903
10,788.90,42473.83,53321.40,855.97,2197.15,7794.45,47.4572
10,1006.79,54705.63,65218.72,897.65,2302.69,7312.74,47.7358
10,866.93,47175.02,57478.18,871.37,2134.89,7296.89,45.5184
10,768.11,43914.16,52489.13,1143.87,1954.45,5476.65,44.2725
10,991.00,54018.34,64101.93,799.14,2163.23,7121.22,48.4454
10,736.16,42131.82,50827.67,1030.58,1726.30,5938.96,44.7105
10,750.56,43693.23,52392.88,855.37,2031.79,5812.50,44.9322
10,839.60,46222.10,55797.13,824.97,2349.29,6400.78,45.7437
10,743.77,39652.96,50392.40,1018.54,2118.26,7602.64,46.5115
20,1062.98,57114.88,66880.74,740.93,2509.05,6515.88,48.9040
20,1146.02,60028.81,70833.69,1014.25,2521.70,7268.94,48.1287
20,930.98,47739.07,57653.66,746.26,2438.43,6729.90,47.9847
20,641.30,34185.94,42369.08,831.85,2130.83,5220.46,45.4914
20,777.03,38622.50,50019.79,952.71,2337.01,8107.57,46.4574
20,787.87,40841.16,51194.56,988.66,2255.05,7109.70,47.5025
20,941.33,48573.90,59766.37,1103.61,2329.73,7759.13,49.1831
20,1148.44,59509.08,70492.68,805.47,2907.99,7270.14,52.0514
20,886.17,48074.46,57993.69,881.22,2365.26,6672.75,47.0950
20,827.27,43019.85,52669.46,870.16,2158.77,6620.67,48.1129
20,899.65,46114.57,56549.70,1034.12,2479.77,6921.25,48.5131
20,853.82,44711.59,53513.76,710.29,2378.98,5712.89,46.6791
20,863.72,44980.31,54632.87,803.65,2493.25,6355.66,49.8969
20,788.85,39959.28,50175.66,945.51,1908.11,7362.76,46.7240
20,1026.49,53940.89,64161.64,997.84,2786.58,6436.33,47.0342
20,1097.64,57102.39,67709.57,820.97,2584.85,7201.36,50.4517
20,1046.56,54554.03,64926.90,1053.98,1984.65,7334.23,50.7802
20,706.71,35488.45,45557.48,960.47,2261.09,6847.48,48.1672
20,889.74,46837.23,56971.25,1043.08,2612.26,6478.69,49.0707
20,1034.73,54070.28,64845.21,1097.46,2398.47,7279.01,49.4503
20,1091.85,57415.70,67885.67,784.34,2362.99,7322.63,49.4364
20,887.37,47252.69,57147.41,937.27,2157.55,6799.90,47.3284
20,775.63,41156.96,50823.85,780.29,2010.21,6876.39,45.6387
20,913.82,47435.03,57186.03,851.01,2361.76,6538.24,49.3185
20,912.58,46787.10,57443.19,1069.61,2616.90,6969.58,48.5730
20,905.89,46551.01,56843.86,1166.69,2518.93,6607.23,45.7607
20,800.02,39967.64,50464.89,1016.40,2524.85,6956.01,48.2875
20,973.26,51466.52,61786.97,697.61,2449.76,7173.08,49.2726
20,1071.87,55403.15,65931.25,733.35,2708.71,7086.05,49.5909
20,982.69,50383.96,60903.24,901.73,2456.29,7161.26,47.8795
20,810.09,41016.92,50918.16,1026.26,2676.84,6198.14,48.1647
20,863.53,43816.32,54303.99,1070.39,2748.72,6668.55,46.1925
20,1025.89,54475.84,64555.26,812.45,2404.53,6862.44,50.1026
20,730.14,37650.54,48103.40,1157.57,2140.19,7155.10,46.5343
20,1106.61,58093.42,68565.24,702.17,2274.21,7495.45,48.4791
20,737.59,39204.60,47345.42,784.19,2048.80,5307.84,46.3373
20,961.18,50775.05,61159.24,1035.85,2394.50,6953.84,48.2211
20,800.76,41282.92,50631.10,811.81,2320.14,6216.22,46.9469
20,895.63,46320.37,55700.03,845.66,2363.50,6170.49,47.8403
20,761.80,41227.85,50295.97,822.40,2220.47,6025.24,47.9821
20,1029.86,54371.39,63529.03,858.41,2078.66,6220.57,48.7519
20,916.33,48492.50,56905.06,666.41,2256.62,5489.52,47.6285
20,1063.97,52461.09,64988.53,851.89,3228.50,8447.05,49.9569
20,880.36,46329.58,55383.24,746.08,2060.35,6247.23,46.5337
20,852.09,45530.77,54819.34,796.04,2377.37,6115.15,45.5597
20,1041.75,52356.00,63357.42,814.15,2539.85,7647.42,48.2565
20,762.54,39795.27,48546.25,855.73,2247.32,5647.94,46.6428
20,893.90,47595.15,58064.11,888.71,2365.89,7214.35,48.8414
20,1029.03,52569.51,63811.55,801.61,2878.56,7561.88,48.7973
20,974.92,50640.28,59969.69,763.93,2592.51,5972.97,46.5194
20,844.54,43450.11,53870.95,996.62,2733.39,6690.83,46.1712
20,907.91,47342.58,57246.86,979.38,2455.92,6468.98,49.5074
20,693.67,35211.26,44272.72,699.95,1921.37,6440.14,45.9079
20,1047.40,55762.60,65260.25,799.18,2216.94,6481.52,51.2388
20,1100.36,55155.38,66275.00,1063.15,2758.78,7297.69,50.7791
20,842.84,43912.07,53515.93,1024.13,2263.99,6315.74,46.7996
20,812.46,40674.69,51284.71,933.62,2345.34,7331.06,46.9855
20,1081.42,56368.21,67133.56,1042.22,2734.05,6989.08,49.5335
20,866.13,44739.95,54443.45,834.94,2644.81,6223.77,48.5874
20,787.87,41414.24,51166.95,850.22,2506.68,6395.81,45.7627
20,933.58,48401.01,59324.70,959.94,2505.78,7457.98,47.8594
20,814.69,43336.85,53349.48,1023.07,2065.11,6924.45,45.9406
20,860.94,45613.57,54759.36,1141.45,2391.38,5612.95,48.4851
20,793.90,40009.66,50025.80,691.45,2758.46,6566.24,46.0031
20,781.27,39394.08,49515.06,959.46,2606.58,6554.94,47.2864
20,867.49,44498.65,54663.50,764.93,2671.22,6728.70,47.2763
20,973.74,49824.50,60757.84,1023.44,2760.23,7149.67,49.5952
20,831.25,42836.36,53026.94,784.90,2369.90,7035.77,47.3702
20,974.18,49915.21,60269.28,912.82,2467.48,6973.77,46.7636
20,915.11,46764.83,58014.55,1006.30,2236.22,8007.20,47.6839
20,863.29,47133.16,55853.00,732.61,2104.46,5882.76,47.9992
20,1074.75,54972.02,65692.04,1052.33,2722.67,6945.02,49.1277
20,1085.95,60116.43,70178.00,844.62,2127.18,7089.77,51.9049
20,875.94,47582.77,56742.64,816.57,1944.59,6398.71,48.2564
20,779.22,40388.19,50409.02,840.30,2153.30,7027.23,46.0740
20,866.16,43928.21,54476.06,769.64,2649.76,7128.45,47.7965
20,833.00,42706.87,53243.70,1146.63,2123.38,7266.81,46.6294
20,1011.61,53528.16,63234.83,998.75,2249.00,6458.91,50.0233
20,983.93,50932.43,61544.95,811.08,2297.50,7503.93,47.8160
20,876.49,44349.84,54649.53,718.23,2446.70,7134.76,46.4201
20,862.57,45686.01,55703.39,1116.99,2033.15,6867.24,49.5528
20,988.57,50567.70,60061.96,694.78,2642.53,6156.95,47.7652
20,864.06,46242.77,55237.72,708.11,2291.37,5995.47,46.5293
20,894.18,46406.00,55656.74,877.73,2101.30,6271.71,45.7385
20,915.06,49763.45,58177.54,986.48,2287.01,5140.60,48.2731
20,884.86,46970.69,56758.14,667.05,2203.39,6917.02,45.6527
20,789.65,40967.01,50437.14,916.14,2321.94,6232.04,46.7829
20,916.41,47669.20,57698.77,852.03,2647.17,6530.37,47.0111
20,991.16,51461.23,61720.47,982.63,2629.88,6646.74,49.7848
20,938.32,47467.25,57859.34,932.96,2519.89,6939.24,49.0297
20,991.77,51659.49,62327.03,1176.28,2431.48,7059.78,51.5914
20,851.24,41864.64,53157.85,824.94,2640.06,7828.21,47.7107
20,1010.17,53474.04,64061.94,970.26,2325.08,7292.57,46.8381
20,920.18,46674.17,57440.92,872.22,2509.61,7384.91,46.0164
20,813.01,44053.86,52354.45,719.82,2115.80,5464.97,45.7312
20,1033.55,53428.83,63899.85,815.89,2464.77,7190.36,48.5849
20,793.26,41907.13,50892.04,1008.98,1994.23,5981.70,45.1139
20,782.43,42714.70,51668.30,987.21,2172.27,5794.12,45.9971
20,898.68,45477.99,55832.94,1002.30,2908.02,6444.63,41.8664
20,796.42,39225.57,50460.75,1148.11,2435.77,7651.30,46.5802
30,1062.40,56081.69,65930.74,797.22,2548.06,6503.77,47.7553
30,1177.20,60008.51,70735.38,770.34,2627.17,7329.37,48.5388
30,960.39,47436.94,57895.51,816.30,2809.45,6832.82,48.6415
30,680.38,34037.87,42565.31,896.57,2364.83,5266.04,45.4888
30,802.91,38757.64,50564.34,927.62,2693.37,8185.71,45.8757
30,814.64,40768.60,51234.54,925.41,2362.14,7178.39,47.1966
30,975.30,48504.43,59864.29,1098.25,2431.38,7830.23,47.6193
30,1125.34,58935.65,69825.83,738.60,2854.30,7297.28,50.1575
30,941.70,47749.78,58040.21,823.48,2739.38,6727.56,50.1177
30,847.49,42523.04,52445.39,931.31,2348.98,6642.05,48.9944
30,929.45,46107.50,56629.38,957.89,2625.40,6938.58,48.3218
30,872.84,43866.20,53069.51,931.91,2565.88,5705.52,47.7245
30,893.85,44348.47,54479.19,881.98,2868.56,6380.19,47.5215
30,814.86,40147.23,50434.14,881.78,2048.87,7356.27,46.1825
30,1033.74,52456.66,62660.42,912.36,2848.46,6442.94,46.4565
30,1110.91,56541.33,67293.12,859.71,2684.18,7207.90,50.6983
30,1077.94,56296.36,66700.19,799.16,2097.62,7507.05,48.8883
30,712.10,34919.65,44950.88,898.64,2340.23,6792.36,47.0822
30,944.88,47646.24,58059.68,760.44,3022.37,6630.63,48.4797
30,1065.85,54017.85,64880.23,970.68,2567.88,7323.82,48.5758
30,1096.40,56108.55,66963.34,964.31,2627.95,7262.53,50.2051
30,907.15,46324.22,56395.24,1019.84,2218.61,6832.58,49.8645
30,793.87,40280.45,50027.91,930.17,2015.37,6801.92,47.6643
30,934.60,47110.54,56947.94,862.37,2447.19,6527.84,49.3421
30,925.45,45578.70,56579.28,1227.48,2766.37,7006.73,49.8790
30,940.74,46808.44,57234.73,900.55,2845.99,6679.75,47.2097
30,828.63,40233.38,50936.75,1044.19,2660.32,6998.85,47.8993
30,1010.14,50947.59,61776.33,890.24,2708.97,7229.53,47.4389
30,1079.74,54418.27,65187.97,986.19,2734.06,7049.46,48.2339
30,1006.23,50574.00,61210.43,810.30,2633.38,7192.73,49.0435
30,835.42,40972.70,51274.16,1045.20,2996.59,6259.67,50.2787
30,877.58,42947.27,53749.80,1114.51,3009.50,6678.51,47.8881
30,1041.67,53880.82,63933.36,832.69,2354.09,6865.76,50.2755
30,750.53,37192.10,47713.88,1201.33,2188.13,7132.31,45.3988
30,1103.81,56667.72,67518.36,946.34,2368.70,7535.60,50.0233
30,740.77,38385.97,46826.52,1020.28,2121.64,5298.63,46.7081
30,996.97,51606.79,62177.91,960.80,2545.58,7064.73,49.4409
30,815.39,40638.97,50151.25,933.34,2353.48,6225.46,44.6635
30,902.97,45729.16,55185.32,892.81,2408.62,6154.73,48.6948
30,769.62,39158.85,48376.95,956.59,2274.64,5986.87,47.3991
30,1036.19,53216.50,62526.86,1098.27,1968.11,6243.98,48.9677
30,932.96,48405.88,56882.15,673.26,2310.10,5492.91,46.0816
30,1080.35,52116.89,64919.59,927.03,3376.07,8499.59,49.4545
30,912.74,46354.21,55925.58,916.81,2289.12,6365.43,45.4115
30,887.22,44957.01,54617.36,848.62,2660.64,6151.09,47.9244
30,1063.77,51911.78,63680.04,1341.24,2707.89,7719.14,49.2622
30,780.79,39910.22,48669.61,682.28,2427.89,5649.22,46.6115
30,917.72,46304.92,57010.62,1028.37,2462.85,7214.48,51.0219
30,1053.05,52434.87,63853.53,852.30,2935.96,7630.40,48.2335
30,990.71,51006.98,60068.78,589.99,2485.88,5985.93,46.7704
30,842.88,41564.08,52365.68,1238.76,2863.03,6699.81,47.5280
30,920.77,46921.37,57017.94,1100.09,2493.07,6503.40,47.0037
30,709.99,35211.51,44583.80,753.53,2095.38,6523.37,45.4516
30,1079.70,55204.06,65130.58,939.53,2457.74,6529.25,51.2968
30,1131.73,56180.55,67642.35,1313.23,2802.07,7346.50,50.9205
30,867.96,43164.04,53214.88,1102.91,2533.10,6414.83,48.3807
30,826.22,40255.89,50901.68,859.32,2381.98,7404.49,45.4078
30,1093.71,56249.90,67128.07,1097.33,2768.32,7012.51,50.1392
30,887.93,44408.60,54270.97,821.00,2820.53,6220.83,47.4193
30,799.63,40589.74,50388.11,852.40,2538.58,6407.40,46.7200
30,982.05,47893.76,59031.46,842.91,2773.75,7521.04,46.8504
30,865.09,43641.69,53754.66,850.30,2277.74,6984.93,45.3169
30,884.58,45824.73,55154.89,1051.84,2582.36,5695.95,47.8155
30,820.37,39601.35,50131.86,866.89,3060.55,6603.07,45.3271
30,812.15,39141.40,49537.01,1131.78,2685.94,6577.89,47.3310
30,880.59,44224.06,54531.12,778.21,2816.33,6712.52,48.3508
30,975.35,49417.32,60251.14,1031.81,2699.35,7102.66,51.0067
30,850.87,42654.99,52999.84,841.47,2452.39,7050.98,48.4419
30,990.59,49692.80,60325.59,927.61,2701.76,7003.41,44.9955
30,918.32,46512.02,57644.72,792.34,2307.81,8032.55,48.1530
30,897.35,47199.09,56094.20,861.37,2091.35,5942.39,46.8119
30,1079.51,55010.29,65751.19,931.12,2811.79,6998.00,48.5396
30,1149.74,60340.46,70711.24,803.18,2396.45,7171.15,52.5146
30,920.41,47446.80,56882.10,812.93,2160.79,6461.59,47.8869
30,786.41,39554.90,49773.88,1032.63,2145.27,7041.07,46.0735
30,875.80,42908.12,53767.95,872.38,2768.76,7218.69,47.6899
30,855.68,43574.66,54033.32,892.03,2213.61,7353.03,47.3016
30,1032.32,53380.66,62944.36,753.64,2337.12,6472.95,48.6723
30,998.18,50273.24,61141.74,1023.40,2284.43,7560.68,48.0696
30,878.10,43695.16,54065.62,829.14,2450.31,7091.01,47.4107
30,900.81,46183.12,56140.26,930.16,2118.89,6908.10,47.9310
30,1006.37,50387.25,60135.30,770.69,2701.90,6275.46,48.4458
30,885.56,46411.60,55372.59,684.53,2250.39,6026.07,45.8075
30,892.53,45520.41,54900.32,918.37,2103.05,6358.49,48.6118
30,934.05,49175.35,57838.36,1101.16,2405.12,5156.73,49.7158
30,911.84,46173.65,56319.21,944.68,2284.51,6916.36,47.1983
30,792.53,40230.64,49593.68,915.87,2216.08,6231.09,47.4778
30,942.53,47692.51,57702.33,802.85,2661.38,6545.58,47.5827
30,990.95,50441.38,60892.68,1022.84,2753.57,6674.88,48.8104
30,935.63,47328.68,57575.19,898.00,2437.30,6911.22,48.6277
30,1039.50,52171.45,63286.99,1250.06,2753.98,7111.51,49.3993
30,857.04,40990.31,52707.57,1030.16,2826.08,7861.02,47.3126
30,1055.02,53864.38,64596.72,870.23,2544.18,7317.92,47.5180
30,935.22,46149.35,56946.43,783.40,2605.65,7408.03,46.2852
30,834.14,43076.42,51764.77,882.60,2296.30,5509.45,44.7716
30,1064.00,53259.10,63894.41,792.77,2613.63,7228.91,49.4053
30,817.71,41606.15,50572.23,926.33,2005.85,6033.90,44.4906
30,828.93,42765.92,51821.44,809.77,2407.26,5838.50,47.0232
30,926.09,45335.88,55962.09,974.15,3199.06,6453.00,44.5208
30,821.46,38593.33,50040.37,1106.00,2566.06,7774.98,48.2593
40,1082.39,56263.15,66312.56,855.67,2603.39,6590.36,49.6399
40,1178.88,59223.93,69932.58,886.72,2502.83,7319.09,49.4657
40,950.54,46885.90,57184.40,856.69,2632.23,6809.58,48.5061
40,681.53,33459.02,42266.39,1106.82,2410.40,5290.15,46.3022
40,836.77,38279.78,50922.52,1295.38,2927.03,8420.34,45.8945
40,839.67,40193.84,50750.15,999.26,2430.23,7126.83,48.4130
40,970.35,47416.33,58788.84,1234.52,2327.06,7810.93,48.2824
40,1165.68,58964.76,70190.50,835.76,3043.00,7346.99,51.5368
40,950.76,47731.72,58131.41,822.34,2812.04,6765.32,48.6747
40,871.77,42462.77,52594.24,886.30,2547.17,6698.00,47.9229
40,940.13,45921.76,56738.87,977.64,2910.19,6929.28,47.8754
40,880.88,43739.70,53357.08,1052.91,2809.84,5754.62,46.9359
40,902.29,43999.54,54240.49,902.00,2926.07,6412.88,47.2940
40,821.54,39798.18,50030.53,718.16,2093.72,7420.48,47.4579
40,1062.28,53264.06,63661.44,888.82,3027.34,6481.21,48.4765
40,1125.04,56425.22,67647.49,1076.20,2893.88,7252.20,52.2791
40,1097.61,55402.38,66034.50,843.86,2215.40,7572.85,50.6533
40,739.75,34976.41,45263.06,876.76,2583.81,6826.08,48.1107
40,952.27,47229.43,57824.53,820.82,3116.17,6658.10,50.4046
40,1086.92,53774.63,65083.01,1108.62,2804.28,7395.48,52.1731
40,1107.90,55718.70,66858.26,973.54,2773.19,7392.83,49.1133
40,939.15,46920.73,57169.46,952.10,2406.49,6890.15,49.0319
40,811.38,39899.84,49885.67,1014.66,2070.48,6900.68,45.7629
40,947.85,46819.77,57032.90,964.65,2645.34,6603.14,49.3748
40,932.69,45186.81,56348.73,1225.30,2889.60,7047.03,49.8721
40,940.42,45658.75,56292.92,1145.94,2760.01,6728.22,46.8046
40,834.10,40046.36,50818.94,1042.20,2732.71,6997.67,47.9078
40,1021.02,50719.74,61598.63,780.96,2844.05,7253.89,49.4458
40,1091.21,54173.86,65069.38,948.64,2794.71,7152.17,48.1918
40,994.94,49360.88,60119.37,977.61,2600.44,7180.44,49.0953
40,834.45,39712.43,50477.75,1570.50,2961.03,6233.79,49.7714
40,895.74,42968.39,53965.33,1154.19,3105.36,6737.39,46.3358
40,1066.25,53571.54,63991.00,911.11,2577.66,6930.68,51.7392
40,767.12,36731.37,47356.13,997.18,2429.54,7198.04,46.1785
40,1105.95,56383.58,67207.11,864.26,2381.35,7577.93,50.4724
40,731.54,37664.88,45858.84,817.47,2088.28,5288.20,48.0315
40,998.65,50677.70,61567.50,1045.61,2785.62,7058.57,49.6284
40,835.13,40777.91,50472.93,820.31,2590.18,6284.52,47.4546
40,922.97,46003.40,55670.67,923.90,2524.44,6218.93,48.0095
40,785.52,38764.99,48459.69,1258.63,2419.85,6016.22,48.3415
40,1054.04,52783.43,62524.02,1330.25,2177.14,6233.19,50.2298
40,949.21,47906.25,56749.09,843.44,2464.16,5535.24,46.7840
40,1088.86,51702.96,64823.26,994.30,3564.39,8561.62,48.9418
40,917.17,46371.41,56069.25,854.20,2432.79,6410.85,47.2410
40,884.77,44602.71,54232.51,831.65,2671.98,6126.17,48.5447
40,1047.92,50344.96,61996.27,1171.04,2760.07,7720.20,49.8675
40,798.85,39450.74,48747.02,972.00,2587.11,5737.17,47.1930
40,949.23,47441.94,58777.99,1214.37,2801.82,7319.85,50.6848
40,1060.22,51843.92,63607.94,980.96,3145.65,7637.41,48.0075
40,985.24,50406.64,59696.16,786.84,2520.60,5982.08,47.5839
40,855.51,41351.12,52199.75,1149.82,2969.80,6729.00,49.0923
40,938.17,46277.01,56514.16,1190.07,2546.93,6500.14,49.8195
40,710.59,34789.48,44147.90,772.00,2053.16,6533.25,46.2512
40,1096.40,55279.11,65240.39,745.30,2642.35,6573.62,51.7070
40,1117.36,54597.82,66163.30,1551.20,2728.14,7286.13,51.4876
40,882.92,43057.21,53283.82,1192.11,2590.28,6444.22,48.6510
40,834.11,39886.54,50940.80,1100.94,2491.94,7461.39,46.3383
40,1111.67,55084.64,66258.39,1183.12,2958.60,7032.03,51.6420
40,903.31,44226.73,54440.51,865.67,3100.72,6247.40,46.5117
40,819.25,40819.39,50800.38,788.46,2792.98,6399.55,47.0988
40,986.06,48249.17,59624.23,913.21,2927.72,7534.13,48.9125
40,884.23,43419.00,53582.26,829.29,2292.14,7041.83,48.1136
40,893.62,45309.32,54604.94,991.37,2570.69,5733.56,48.9834
40,826.62,39288.71,49997.27,956.31,3100.18,6652.07,47.6035
40,809.98,38512.10,48945.40,1103.00,2747.45,6582.85,49.0093
40,900.25,44022.42,54594.06,827.83,2970.72,6773.09,47.4462
40,1015.41,49533.42,60705.66,946.67,3026.92,7198.65,51.1531
40,867.71,42486.10,53258.91,894.10,2745.99,7132.71,50.1695
40,991.12,48832.14,59623.91,1031.31,2725.26,7035.20,46.1994
40,936.83,46951.65,58225.13,888.37,2308.08,8077.03,50.8028
40,887.52,46242.27,55371.57,987.62,2220.27,5921.41,48.6565
40,1109.49,54726.93,65884.07,993.65,3164.07,6999.42,48.7011
40,1153.22,59415.09,69915.02,887.93,2420.94,7191.06,53.0368
40,911.12,46451.09,56190.10,1081.63,2175.42,6481.97,49.7193
40,810.14,39167.02,49522.47,953.52,2340.58,7061.35,46.4612
40,898.26,42862.49,54118.85,1058.67,2950.62,7247.07,48.3323
40,852.49,41437.75,51879.08,941.11,2211.07,7289.15,47.9889
40,1039.01,53102.98,62878.48,925.84,2380.79,6468.88,49.6536
40,1021.45,50425.40,61613.33,998.99,2546.66,7642.29,48.7855
40,898.02,43119.47,54068.84,1109.81,2665.31,7174.24,47.4115
40,907.16,45445.61,55601.28,1034.77,2170.65,6950.26,47.1191
40,1022.82,50410.16,60411.07,781.76,2947.13,6272.02,50.5732
40,909.43,45969.53,55102.21,681.23,2414.65,6036.80,47.2206
40,914.57,45471.05,55042.41,956.07,2217.45,6397.83,48.1500
40,959.18,49219.96,57871.43,970.58,2496.75,5184.14,49.1025
40,920.21,45905.69,56168.11,875.23,2413.83,6973.36,47.2074
40,803.90,39613.02,49270.41,1055.23,2372.31,6229.85,49.5765
40,943.30,47384.54,57541.22,748.71,2847.89,6560.08,48.2835
40,995.09,50286.25,60863.88,1144.12,2713.25,6720.26,50.1894
40,952.23,47204.97,57895.35,1043.90,2645.07,7001.41,49.3850
40,1026.20,50484.04,62176.71,1479.87,3063.38,7149.42,49.8968
40,872.68,41381.94,53009.01,898.50,2802.80,7925.76,48.4109
40,1054.78,53004.10,63985.96,1064.51,2574.01,7343.34,48.2941
40,967.80,46459.74,57904.64,1034.14,2918.95,7491.81,47.6531
40,853.41,43329.09,52276.15,1039.24,2360.65,5547.16,45.5078
40,1076.71,52896.94,63830.71,922.39,2743.76,7267.63,52.4388
40,826.81,41051.34,50376.67,1173.22,2134.88,6017.22,44.2745
40,854.69,42766.85,52134.50,836.63,2652.39,5878.63,47.2336
40,927.66,44826.05,55506.97,1005.21,3174.13,6501.59,43.1883
40,825.59,38435.67,50082.57,1169.52,2672.76,7804.62,48.5404
50,1109.11,56090.23,66599.94,1073.26,2775.74,6660.72,49.8472
50,1194.12,59409.24,70687.75,964.62,2921.02,7392.86,48.5950
50,978.29,46993.50,57436.87,767.40,2829.07,6846.90,50.0103
50,688.29,32988.23,42067.77,1275.10,2488.83,5315.60,45.0215
50,832.74,38034.83,50436.76,1056.00,2957.90,8388.03,47.5856
50,833.28,39818.33,50547.75,1108.43,2450.80,7170.19,48.6346
50,981.81,47320.58,58816.35,1295.60,2368.46,7831.72,48.4507
50,1180.05,59101.18,70606.58,889.22,3229.20,7386.99,53.2135
50,963.23,47725.58,58421.14,932.82,2921.89,6840.85,47.1149
50,882.79,42186.94,52548.82,1034.21,2648.21,6679.46,49.2117
50,946.11,45660.86,56433.77,939.53,2872.30,6961.09,47.7608
50,886.70,43651.40,53008.64,860.39,2727.19,5769.66,46.9240
50,910.08,43951.94,54423.49,976.20,3103.26,6392.10,48.8692
50,829.04,39757.00,50245.87,753.34,2283.49,7452.05,46.9063
50,1065.71,52570.37,63333.00,1153.83,3119.16,6489.65,48.3282
50,1128.49,55966.93,67271.15,1148.07,2867.19,7288.97,51.2849
50,1089.09,54873.19,65659.93,999.46,2226.87,7560.42,52.2856
50,747.85,34433.19,44967.82,1046.53,2628.68,6859.42,49.1790
50,963.13,46938.53,57803.23,986.34,3207.86,6670.50,48.3517
50,1091.00,52635.75,64444.91,1566.19,2885.46,7357.51,50.0601
50,1120.22,55172.25,66404.71,1146.56,2743.32,7342.58,49.5677
50,943.67,46305.45,56521.15,934.41,2391.57,6889.73,48.9092
50,822.55,40351.73,50636.66,879.43,2394.25,7011.25,48.3168
50,954.58,46668.54,56783.72,788.90,2724.92,6601.37,49.9886
50,937.57,44490.80,55889.68,1363.83,2948.92,7086.13,49.2699
50,940.90,45623.81,56125.75,1002.13,2818.12,6681.69,47.6958
50,839.98,39481.44,50604.62,1139.11,2956.14,7027.94,47.4284
50,1036.40,50608.31,61533.83,715.52,2929.26,7280.73,48.8396
50,1112.49,54151.31,65254.82,961.08,2961.76,7180.67,48.2041
50,1021.52,50041.55,60998.58,896.86,2832.40,7227.78,50.5607
50,847.10,40069.29,50908.03,1439.39,3122.08,6277.27,49.4046
50,906.68,43004.57,54035.89,1091.54,3175.68,6764.09,47.9421
50,1062.63,53467.62,63758.29,835.24,2542.46,6912.97,50.1278
50,777.72,36750.03,47523.55,1083.13,2462.66,7227.74,46.9612
50,1125.90,55539.28,66603.20,1083.48,2434.10,7546.35,50.4048
50,745.00,37407.46,45826.60,928.26,2197.55,5293.33,46.5342
50,1025.85,50470.33,61599.05,1066.20,2952.63,7109.89,50.8745
50,843.03,40143.10,50034.41,982.26,2601.08,6307.97,47.3009
50,930.05,45335.04,55103.02,986.06,2558.75,6223.18,48.3025
50,791.74,38183.77,47872.82,1209.46,2456.97,6022.62,48.6179
50,1061.52,52904.19,62568.49,1166.22,2236.83,6261.25,48.5349
50,955.99,47928.87,56619.82,705.03,2448.17,5537.74,48.4537
50,1094.73,51141.62,64585.18,1130.90,3703.57,8609.08,49.6503
50,929.30,45704.17,55830.15,1103.31,2563.49,6459.18,45.6477
50,900.80,44303.81,54306.25,943.09,2880.84,6178.50,47.8949
50,1077.37,51568.85,63534.50,1227.85,2942.93,7794.87,51.3374
50,800.33,38956.01,48503.12,1183.25,2662.37,5701.49,45.8730
50,950.36,45657.39,57091.78,1257.99,2842.80,7333.59,51.5789
50,1071.74,52046.14,63792.40,887.87,3195.58,7662.81,48.2191
50,992.26,49883.28,59283.64,846.98,2553.59,5999.78,45.8193
50,895.78,41907.85,53316.35,1352.01,3314.81,6741.67,49.6307
50,944.66,46088.15,56401.10,1196.81,2588.00,6528.13,48.4600
50,699.94,33795.55,43052.86,760.47,1970.31,6526.53,46.0706
50,1080.04,54010.76,64184.26,1128.65,2530.32,6514.54,53.3896
50,1118.53,54069.17,65743.53,1457.53,2919.91,7296.91,51.3728
50,913.42,43875.22,54353.11,1122.38,2865.52,6489.99,49.0699
50,852.82,39936.51,50996.18,1024.79,2587.03,7447.85,47.8942
50,1129.33,55332.22,66640.68,1170.19,3069.83,7068.44,52.0861
50,904.38,43560.05,53874.25,1027.66,3050.31,6236.23,47.9054
50,837.32,40479.98,50589.31,818.86,2863.32,6427.16,48.1563
50,1019.42,47954.39,60106.13,1073.31,3415.36,7663.07,49.5013
50,890.25,42514.29,53157.77,1109.08,2494.77,7039.64,48.0173
50,902.83,45429.42,54938.92,1039.57,2737.33,5732.61,48.0076
50,830.33,38765.40,49776.49,1156.21,3167.33,6687.55,47.6058
50,816.09,38161.06,48978.22,1226.92,2951.26,6638.98,48.1489
50,912.53,43829.34,54515.79,890.31,3002.50,6793.63,49.7366
50,984.54,47039.30,58256.90,1263.08,2812.25,7142.27,50.0961
50,866.50,42166.64,52899.66,798.48,2827.98,7106.55,46.5347
50,999.82,47892.06,58619.01,1026.74,2681.59,7018.62,46.5673
50,942.36,45408.76,57036.34,1137.34,2390.18,8100.06,47.9055
50,895.99,45841.88,54863.93,849.44,2230.94,5941.68,47.6392
50,1112.11,53875.04,65354.87,1272.48,3164.00,7043.35,52.1659
50,1158.25,59201.30,69791.83,946.87,2500.66,7143.00,54.0574
50,878.25,44515.03,54061.96,1035.03,2045.06,6466.84,46.3607
50,831.16,39885.15,50228.11,760.71,2486.31,7095.94,45.6955
50,912.59,42430.62,53754.84,942.87,2999.38,7381.97,47.7864
50,866.32,41596.43,52486.94,1159.89,2364.31,7366.31,47.9186
50,1049.81,52598.40,62707.89,1109.26,2492.72,6507.51,48.4709
50,1030.71,50350.84,61640.22,1081.73,2551.95,7655.71,48.8664
50,904.65,42946.40,54045.03,1155.19,2719.83,7223.61,46.3386
50,914.08,44194.29,54694.04,1361.61,2194.66,6943.48,48.9620
50,1021.97,49972.15,60092.20,940.23,2863.91,6315.92,49.4683
50,910.12,45767.40,54963.16,625.51,2511.61,6058.64,47.9630
50,924.93,45201.97,54936.72,1125.79,2232.31,6376.64,48.8759
50,961.95,48680.71,57387.97,1001.77,2526.83,5178.66,48.7026
50,943.22,46014.99,56353.79,715.59,2623.22,6999.99,48.8778
50,805.35,38656.52,48447.85,1202.44,2339.89,6249.01,47.0549
50,947.74,46722.06,57140.42,966.57,2901.31,6550.48,48.7201
50,1018.92,50146.60,61118.06,1369.77,2904.32,6697.37,51.2677
50,964.67,46618.57,57573.23,1247.75,2708.33,6998.59,48.6840
50,1035.11,50076.68,61487.41,1267.60,2993.60,7149.53,48.3306
50,881.77,40817.03,52800.46,903.62,3128.85,7950.96,50.0548
50,1060.05,52880.03,63869.02,972.15,2662.85,7353.99,47.3588
50,977.86,46521.28,57855.00,744.14,3059.23,7530.35,46.5571
50,830.04,42585.02,51437.95,1009.84,2318.41,5524.69,45.5080
50,1075.24,52885.30,63777.50,792.29,2820.90,7279.00,50.1342
50,843.08,41140.27,50502.29,1124.81,2198.00,6039.21,46.3855
50,853.91,42360.38,51725.76,894.82,2562.79,5907.76,47.0811
50,926.68,44685.48,55414.02,1009.31,3249.24,6469.98,45.6590
50,838.68,37927.93,49936.35,1377.24,2822.78,7808.40,48.0616
60,1112.24,55775.76,66359.22,962.02,2973.64,6647.80,49.9838
60,1196.84,59080.09,70424.77,1087.18,2833.08,7424.42,52.2882
60,967.98,46544.16,57173.56,886.44,2892.30,6850.67,49.9169
60,686.17,33104.51,41777.73,908.68,2427.56,5336.98,46.1307
60,842.52,37170.82,50142.25,1446.77,3079.85,8444.80,45.7613
60,837.01,39851.96,50736.33,1154.81,2478.31,7251.25,49.0870
60,987.30,46643.70,58368.12,1478.41,2363.36,7882.64,47.4014
60,1189.49,58674.95,70478.86,1049.39,3329.41,7425.12,51.1736
60,962.99,47226.32,58014.53,1099.47,2880.33,6808.42,49.8243
60,877.23,41452.75,52145.44,1145.20,2802.03,6745.46,48.7735
60,939.17,44056.28,55257.12,1354.31,2843.70,7002.83,47.7554
60,899.40,43784.28,53394.06,932.63,2831.54,5845.61,48.2526
60,900.22,42722.56,53412.85,1072.33,3191.52,6426.44,50.2285
60,824.56,39114.10,49501.32,772.30,2237.80,7377.11,47.3645
60,1068.65,52112.35,63048.60,1344.32,3080.01,6511.92,49.2252
60,1143.78,56016.39,67294.91,1015.38,2986.15,7276.98,52.0858
60,1103.78,54832.03,65943.22,1204.48,2333.90,7572.81,49.4253
60,750.86,34195.41,44768.75,994.62,2726.01,6852.72,48.0019
60,967.04,46486.72,57616.13,1203.05,3225.28,6701.07,48.6899
60,1103.29,52888.53,64615.32,1375.77,2924.47,7426.55,50.1897
60,1148.40,56052.85,67357.23,804.88,3056.26,7443.23,50.8200
60,947.61,45833.84,56250.39,1031.69,2477.15,6907.70,48.9456
60,838.90,39801.83,50288.20,973.76,2487.02,7025.58,48.0945
60,958.48,46215.57,56814.57,1223.06,2752.72,6623.22,50.3667
60,955.74,45236.19,56591.24,1267.42,3032.94,7054.69,48.8157
60,956.18,45841.99,56827.03,1212.72,3011.88,6760.43,47.8612
60,850.05,39705.69,50961.68,1128.55,3005.58,7121.86,49.7687
60,1047.99,50486.72,61564.57,832.13,2954.69,7291.03,49.6584
60,1116.18,54011.94,65269.57,961.53,3084.72,7211.37,48.4659
60,1018.24,49597.11,60589.69,987.45,2771.35,7233.78,49.7911
60,859.65,39541.12,50815.36,1615.50,3328.91,6329.84,51.4741
60,911.57,42518.62,53854.93,1135.13,3391.73,6809.45,47.6317
60,1077.85,53295.31,63798.47,839.30,2722.35,6941.52,52.7239
60,792.25,36737.00,47781.23,1214.58,2529.26,7300.39,45.8268
60,1137.42,55818.23,67255.60,1238.40,2632.46,7566.50,50.6118
60,753.97,37493.49,45913.31,873.09,2243.37,5303.36,46.7225
60,1010.44,49618.46,60770.60,1209.47,2828.87,7113.79,50.6928
60,841.83,40054.41,49830.29,872.07,2589.21,6314.59,48.2497
60,931.96,45269.31,55001.22,994.24,2517.39,6220.28,47.5771
60,825.32,39727.98,49607.59,1047.16,2762.81,6069.64,47.6386
60,1076.50,52778.20,62744.39,1395.10,2266.82,6304.26,47.9506
60,957.80,47528.41,56391.51,794.88,2538.35,5529.87,48.5807
60,1088.85,50764.92,64462.62,1327.74,3751.74,8618.22,52.0269
60,946.28,46354.76,56417.68,872.11,2695.79,6495.01,48.2816
60,905.74,43858.13,54273.02,1103.57,3091.69,6219.63,48.1743
60,1092.40,51576.78,63767.29,1373.31,2990.07,7827.13,50.9137
60,815.36,39162.88,48761.24,1031.93,2808.03,5758.41,46.2210
60,953.21,46342.05,57823.31,1096.24,3043.40,7341.62,52.1402
60,1073.95,51538.39,63511.63,930.73,3350.89,7691.62,48.0450
60,990.63,49485.53,59059.10,860.27,2689.72,6023.59,48.3578
60,884.32,41957.75,53034.26,1071.33,3256.39,6748.78,49.2164
60,944.65,45854.43,56221.19,1277.34,2551.58,6537.84,49.0871
60,721.65,34554.85,43853.43,667.76,2076.61,6554.21,46.8811
60,1093.03,54647.49,64576.74,883.41,2494.67,6551.16,51.6014
60,1140.72,54650.78,66483.23,1582.74,2870.91,7378.81,51.9554
60,898.17,42497.61,53019.02,1267.49,2801.81,6452.11,50.0257
60,844.66,38771.96,50073.56,1151.65,2627.88,7522.07,48.6065
60,1133.87,54543.60,66001.24,1261.16,3136.15,7060.34,52.5647
60,918.61,43961.82,54450.53,849.67,3354.96,6284.07,48.5947
60,804.08,38639.26,48881.92,962.65,2800.98,6479.04,48.0416
60,1020.65,47694.58,59740.18,970.77,3427.89,7646.94,50.0665
60,898.70,42369.21,53149.89,1157.25,2553.84,7069.58,47.9225
60,912.95,44635.15,54555.11,1265.55,2892.72,5761.69,48.9676
60,840.60,39097.80,50018.73,946.56,3283.26,6691.11,47.5718
60,831.26,37920.84,49102.94,1329.59,3143.71,6708.79,48.3990
60,909.67,43583.55,54278.69,819.28,3063.30,6812.56,49.7773
60,999.72,47353.26,58447.98,988.27,2929.45,7177.01,49.9909
60,877.33,41985.56,52661.28,819.01,2702.12,7154.59,48.8641
60,1014.87,48293.50,59414.51,1285.15,2722.43,7113.42,48.6482
60,963.96,45686.71,57531.38,1149.68,2552.30,8142.69,49.6510
60,899.33,45561.98,54925.74,1095.34,2341.02,5927.40,50.1889
60,1107.49,53135.37,64883.36,1471.17,3212.68,7064.14,49.9303
60,1172.01,58823.22,69647.36,1027.69,2614.47,7181.98,51.8904
60,916.55,45179.04,55174.99,1282.61,2238.75,6474.59,47.3776
60,823.67,39073.00,49647.43,941.37,2495.92,7137.14,47.6691
60,895.30,41470.84,52936.04,1085.00,3029.40,7350.79,49.5451
60,884.45,41581.44,52621.06,1154.87,2429.50,7455.25,48.9637
60,1058.93,52912.81,62977.34,971.92,2576.76,6515.85,48.8198
60,1030.64,49940.05,61177.53,944.46,2610.06,7682.96,47.7434
60,901.36,42457.49,53676.48,1126.95,2930.54,7161.49,48.4199
60,933.87,45050.86,55614.29,1192.26,2389.42,6981.75,48.2350
60,1023.11,49741.37,59945.90,888.63,3014.99,6300.91,49.1785
60,921.89,45126.82,54723.70,860.30,2665.90,6070.69,47.6853
60,932.69,45435.46,54975.85,907.47,2270.56,6362.35,48.6876
60,968.54,48504.98,57147.83,857.08,2602.58,5183.18,50.0223
60,950.34,45902.36,56370.81,817.53,2646.98,7003.95,48.7351
60,807.92,39280.25,49202.95,1231.02,2413.88,6277.79,47.5431
60,972.40,46913.11,57632.35,986.49,3128.41,6604.34,47.9291
60,1017.49,49811.32,60767.39,1231.27,2961.72,6763.09,51.1706
60,969.53,46378.62,57335.73,1122.64,2797.14,7037.33,48.4344
60,1048.62,50294.31,62266.30,1877.37,2940.95,7153.67,50.3139
60,890.87,40856.77,52939.45,923.84,3165.42,7993.43,48.6499
60,1078.96,52970.51,64055.52,926.35,2741.56,7417.10,46.8466
60,980.41,45953.75,57687.21,1004.11,3169.46,7559.88,46.9857
60,868.42,42877.67,51850.54,940.73,2494.13,5538.00,45.1283
60,1086.33,52472.32,63876.70,1033.57,3043.83,7326.99,51.6569
60,835.01,39941.01,49432.47,1207.80,2249.27,6034.39,45.8182
60,867.89,41954.18,51756.88,1071.83,2822.13,5908.74,46.1421
60,935.47,44254.80,55315.41,1115.44,3412.69,6532.47,45.3042
60,840.46,37890.03,49941.45,1476.47,2785.48,7789.46,48.2627
70,1124.06,55757.80,66373.30,958.03,2959.79,6697.68,48.6464
70,1199.47,58713.62,70192.96,1322.36,2726.06,7430.92,49.8303
70,979.58,46134.93,56798.79,846.03,2953.41,6864.42,50.0957
70,693.14,33031.83,41762.87,938.15,2459.47,5333.42,46.3648
70,833.53,36528.79,49395.34,1413.80,3007.54,8445.22,46.1909
70,853.61,39704.27,50690.32,1110.17,2616.78,7259.11,48.7508
70,1001.09,46801.73,58829.54,1572.53,2532.68,7922.61,48.2534
70,1194.81,58663.04,70430.82,948.77,3376.55,7442.45,53.1841
70,956.85,46724.50,57412.82,865.28,2947.32,6875.73,49.9980
70,894.43,41966.79,52623.30,887.91,2979.59,6789.02,49.3651
70,959.83,44743.75,56282.64,1410.42,3153.74,6974.73,48.7821
70,901.17,43493.06,53370.37,952.48,3065.68,5859.15,47.7368
70,922.13,42998.36,53925.40,1359.71,3135.30,6432.02,49.4930
70,828.11,38662.45,49293.90,893.15,2279.46,7458.84,47.9314
70,1081.07,52424.03,63345.45,1154.56,3263.35,6503.51,49.0254
70,1156.38,55661.92,67247.22,1050.69,3152.33,7382.28,50.0848
70,1080.58,52696.99,63887.03,1244.87,2334.14,7611.04,49.1594
70,762.75,34123.75,44766.74,993.10,2764.55,6885.34,47.0080
70,967.41,46348.09,57564.00,1234.67,3272.76,6708.48,49.3115
70,1100.95,51993.50,63793.12,1260.29,3072.67,7466.66,49.8762
70,1158.36,55763.83,67366.51,962.62,3190.46,7449.59,51.8218
70,937.89,44752.56,55360.78,1134.28,2585.94,6888.00,48.7641
70,825.09,39700.14,49862.08,849.49,2294.44,7018.00,48.3471
70,963.39,46283.95,56625.35,1017.72,2698.31,6625.36,49.1109
70,957.20,44009.50,55873.95,1537.80,3248.62,7078.02,51.8283
70,946.26,44941.00,55729.09,1238.62,2821.16,6728.31,48.4829
70,845.99,38924.02,50315.26,1314.31,2981.43,7095.51,48.5794
70,1054.18,50468.66,61740.07,838.17,3060.51,7372.72,50.1300
70,1115.85,53252.69,64829.31,1182.85,3169.19,7224.58,50.1156
70,1029.50,49091.36,60368.94,1069.20,2957.17,7251.20,51.3105
70,855.61,38858.50,50275.15,1761.79,3323.72,6331.14,51.2705
70,910.05,42186.77,53873.21,1344.15,3516.39,6825.90,47.9793
70,1082.66,52964.53,63608.50,916.69,2788.86,6938.42,53.8547
70,794.34,35575.24,46941.36,1378.65,2706.84,7280.62,46.1941
70,1129.42,54624.68,66218.07,1354.58,2604.80,7634.02,49.3425
70,760.61,37203.03,45918.16,1059.52,2318.03,5337.57,46.2962
70,1040.32,50560.18,61815.06,1178.46,2951.92,7124.51,51.5232
70,844.99,39872.33,49774.63,966.42,2630.40,6305.49,46.4288
70,937.35,44523.14,54687.43,1197.79,2733.37,6233.13,50.6310
70,819.06,39118.13,48862.88,885.39,2768.22,6091.13,48.4652
70,1086.69,52488.18,62789.07,1473.00,2524.41,6303.48,47.9729
70,962.20,47234.45,56332.19,907.88,2640.55,5549.30,47.5804
70,1102.15,50125.43,64121.99,1538.68,3862.15,8595.73,52.2082
70,951.08,46285.64,56288.53,786.80,2729.89,6486.20,47.6332
70,886.56,42888.30,53262.98,1163.57,2998.66,6212.45,47.9918
70,1106.07,51681.50,64127.29,1343.02,3193.32,7909.45,51.4431
70,813.97,38422.15,48112.44,1029.93,2862.19,5798.19,47.1361
70,971.38,46348.34,58014.41,1411.44,2917.00,7337.63,47.6406
70,1077.73,51396.27,63488.31,925.53,3462.84,7703.66,51.4474
70,992.67,48629.60,58307.61,965.30,2699.33,6013.38,45.8273
70,901.44,41717.58,53447.15,1526.23,3391.87,6811.47,49.0952
70,929.79,44577.06,55133.97,1381.91,2633.51,6541.49,47.3801
70,713.92,32991.85,42680.58,914.52,2184.53,6589.68,45.4624
70,1098.67,54257.05,64368.85,951.51,2550.62,6609.68,52.5058
70,1144.55,53913.81,65907.40,1672.43,2960.18,7360.98,52.1990
70,898.68,42415.14,53202.84,1420.04,2861.96,6505.70,47.9518
70,841.61,38580.46,50240.37,1561.45,2607.83,7490.63,48.3443
70,1140.34,54362.21,66218.17,1475.51,3291.10,7089.36,52.5329
70,928.24,44349.25,54795.93,760.74,3371.53,6314.41,49.6108
70,841.95,39762.80,50263.55,936.79,3069.97,6493.98,47.8512
70,1024.32,47592.19,59745.73,995.77,3485.94,7671.83,50.4119
70,896.14,41924.03,52539.81,1021.17,2553.69,7040.92,48.4746
70,910.20,44301.63,54254.96,1378.19,2809.78,5765.36,49.7586
70,853.52,38824.52,50102.26,998.04,3505.26,6774.44,48.0930
70,832.95,37786.44,49036.83,1270.94,3272.94,6706.50,48.5717
70,918.59,43213.76,54062.11,877.50,3173.36,6797.50,50.2002
70,1004.13,46729.79,58604.45,1476.59,3143.89,7254.17,50.4236
70,888.75,41661.83,52607.23,897.15,2906.47,7141.78,49.7686
70,1020.13,48241.16,59547.65,1310.05,2921.92,7074.52,47.2679
70,960.40,45949.86,57767.53,1158.58,2528.72,8130.37,49.3448
70,925.95,46533.00,55925.68,946.63,2445.20,6000.85,49.4638
70,1120.96,53399.64,65311.91,1410.81,3412.14,7089.31,51.1366
70,1170.42,58809.63,69814.15,1203.23,2598.41,7202.88,52.4499
70,924.44,45120.31,54935.86,1082.82,2258.53,6474.21,47.6695
70,819.36,37897.58,48654.97,1087.79,2531.11,7138.48,46.1958
70,915.42,41239.27,53208.69,1298.58,3258.02,7412.82,48.3286
70,902.22,41904.99,53007.77,1082.30,2554.59,7465.90,48.7943
70,1054.07,51994.92,62343.89,1227.52,2582.14,6539.31,51.6991
70,1035.22,49579.67,61117.39,1186.76,2707.53,7643.43,48.6414
70,910.48,42238.73,53375.86,1080.57,2816.76,7239.80,48.4797
70,924.64,44217.91,54797.40,1207.02,2414.05,6958.43,46.3987
70,1034.73,49914.66,60266.78,760.30,3259.27,6332.55,50.2389
70,923.76,45331.38,54743.13,678.54,2650.38,6082.83,46.3668
70,938.12,44605.52,54568.71,1219.61,2356.79,6386.79,48.0289
70,967.59,48185.55,57124.22,1185.70,2574.96,5178.01,50.4913
70,961.27,45585.21,56437.56,949.26,2839.93,7063.17,47.6430
70,813.41,38344.22,48486.93,1263.24,2576.68,6302.78,47.4658
70,975.54,46622.49,57457.31,1038.43,3184.18,6612.20,48.9820
70,1030.54,49808.61,61006.13,1366.60,3052.51,6778.41,51.5350
70,980.21,46477.72,57544.70,1001.00,2994.75,7071.22,48.0195
70,1083.26,51472.86,63500.28,1648.01,3176.79,7202.62,49.8377
70,892.56,40398.83,52604.52,1038.93,3155.81,8010.95,48.6335
70,1083.67,52691.25,64062.74,1011.64,2928.33,7431.51,48.1690
70,992.42,45748.88,57819.46,980.60,3481.68,7608.30,48.3105
70,866.68,42282.37,51529.87,1098.90,2559.35,5589.25,46.6321
70,1083.51,52009.72,63235.91,1025.85,2870.97,7329.36,51.4689
70,840.70,39378.23,49032.14,1372.04,2225.44,6056.42,46.6938
70,873.78,42338.43,52024.33,814.12,2923.81,5947.96,46.3483
70,932.92,44111.93,55035.39,991.18,3405.99,6526.28,44.8532
70,840.64,37146.87,49323.57,1454.46,2909.94,7812.29,49.5306
