5.000000e-01,157.40,12052.89,16464.64,858.63,910.18,2642.94,0.09,0.0452
5.000000e-01,272.89,22799.29,28414.71,971.16,942.88,3701.38,0.15,0.0686
5.000000e-01,200.59,17777.46,22983.02,968.65,929.91,3307.00,0.12,0.0413
5.000000e-01,165.22,17938.25,21564.35,434.22,861.30,2330.59,0.11,0.0586
5.000000e-01,264.69,21238.01,27657.65,1125.52,1138.46,4155.66,0.14,0.0654
5.000000e-01,292.45,20531.98,26495.44,1080.96,941.79,3940.70,0.14,0.0560
5.000000e-01,204.99,19443.20,24679.26,787.50,845.69,3602.87,0.13,0.0775
5.000000e-01,184.65,14225.62,19527.84,744.52,823.80,3733.90,0.10,0.0485
5.000000e-01,152.72,14082.93,18231.16,528.44,624.46,2995.33,0.10,0.0566
5.000000e-01,212.25,19252.89,24231.02,703.68,929.04,3345.40,0.13,0.0432
5.000000e-01,195.28,16338.60,20717.92,625.90,738.22,3015.19,0.11,0.0797
5.000000e-01,152.16,12108.00,15949.32,609.55,671.70,2560.07,0.08,0.0624
5.000000e-01,305.36,25217.05,31018.94,1477.80,1293.34,3030.76,0.16,0.1004
5.000000e-01,238.35,16287.44,22245.22,1190.06,984.54,3783.18,0.11,0.0664
5.000000e-01,172.44,13394.05,18103.59,1087.21,902.69,2719.64,0.09,0.0656
5.000000e-01,294.86,22143.03,27885.78,1246.88,845.55,3650.32,0.15,0.0519
5.000000e-01,211.38,18347.80,23159.29,392.41,862.88,3556.20,0.12,0.0847
5.000000e-01,208.93,18492.43,23900.62,1151.96,1244.38,3011.84,0.12,0.0681
5.000000e-01,249.48,25084.73,29755.63,757.69,1011.69,2901.52,0.16,0.0511
5.000000e-01,174.33,14919.84,19526.66,516.07,675.40,3415.36,0.10,0.0630
5.000000e-01,232.03,17642.35,24074.82,1703.31,904.18,3824.99,0.13,0.0793
5.000000e-01,267.93,20231.50,26642.18,1375.60,1076.41,3958.67,0.14,0.0825
5.000000e-01,279.37,22960.87,28075.97,1020.98,961.93,3132.19,0.15,0.0701
5.000000e-01,126.68,12371.77,16376.49,377.22,796.33,2831.18,0.08,0.0582
5.000000e-01,273.88,19841.05,25337.47,1144.58,1049.80,3302.04,0.13,0.0748
5.000000e-01,239.76,18111.89,23423.33,956.48,953.32,3401.64,0.12,0.0679
5.000000e-01,433.78,26722.85,33660.12,1680.21,1058.18,4198.88,0.18,0.0723
5.000000e-01,188.32,16997.92,21695.61,450.80,650.49,3596.40,0.11,0.0546
5.000000e-01,216.51,21105.57,26130.11,845.55,1000.47,3178.52,0.14,0.0854
5.000000e-01,291.84,24683.69,30972.43,1567.83,1143.51,3577.40,0.16,0.0661
5.000000e-01,193.25,14519.82,19372.89,1019.04,832.01,3002.01,0.10,0.0953
5.000000e-01,293.47,21798.55,27184.75,973.57,829.81,3582.83,0.14,0.0629
5.000000e-01,179.71,15828.67,21059.29,767.05,911.67,3551.91,0.11,0.0802
5.000000e-01,194.98,18019.27,22560.15,538.11,846.45,3156.32,0.12,0.0706
5.000000e-01,215.59,15950.53,21522.81,894.35,747.06,3930.87,0.11,0.0540
5.000000e-01,155.10,14444.44,18434.30,615.59,824.82,2549.45,0.10,0.0679
5.000000e-01,328.37,26031.48,32775.12,1957.93,1056.37,3729.34,0.17,0.0706
5.000000e-01,292.46,18635.79,25285.07,1958.19,1222.43,3468.66,0.13,0.0937
5.000000e-01,114.31,12684.85,16044.70,129.60,569.12,2661.13,0.08,0.0623
5.000000e-01,149.26,16242.97,19630.76,265.73,689.55,2432.51,0.10,0.0505
5.000000e-01,196.11,14358.08,19098.78,748.68,732.68,3259.34,0.10,0.0806
5.000000e-01,163.32,16845.11,20489.76,611.11,725.43,2308.12,0.11,0.0726
5.000000e-01,259.13,20222.72,26722.43,1410.77,921.49,4167.45,0.14,0.0549
5.000000e-01,192.29,18684.32,23821.55,1137.99,1238.78,2760.45,0.12,0.0744
5.000000e-01,142.54,11349.79,15646.34,780.36,831.04,2685.15,0.08,0.0880
5.000000e-01,248.37,19330.09,25360.01,1233.34,1031.93,3764.65,0.13,0.0565
5.000000e-01,168.51,16593.92,20121.29,327.47,744.55,2455.35,0.11,0.0769
5.000000e-01,271.91,20762.63,26376.37,999.61,860.11,3754.01,0.14,0.0560
5.000000e-01,271.28,24359.81,30298.41,1408.39,1181.02,3349.18,0.16,0.0803
5.000000e-01,175.41,10963.52,16551.69,1383.66,967.45,3237.05,0.09,0.0676
5.000000e-01,234.45,19506.99,24515.62,875.75,883.35,3249.53,0.13,0.0721
5.000000e-01,280.90,16965.48,24591.38,2725.23,1252.94,3647.74,0.13,0.0500
5.000000e-01,231.95,23785.92,28118.32,600.12,923.53,2808.75,0.15,0.0613
5.000000e-01,216.09,19790.71,24715.55,1104.49,867.04,2953.30,0.13,0.0468
5.000000e-01,289.27,18516.47,24845.06,1539.82,991.28,3797.48,0.13,0.0679
5.000000e-01,319.28,19327.93,26296.18,1883.17,1145.43,3939.65,0.14,0.0579
5.000000e-01,117.50,12419.64,16189.95,102.44,464.64,3203.22,0.09,0.0472
5.000000e-01,207.90,17009.03,21432.74,510.86,525.31,3387.55,0.11,0.0594
5.000000e-01,189.37,18250.19,22916.57,677.03,1048.13,2941.21,0.12,0.0964
5.000000e-01,180.31,18664.23,22399.96,412.51,715.36,2607.86,0.12,0.0489
5.000000e-01,269.21,19676.09,25944.72,1156.97,938.85,4172.81,0.13,0.0638
5.000000e-01,177.40,17502.04,21359.23,394.38,585.97,2876.85,0.11,0.0405
5.000000e-01,171.21,17768.16,21267.30,302.00,666.01,2531.14,0.11,0.0571
5.000000e-01,222.01,20915.58,25717.61,657.02,963.00,3182.01,0.14,0.0667
5.000000e-01,183.92,16211.49,20446.04,440.39,616.80,3177.36,0.11,0.0492
5.000000e-01,303.08,20607.06,27162.73,1587.06,1306.25,3662.37,0.14,0.0981
5.000000e-01,233.45,19761.60,25455.97,1051.37,1060.07,3582.93,0.13,0.0637
5.000000e-01,330.55,21871.23,28963.38,1862.69,1221.93,4007.54,0.15,0.0671
5.000000e-01,337.24,24637.07,30567.71,1113.32,1068.48,3748.84,0.16,0.0897
5.000000e-01,290.61,20712.05,27285.33,1289.25,1055.17,4228.87,0.14,0.0880
5.000000e-01,201.92,16110.31,21360.24,1048.21,995.75,3205.96,0.11,0.0725
5.000000e-01,229.17,16154.46,21236.06,803.55,843.94,3434.11,0.11,0.0566
5.000000e-01,225.46,20340.80,24873.34,510.92,603.70,3417.93,0.13,0.0739
5.000000e-01,137.54,14075.35,17684.56,236.75,651.21,2721.24,0.09,0.0656
5.000000e-01,201.36,20507.64,25054.57,396.37,1076.66,3073.90,0.13,0.0595
5.000000e-01,237.64,22103.20,27007.20,699.09,901.26,3303.64,0.14,0.0663
5.000000e-01,251.90,23593.58,29040.83,926.05,1153.61,3367.60,0.15,0.0789
5.000000e-01,269.55,21127.41,26475.41,933.67,889.22,3525.11,0.14,0.0644
5.000000e-01,213.24,15849.03,22025.72,1381.58,1168.39,3626.73,0.12,0.0699
5.000000e-01,221.24,19381.52,24271.22,765.79,806.19,3317.72,0.13,0.0490
5.000000e-01,247.76,20103.13,25624.18,1088.58,915.87,3516.60,0.13,0.0559
5.000000e-01,275.93,21913.84,27410.52,1294.40,972.85,3229.42,0.14,0.0614
5.000000e-01,271.66,22941.19,27484.65,796.89,1037.97,2708.61,0.14,0.0826
5.000000e-01,130.01,14970.55,18019.14,104.24,469.30,2475.05,0.10,0.0490
5.000000e-01,176.99,17173.11,20398.39,478.90,480.80,2265.58,0.11,0.0526
5.000000e-01,186.52,17520.54,21965.60,563.84,988.18,2893.03,0.11,0.0846
5.000000e-01,282.27,23047.47,27990.97,784.76,890.16,3268.58,0.15,0.0692
5.000000e-01,276.58,22143.87,27785.26,1168.60,994.89,3477.90,0.14,0.0659
5.000000e-01,242.69,19782.99,24562.59,745.35,846.62,3187.63,0.13,0.0801
5.000000e-01,235.86,21707.55,27218.50,1169.54,920.17,3421.24,0.14,0.0750
5.000000e-01,242.98,17441.03,23249.18,1058.97,767.91,3981.28,0.12,0.0727
5.000000e-01,213.95,21679.49,26615.54,575.59,991.58,3368.87,0.14,0.0680
5.000000e-01,188.17,17220.30,22057.86,561.05,709.94,3566.57,0.11,0.0762
5.000000e-01,246.56,22017.99,27278.93,917.51,957.80,3385.63,0.15,0.0709
5.000000e-01,214.87,13818.18,18634.77,1243.21,902.96,2670.43,0.10,0.0522
5.000000e-01,202.21,14871.93,20147.11,832.52,662.62,3780.03,0.11,0.0482
5.000000e-01,172.90,19593.30,22935.62,223.01,541.71,2577.60,0.12,0.0712
5.000000e-01,124.47,12176.64,15195.35,230.85,485.55,2302.30,0.08,0.0829
5.000000e-01,152.18,13106.67,17748.13,707.22,761.95,3172.30,0.09,0.0638
5.000000e-01,281.99,23095.03,29495.20,1327.25,1323.68,3749.24,0.15,0.0821
1,379.57,21808.38,29912.44,2802.09,1486.12,3815.85,0.15,0.0772
1,414.75,29248.27,37834.24,2471.17,1637.59,4477.21,0.19,0.0597
1,310.98,24596.95,31244.34,1449.08,1406.29,3792.02,0.16,0.0668
1,293.54,21346.52,28570.67,2519.13,1794.01,2911.02,0.15,0.0880
1,416.83,29081.59,37948.30,2185.20,1837.08,4844.43,0.19,0.0977
1,398.90,24568.63,32974.98,2257.71,1601.78,4546.87,0.17,0.0660
1,334.40,24997.38,33691.75,2705.34,1904.70,4084.34,0.17,0.0832
1,342.34,22120.00,29667.69,1474.46,1193.65,4879.58,0.15,0.0706
1,254.33,19058.33,25849.50,1830.36,1390.92,3569.89,0.13,0.0618
1,349.83,23219.98,31258.65,2459.45,1534.18,4045.04,0.16,0.0558
1,465.38,27152.20,35895.09,2755.73,1526.38,4460.77,0.18,0.0939
1,354.58,21739.23,28396.08,2025.76,1508.63,3122.46,0.15,0.1000
1,355.01,27387.34,35939.77,3232.96,2093.02,3226.46,0.18,0.0870
1,336.83,19882.47,28809.16,2748.20,1872.69,4305.79,0.15,0.1090
1,274.19,17055.50,24811.48,2778.76,1680.16,3297.06,0.13,0.1171
1,342.94,23725.22,31967.97,2741.98,1715.39,3785.39,0.16,0.0883
1,472.17,28784.07,38705.92,3183.19,1868.57,4870.10,0.20,0.0949
1,286.84,21003.48,28783.88,2469.25,2000.51,3310.62,0.15,0.1232
1,330.05,27293.20,35057.11,2766.51,1868.06,3129.35,0.18,0.0632
1,292.00,18420.48,26334.12,2232.66,1532.17,4148.81,0.13,0.0860
1,392.28,26405.40,35198.30,2918.42,1609.82,4264.66,0.18,0.0969
1,337.11,22235.50,31746.21,3181.32,1961.83,4367.56,0.16,0.0879
1,335.59,23913.09,31322.47,2310.45,1651.69,3447.25,0.16,0.0817
1,312.58,22311.86,29320.84,1832.31,1446.63,3730.04,0.15,0.0938
1,355.77,21626.78,30346.69,2949.52,1819.94,3950.45,0.16,0.1004
1,308.67,21973.82,29115.45,1838.61,1597.49,3705.53,0.15,0.1002
1,502.27,30035.10,38533.86,2534.32,1656.13,4308.31,0.20,0.1015
1,307.97,20864.66,28572.35,2263.34,1462.86,3981.48,0.15,0.0781
1,256.80,22448.19,29670.32,2032.06,1755.11,3434.95,0.15,0.0859
1,368.19,28319.70,36269.71,2391.66,1791.20,3767.15,0.18,0.0743
1,397.46,24322.94,32876.05,2629.64,1684.32,4239.15,0.17,0.1063
1,403.36,26140.73,33657.09,2186.71,1363.44,3966.21,0.17,0.0803
1,306.48,19901.13,27714.72,2110.78,1468.42,4234.40,0.14,0.0857
1,426.33,26242.88,35854.52,3607.33,1921.06,4083.25,0.19,0.1072
1,389.15,24170.61,32858.16,2172.20,1522.32,4993.03,0.17,0.1043
1,251.36,18097.46,24918.22,2155.76,1577.50,3087.51,0.13,0.0989
1,318.93,25730.96,33879.89,2967.34,1689.32,3492.27,0.18,0.0968
1,374.54,22983.60,31906.14,3122.88,2231.65,3568.01,0.16,0.1149
1,281.64,19388.22,26160.48,1825.35,1474.37,3472.55,0.13,0.0971
1,209.82,18441.44,24422.39,1675.30,1498.31,2807.34,0.12,0.0760
1,369.72,23185.52,30811.21,2246.68,1384.41,3994.60,0.16,0.0767
1,281.69,19645.62,26431.76,2529.41,1401.04,2855.70,0.13,0.1010
1,392.28,25762.95,34904.50,2705.60,1594.53,4841.42,0.18,0.0976
1,269.86,19784.26,27820.97,2968.07,1948.00,3120.63,0.14,0.0939
1,219.10,13950.10,20470.30,2019.73,1585.62,2914.86,0.10,0.1226
1,325.57,22102.49,31264.37,2860.97,2031.65,4269.27,0.16,0.1208
1,287.25,20402.72,27595.80,2541.10,1704.90,2947.08,0.14,0.0815
1,421.91,27593.32,36792.13,2894.94,1652.57,4651.30,0.19,0.0885
1,326.55,26120.39,34615.38,3023.39,1977.46,3494.14,0.18,0.0875
1,288.35,15931.81,23585.94,2264.53,1630.00,3759.60,0.12,0.1121
1,363.78,24284.44,32897.14,2802.76,1887.17,3922.77,0.17,0.0977
1,336.90,21394.74,29474.97,2701.10,1580.49,3798.65,0.15,0.0613
1,311.16,25287.26,32338.59,2229.84,1699.37,3122.12,0.17,0.0999
1,365.76,25337.22,34408.57,3395.53,1970.43,3705.39,0.17,0.0855
1,335.13,22771.91,30334.18,2034.71,1584.36,3943.20,0.16,0.1012
1,436.40,26515.78,34572.78,2217.15,1687.63,4152.21,0.18,0.1128
1,341.08,23744.62,30612.67,1590.73,1326.16,3951.16,0.16,0.0986
1,462.97,29132.38,37714.35,2684.93,1479.22,4417.82,0.19,0.0752
1,305.71,22677.13,30229.48,2302.92,1799.91,3449.52,0.15,0.1092
1,313.23,23504.58,30487.17,1999.64,1546.83,3436.11,0.16,0.0726
1,366.91,23107.09,31380.92,2080.57,1551.48,4641.77,0.16,0.1196
1,271.78,22791.90,29434.72,1697.32,1525.64,3419.86,0.15,0.1101
1,315.40,23199.68,30492.60,2533.20,1702.76,3056.95,0.16,0.0941
1,344.36,24809.78,32491.75,2352.57,1667.62,3661.79,0.17,0.1007
1,424.01,26506.40,34446.65,2408.40,1505.54,4026.30,0.18,0.0852
1,403.65,25891.37,34495.81,2436.94,2137.10,4030.40,0.17,0.1222
1,418.87,28039.31,36883.20,2780.33,1728.62,4334.94,0.19,0.1012
1,487.22,30980.41,39651.55,2081.90,1692.33,4896.91,0.20,0.1035
1,367.79,24468.18,34105.49,3483.99,2203.71,3949.61,0.17,0.0762
1,365.96,23913.47,32510.25,2267.99,1867.22,4461.57,0.16,0.0959
1,277.99,17523.84,25436.83,2603.31,1748.04,3561.65,0.13,0.0760
1,361.53,22396.23,29734.08,1840.66,1543.93,3953.26,0.15,0.0922
1,404.55,29460.45,37144.86,1733.67,1297.96,4652.77,0.19,0.0872
1,257.77,17957.83,25079.87,2281.49,1544.21,3296.33,0.13,0.0818
1,270.90,22362.65,29242.90,1708.84,1710.29,3461.11,0.15,0.0734
1,326.82,24776.10,32546.34,2303.95,2011.65,3454.65,0.16,0.1113
1,362.26,28217.91,36390.80,2410.31,1935.71,3826.87,0.19,0.0748
1,325.91,21436.91,29392.33,2615.85,1711.62,3627.96,0.15,0.0665
1,417.02,27035.49,36694.45,3177.61,2058.34,4423.01,0.19,0.1149
1,356.46,25618.74,33134.83,2098.46,1763.63,3653.99,0.17,0.0957
1,326.59,23263.06,30947.18,2197.20,1527.41,3959.51,0.16,0.0791
1,363.38,24437.80,33963.69,3835.69,1829.81,3860.39,0.18,0.0910
1,375.97,26117.60,33965.47,2760.13,1937.59,3150.15,0.17,0.0850
1,270.91,21358.90,27333.62,1565.16,1216.18,3193.38,0.14,0.0561
1,241.62,20782.83,25603.23,1215.12,1002.61,2602.68,0.13,0.1029
1,352.22,24479.15,31922.62,2135.25,1609.77,3698.45,0.16,0.1097
1,353.61,23888.69,30146.78,1538.31,1327.63,3392.16,0.16,0.0890
1,274.00,21669.70,29722.01,2738.87,1861.76,3451.68,0.15,0.0985
1,418.01,26456.71,34916.51,2659.34,1546.25,4254.21,0.18,0.0914
1,322.58,24910.71,33114.90,2484.36,1762.72,3957.11,0.17,0.0978
1,442.02,26089.57,35031.52,2590.18,1589.41,4762.37,0.18,0.1174
1,337.77,25931.79,34510.37,2480.13,1945.23,4153.21,0.18,0.0823
1,299.84,20638.36,28291.91,2199.49,1556.64,3897.42,0.14,0.0802
1,422.84,30765.87,38756.39,2196.98,1786.38,4007.16,0.20,0.0885
1,352.45,19102.64,27234.15,3173.73,1630.07,3327.72,0.14,0.1086
1,394.07,24306.61,31928.35,1866.53,1267.84,4487.38,0.17,0.0991
1,295.53,24271.99,31347.45,2302.71,1479.31,3293.45,0.16,0.0986
1,358.07,25507.20,31542.01,1600.56,1143.01,3291.24,0.16,0.0744
1,387.40,21918.45,30944.72,2866.90,1676.96,4482.41,0.16,0.0863
1,324.32,23518.63,33286.72,3441.30,2198.81,4127.97,0.17,0.1006
1.500000e+00,422.94,25871.07,34312.81,2564.79,1738.79,4138.16,0.17,0.0683
1.500000e+00,476.49,30776.54,39476.77,2335.52,2068.75,4295.96,0.20,0.1371
1.500000e+00,416.06,28733.84,38073.31,3018.25,2153.72,4167.50,0.19,0.1240
1.500000e+00,308.34,22720.23,29381.48,1758.34,2126.29,2776.61,0.15,0.0969
1.500000e+00,413.56,29441.40,38884.95,2435.06,2339.92,4668.56,0.19,0.0674
1.500000e+00,518.63,30928.02,40476.65,2591.66,2012.63,4944.35,0.20,0.0779
1.500000e+00,428.51,30609.29,39873.14,2415.28,2209.10,4639.48,0.20,0.0951
1.500000e+00,403.10,25614.86,34643.35,2231.43,1748.54,5048.51,0.18,0.1111
1.500000e+00,319.59,21605.50,30004.57,2435.96,2024.27,3938.84,0.15,0.0885
1.500000e+00,344.77,22264.21,31343.59,3075.49,2187.83,3816.05,0.16,0.0951
1.500000e+00,472.60,29186.46,37812.14,2476.78,1907.35,4241.56,0.19,0.1185
1.500000e+00,394.55,24430.70,32252.93,2476.24,1971.96,3374.03,0.16,0.0854
1.500000e+00,281.09,25833.25,31764.89,808.81,2313.24,2809.59,0.16,0.1430
1.500000e+00,306.96,20304.69,28557.12,1842.89,2318.27,4091.28,0.14,0.1298
1.500000e+00,288.04,18290.07,25812.72,2211.79,2057.28,3253.59,0.13,0.1280
1.500000e+00,333.25,24607.01,32412.27,1977.70,2092.47,3735.09,0.16,0.1040
1.500000e+00,385.78,28418.68,35900.81,1296.32,2134.90,4050.90,0.18,0.1114
1.500000e+00,337.47,23927.19,32234.81,2335.23,2519.80,3452.59,0.16,0.1122
1.500000e+00,324.83,27343.78,35403.23,2663.46,2392.33,3003.65,0.18,0.0896
1.500000e+00,392.42,22998.98,32490.77,2856.19,2004.21,4631.40,0.16,0.1477
1.500000e+00,390.27,25912.93,36379.39,3956.00,2304.52,4205.94,0.18,0.1134
1.500000e+00,320.63,22360.35,30921.66,2164.66,2329.99,4066.66,0.16,0.1195
1.500000e+00,374.84,25741.07,34730.15,3225.90,2124.73,3638.46,0.18,0.1287
1.500000e+00,292.82,19864.12,28950.70,3262.40,2243.20,3580.98,0.15,0.1126
1.500000e+00,290.67,20896.66,28694.71,1967.16,2226.61,3604.28,0.14,0.1152
1.500000e+00,365.48,24762.17,33376.68,2598.40,2100.92,3915.19,0.17,0.0853
1.500000e+00,484.00,31615.47,41074.64,2869.57,2239.98,4349.63,0.21,0.1217
1.500000e+00,365.63,23226.70,32051.00,2422.27,1904.79,4497.23,0.16,0.1003
1.500000e+00,329.28,24669.21,33488.26,2942.86,2245.85,3630.34,0.17,0.1110
1.500000e+00,397.10,30014.08,39060.84,2767.90,2357.33,3921.53,0.20,0.1100
1.500000e+00,398.41,25876.99,34129.87,1953.16,2107.69,4192.03,0.17,0.0949
1.500000e+00,418.23,28594.12,37477.84,2731.64,1946.96,4205.12,0.19,0.1178
1.500000e+00,340.59,22018.69,30576.11,2321.70,1926.65,4309.08,0.15,0.0930
1.500000e+00,458.36,29931.88,39572.27,3190.32,2303.54,4146.53,0.20,0.0949
1.500000e+00,386.45,24831.27,33754.59,2114.98,2084.72,4723.61,0.17,0.1038
1.500000e+00,300.19,20487.61,28046.52,2271.38,1994.87,3292.66,0.14,0.0963
1.500000e+00,360.19,29009.24,37559.62,2809.59,2103.10,3637.69,0.19,0.0959
1.500000e+00,266.93,20878.21,26951.87,796.74,2397.49,2879.43,0.13,0.1145
1.500000e+00,362.50,23840.31,31933.88,2216.54,2086.09,3790.94,0.16,0.1517
1.500000e+00,236.90,18547.29,26563.56,2846.89,2187.61,2981.77,0.13,0.0996
1.500000e+00,356.35,24083.13,33019.85,3038.08,2090.93,3807.71,0.17,0.0983
1.500000e+00,335.72,20947.83,29725.67,3685.91,2116.22,2975.72,0.15,0.0912
1.500000e+00,400.33,26587.57,36217.30,2833.29,2086.60,4709.84,0.18,0.0926
1.500000e+00,320.45,22948.17,31287.67,2648.02,2340.54,3350.94,0.16,0.1316
1.500000e+00,271.02,17320.40,24982.30,2432.02,2151.21,3078.67,0.13,0.0865
1.500000e+00,308.01,22560.77,30951.01,1931.50,2409.33,4049.41,0.15,0.1113
1.500000e+00,362.28,23902.87,32102.92,2815.40,2034.55,3350.10,0.16,0.1006
1.500000e+00,477.56,32027.77,40783.96,1963.86,2046.52,4745.81,0.20,0.1340
1.500000e+00,400.15,31608.43,40202.91,2489.57,2411.76,3693.16,0.20,0.1344
1.500000e+00,333.25,18916.12,27863.82,2759.49,2108.52,4079.69,0.14,0.1016
1.500000e+00,371.65,25440.40,33627.77,2268.71,2346.05,3572.61,0.17,0.1161
1.500000e+00,407.86,24383.64,33440.81,2977.15,2081.29,3998.72,0.17,0.1277
1.500000e+00,325.14,25091.53,33692.17,3080.57,2269.90,3250.18,0.17,0.0940
1.500000e+00,366.30,26784.59,34485.07,1835.37,2232.47,3632.64,0.17,0.1135
1.500000e+00,382.21,24623.24,33863.65,2930.29,2155.16,4154.96,0.17,0.0810
1.500000e+00,413.04,26774.75,34466.10,1663.39,2213.53,3814.43,0.17,0.1485
1.500000e+00,421.62,28604.90,37440.31,2396.72,1788.09,4650.60,0.19,0.0985
1.500000e+00,402.64,28628.08,37290.26,2633.97,2030.69,3997.52,0.19,0.0889
1.500000e+00,353.52,25719.98,33701.69,2148.09,2163.42,3670.20,0.17,0.1177
1.500000e+00,343.93,25180.33,32530.84,1909.86,1937.97,3502.67,0.17,0.0882
1.500000e+00,383.00,23102.64,32981.27,2960.44,2210.33,4707.86,0.17,0.0901
1.500000e+00,325.93,25192.40,32816.70,1995.29,1958.43,3670.59,0.17,0.1221
1.500000e+00,308.11,23369.63,30797.06,2352.22,2128.57,2946.63,0.16,0.0953
1.500000e+00,421.93,28794.85,37784.56,2850.78,2000.03,4138.90,0.19,0.0812
1.500000e+00,540.54,33382.94,42935.90,2925.32,1980.22,4647.42,0.22,0.0978
1.500000e+00,323.37,23972.57,30393.61,795.14,2220.22,3405.68,0.15,0.1102
1.500000e+00,402.62,28161.79,36661.99,2323.77,2128.58,4047.84,0.19,0.1156
1.500000e+00,517.75,32678.01,42068.88,2440.56,2248.87,4701.45,0.21,0.1144
1.500000e+00,405.94,28858.95,36744.97,1466.93,2251.05,4168.04,0.18,0.1332
1.500000e+00,422.68,29269.75,37483.57,1335.02,2150.86,4727.94,0.19,0.1236
1.500000e+00,307.36,18307.61,26634.58,2492.89,2238.22,3595.85,0.13,0.1166
1.500000e+00,433.23,25417.11,34710.70,2822.74,2077.80,4393.05,0.18,0.0998
1.500000e+00,409.63,29486.06,38993.40,2962.55,2041.65,4503.15,0.20,0.1027
1.500000e+00,316.04,19782.36,28604.12,3312.52,2226.35,3282.89,0.14,0.1316
1.500000e+00,322.58,24961.52,32772.20,1924.48,2292.19,3594.02,0.17,0.0849
1.500000e+00,321.60,24697.25,32970.96,2405.13,2493.61,3374.98,0.17,0.1306
1.500000e+00,430.71,32760.21,40765.94,1786.35,2205.84,4013.53,0.21,0.1035
1.500000e+00,349.83,23310.37,32020.60,2665.41,2308.56,3736.26,0.16,0.1024
1.500000e+00,362.59,26211.51,34805.09,2209.87,2461.70,3922.02,0.17,0.1196
1.500000e+00,374.15,26454.78,34655.93,2198.54,2237.84,3764.77,0.17,0.1162
1.500000e+00,400.80,27389.55,36619.92,2915.11,2073.01,4242.26,0.19,0.1116
1.500000e+00,293.93,22413.12,30200.83,2515.85,2085.43,3186.43,0.15,0.1030
1.500000e+00,355.21,25047.23,33651.90,3154.46,2380.10,3070.12,0.17,0.1179
1.500000e+00,323.92,22413.42,30276.07,2760.73,1711.35,3390.56,0.16,0.0765
1.500000e+00,400.96,27088.66,34329.62,2462.23,1718.79,3059.94,0.17,0.0820
1.500000e+00,379.23,26181.29,34586.95,2490.70,2136.88,3778.08,0.18,0.0977
1.500000e+00,417.13,27709.84,36187.31,2680.68,2019.36,3777.43,0.18,0.1087
1.500000e+00,337.59,25885.01,34551.84,2731.62,2135.33,3799.87,0.17,0.1065
1.500000e+00,422.69,26645.94,36336.08,3258.61,2157.05,4274.48,0.18,0.1116
1.500000e+00,320.50,26321.19,34110.32,1661.84,2172.04,3955.26,0.17,0.1199
1.500000e+00,441.56,27840.12,37106.34,2645.41,2154.14,4466.67,0.19,0.0881
1.500000e+00,354.72,26557.29,35746.91,2649.87,2501.61,4038.15,0.18,0.1366
1.500000e+00,364.98,23664.32,32728.04,2740.00,2170.41,4153.31,0.16,0.1092
1.500000e+00,393.59,31108.67,39007.45,1641.19,2352.40,3905.19,0.20,0.1015
1.500000e+00,372.36,21347.65,30102.21,3328.72,2101.02,3324.83,0.15,0.1121
1.500000e+00,452.87,27945.11,37078.69,2555.08,1819.73,4758.76,0.19,0.1107
1.500000e+00,338.58,26406.54,34162.43,2526.70,1835.21,3393.99,0.17,0.1186
1.500000e+00,387.56,25706.98,33660.15,2793.24,1885.20,3274.73,0.17,0.1100
1.500000e+00,377.27,23958.62,32392.25,1824.64,2112.64,4496.35,0.16,0.1195
1.500000e+00,358.69,26836.62,36457.97,2683.12,2525.92,4412.30,0.18,0.0906
2,342.85,23645.15,31094.31,1787.33,1965.60,3696.24,0.15,0.0750
2,447.96,32379.76,40143.03,1224.55,2166.48,4372.24,0.20,0.1472
2,431.90,29716.24,38362.11,2238.50,2358.70,4048.67,0.19,0.1015
2,329.80,23744.69,30820.42,1821.27,2343.80,2910.66,0.15,0.1248
2,378.27,29169.56,37268.50,1299.27,2403.91,4395.77,0.19,0.0941
2,377.09,26443.70,34221.50,1381.26,2278.61,4117.92,0.17,0.0820
2,360.70,28802.53,35937.75,817.06,2195.66,4122.50,0.18,0.0827
2,378.87,25020.68,32684.90,1259.27,1994.43,4410.52,0.16,0.1027
2,277.67,20306.26,27716.64,1557.64,2354.70,3498.04,0.14,0.1205
2,302.13,22436.29,30200.35,1808.61,2389.56,3565.89,0.15,0.0923
2,417.61,28240.32,36385.59,1928.72,2154.16,4062.39,0.18,0.0783
2,394.58,26181.34,33328.59,1644.93,2137.76,3364.56,0.17,0.0702
2,281.09,25833.25,31764.89,808.81,2313.24,2809.59,0.16,0.0928
2,269.85,20404.52,27458.02,794.80,2331.35,3927.35,0.14,0.1525
2,259.48,18214.52,25040.99,1558.18,2161.72,3106.57,0.12,0.1217
2,287.53,23562.40,30191.61,950.35,2220.75,3458.11,0.15,0.1222
2,333.15,25654.79,32245.66,819.16,2134.42,3637.29,0.16,0.1322
2,324.16,24110.38,31474.15,1370.19,2605.01,3388.57,0.16,0.1130
2,301.53,27382.47,34043.69,1319.80,2469.50,2871.93,0.17,0.1349
2,397.53,24703.31,32802.16,1483.23,2090.44,4525.18,0.16,0.1221
2,410.82,29866.13,37516.35,1283.15,2246.04,4121.03,0.19,0.1310
2,301.99,22358.02,30006.99,1351.24,2356.88,3940.85,0.15,0.0942
2,357.92,26758.22,34506.83,1858.07,2351.13,3539.41,0.17,0.1400
2,296.72,22206.29,30104.06,1955.60,2377.71,3564.47,0.15,0.1039
2,289.59,21503.14,28650.56,1311.34,2239.73,3596.35,0.14,0.1152
2,396.39,27116.69,35242.92,1883.87,2263.73,3978.62,0.18,0.1129
2,441.53,30939.46,38968.52,1455.18,2423.44,4150.45,0.20,0.1286
2,316.30,20667.74,28442.65,1814.82,2176.85,3783.23,0.14,0.1431
2,329.50,28176.88,35975.17,1629.12,2380.97,3788.20,0.18,0.1330
2,367.32,29115.84,36891.89,1717.12,2443.36,3615.57,0.19,0.0889
2,368.49,25472.04,33325.53,1641.90,2233.18,3978.41,0.17,0.1137
2,421.58,30608.76,38883.48,1825.50,2241.44,4207.78,0.19,0.1056
2,339.50,22036.02,30096.88,1744.14,2191.80,4124.93,0.15,0.1295
2,419.30,31078.62,38963.54,1568.03,2394.53,3922.36,0.20,0.1371
2,341.13,23390.32,31252.66,1321.52,2242.59,4298.23,0.15,0.1343
2,303.45,21268.20,28394.63,1771.83,2096.98,3257.61,0.14,0.1364
2,292.13,27959.55,34298.85,780.92,2301.06,3257.32,0.17,0.1390
2,266.93,20878.21,26951.87,796.74,2397.49,2879.43,0.13,0.1187
2,330.06,22438.67,29811.42,1518.13,2346.54,3508.08,0.15,0.1228
2,261.34,20316.70,27486.07,1730.05,2408.49,3030.82,0.14,0.0824
2,387.92,26338.92,34618.53,2185.30,2187.31,3907.00,0.17,0.1228
2,356.85,24455.37,31336.31,1793.77,2123.54,2963.65,0.16,0.1197
2,309.15,24701.52,31730.91,809.62,2135.16,4084.61,0.16,0.1252
2,258.91,21827.34,28506.41,1284.10,2391.29,3003.68,0.14,0.1184
2,316.64,20114.08,27521.37,1918.14,2314.05,3175.10,0.14,0.0951
2,258.57,21337.69,28241.02,804.54,2418.06,3680.72,0.14,0.1070
2,370.36,25004.96,32167.39,1723.09,2177.92,3261.43,0.16,0.0954
2,346.51,26773.60,34053.03,1116.06,2232.16,3931.22,0.17,0.1298
2,309.59,28870.14,35257.43,800.17,2352.90,3234.22,0.18,0.1182
2,328.55,19905.89,27830.60,1767.90,2249.77,3907.04,0.14,0.1268
2,278.55,22226.75,28768.20,1137.17,2427.82,2976.47,0.14,0.1119
2,344.00,24345.66,31910.75,1578.75,2307.43,3678.92,0.16,0.1164
2,286.99,24894.22,32104.16,1807.94,2378.38,3023.62,0.16,0.1364
2,281.65,23698.14,29928.63,802.86,2267.38,3160.25,0.15,0.1562
2,309.66,23444.93,30710.15,1275.25,2343.80,3646.18,0.15,0.1308
2,424.18,28094.15,35501.21,1170.59,2251.82,3984.66,0.18,0.1494
2,330.45,22529.29,32838.91,3857.09,2552.87,3899.67,0.17,0.1217
2,394.18,29025.03,37477.04,2324.10,2249.20,3878.71,0.19,0.1010
2,317.00,24257.70,30981.29,1160.40,2182.63,3380.56,0.15,0.1244
2,333.15,25898.81,33440.84,1885.66,2301.93,3354.45,0.17,0.1474
2,307.06,22294.65,30038.06,1233.48,2319.04,4190.89,0.15,0.1292
2,313.56,23859.55,32307.23,2592.32,2329.91,3525.44,0.16,0.1070
2,290.63,22845.57,30210.07,2167.44,2378.61,2818.45,0.15,0.1418
2,340.70,26215.48,33994.86,1823.12,2317.34,3638.91,0.17,0.1255
2,453.21,30779.66,39655.38,2323.47,2346.16,4206.09,0.20,0.1185
2,323.37,23972.57,30393.61,795.14,2220.22,3405.68,0.15,0.1103
2,345.01,26274.23,33462.63,1347.25,2240.19,3600.97,0.17,0.1188
2,421.53,29950.31,37623.55,1162.39,2384.63,4126.21,0.19,0.1282
2,376.00,29041.77,36155.54,792.71,2234.60,4086.44,0.18,0.1118
2,359.41,26579.80,34121.97,1017.45,2272.45,4252.27,0.17,0.1155
2,261.24,17886.02,25277.96,1638.99,2405.01,3347.94,0.12,0.1048
2,403.01,26729.13,34508.66,1420.60,2177.40,4181.53,0.18,0.1475
2,436.49,31519.65,40387.10,2002.49,2269.26,4595.70,0.20,0.1011
2,304.04,20864.84,28612.05,2203.52,2379.68,3164.01,0.14,0.0784
2,309.90,24633.39,32646.03,2030.37,2471.33,3510.94,0.16,0.0858
2,315.42,25787.69,33113.95,1407.47,2544.79,3374.00,0.17,0.1259
2,388.69,30323.59,37997.54,1561.54,2425.54,3686.88,0.19,0.1266
2,284.92,21990.50,29053.12,1276.59,2453.46,3332.57,0.14,0.1178
2,365.92,27929.42,34990.45,798.24,2344.34,3918.45,0.17,0.1384
2,308.20,24837.66,31857.65,1176.98,2367.19,3475.82,0.16,0.0915
2,400.80,27741.67,35936.30,1885.75,2240.87,4068.01,0.18,0.1102
2,322.11,25534.78,32229.26,1146.05,2180.63,3367.80,0.16,0.1266
2,356.14,26856.73,33901.82,1688.52,2298.83,3057.74,0.17,0.1510
2,365.91,24733.51,33615.88,3349.77,2084.28,3448.32,0.17,0.1269
2,385.62,27351.27,34929.92,2405.50,2148.58,3024.58,0.17,0.1482
2,390.23,28148.74,35447.82,1330.04,2232.50,3736.53,0.18,0.1200
2,399.05,27834.45,36273.04,2433.45,2203.03,3802.11,0.18,0.1307
2,270.99,23975.56,30775.80,1189.95,2276.10,3334.18,0.15,0.1298
2,460.13,31336.05,40154.10,2004.36,2199.11,4614.58,0.20,0.0979
2,363.45,28338.23,36455.46,1693.00,2263.18,4161.05,0.18,0.1034
2,399.93,27065.65,35086.56,1565.52,2336.74,4118.66,0.17,0.1095
2,315.17,27598.11,34659.46,750.51,2461.10,3849.74,0.18,0.1360
2,342.16,25270.21,32736.04,1211.60,2309.93,3944.29,0.16,0.1104
2,372.74,30421.49,37167.23,783.50,2268.72,3693.52,0.19,0.0848
2,331.25,22618.88,29531.48,1585.48,2188.70,3138.41,0.15,0.1023
2,423.19,29569.35,37845.00,1743.47,2100.12,4432.07,0.19,0.1163
2,325.35,26527.87,34898.04,2741.63,2303.15,3325.39,0.17,0.1254
2,476.11,30109.32,37985.85,2296.46,2064.55,3515.52,0.19,0.1112
2,358.35,23163.26,31071.20,1407.87,2220.76,4279.31,0.15,0.1315
2,351.36,27039.80,36150.48,2143.97,2624.68,4342.03,0.18,0.1322
2.500000e+00,325.21,23045.05,29565.77,1089.75,1958.09,3472.88,0.15,0.0761
2.500000e+00,335.11,26243.75,32831.87,810.26,2232.81,3545.05,0.16,0.0754
2.500000e+00,275.74,23761.90,30273.14,795.40,2450.33,3265.51,0.15,0.1089
2.500000e+00,287.80,23557.46,29957.87,1243.72,2389.39,2767.29,0.15,0.0943
2.500000e+00,359.86,28207.70,35617.36,811.08,2386.37,4212.21,0.18,0.0888
2.500000e+00,455.80,30361.69,38558.41,1271.29,2249.97,4675.46,0.19,0.1065
2.500000e+00,360.70,28802.53,35937.75,817.06,2195.66,4122.50,0.18,0.1054
2.500000e+00,298.83,21971.09,28749.28,799.89,2141.39,3836.92,0.14,0.1035
2.500000e+00,287.26,21655.59,28766.73,1161.65,2332.42,3617.08,0.14,0.1307
2.500000e+00,255.58,21481.97,27962.26,770.71,2432.84,3276.74,0.14,0.0976
2.500000e+00,389.62,27902.65,35194.81,1269.28,2155.03,3867.85,0.18,0.1233
2.500000e+00,308.23,22824.65,29325.52,1167.23,2336.67,2996.97,0.15,0.0864
2.500000e+00,281.09,25833.25,31764.89,808.81,2313.24,2809.59,0.16,0.1370
2.500000e+00,269.85,20404.52,27458.02,794.80,2331.35,3927.35,0.14,0.1446
2.500000e+00,239.20,17644.40,23980.73,1220.97,2169.15,2946.22,0.12,0.1156
2.500000e+00,254.45,21936.84,28154.88,776.18,2261.00,3180.86,0.14,0.1132
2.500000e+00,333.15,25654.79,32245.66,819.16,2134.42,3637.29,0.16,0.1353
2.500000e+00,251.60,21130.59,27459.87,797.55,2591.41,2940.32,0.14,0.1215
2.500000e+00,286.76,27226.35,33311.11,824.08,2449.60,2811.08,0.17,0.1573
2.500000e+00,365.79,23182.15,31559.45,1717.85,2258.55,4400.91,0.16,0.1318
2.500000e+00,338.72,27099.75,33827.07,786.55,2279.43,3661.35,0.17,0.1243
2.500000e+00,245.36,20226.19,26950.92,807.59,2387.01,3530.12,0.14,0.1367
2.500000e+00,346.58,27162.06,34201.22,1168.91,2354.11,3516.14,0.17,0.1339
2.500000e+00,272.11,22250.51,28798.36,795.96,2388.08,3363.81,0.14,0.1401
2.500000e+00,271.97,19831.85,26883.16,1302.12,2323.22,3425.97,0.14,0.1200
2.500000e+00,375.27,27569.18,35063.64,1285.16,2272.80,3936.50,0.17,0.1224
2.500000e+00,395.51,29474.08,36539.03,789.53,2439.10,3836.31,0.18,0.1192
2.500000e+00,323.26,22362.78,30315.20,1651.15,2286.49,4014.77,0.15,0.1195
2.500000e+00,300.63,25698.43,32812.13,1250.27,2426.85,3436.58,0.17,0.1102
2.500000e+00,319.77,28052.10,34652.57,786.19,2408.65,3405.63,0.17,0.0993
2.500000e+00,283.36,21264.12,27883.04,866.90,2408.06,3343.96,0.14,0.0889
2.500000e+00,367.63,28028.51,35416.75,1203.81,2354.82,3829.60,0.18,0.1185
2.500000e+00,316.51,22375.11,29924.23,1230.92,2221.94,4096.26,0.15,0.1289
2.500000e+00,356.70,28407.79,35231.83,824.35,2452.64,3547.05,0.18,0.1011
2.500000e+00,279.35,20693.79,27535.82,789.22,2306.49,3746.32,0.14,0.1180
2.500000e+00,230.30,19056.69,24772.87,786.66,2119.40,2810.13,0.12,0.1275
2.500000e+00,292.13,27959.55,34298.85,780.92,2301.06,3257.32,0.17,0.1127
2.500000e+00,266.93,20878.21,26951.87,796.74,2397.49,2879.43,0.13,0.1196
2.500000e+00,272.06,20612.65,26821.99,784.96,2295.36,3129.01,0.13,0.1232
2.500000e+00,248.05,19870.16,26346.77,1235.70,2365.20,2875.72,0.13,0.1243
2.500000e+00,248.99,20321.23,26453.18,802.87,2346.84,2982.25,0.13,0.1632
2.500000e+00,303.83,23056.15,29168.34,1166.85,2214.12,2731.22,0.15,0.1350
2.500000e+00,309.15,24701.52,31730.91,809.62,2135.16,4084.61,0.16,0.0951
2.500000e+00,226.46,20798.21,26827.68,786.17,2436.87,2806.42,0.13,0.1292
2.500000e+00,228.57,17056.97,22810.97,795.26,2317.06,2641.68,0.11,0.1090
2.500000e+00,258.57,21337.69,28241.02,804.54,2418.06,3680.72,0.14,0.1130
2.500000e+00,299.69,23632.53,30262.76,1286.73,2273.47,3070.03,0.15,0.1079
2.500000e+00,265.60,22278.12,28622.97,785.82,2278.00,3281.02,0.14,0.1195
2.500000e+00,309.59,28870.14,35257.43,800.17,2352.90,3234.22,0.18,0.1359
2.500000e+00,251.80,17552.99,23971.19,806.78,2225.52,3385.90,0.12,0.1000
2.500000e+00,267.96,21670.85,27790.02,805.02,2417.92,2896.22,0.14,0.1147
2.500000e+00,264.35,20859.13,27144.02,795.20,2345.19,3144.50,0.13,0.1292
2.500000e+00,282.04,25345.09,32170.30,1354.56,2422.24,3048.42,0.16,0.1120
2.500000e+00,281.65,23698.14,29928.63,802.86,2267.38,3160.25,0.15,0.1003
2.500000e+00,297.09,23217.91,29906.85,796.86,2325.96,3566.11,0.15,0.1489
2.500000e+00,357.35,25625.70,32347.76,813.43,2303.37,3605.27,0.16,0.1390
2.500000e+00,421.07,32203.93,40510.67,1360.03,2330.51,4616.19,0.20,0.1261
2.500000e+00,383.43,30471.46,37216.00,797.91,2162.34,3784.28,0.19,0.0959
2.500000e+00,292.35,23519.26,29751.36,790.43,2195.63,3246.04,0.15,0.1367
2.500000e+00,300.16,24991.93,31239.41,788.61,2306.58,3152.29,0.16,0.1134
2.500000e+00,264.42,20944.77,27932.61,775.04,2289.48,3923.32,0.14,0.1073
2.500000e+00,298.24,24818.87,31738.38,1139.58,2364.91,3415.02,0.16,0.0965
2.500000e+00,245.44,21988.52,27742.64,790.49,2387.02,2576.61,0.14,0.1360
2.500000e+00,290.32,24495.64,30938.52,787.61,2390.58,3264.69,0.15,0.1439
2.500000e+00,458.33,32343.48,40356.65,1398.91,2326.39,4287.86,0.20,0.1421
2.500000e+00,323.37,23972.57,30393.61,795.14,2220.22,3405.68,0.15,0.1147
2.500000e+00,319.06,25309.93,32341.32,1239.76,2304.30,3487.32,0.16,0.1405
2.500000e+00,375.96,28215.20,35257.27,784.03,2385.50,3872.54,0.18,0.1141
2.500000e+00,376.00,29041.77,36155.54,792.71,2234.60,4086.44,0.18,0.1276
2.500000e+00,300.74,23605.99,30618.25,799.16,2394.39,3818.72,0.15,0.1232
2.500000e+00,223.95,17597.74,23858.60,797.42,2293.19,3170.25,0.12,0.0902
2.500000e+00,333.57,23301.81,30588.62,1233.46,2284.89,3768.47,0.16,0.1077
2.500000e+00,369.52,29604.47,37217.19,1190.30,2271.84,4150.59,0.19,0.1316
2.500000e+00,243.84,19841.40,25802.84,795.90,2322.16,2843.39,0.13,0.1182
2.500000e+00,262.38,23174.64,29696.75,775.62,2477.51,3268.98,0.15,0.1090
2.500000e+00,284.18,23815.64,30832.90,1311.79,2549.95,3155.52,0.15,0.0978
2.500000e+00,302.44,26881.47,33373.53,785.70,2475.27,3231.08,0.17,0.1299
2.500000e+00,240.03,20432.71,26810.60,824.75,2478.28,3074.86,0.13,0.1317
2.500000e+00,365.92,27929.42,34990.45,798.24,2344.34,3918.45,0.17,0.1193
2.500000e+00,281.11,23875.82,30403.88,798.13,2409.83,3320.10,0.15,0.1114
2.500000e+00,345.59,27168.59,33993.46,784.74,2231.47,3808.65,0.17,0.1300
2.500000e+00,278.82,23776.04,29904.14,794.99,2250.64,3082.46,0.15,0.1147
2.500000e+00,279.71,24083.21,29884.25,772.46,2320.00,2708.58,0.15,0.1249
2.500000e+00,407.19,27437.99,36237.66,2904.95,2240.78,3653.94,0.18,0.1183
2.500000e+00,366.87,27828.82,34949.45,1865.25,2257.51,2997.87,0.17,0.1395
2.500000e+00,374.03,28066.95,35194.89,1195.48,2236.62,3695.84,0.18,0.1412
2.500000e+00,375.86,27513.99,35070.31,1583.44,2323.74,3649.15,0.18,0.1278
2.500000e+00,268.59,23704.21,30055.61,789.50,2298.06,3263.85,0.15,0.1363
2.500000e+00,338.11,25809.02,32555.75,825.29,2284.37,3637.08,0.16,0.1258
2.500000e+00,290.33,26116.09,33060.51,823.35,2389.60,3731.47,0.16,0.1159
2.500000e+00,385.97,27808.48,35159.29,848.79,2315.24,4186.78,0.17,0.1061
2.500000e+00,315.17,27598.11,34659.46,750.51,2461.10,3849.74,0.18,0.1369
2.500000e+00,346.58,25526.96,32924.57,1134.74,2321.56,3941.30,0.16,0.1197
2.500000e+00,372.74,30421.49,37167.23,783.50,2268.72,3693.52,0.19,0.1168
2.500000e+00,269.39,20193.82,26062.33,801.39,2313.47,2753.64,0.13,0.1308
2.500000e+00,447.90,30212.69,38428.83,1557.67,2222.45,4436.02,0.19,0.0896
2.500000e+00,297.35,26132.01,33343.19,1658.21,2423.89,3129.09,0.17,0.1266
2.500000e+00,350.44,25872.04,32386.80,1290.03,2260.72,2964.01,0.16,0.1344
2.500000e+00,263.40,19469.41,26099.36,790.26,2258.37,3581.33,0.13,0.1059
2.500000e+00,276.27,24476.01,31684.07,844.54,2580.00,3783.52,0.16,0.1313
3,308.33,21823.54,28514.35,1271.81,2105.51,3313.48,0.14,0.1037
3,335.11,26243.75,32831.87,810.26,2232.81,3545.05,0.16,0.1018
3,275.74,23761.90,30273.14,795.40,2450.33,3265.51,0.15,0.0975
3,266.04,22050.29,27824.55,799.21,2410.09,2564.95,0.14,0.1009
3,359.86,28207.70,35617.36,811.08,2386.37,4212.21,0.18,0.1257
3,423.20,29966.17,37425.16,809.85,2214.83,4434.31,0.18,0.1184
3,360.70,28802.53,35937.75,817.06,2195.66,4122.50,0.18,0.0910
3,298.83,21971.09,28749.28,799.89,2141.39,3836.92,0.14,0.0954
3,241.49,19762.96,26226.53,800.30,2358.16,3305.12,0.13,0.0877
3,255.58,21481.97,27962.26,770.71,2432.84,3276.74,0.14,0.0774
3,330.50,24546.07,30910.11,794.40,2190.33,3379.30,0.15,0.1126
3,277.70,21326.14,27246.82,794.19,2371.02,2755.48,0.14,0.1066
3,281.09,25833.25,31764.89,808.81,2313.24,2809.59,0.16,0.1336
3,269.85,20404.52,27458.02,794.80,2331.35,3927.35,0.14,0.1388
3,216.57,17179.02,23011.71,823.78,2178.44,2830.47,0.11,0.1444
3,254.45,21936.84,28154.88,776.18,2261.00,3180.86,0.14,0.1187
3,333.15,25654.79,32245.66,819.16,2134.42,3637.29,0.16,0.1334
3,251.60,21130.59,27459.87,797.55,2591.41,2940.32,0.14,0.1063
3,286.76,27226.35,33311.11,824.08,2449.60,2811.08,0.17,0.1383
3,298.75,21387.88,28332.52,797.18,2255.91,3891.55,0.14,0.1349
3,338.72,27099.75,33827.07,786.55,2279.43,3661.35,0.17,0.1247
3,245.36,20226.19,26950.92,807.59,2387.01,3530.12,0.14,0.1122
3,308.70,25818.63,32274.80,774.09,2363.64,3318.44,0.16,0.1263
3,272.11,22250.51,28798.36,795.96,2388.08,3363.81,0.14,0.1689
3,221.38,18209.07,24437.18,795.73,2348.88,3083.49,0.12,0.1250
3,293.95,22606.90,29019.78,819.71,2355.86,3237.32,0.15,0.1394
3,395.51,29474.08,36539.03,789.53,2439.10,3836.31,0.18,0.1236
3,264.25,20439.87,26993.93,771.61,2268.72,3513.72,0.13,0.1231
3,253.34,23657.23,30030.20,796.72,2424.69,3151.56,0.15,0.1405
3,319.77,28052.10,34652.57,786.19,2408.65,3405.63,0.17,0.1285
3,283.36,21264.12,27883.04,866.90,2408.06,3343.96,0.14,0.1497
3,343.49,27107.18,33974.67,811.59,2357.38,3698.51,0.17,0.1617
3,243.78,19235.27,25714.46,777.26,2236.66,3465.27,0.13,0.1127
3,356.70,28407.79,35231.83,824.35,2452.64,3547.05,0.18,0.1036
3,279.35,20693.79,27535.82,789.22,2306.49,3746.32,0.14,0.1118
3,230.30,19056.69,24772.87,786.66,2119.40,2810.13,0.12,0.1144
3,292.13,27959.55,34298.85,780.92,2301.06,3257.32,0.17,0.1261
3,266.93,20878.21,26951.87,796.74,2397.49,2879.43,0.13,0.1368
3,272.06,20612.65,26821.99,784.96,2295.36,3129.01,0.13,0.1289
3,236.48,19988.14,26012.56,807.07,2372.84,2844.51,0.13,0.0990
3,248.99,20321.23,26453.18,802.87,2346.84,2982.25,0.13,0.1381
3,266.63,21154.90,26697.58,804.13,2239.33,2499.21,0.13,0.1175
3,309.15,24701.52,31730.91,809.62,2135.16,4084.61,0.16,0.1078
3,226.46,20798.21,26827.68,786.17,2436.87,2806.42,0.13,0.1545
3,228.57,17056.97,22810.97,795.26,2317.06,2641.68,0.11,0.1309
3,258.57,21337.69,28241.02,804.54,2418.06,3680.72,0.14,0.1492
3,251.62,21418.47,27297.63,793.63,2310.29,2775.24,0.14,0.1253
3,265.60,22278.12,28622.97,785.82,2278.00,3281.02,0.14,0.1184
3,309.59,28870.14,35257.43,800.17,2352.90,3234.22,0.18,0.1400
3,251.80,17552.99,23971.19,806.78,2225.52,3385.90,0.12,0.1294
3,267.96,21670.85,27790.02,805.02,2417.92,2896.22,0.14,0.1486
3,264.35,20859.13,27144.02,795.20,2345.19,3144.50,0.13,0.1405
3,230.10,23300.62,29279.29,799.65,2459.68,2719.34,0.15,0.1150
3,281.65,23698.14,29928.63,802.86,2267.38,3160.25,0.15,0.1099
3,297.09,23217.91,29906.85,796.86,2325.96,3566.11,0.15,0.1651
3,357.35,25625.70,32347.76,813.43,2303.37,3605.27,0.16,0.1079
3,349.28,28005.76,35227.45,823.90,2370.55,4027.25,0.18,0.1085
3,383.43,30471.46,37216.00,797.91,2162.34,3784.28,0.19,0.1167
3,292.35,23519.26,29751.36,790.43,2195.63,3246.04,0.15,0.1000
3,300.16,24991.93,31239.41,788.61,2306.58,3152.29,0.16,0.1313
3,264.42,20944.77,27932.61,775.04,2289.48,3923.32,0.14,0.1471
3,282.05,24638.38,31101.58,777.01,2315.83,3370.35,0.16,0.1050
3,245.44,21988.52,27742.64,790.49,2387.02,2576.61,0.14,0.1017
3,290.32,24495.64,30938.52,787.61,2390.58,3264.69,0.15,0.1060
3,396.73,30037.72,37059.11,798.19,2356.76,3866.44,0.19,0.1315
3,323.37,23972.57,30393.61,795.14,2220.22,3405.68,0.15,0.1277
3,290.33,25115.90,31681.61,797.32,2332.21,3436.18,0.16,0.1315
3,375.96,28215.20,35257.27,784.03,2385.50,3872.54,0.18,0.1334
3,376.00,29041.77,36155.54,792.71,2234.60,4086.44,0.18,0.1188
3,300.74,23605.99,30618.25,799.16,2394.39,3818.72,0.15,0.1165
3,223.95,17597.74,23858.60,797.42,2293.19,3170.25,0.12,0.1045
3,309.28,22530.52,29194.50,800.85,2318.70,3544.43,0.15,0.0993
3,319.97,28115.65,35068.59,772.92,2281.26,3898.77,0.18,0.1241
3,243.84,19841.40,25802.84,795.90,2322.16,2843.39,0.13,0.0991
3,262.38,23174.64,29696.75,775.62,2477.51,3268.98,0.15,0.1412
3,247.54,22507.58,28807.15,791.57,2563.96,2944.04,0.14,0.1436
3,302.44,26881.47,33373.53,785.70,2475.27,3231.08,0.17,0.1405
3,240.03,20432.71,26810.60,824.75,2478.28,3074.86,0.13,0.1081
3,365.92,27929.42,34990.45,798.24,2344.34,3918.45,0.17,0.1033
3,281.11,23875.82,30403.88,798.13,2409.83,3320.10,0.15,0.1416
3,345.59,27168.59,33993.46,784.74,2231.47,3808.65,0.17,0.1242
3,278.82,23776.04,29904.14,794.99,2250.64,3082.46,0.15,0.1380
3,279.71,24083.21,29884.25,772.46,2320.00,2708.58,0.15,0.1219
3,335.02,25703.76,33117.15,1807.33,2332.23,3273.83,0.17,0.1218
3,283.66,24549.91,30150.97,778.52,2255.94,2566.60,0.15,0.1156
3,317.51,24749.84,31093.79,809.63,2270.59,3263.74,0.16,0.1416
3,309.01,25300.23,31765.94,787.63,2396.98,3281.11,0.16,0.1308
3,268.59,23704.21,30055.61,789.50,2298.06,3263.85,0.15,0.1310
3,338.11,25809.02,32555.75,825.29,2284.37,3637.08,0.16,0.1191
3,290.33,26116.09,33060.51,823.35,2389.60,3731.47,0.16,0.1522
3,385.97,27808.48,35159.29,848.79,2315.24,4186.78,0.17,0.1189
3,315.17,27598.11,34659.46,750.51,2461.10,3849.74,0.18,0.1359
3,283.77,22489.31,29221.73,797.51,2379.68,3555.24,0.14,0.0956
3,372.74,30421.49,37167.23,783.50,2268.72,3693.52,0.19,0.0873
3,269.39,20193.82,26062.33,801.39,2313.47,2753.64,0.13,0.1129
3,368.49,27760.20,34766.49,804.86,2216.79,3984.65,0.17,0.1143
3,291.31,26757.95,33057.24,804.60,2366.35,3128.34,0.16,0.1380
3,306.62,26058.38,32031.27,781.88,2246.00,2945.02,0.16,0.1305
3,263.40,19469.41,26099.36,790.26,2258.37,3581.33,0.13,0.1484
3,276.27,24476.01,31684.07,844.54,2580.00,3783.52,0.16,0.1197
