5.000000e-01,390.13,20760.00,25203.35,546.29,1384.03,2513.02,0.12,59.2762
5.000000e-01,495.68,26268.08,31691.76,726.00,1818.79,2878.89,0.15,59.9789
5.000000e-01,499.63,26808.92,32016.21,573.35,1752.65,2881.29,0.16,61.3370
5.000000e-01,443.26,24301.92,28611.72,599.91,1544.34,2165.55,0.14,58.4180
5.000000e-01,556.77,29403.34,35303.11,610.91,1787.22,3501.64,0.17,58.8365
5.000000e-01,456.36,24356.62,29748.34,748.13,1647.20,2996.39,0.14,61.1103
5.000000e-01,510.64,27131.91,32873.54,789.30,1746.13,3206.21,0.16,58.9460
5.000000e-01,398.89,20820.89,26297.19,771.61,1463.45,3241.23,0.13,61.3490
5.000000e-01,390.65,20719.99,25581.51,661.79,1422.45,2777.29,0.12,58.7782
5.000000e-01,437.79,22775.20,27917.94,620.34,1719.56,2802.84,0.14,58.9227
5.000000e-01,435.52,23656.38,28587.94,689.90,1541.93,2699.71,0.14,59.9786
5.000000e-01,409.39,22038.40,26510.14,623.93,1645.99,2201.82,0.13,59.2875
5.000000e-01,569.15,30488.64,35290.83,475.14,1799.26,2527.79,0.18,41.4438
5.000000e-01,372.90,18896.61,24255.00,638.76,1753.00,2966.63,0.12,42.3439
5.000000e-01,334.71,17482.00,22073.41,663.12,1603.14,2325.15,0.10,43.4242
5.000000e-01,487.95,25970.49,31368.44,574.76,1803.73,3019.47,0.15,55.3452
5.000000e-01,515.58,27851.50,33327.09,666.28,1669.07,3140.25,0.16,40.6394
5.000000e-01,484.50,25463.23,30478.26,626.66,1706.50,2681.87,0.15,43.2513
5.000000e-01,610.76,33033.96,38234.49,616.52,1953.67,2630.35,0.19,45.7670
5.000000e-01,362.14,18732.79,23938.76,697.30,1601.90,2906.77,0.12,53.9479
5.000000e-01,548.13,29398.01,34736.80,470.84,1650.91,3217.04,0.17,40.9696
5.000000e-01,429.65,21354.19,27162.29,805.21,1928.42,3074.48,0.13,42.9386
5.000000e-01,470.69,25534.32,30437.26,674.37,1578.31,2650.27,0.15,45.0503
5.000000e-01,436.43,22600.98,27606.05,542.69,1759.32,2703.06,0.14,53.2989
5.000000e-01,416.69,21677.03,26584.31,600.91,1590.23,2716.14,0.13,40.2082
5.000000e-01,458.53,24433.67,29730.21,638.36,1778.81,2879.37,0.14,41.6718
5.000000e-01,513.07,27321.74,32613.21,655.30,1783.59,2852.59,0.16,45.8356
5.000000e-01,403.48,20545.70,25950.05,887.42,1639.24,2877.68,0.13,54.4567
5.000000e-01,551.47,28487.12,33729.93,523.29,1832.38,2887.13,0.17,39.6475
5.000000e-01,593.08,30931.43,36794.09,694.02,2125.60,3043.04,0.18,43.9741
5.000000e-01,396.30,20813.28,25988.22,874.99,1678.67,2621.28,0.13,43.4913
5.000000e-01,482.67,25994.40,31139.98,677.78,1602.46,2865.35,0.15,53.0307
5.000000e-01,396.84,20541.04,26028.87,833.07,1650.48,3004.28,0.13,40.4948
5.000000e-01,538.75,28812.85,34320.54,697.40,1920.38,2889.90,0.17,43.2203
5.000000e-01,422.56,21444.80,27246.81,653.17,1872.41,3276.43,0.13,44.2690
5.000000e-01,359.36,18960.30,23390.46,679.54,1469.00,2281.61,0.11,51.8730
5.000000e-01,614.84,33149.95,38321.46,674.75,1505.58,2991.18,0.19,39.3408
5.000000e-01,423.66,21909.97,26920.45,710.52,1877.56,2422.40,0.13,42.8006
5.000000e-01,385.51,20908.45,25718.87,727.28,1484.17,2598.97,0.12,43.7005
5.000000e-01,416.73,22027.14,26794.99,650.70,1674.21,2442.94,0.13,54.6886
5.000000e-01,436.40,23108.50,27946.88,601.19,1594.26,2642.94,0.14,39.0233
5.000000e-01,401.72,21692.66,25917.72,628.03,1501.97,2095.06,0.13,42.4097
5.000000e-01,516.25,26214.82,32342.13,838.36,1756.07,3532.87,0.16,44.8705
5.000000e-01,466.52,24864.30,29656.96,537.96,1667.61,2587.09,0.14,52.0777
5.000000e-01,365.90,18369.28,22863.64,682.56,1599.40,2212.40,0.11,38.3476
5.000000e-01,444.48,22876.25,28735.31,737.74,1874.02,3247.30,0.14,42.2876
5.000000e-01,414.46,21886.50,26179.15,557.24,1537.35,2198.06,0.13,42.9425
5.000000e-01,489.48,26471.53,31991.85,805.34,1621.17,3093.82,0.16,55.5245
5.000000e-01,645.99,34004.13,39878.67,716.19,2145.67,3012.68,0.20,40.9195
5.000000e-01,316.18,16226.43,20929.33,596.69,1562.82,2543.39,0.10,41.3742
5.000000e-01,475.28,25622.73,30643.28,544.30,1792.74,2683.51,0.15,44.4056
5.000000e-01,419.68,22050.65,27189.12,835.70,1549.68,2753.09,0.13,53.0485
5.000000e-01,556.66,28758.70,34076.58,680.69,2002.72,2634.47,0.17,40.1470
5.000000e-01,508.16,27323.26,32378.62,705.24,1589.57,2760.55,0.16,44.1772
5.000000e-01,455.17,23276.59,28701.26,733.10,1829.20,2862.37,0.14,45.3245
5.000000e-01,441.96,23453.32,28501.03,707.18,1727.99,2612.56,0.14,54.6416
5.000000e-01,521.90,27173.81,32918.72,863.12,1607.33,3274.47,0.16,39.9348
5.000000e-01,565.45,30506.81,35782.90,583.13,1665.70,3027.26,0.18,43.9970
5.000000e-01,443.48,23623.49,28598.12,603.65,1736.93,2634.06,0.14,43.8050
5.000000e-01,491.20,26724.62,31488.92,643.26,1474.38,2646.65,0.15,53.6077
5.000000e-01,408.63,21054.01,26622.86,724.49,1623.42,3220.95,0.13,39.0158
5.000000e-01,487.46,25173.84,30592.43,869.58,1743.99,2805.01,0.15,38.3241
5.000000e-01,488.34,25888.18,30679.04,574.60,1788.60,2427.65,0.15,39.4840
5.000000e-01,521.71,27913.38,33041.11,581.73,1625.84,2920.16,0.16,38.4214
5.000000e-01,511.93,27461.04,32676.75,665.10,1660.82,2889.79,0.16,40.4057
5.000000e-01,448.27,23363.10,28699.05,720.78,1924.95,2690.22,0.14,38.5671
5.000000e-01,539.09,27603.51,33006.99,724.87,1701.32,2977.28,0.17,40.3523
5.000000e-01,528.35,28102.58,33684.91,643.10,1830.09,3109.14,0.17,40.1829
5.000000e-01,464.68,25712.48,30415.22,510.29,1418.56,2773.90,0.15,38.7864
5.000000e-01,457.83,24764.61,30494.89,699.54,1773.00,3257.74,0.15,38.9297
5.000000e-01,324.33,16997.92,21709.79,642.72,1595.66,2473.50,0.10,38.5480
5.000000e-01,438.59,22174.86,27570.99,721.22,1838.67,2836.24,0.14,38.7873
5.000000e-01,554.10,29418.44,34620.41,415.80,1599.83,3186.34,0.17,40.4536
5.000000e-01,424.72,22265.63,27373.03,719.31,1785.98,2602.10,0.13,38.3030
5.000000e-01,497.83,26183.30,31577.26,583.68,1944.81,2865.47,0.15,39.0452
5.000000e-01,536.72,28825.06,34154.13,570.63,1877.81,2880.63,0.17,39.3290
5.000000e-01,600.02,31836.32,38077.43,800.16,2329.23,3111.72,0.19,40.3158
5.000000e-01,434.88,23144.85,28293.05,571.21,1851.35,2725.64,0.14,38.7054
5.000000e-01,503.66,26607.20,32223.18,655.51,1907.57,3052.90,0.16,39.1318
5.000000e-01,508.94,26254.21,32028.19,723.93,2121.02,2929.03,0.16,39.9976
5.000000e-01,495.68,26468.56,31727.13,598.97,1635.37,3024.24,0.16,38.8321
5.000000e-01,484.06,25744.01,30381.78,467.66,1551.47,2618.64,0.15,39.1278
5.000000e-01,515.34,27468.55,32230.06,598.05,1698.82,2464.64,0.16,39.2992
5.000000e-01,485.31,25205.27,30238.59,906.36,1507.14,2619.83,0.15,37.7943
5.000000e-01,459.52,25566.52,30002.45,787.27,1467.07,2181.59,0.15,38.8513
5.000000e-01,474.08,24600.54,29599.68,584.05,1809.59,2605.49,0.15,38.3967
5.000000e-01,497.31,26744.03,31719.78,544.67,1698.32,2732.77,0.16,37.7784
5.000000e-01,461.90,25871.04,30741.71,638.85,1391.77,2840.06,0.15,37.7020
5.000000e-01,471.78,25258.36,30287.64,535.27,1631.36,2862.64,0.15,38.3985
5.000000e-01,527.79,27776.20,33363.59,510.47,1895.71,3181.21,0.16,37.6028
5.000000e-01,501.58,26106.76,31848.78,726.30,1857.27,3158.45,0.15,38.2776
5.000000e-01,566.55,30023.55,35950.13,646.89,1934.80,3344.90,0.18,38.9374
5.000000e-01,434.08,23511.09,28962.09,657.88,1778.83,3014.28,0.14,37.8219
5.000000e-01,630.99,32761.84,38371.11,509.72,2043.88,3055.66,0.19,36.8373
5.000000e-01,366.97,19485.37,23922.66,612.55,1665.12,2159.62,0.12,36.3538
5.000000e-01,511.34,26544.25,32267.83,951.97,1627.74,3143.86,0.16,36.0553
5.000000e-01,526.63,28594.74,33346.22,570.38,1516.22,2664.88,0.17,19.4013
5.000000e-01,455.64,25241.46,29369.85,492.08,1400.45,2235.86,0.14,19.0214
5.000000e-01,361.55,19207.38,24196.81,562.58,1583.66,2843.19,0.12,19.2885
5.000000e-01,527.14,28309.84,33978.13,610.30,1657.60,3400.39,0.17,18.8315
1,659.39,34664.04,42161.23,848.70,1599.11,5049.38,0.21,43.1902
1,816.41,41653.84,50347.14,860.27,2123.23,5709.79,0.25,45.9531
1,854.17,43608.91,52291.82,900.68,2122.53,5659.70,0.26,47.1720
1,759.72,39372.43,46321.37,721.32,1894.65,4332.97,0.23,44.7978
1,942.41,48649.14,58549.24,703.33,2388.41,6808.36,0.29,44.5425
1,785.48,40278.41,49126.19,861.60,2081.50,5904.67,0.24,44.0614
1,908.27,45777.89,55152.86,691.05,2376.35,6307.58,0.28,45.6621
1,710.40,35072.17,43943.01,792.30,1766.85,6311.69,0.22,43.9667
1,701.27,36015.47,44194.75,671.10,1950.13,5558.05,0.22,44.2078
1,788.01,39878.65,48193.39,547.72,2099.54,5667.48,0.24,45.0826
1,762.92,40082.11,47984.36,655.18,1882.66,5364.40,0.24,43.1941
1,687.15,36169.57,43261.79,736.02,1970.40,4385.80,0.22,43.6192
1,944.49,49348.55,57202.63,518.03,2365.53,4970.52,0.29,43.5378
1,657.73,32135.35,40951.01,803.60,2183.81,5828.26,0.20,42.0315
1,613.57,30764.01,38382.07,770.32,2139.31,4708.44,0.19,40.2942
1,840.25,42616.17,51428.20,734.42,2142.32,5935.29,0.26,42.8049
1,902.08,46566.82,55831.41,775.30,2210.88,6278.42,0.28,44.6483
1,846.20,42504.87,50802.97,580.25,2350.40,5367.45,0.26,43.7751
1,1007.32,52840.77,61319.15,929.30,2326.21,5222.87,0.31,46.1452
1,662.31,32665.03,41265.80,731.70,2089.15,5779.92,0.21,41.6689
1,919.78,46846.67,55819.37,829.15,1939.28,6204.27,0.28,43.2927
1,749.19,36830.71,46055.79,772.19,2369.38,6083.50,0.23,41.1022
1,807.16,42204.26,50065.33,699.12,2019.30,5142.66,0.25,42.6498
1,747.99,37073.72,45449.66,758.48,2259.09,5358.37,0.23,42.3429
1,710.90,35931.82,44231.94,714.97,2149.91,5435.24,0.22,40.1143
1,808.14,40460.60,49353.05,942.01,2227.35,5723.10,0.25,42.8347
1,872.02,44201.25,53154.07,1032.51,2284.91,5635.40,0.27,42.9576
1,681.31,34165.31,42584.21,761.96,2041.80,5615.14,0.21,40.7914
1,907.03,45804.63,54743.17,826.91,2377.01,5734.62,0.28,41.8384
1,977.57,49822.78,59088.64,812.76,2534.99,5918.11,0.30,44.2142
1,719.99,36393.52,44790.08,833.61,2175.56,5387.39,0.22,42.1180
1,819.07,42660.54,51087.84,829.94,1956.05,5641.31,0.26,42.1240
1,669.24,33313.57,42204.94,996.32,1968.92,5926.13,0.21,41.3720
1,915.87,47110.16,55934.24,803.24,2368.51,5652.34,0.28,44.3748
1,740.11,36365.31,45828.36,736.02,2278.81,6448.22,0.23,40.8361
1,611.99,32423.00,39379.69,722.50,1798.64,4435.55,0.19,40.0592
1,1003.87,51981.05,60450.82,649.88,1959.67,5860.23,0.31,41.2341
1,737.41,36821.49,45008.49,817.89,2561.01,4808.10,0.23,43.3839
1,700.68,36053.36,43902.46,650.01,2039.63,5159.45,0.22,41.4631
1,735.49,36576.91,44849.15,1023.96,2355.37,4892.91,0.22,42.0781
1,743.49,37952.24,45783.99,729.98,1867.01,5234.76,0.23,40.7094
1,717.75,37552.03,44200.22,556.10,1892.40,4199.69,0.22,42.8264
1,881.26,43742.08,53749.41,751.99,2276.16,6979.18,0.27,43.3859
1,779.68,40858.38,48458.58,671.56,1906.46,5022.18,0.24,40.9722
1,596.09,30656.81,37923.24,899.02,1943.54,4423.87,0.19,40.3933
1,768.89,38574.25,47885.55,741.79,2183.52,6385.98,0.24,43.1244
1,702.78,36119.07,43503.86,870.29,2132.98,4381.53,0.22,40.3818
1,856.31,44322.27,53076.00,592.23,2084.20,6077.29,0.27,43.3537
1,1061.93,55517.13,64773.86,734.29,2590.10,5932.34,0.33,44.7573
1,560.62,28296.84,35569.69,601.22,1683.22,4988.42,0.18,41.3486
1,803.02,41460.49,49862.83,850.75,2253.22,5298.37,0.25,43.3454
1,753.72,38208.91,46483.12,697.06,2070.44,5506.71,0.23,41.8357
1,933.80,47337.06,56100.18,841.15,2659.43,5262.53,0.28,42.2584
1,888.14,45672.36,53814.50,696.42,1963.32,5482.39,0.27,45.7827
1,773.90,38784.76,47348.16,647.18,2322.84,5593.38,0.24,42.9801
1,757.82,38910.13,47108.81,688.39,2289.42,5220.86,0.24,43.6784
1,876.57,43892.18,53668.38,1344.22,2032.52,6399.46,0.27,41.9703
1,938.27,47676.10,57057.33,1288.49,2105.98,5986.76,0.29,46.1403
1,774.16,39693.81,47730.00,652.17,2141.22,5242.80,0.24,41.5422
1,833.27,44020.66,51659.02,567.54,1874.94,5195.87,0.26,40.8828
1,727.76,35907.24,45066.21,702.00,2070.79,6386.19,0.22,41.4228
1,827.08,41464.44,50261.72,1136.57,2025.68,5635.03,0.25,40.7183
1,821.64,42384.61,50042.35,845.79,2112.52,4699.42,0.25,39.9841
1,874.61,45137.31,53936.83,919.66,2130.31,5749.56,0.27,40.7818
1,876.99,44789.82,53464.80,888.53,2070.57,5715.88,0.27,40.9454
1,781.69,39178.88,47729.98,707.71,2459.38,5384.02,0.24,41.4933
1,901.29,45224.30,54000.20,810.49,2089.41,5875.99,0.28,42.9082
1,885.32,45374.83,54385.04,778.85,2131.61,6099.75,0.28,42.3306
1,797.04,41893.53,50086.77,665.81,1971.21,5556.22,0.25,40.0396
1,797.27,40787.51,50027.23,685.24,2188.41,6366.07,0.25,43.0347
1,596.15,29601.62,37388.38,715.62,2174.33,4896.81,0.18,38.7487
1,748.44,36962.55,45352.70,954.83,1908.69,5526.63,0.23,40.5337
1,907.44,46442.99,55357.88,741.11,1945.64,6228.13,0.28,41.8694
1,728.06,35955.62,44495.49,1087.54,2273.15,5179.18,0.22,39.7053
1,816.45,40846.49,49599.85,719.49,2396.11,5637.77,0.25,40.1158
1,922.42,47194.88,56225.36,713.20,2560.84,5756.45,0.28,42.8177
1,1022.27,51598.44,61574.22,1071.77,2762.35,6141.66,0.31,43.1170
1,755.03,39350.53,47452.42,557.33,2131.97,5412.60,0.23,41.6488
1,861.87,44537.14,53508.37,671.73,2329.41,5970.09,0.27,42.0704
1,861.55,43432.44,52644.31,669.51,2782.48,5759.89,0.26,41.7004
1,859.03,44201.81,52788.14,755.88,1881.92,5948.53,0.27,39.9618
1,817.45,41873.77,49633.71,670.37,1933.89,5155.68,0.25,41.8794
1,864.41,45437.49,53048.45,708.65,2078.89,4823.42,0.27,42.0852
1,807.24,41136.16,48898.72,961.77,1624.32,5176.47,0.25,40.6777
1,805.34,42646.42,49555.69,714.76,1873.57,4320.94,0.25,48.0207
1,790.39,40538.76,48842.06,903.31,2200.67,5199.33,0.25,50.5906
1,824.91,42367.66,50756.78,961.30,2132.68,5295.14,0.26,47.6517
1,827.19,42971.66,51073.34,565.37,1927.47,5608.83,0.25,50.5043
1,810.83,41263.07,49645.05,668.64,2033.60,5679.74,0.25,49.6022
1,903.88,45749.91,54959.64,615.12,2368.56,6226.05,0.28,51.8052
1,817.37,41468.11,50971.75,979.48,2331.90,6192.26,0.26,49.4714
1,978.88,49059.95,58691.12,692.57,2445.30,6493.31,0.30,53.2610
1,771.58,39205.78,48167.82,873.11,2119.78,5969.15,0.24,49.0669
1,1035.95,52559.37,61942.75,682.70,2630.81,6069.88,0.32,51.5006
1,628.77,32837.95,40043.99,881.58,2049.60,4274.85,0.20,49.5484
1,838.64,42099.55,51288.33,1104.09,1911.07,6173.62,0.26,49.5413
1,876.16,45944.66,53985.75,892.79,1839.95,5308.35,0.27,29.2029
1,754.22,39755.83,46648.64,775.14,1710.79,4406.87,0.23,26.4474
1,655.59,32719.80,41004.78,747.84,1950.88,5586.25,0.20,24.0491
1,879.03,45775.70,55167.38,800.10,1976.56,6615.01,0.28,25.0606
1.500000e+00,905.66,45327.57,55456.51,866.57,1866.61,7395.76,0.28,60.1535
1.500000e+00,1091.25,54013.30,65936.94,929.44,2520.91,8473.29,0.34,60.3069
1.500000e+00,1123.76,56550.30,68228.43,1039.91,2272.90,8365.32,0.35,64.8825
1.500000e+00,1020.26,52658.45,61911.68,563.84,2347.96,6341.43,0.31,58.9583
1.500000e+00,1241.09,62414.41,75723.98,879.01,2376.95,10053.61,0.38,63.3294
1.500000e+00,1047.14,52841.64,64784.73,839.71,2303.84,8799.53,0.33,66.8574
1.500000e+00,1215.41,59805.61,72599.10,851.87,2501.91,9439.71,0.37,66.1482
1.500000e+00,975.64,47198.46,59321.33,911.62,1961.51,9249.74,0.30,62.4960
1.500000e+00,943.44,47221.02,58290.10,820.68,2005.30,8243.10,0.29,58.4859
1.500000e+00,1032.47,52230.32,63533.46,822.63,2139.89,8340.62,0.32,64.7291
1.500000e+00,1066.52,53314.50,64023.91,780.84,2098.86,7829.71,0.33,61.4621
1.500000e+00,939.99,47399.53,56775.06,705.38,2257.67,6412.47,0.29,60.1435
1.500000e+00,1266.22,64583.03,75142.42,573.75,2638.07,7347.57,0.38,45.3798
1.500000e+00,895.46,43091.73,55074.08,819.30,2453.98,8709.07,0.28,40.8603
1.500000e+00,829.74,41009.97,51221.57,781.60,2434.52,6995.48,0.26,45.2212
1.500000e+00,1150.45,56498.17,68590.14,674.22,2623.51,8794.24,0.35,50.5146
1.500000e+00,1208.55,60495.94,73211.61,772.08,2638.26,9305.32,0.37,46.6395
1.500000e+00,1117.68,55718.71,66801.68,520.26,2585.72,7977.00,0.34,43.9490
1.500000e+00,1336.60,68075.85,79566.84,1169.09,2646.15,7675.76,0.41,49.5369
1.500000e+00,889.34,43612.19,55025.92,852.19,2085.23,8476.31,0.28,48.8437
1.500000e+00,1226.69,61255.55,73282.59,638.97,2153.44,9234.64,0.38,43.0783
1.500000e+00,985.59,47950.06,60402.97,822.94,2607.97,9022.00,0.31,41.9385
1.500000e+00,1086.97,55310.27,66003.36,808.42,2152.99,7731.68,0.34,47.5431
1.500000e+00,982.48,48186.98,59148.67,948.46,2248.42,7764.80,0.30,47.5956
1.500000e+00,978.65,47671.17,58710.00,632.40,2400.32,8006.11,0.30,43.3048
1.500000e+00,1076.34,53343.15,65134.18,977.24,2368.09,8445.70,0.33,42.2722
1.500000e+00,1159.90,57863.55,69510.18,934.06,2427.47,8285.10,0.36,48.3780
1.500000e+00,928.39,45082.86,56659.40,987.65,2242.07,8346.82,0.29,48.4168
1.500000e+00,1184.13,58771.98,70647.06,911.84,2550.66,8412.58,0.36,41.4933
1.500000e+00,1300.91,64517.23,76869.30,780.08,2832.65,8739.34,0.40,43.3942
1.500000e+00,978.67,47814.15,59036.35,754.91,2544.10,7923.19,0.30,45.6048
1.500000e+00,1107.05,54904.67,66740.51,1353.45,2170.93,8311.45,0.34,47.4275
1.500000e+00,941.18,45252.95,57312.71,923.85,2264.41,8871.50,0.29,43.0622
1.500000e+00,1245.86,61914.98,74157.19,1120.06,2700.28,8421.87,0.38,43.3493
1.500000e+00,1010.70,48549.55,61289.87,737.91,2481.50,9520.91,0.31,46.0548
1.500000e+00,866.11,43319.89,52912.39,868.17,2125.23,6599.10,0.27,42.9221
1.500000e+00,1361.70,69077.18,80713.33,743.25,2297.34,8595.56,0.42,45.0942
1.500000e+00,989.65,48768.30,59447.59,670.17,2981.19,7027.93,0.30,42.5793
1.500000e+00,923.11,45556.34,56555.99,1111.49,2226.68,7661.47,0.29,45.3828
1.500000e+00,969.27,47805.40,58529.22,1153.05,2404.67,7166.09,0.30,45.6826
1.500000e+00,997.49,49816.20,60224.36,672.56,2022.04,7713.55,0.31,44.1248
1.500000e+00,950.09,48919.16,57889.60,710.27,2047.22,6212.94,0.29,42.4673
1.500000e+00,1179.12,56293.40,70253.92,1073.16,2554.49,10332.87,0.36,48.3946
1.500000e+00,1050.52,53698.83,64179.33,798.48,2291.17,7390.85,0.32,46.1216
1.500000e+00,822.70,39927.26,49941.85,1234.22,2197.91,6582.46,0.25,41.9957
1.500000e+00,1062.97,51364.02,64155.57,634.06,2602.58,9554.91,0.32,40.6291
1.500000e+00,940.27,47733.63,57340.47,841.55,2327.00,6438.30,0.29,43.5046
1.500000e+00,1135.74,57889.17,69666.25,681.24,2158.46,8937.39,0.35,50.7726
1.500000e+00,1411.75,71715.53,84104.84,729.77,2912.24,8747.30,0.43,47.0268
1.500000e+00,777.90,37918.88,47877.85,653.49,1957.34,7348.14,0.24,40.3024
1.500000e+00,1099.86,55540.50,67022.82,737.36,2837.55,7907.41,0.34,48.4969
1.500000e+00,998.86,48680.53,60011.65,990.18,2203.74,8137.20,0.30,45.3355
1.500000e+00,1235.52,61317.83,72711.55,964.43,2757.25,7672.03,0.37,43.5021
1.500000e+00,1174.98,59558.62,70314.84,551.03,2134.13,8071.06,0.36,47.2338
1.500000e+00,1033.26,50338.10,62251.20,1130.26,2473.81,8309.03,0.32,47.6555
1.500000e+00,1006.94,49967.97,61054.02,842.79,2586.38,7656.88,0.31,47.9593
1.500000e+00,1154.47,55969.08,68444.89,1076.95,1982.73,9416.13,0.35,43.2796
1.500000e+00,1236.30,63155.86,75133.70,940.94,2255.82,8781.08,0.39,44.3952
1.500000e+00,1038.70,52254.75,63165.94,705.82,2465.87,7739.50,0.32,45.9393
1.500000e+00,1119.89,57973.94,67966.71,485.55,1881.04,7626.19,0.34,48.0632
1.500000e+00,974.55,47379.67,59883.86,741.62,2232.65,9529.92,0.30,42.5517
1.500000e+00,1116.20,54966.73,66661.19,1296.66,2155.16,8242.64,0.34,43.2044
1.500000e+00,1098.91,56044.02,66509.95,990.06,2431.54,7044.33,0.34,44.5096
1.500000e+00,1193.91,60225.14,72164.72,804.03,2568.12,8567.43,0.37,42.7174
1.500000e+00,1181.88,58523.13,70342.06,1121.53,2324.45,8372.95,0.36,43.4948
1.500000e+00,1051.38,51165.98,62766.91,674.96,2974.33,7951.65,0.32,44.7178
1.500000e+00,1177.26,58140.77,69852.69,789.25,2324.46,8598.20,0.36,45.3163
1.500000e+00,1204.41,59730.93,71745.77,635.61,2447.34,8931.89,0.37,46.7186
1.500000e+00,1086.48,54866.20,65797.07,576.00,2183.35,8171.51,0.33,42.3955
1.500000e+00,1102.57,53930.47,66739.08,826.97,2558.60,9423.03,0.34,45.1251
1.500000e+00,813.01,40170.00,50512.71,653.32,2369.71,7319.68,0.25,41.5185
1.500000e+00,993.58,48436.74,59940.45,842.48,2451.96,8209.27,0.31,41.6607
1.500000e+00,1203.19,59564.59,71581.95,635.75,2242.76,9138.85,0.37,45.7745
1.500000e+00,973.25,47899.65,58708.37,898.57,2321.28,7588.87,0.30,43.0140
1.500000e+00,1096.14,54073.04,66112.57,885.18,2802.46,8351.88,0.34,42.4423
1.500000e+00,1220.69,61344.45,73295.68,754.01,2739.60,8457.62,0.37,44.8666
1.500000e+00,1339.42,65767.26,79152.44,1233.60,3054.59,9096.99,0.41,47.8922
1.500000e+00,1012.24,51432.28,62479.27,702.13,2321.78,8023.08,0.31,42.8723
1.500000e+00,1178.11,58566.35,70900.77,622.87,2829.66,8881.89,0.36,44.3541
1.500000e+00,1142.45,56134.37,68476.32,797.79,3064.52,8479.64,0.35,44.3006
1.500000e+00,1136.82,58001.19,69787.97,740.06,2179.89,8866.83,0.36,43.2111
1.500000e+00,1079.58,54909.96,65402.85,817.13,2070.78,7604.97,0.33,42.1287
1.500000e+00,1167.99,59881.50,70224.70,861.81,2407.76,7073.63,0.36,44.2976
1.500000e+00,1071.24,52589.50,63342.73,1368.88,1778.30,7606.04,0.33,44.5463
1.500000e+00,1056.68,55125.55,64285.15,814.56,2012.02,6333.01,0.33,44.5953
1.500000e+00,1067.47,53120.98,64226.42,916.22,2525.84,7663.38,0.33,45.9871
1.500000e+00,1122.61,55820.82,66995.57,961.13,2375.12,7838.49,0.34,44.5996
1.500000e+00,1101.35,56270.66,67172.63,529.14,2161.35,8211.48,0.34,44.8208
1.500000e+00,1052.63,53032.67,64322.39,957.06,2060.55,8272.12,0.33,46.4322
1.500000e+00,1194.01,59518.23,71947.28,692.41,2595.47,9141.17,0.37,45.1794
1.500000e+00,1075.98,51840.62,64411.39,930.45,2446.00,9194.31,0.33,44.6311
1.500000e+00,1287.37,62811.30,75766.83,671.81,2792.48,9491.24,0.39,47.1602
1.500000e+00,1036.94,51796.51,63981.72,772.66,2475.26,8937.29,0.32,43.3125
1.500000e+00,1377.75,68160.21,80837.86,704.07,3056.59,8916.99,0.42,42.6611
1.500000e+00,856.64,42657.42,52498.49,1088.04,2347.39,6405.64,0.26,42.3661
1.500000e+00,1108.77,53973.64,66118.22,1175.92,1961.36,9007.30,0.34,40.0207
1.500000e+00,1175.15,58567.37,69759.88,1137.46,2237.12,7817.92,0.36,24.3325
1.500000e+00,1028.11,54061.31,63454.83,691.07,2121.24,6581.22,0.32,18.8573
1.500000e+00,890.60,43508.16,54809.43,843.58,2185.43,8272.26,0.28,19.8938
1.500000e+00,1204.70,59490.70,72246.77,714.38,2294.37,9747.32,0.37,19.3058
2,1113.63,54590.19,67516.92,1204.98,2056.50,9665.25,0.34,45.2636
2,1345.84,65292.63,80139.23,930.56,2736.36,11179.67,0.41,47.7510
2,1378.02,67692.97,82308.31,1155.84,2475.17,10984.33,0.42,48.8306
2,1222.55,62107.74,73524.19,710.39,2476.25,8229.82,0.38,44.7562
2,1506.10,75370.08,91607.49,657.55,2466.93,13112.93,0.47,47.9039
2,1288.24,62859.41,77963.45,1076.19,2522.65,11505.20,0.40,48.8695
2,1486.03,71811.33,87845.59,771.07,2820.06,12443.12,0.45,48.7317
2,1160.54,54439.07,69991.78,1194.82,2161.97,12195.92,0.36,46.7918
2,1126.48,55973.22,70012.21,1204.50,2028.41,10806.08,0.35,44.2298
2,1266.69,62707.69,76801.78,770.27,2315.92,11007.89,0.39,47.0236
2,1261.34,62971.03,76324.40,852.87,2197.20,10303.30,0.39,44.4086
2,1161.75,57354.30,69229.21,776.87,2626.10,8471.94,0.35,44.6584
2,1535.58,77072.80,90113.63,570.34,2838.66,9631.83,0.47,49.8004
2,1100.29,52285.28,67326.83,840.94,2729.79,11470.81,0.34,44.4748
2,1034.66,50346.19,62996.38,753.72,2632.49,9263.98,0.32,43.9711
2,1389.01,67342.43,82464.26,1021.98,2604.85,11494.99,0.42,49.5922
2,1474.00,72429.32,88324.61,947.58,2804.23,12143.48,0.45,51.2537
2,1333.21,64893.20,78730.58,701.03,2683.54,10452.81,0.41,52.6445
2,1622.65,81614.97,95364.94,960.53,2742.61,10046.83,0.49,51.2263
2,1089.59,52074.14,66373.47,1027.54,2160.31,11111.48,0.34,47.8181
2,1496.41,73334.35,88697.18,835.19,2418.88,12108.75,0.46,52.0406
2,1249.69,58973.53,74648.43,773.30,3017.15,11884.44,0.38,46.2792
2,1341.52,67501.31,81003.06,852.70,2326.76,10322.28,0.42,50.0011
2,1208.00,57866.07,71718.03,931.93,2575.63,10344.40,0.37,44.7020
2,1195.34,57213.90,71008.89,706.61,2531.51,10556.88,0.37,47.1163
2,1320.26,64586.86,79445.82,1193.52,2581.36,11084.08,0.41,46.8245
2,1417.82,69177.62,83616.21,931.68,2604.53,10902.38,0.43,51.6340
2,1102.37,53355.29,67460.94,1082.04,2109.65,10913.96,0.34,47.0105
2,1406.32,68609.17,83038.19,754.58,2722.58,10951.85,0.43,46.1137
2,1561.12,75748.45,91119.88,960.79,3017.00,11393.64,0.47,51.5908
2,1195.50,56755.86,70986.44,941.91,2767.27,10521.40,0.36,48.4079
2,1348.72,65213.30,79399.26,1122.64,2136.95,10926.37,0.41,45.6144
2,1160.27,54622.69,69685.99,1058.01,2350.19,11655.10,0.35,49.4048
2,1518.18,73540.93,89038.99,1405.19,2948.88,11144.00,0.46,49.2146
2,1202.32,56727.86,72793.38,1033.49,2546.38,12485.65,0.37,44.7775
2,1051.35,51936.86,63631.45,713.10,2293.63,8687.85,0.32,46.1945
2,1586.06,79109.76,93229.75,792.16,2305.97,11021.86,0.49,47.0515
2,1221.95,58986.02,72386.05,756.23,3271.15,9372.65,0.37,51.9002
2,1162.97,57137.15,70647.76,868.80,2466.42,10175.40,0.36,46.0975
2,1186.73,57734.73,70862.69,1142.35,2571.23,9414.37,0.36,45.9480
2,1238.63,60607.33,74059.27,851.08,2370.38,10230.47,0.38,46.8908
2,1172.02,60296.03,71282.17,658.94,2139.99,8187.21,0.36,48.0267
2,1443.92,68162.94,85283.86,706.23,2798.57,13616.11,0.44,46.1488
2,1291.65,65106.50,78139.90,672.34,2566.89,9794.17,0.40,45.9719
2,997.24,47803.07,60072.94,1181.52,2387.99,8700.36,0.30,44.7698
2,1284.45,61385.40,77462.82,800.69,2730.58,12546.15,0.39,45.9275
2,1160.18,57062.49,68959.43,848.27,2572.87,8475.80,0.35,44.5263
2,1393.08,69213.38,84144.87,691.44,2453.62,11786.44,0.43,47.9521
2,1693.51,84950.23,100470.32,963.68,3168.64,11387.76,0.52,49.6328
2,937.21,45143.17,57619.19,751.11,2101.97,9622.94,0.29,43.5662
2,1332.31,66070.60,79833.67,694.12,2716.18,10352.76,0.41,49.1365
2,1242.99,61630.39,75792.06,786.57,2549.14,10825.96,0.39,46.6265
2,1490.95,73493.49,87326.70,1011.05,2885.89,9936.27,0.45,46.4027
2,1420.54,70558.29,84238.18,713.19,2358.96,10607.74,0.44,52.4269
2,1214.81,58635.48,73084.10,1076.04,2480.64,10891.94,0.38,47.7178
2,1239.71,60492.67,74131.16,898.79,2708.06,10031.64,0.38,48.9093
2,1426.61,68130.71,84171.05,1336.82,2309.45,12394.08,0.43,48.1432
2,1504.33,74751.40,89549.75,866.05,2429.54,11502.76,0.46,50.7174
2,1277.92,63003.42,76589.66,815.91,2600.38,10169.95,0.39,46.5745
2,1349.72,68842.62,81483.39,691.80,1998.46,9950.50,0.42,46.9067
2,1197.03,57785.96,73413.54,675.05,2397.42,12555.11,0.37,51.6284
2,1345.93,64631.71,78948.13,1394.27,2261.70,10660.45,0.41,46.2467
2,1313.80,65002.72,77936.61,1216.98,2490.10,9226.81,0.40,50.2828
2,1424.82,71740.61,86188.54,881.45,2427.09,11139.38,0.44,47.8092
2,1455.69,70976.45,85426.17,932.93,2476.26,11040.54,0.44,52.2492
2,1279.10,61206.73,75771.92,760.65,3327.35,10477.19,0.39,49.8917
2,1430.51,69806.24,84518.86,1009.53,2497.59,11205.50,0.44,54.7494
2,1417.23,70351.61,85487.90,871.47,2604.37,11660.45,0.44,50.3168
2,1326.08,65317.53,78952.86,561.86,2326.32,10747.14,0.41,50.0817
2,1332.49,64288.59,80239.58,741.18,2737.17,12472.65,0.41,50.3622
2,1002.02,48543.58,61371.58,697.02,2415.52,9715.46,0.31,48.6598
2,1214.01,57928.37,72336.94,1011.54,2452.30,10944.73,0.37,44.7607
2,1437.58,69311.17,84343.76,760.60,2331.58,11940.40,0.44,56.5548
2,1217.53,58900.59,72444.48,957.57,2568.84,10017.48,0.37,45.4268
2,1330.79,65251.37,80242.63,1066.97,2994.36,10929.93,0.41,50.0558
2,1492.06,73500.54,88532.85,914.69,2983.50,11134.12,0.46,50.8917
2,1642.43,79526.21,95770.23,1226.18,3091.91,11925.93,0.50,59.6273
2,1248.93,62116.71,76027.94,799.52,2554.44,10557.27,0.38,49.8851
2,1431.28,69946.43,85429.18,731.62,3033.88,11717.25,0.44,52.8631
2,1388.71,66762.87,82188.27,1090.41,3213.21,11121.78,0.42,49.1377
2,1416.86,69347.18,83875.42,589.81,2303.86,11634.56,0.43,50.3922
2,1326.19,65333.76,78321.38,694.97,2347.84,9944.81,0.40,48.4303
2,1411.95,71344.56,84160.41,863.80,2650.42,9301.63,0.43,52.7714
2,1294.80,62209.99,75463.29,1478.17,1823.31,9951.82,0.39,46.2320
2,1259.57,64858.17,76145.73,1140.20,1970.90,8176.47,0.39,49.8600
2,1293.87,63203.22,77038.16,1076.75,2582.70,10175.50,0.40,50.4219
2,1335.12,66986.28,80712.93,1024.84,2409.97,10291.84,0.41,51.3874
2,1311.59,66228.64,79898.71,716.96,2173.73,10779.38,0.41,48.9812
2,1316.82,64906.38,78826.82,570.78,2362.26,10987.40,0.40,53.2386
2,1450.04,71102.29,86512.96,670.70,2760.34,11979.63,0.45,48.8100
2,1309.73,62691.47,78567.02,1133.68,2731.87,12010.00,0.40,50.9317
2,1525.34,71835.24,87961.21,876.96,2798.64,12450.38,0.46,52.0570
2,1286.73,63137.54,78325.18,725.72,2705.34,11756.58,0.40,44.8435
2,1629.27,79307.20,94932.76,968.12,3122.85,11534.59,0.50,48.5733
2,1074.53,53615.47,65718.58,996.55,2631.50,8475.06,0.33,47.3935
2,1318.72,62963.18,78017.55,1278.92,1991.62,11783.83,0.40,45.6657
2,1443.80,70344.99,83845.46,1123.25,2172.44,10204.78,0.44,30.6738
2,1227.31,61668.27,73354.80,1015.59,2150.51,8520.43,0.38,28.7148
2,1112.49,53083.64,67162.20,761.57,2354.85,10962.14,0.34,22.2587
2,1464.14,70086.79,86199.01,762.35,2480.55,12869.33,0.45,23.2997
2.500000e+00,1282.46,62122.96,77030.68,1000.59,2059.08,11848.05,0.39,54.8283
2.500000e+00,1545.42,74162.31,91645.81,1033.19,2719.74,13730.57,0.48,57.1715
2.500000e+00,1616.40,76977.10,94239.98,1144.52,2533.63,13584.74,0.49,59.9446
2.500000e+00,1389.46,70533.14,84032.81,890.70,2480.82,10128.15,0.44,56.5721
2.500000e+00,1739.74,82888.95,102589.82,727.66,2765.03,16208.17,0.53,59.3047
2.500000e+00,1508.00,72290.80,90082.22,911.80,2647.90,14231.73,0.46,59.5363
2.500000e+00,1694.39,80905.31,100230.44,1165.57,2882.33,15277.23,0.52,59.3584
2.500000e+00,1364.77,63704.99,82085.25,981.25,2324.49,15074.53,0.42,56.5213
2.500000e+00,1344.70,65277.33,81754.95,937.08,2163.24,13377.31,0.42,54.0357
2.500000e+00,1465.77,72325.07,88855.00,710.35,2319.90,13499.69,0.46,58.2923
2.500000e+00,1420.98,68578.97,84269.15,858.58,2204.49,12627.11,0.44,57.5864
2.500000e+00,1346.44,66061.14,80022.91,700.88,2710.95,10549.94,0.41,56.7379
2.500000e+00,1775.43,87873.49,103541.03,655.31,3130.47,11881.75,0.54,51.4600
2.500000e+00,1284.97,59682.58,77735.55,1207.03,2725.54,14120.41,0.40,45.3308
2.500000e+00,1210.46,57926.83,73162.56,1084.61,2624.98,11526.13,0.37,45.7304
2.500000e+00,1617.79,77053.83,94859.89,855.46,2762.71,14187.88,0.49,59.7482
2.500000e+00,1705.53,82454.46,101131.27,802.06,2970.94,14903.81,0.52,52.6481
2.500000e+00,1551.85,75076.25,91436.37,774.67,2724.34,12861.10,0.48,54.7483
2.500000e+00,1866.00,92264.49,108639.99,1159.38,2973.03,12243.08,0.57,53.8372
2.500000e+00,1272.67,60701.69,77645.71,834.42,2276.59,13833.02,0.40,56.2742
2.500000e+00,1714.72,81957.10,100155.76,871.85,2444.32,14882.49,0.52,53.6166
2.500000e+00,1442.68,67780.22,86203.98,690.81,3052.21,14680.74,0.44,49.2525
2.500000e+00,1574.38,76995.16,93071.07,909.80,2485.94,12680.18,0.48,54.1994
2.500000e+00,1388.73,65470.05,81699.68,1053.13,2465.49,12711.01,0.42,58.7703
2.500000e+00,1386.09,65640.85,82299.88,741.97,2841.80,13075.27,0.43,50.8516
2.500000e+00,1500.60,71067.31,88587.37,1139.90,2664.51,13715.64,0.46,46.5964
2.500000e+00,1646.80,78708.81,95910.87,968.22,2792.24,13441.59,0.50,51.0451
2.500000e+00,1311.90,61813.61,78711.62,1208.44,2211.86,13477.71,0.40,55.9545
2.500000e+00,1631.33,78181.79,95328.28,921.16,2803.50,13421.83,0.50,48.0527
2.500000e+00,1798.06,86657.76,104469.64,552.01,3251.38,14008.50,0.55,52.3572
2.500000e+00,1387.26,65117.93,82078.80,975.68,2958.65,13026.54,0.42,50.3181
2.500000e+00,1561.99,74681.81,91617.66,1180.79,2301.28,13453.77,0.48,58.9425
2.500000e+00,1341.26,62110.12,80500.81,1454.31,2522.05,14414.33,0.41,49.5388
2.500000e+00,1761.63,84514.38,102448.64,1269.08,3054.26,13610.92,0.53,49.1190
2.500000e+00,1398.14,64334.30,83444.91,983.19,2666.66,15460.76,0.43,48.3267
2.500000e+00,1223.32,60831.42,74757.52,844.45,2340.00,10741.65,0.38,55.0674
2.500000e+00,1857.01,90896.18,107783.98,893.59,2459.28,13534.93,0.57,52.9325
2.500000e+00,1418.30,67161.30,82989.21,951.93,3421.84,11454.14,0.43,50.3927
2.500000e+00,1378.64,66230.51,82462.83,913.20,2730.05,12589.07,0.42,48.8500
2.500000e+00,1354.09,65059.72,80642.20,1503.55,2531.47,11547.46,0.41,59.5717
2.500000e+00,1401.08,66760.41,82512.20,1056.31,2215.88,12479.60,0.43,48.9464
2.500000e+00,1360.42,68223.06,81430.82,818.78,2266.82,10122.17,0.42,47.3172
2.500000e+00,1651.16,76234.93,96818.00,1206.30,2732.02,16644.75,0.50,51.1626
2.500000e+00,1491.92,74342.88,89790.47,786.63,2564.26,12096.69,0.46,56.7037
2.500000e+00,1137.98,53607.85,68170.78,1344.28,2474.62,10744.02,0.35,47.2049
2.500000e+00,1493.12,70176.62,89456.72,826.65,2948.31,15505.14,0.46,50.8553
2.500000e+00,1348.26,65139.10,79360.55,1083.46,2665.84,10472.15,0.41,49.0457
2.500000e+00,1575.00,78001.08,95744.74,821.24,2349.82,14572.60,0.49,60.2296
2.500000e+00,1954.94,94536.83,112885.96,1152.45,3348.48,13848.20,0.59,53.8209
2.500000e+00,1112.38,52234.18,67545.82,945.30,2334.32,12032.02,0.34,44.7500
2.500000e+00,1552.47,75947.40,92452.69,806.49,2867.68,12831.12,0.48,52.3383
2.500000e+00,1442.08,69728.83,86448.26,779.60,2599.09,13340.73,0.45,59.2327
2.500000e+00,1701.09,81867.81,98100.47,1143.85,2960.19,12128.61,0.52,48.6172
2.500000e+00,1651.50,80036.60,96399.24,743.95,2613.60,13005.09,0.50,55.7214
2.500000e+00,1457.41,67733.00,85276.81,1431.77,2761.13,13350.90,0.44,51.0665
2.500000e+00,1426.97,68583.93,84521.30,882.42,2701.45,12353.51,0.44,59.9522
2.500000e+00,1649.45,77342.53,96374.15,1339.64,2443.12,15248.86,0.50,49.8675
2.500000e+00,1760.98,85180.18,103036.74,1159.95,2550.50,14146.12,0.54,55.5197
2.500000e+00,1487.00,72012.69,88209.88,928.29,2726.84,12542.07,0.45,49.8230
2.500000e+00,1571.02,78827.75,93766.35,586.81,2110.14,12241.64,0.48,56.2451
2.500000e+00,1409.16,65127.94,84046.89,728.09,2618.04,15572.83,0.43,48.1083
2.500000e+00,1542.65,73714.65,90420.44,1477.50,2262.85,12965.44,0.47,51.6839
2.500000e+00,1516.94,73970.48,89147.22,1407.82,2539.99,11228.94,0.46,50.7833
2.500000e+00,1644.08,80816.08,97946.70,925.21,2510.87,13694.55,0.51,49.5476
2.500000e+00,1650.44,78467.58,95812.77,1264.01,2553.69,13527.48,0.50,48.9563
2.500000e+00,1473.86,70197.27,87344.46,801.47,3373.07,12972.65,0.45,51.6836
2.500000e+00,1650.85,78342.31,95865.92,1122.39,2556.16,13845.06,0.50,51.9125
2.500000e+00,1638.07,79004.85,97177.39,918.18,2736.06,14518.30,0.50,53.4099
2.500000e+00,1526.00,74102.81,90059.95,584.87,2218.35,13153.92,0.47,48.8352
2.500000e+00,1536.48,72545.35,91784.08,799.24,2963.88,15475.61,0.47,53.0447
2.500000e+00,1176.60,55611.97,71186.14,846.95,2636.24,12090.99,0.36,45.7831
2.500000e+00,1407.06,65292.25,82815.91,1326.59,2684.32,13512.76,0.43,47.1430
2.500000e+00,1676.61,79438.15,97306.45,865.69,2372.27,14630.34,0.51,50.4925
2.500000e+00,1390.62,66212.76,82507.26,1323.79,2534.38,12436.34,0.42,48.5076
2.500000e+00,1499.60,70968.78,88550.40,1184.92,3076.15,13320.56,0.46,46.7907
2.500000e+00,1720.63,83125.18,100675.03,1017.51,2939.35,13592.99,0.52,52.2637
2.500000e+00,1894.99,90557.65,109812.62,1298.89,3388.59,14567.49,0.58,52.2071
2.500000e+00,1461.93,71355.67,87907.24,683.94,2796.63,13071.00,0.45,50.8473
2.500000e+00,1629.91,77306.59,95791.24,1007.42,3109.46,14367.78,0.50,48.9840
2.500000e+00,1610.67,76303.03,94678.84,1120.81,3489.19,13765.81,0.49,50.7848
2.500000e+00,1610.39,77671.42,94994.23,948.22,2152.28,14222.31,0.50,49.6076
2.500000e+00,1521.02,74319.45,89993.17,927.44,2440.13,12306.14,0.47,48.9766
2.500000e+00,1645.01,81218.09,96628.84,1049.47,2902.27,11459.02,0.50,48.8275
2.500000e+00,1494.22,71845.50,87212.93,1310.29,1813.36,12243.78,0.46,51.8135
2.500000e+00,1476.77,74457.02,88055.43,1413.52,2040.43,10144.45,0.45,49.3108
2.500000e+00,1538.22,75076.41,91325.94,939.13,2793.25,12517.15,0.47,53.3730
2.500000e+00,1557.73,74768.94,91165.80,1466.63,2359.27,12570.96,0.47,51.4310
2.500000e+00,1571.23,76754.99,92974.23,680.71,2234.40,13304.13,0.48,50.1039
2.500000e+00,1515.53,73122.81,89843.15,676.56,2453.45,13590.32,0.46,51.0859
2.500000e+00,1665.22,80831.30,98807.58,581.38,2743.05,14651.84,0.51,48.1471
2.500000e+00,1523.39,72251.05,91222.31,1072.24,2891.80,15007.21,0.47,49.3256
2.500000e+00,1738.66,81553.87,100700.30,936.03,2975.78,15234.63,0.53,48.7246
2.500000e+00,1470.25,71721.61,89374.00,628.49,2653.07,14370.83,0.46,48.1377
2.500000e+00,1883.43,90361.96,108638.95,889.56,3249.93,14137.50,0.57,48.2264
2.500000e+00,1228.17,59337.75,73670.97,1277.39,2620.55,10435.28,0.38,46.5786
2.500000e+00,1564.78,73565.49,91968.51,1662.20,2222.45,14518.39,0.48,46.4377
2.500000e+00,1655.03,82444.08,98230.44,1064.64,2281.19,12440.52,0.52,30.0912
2.500000e+00,1410.37,69884.63,83778.85,1219.76,2239.52,10434.95,0.44,23.1875
2.500000e+00,1281.15,60275.45,77021.05,863.01,2348.90,13533.69,0.39,23.7231
2.500000e+00,1697.80,80052.55,99385.48,781.59,2709.11,15842.23,0.52,21.5979
3,1455.65,68671.26,86093.61,1126.52,2154.20,14141.63,0.44,48.6841
3,1775.80,83733.88,103978.52,1031.62,2916.62,16296.41,0.54,54.4640
3,1820.18,85480.04,105037.21,935.21,2577.68,16044.28,0.55,56.4023
3,1586.94,76829.79,92652.29,1016.90,2765.23,12040.37,0.48,49.9304
3,1962.32,90577.95,113131.94,779.02,2726.07,19048.90,0.60,51.9636
3,1652.04,76054.16,96623.32,1024.95,2683.26,16860.95,0.50,51.8203
3,1942.24,91390.53,113304.52,718.51,3016.58,18178.90,0.59,56.5754
3,1528.41,69491.77,90666.71,1060.80,2324.66,17789.48,0.47,48.7620
3,1505.08,71367.75,90405.61,946.38,2279.91,15811.57,0.46,50.6139
3,1662.19,79787.10,98960.31,762.05,2415.38,15995.79,0.51,51.2338
3,1613.18,77372.42,95692.74,855.14,2336.27,15128.91,0.50,51.1584
3,1503.41,72492.60,88460.70,914.95,2706.48,12346.67,0.46,50.6964
3,1980.98,97229.84,114807.51,624.32,2973.23,13980.12,0.60,56.7078
3,1436.21,65823.65,86222.07,1007.93,2731.21,16659.28,0.44,49.7720
3,1367.82,64533.90,81810.58,869.14,2687.18,13720.36,0.42,50.1670
3,1823.51,85697.56,106220.31,813.06,2940.77,16768.91,0.55,57.3962
3,1887.65,88736.97,110341.98,946.16,3041.57,17617.28,0.57,56.0047
3,1708.62,80457.43,99069.28,664.18,2844.97,15102.71,0.52,57.6101
3,2092.57,101810.10,120214.98,1068.26,2982.72,14353.90,0.64,60.5153
3,1420.66,66830.76,86379.03,909.51,2382.33,16256.43,0.45,54.4292
3,1927.13,90514.27,111707.86,1086.10,2476.61,17630.88,0.58,61.3010
3,1593.69,73766.75,94980.24,921.43,3001.87,17290.18,0.49,50.1359
3,1717.66,83696.03,101882.86,991.98,2364.71,14830.14,0.54,55.0043
3,1549.54,72034.08,90892.12,1280.21,2553.88,15023.96,0.47,53.6076
3,1564.23,72961.12,92186.23,739.95,2928.06,15557.10,0.48,54.0569
3,1668.39,77948.94,97879.99,1173.98,2605.36,16151.71,0.51,51.9895
3,1831.09,87195.24,106927.79,966.97,2901.45,15864.13,0.56,54.8573
3,1484.02,67551.93,87310.19,1332.47,2357.68,16068.11,0.45,51.6676
3,1799.11,85654.47,105084.12,1059.08,2662.05,15708.51,0.55,48.6743
3,1986.47,92789.80,113759.03,1151.12,3466.82,16351.29,0.60,55.1703
3,1551.32,72962.63,92137.85,834.55,2881.96,15458.71,0.48,53.9424
3,1710.93,80860.97,100100.83,1148.53,2356.65,15734.68,0.53,52.7725
3,1540.80,70860.47,91700.87,1032.85,2663.15,17144.40,0.47,52.8476
3,1957.61,92382.42,112534.63,1234.02,2971.17,15947.03,0.59,55.2976
3,1573.30,72962.44,95228.10,1026.39,2867.13,18372.13,0.49,53.1102
3,1362.92,65873.69,82086.29,1065.27,2483.29,12664.05,0.42,48.2962
3,2063.44,99310.78,118494.17,780.32,2556.08,15846.99,0.63,57.3207
3,1602.75,75745.38,93812.69,761.16,3533.92,13772.23,0.49,52.2882
3,1520.92,74176.54,92408.32,583.60,2638.97,15009.22,0.48,54.0199
3,1555.17,73071.93,91404.87,1765.22,2721.85,13845.88,0.47,51.9787
3,1621.63,76427.02,94599.55,970.84,2367.81,14833.88,0.49,51.3919
3,1551.36,76174.09,91207.78,792.92,2325.95,11914.82,0.47,49.3264
3,1846.83,83872.83,107607.27,1128.22,2938.94,19667.28,0.56,53.2703
3,1678.93,83227.43,100846.13,678.70,2700.27,14239.74,0.52,50.5058
3,1291.10,60462.03,77361.16,1471.81,2725.45,12701.86,0.39,46.8147
3,1691.42,78428.74,100439.19,786.57,2854.07,18369.81,0.52,52.8086
3,1523.59,72531.58,88627.15,966.91,2715.82,12412.85,0.46,53.1682
3,1852.34,88559.23,108967.35,579.26,2522.61,17306.26,0.56,55.2250
3,2143.26,102332.42,123222.59,1268.19,3386.31,16235.67,0.65,56.2336
3,1259.59,57945.07,75535.41,769.48,2513.65,14307.21,0.38,48.2509
3,1769.80,84504.31,103737.81,889.89,3124.30,15219.30,0.54,53.0035
3,1658.99,78601.41,97767.75,709.14,2623.75,15833.45,0.51,53.0102
3,1896.06,90638.73,109023.93,1245.90,2932.17,14207.13,0.58,53.1024
3,1828.98,87946.09,106676.47,725.81,2670.71,15333.86,0.56,58.6605
3,1649.99,75907.89,95954.91,1260.46,2873.63,15912.94,0.50,56.9826
3,1604.79,75250.29,93742.03,945.11,2986.00,14560.62,0.49,54.9210
3,1846.40,85197.83,107053.51,1243.32,2475.14,18137.22,0.56,54.4309
3,1861.42,88921.41,109220.38,1314.82,2413.64,16570.51,0.58,55.2268
3,1672.72,80159.76,98620.48,785.73,2800.27,14874.72,0.51,51.1421
3,1738.64,84682.96,102170.46,737.09,2278.37,14472.05,0.53,52.8597
3,1609.74,73654.78,95925.36,1011.11,2719.75,18539.71,0.49,52.2165
3,1714.32,79661.39,98724.82,1515.06,2332.71,15215.66,0.52,52.2342
3,1709.93,82198.45,99325.11,1200.38,2592.23,13334.05,0.52,53.8799
3,1849.98,89119.34,109019.27,1064.77,2689.03,16146.13,0.57,52.9794
3,1854.06,87798.33,107369.81,1075.82,2548.59,15947.08,0.56,54.7059
3,1679.66,78173.27,98031.94,790.73,3622.04,15445.90,0.51,53.7254
3,1850.44,87026.95,107115.44,1017.40,2651.81,16419.28,0.56,54.9737
3,1865.55,89131.80,110033.52,804.20,2939.76,17157.76,0.57,54.2537
3,1715.46,81886.81,100606.71,636.87,2480.14,15602.90,0.52,52.3251
3,1767.12,81515.59,103787.82,817.93,3113.24,18341.06,0.54,56.9802
3,1341.63,62768.73,80941.75,953.17,2840.47,14379.38,0.41,50.9897
3,1599.08,73943.91,93948.22,1201.63,2763.29,16039.40,0.49,50.1864
3,1861.41,87117.91,107827.31,893.01,2455.18,17361.20,0.57,56.1932
3,1561.48,73721.63,92386.02,1448.01,2600.84,14615.53,0.48,51.6481
3,1671.07,79450.79,99146.48,924.85,3081.82,15689.01,0.52,50.9939
3,1918.95,91719.93,111624.51,977.65,2927.16,15999.77,0.59,58.2911
3,2077.83,96690.04,118312.58,1265.04,3400.79,16956.72,0.63,57.8285
3,1622.29,79320.95,97951.46,670.39,2627.51,15332.61,0.50,55.0525
3,1875.83,88211.79,109630.57,915.85,3436.88,17066.06,0.57,53.3191
3,1806.09,85367.03,106195.59,1018.56,3488.43,16321.57,0.55,52.3775
3,1808.38,85434.30,105259.75,825.45,2197.79,16802.20,0.55,54.4975
3,1733.56,84077.14,102077.04,904.46,2519.10,14576.35,0.53,53.9786
3,1854.44,90696.38,107882.54,850.10,2862.19,13473.87,0.57,53.1386
3,1628.69,76331.48,93557.41,1166.33,1799.24,14260.36,0.50,52.5206
3,1663.09,82282.25,97680.55,1563.69,2000.82,11833.79,0.51,54.0574
3,1712.71,80865.52,99614.71,1031.33,2862.25,14855.60,0.52,54.5738
3,1719.45,82135.99,100629.35,1231.63,2491.32,14770.41,0.53,51.2452
3,1778.41,85820.06,104483.75,552.47,2323.59,15787.62,0.54,48.1805
3,1654.15,78432.73,97856.57,858.55,2518.24,16047.04,0.51,52.8415
3,1877.54,88355.00,109307.53,824.20,2866.79,17261.53,0.57,53.3630
3,1699.27,78093.81,99821.44,1135.24,2868.68,17723.71,0.52,53.0078
3,1921.78,88815.47,110808.46,1015.49,3012.38,17965.13,0.59,52.5274
3,1681.78,78538.17,99176.69,846.22,2848.01,16944.30,0.51,47.6362
3,2096.68,99106.19,119934.30,732.05,3421.46,16674.60,0.64,50.6386
3,1387.92,66098.11,82271.35,1245.27,2602.31,12325.65,0.42,46.9364
3,1766.49,82078.37,103153.22,1291.26,2373.28,17410.31,0.54,48.4778
3,1847.59,88463.71,106586.11,1217.31,2332.85,14572.24,0.56,26.8485
3,1569.62,76082.02,91620.59,1246.91,2170.35,12121.30,0.48,20.7482
3,1454.55,67841.28,87290.84,835.78,2515.62,16098.16,0.45,25.1355
3,1897.57,88486.10,110791.08,663.52,2852.36,18789.10,0.58,22.4103
