300,1,162.16,356.56,1444.14,564.10,199.25,324.223621
300,1,256.25,896.81,2040.54,533.55,148.32,461.858477
300,1,262.72,992.44,2131.97,465.88,162.39,511.266506
300,1,176.53,337.71,1344.34,540.16,172.29,294.179128
300,1,182.17,556.31,1665.07,518.91,197.95,391.902990
300,1,289.27,1548.46,2604.16,379.21,142.63,533.861417
300,1,257.57,631.96,1877.91,554.51,224.67,466.781051
300,1,298.67,909.85,2223.83,594.15,235.11,484.725987
300,1,218.09,359.31,1517.80,601.81,223.58,333.100033
300,1,210.48,505.36,1656.25,519.02,244.34,387.529924
300,1,256.56,1114.48,2129.73,446.50,154.98,413.774648
300,1,227.70,594.16,1498.55,447.57,139.81,317.021370
300,1,284.22,919.09,2025.49,477.02,183.05,446.332311
300,1,326.68,1206.56,2243.84,407.12,162.24,467.923018
300,1,177.97,299.44,1210.29,476.44,136.56,297.855328
300,1,317.99,1252.19,2328.21,428.61,139.92,507.497712
300,1,333.19,1239.74,2458.21,531.41,192.66,494.407063
300,1,338.03,1327.81,2513.29,500.53,151.94,533.021162
300,1,337.98,1296.90,2319.76,464.31,147.81,410.731038
300,1,279.06,890.54,2118.95,544.13,216.68,467.607563
300,1,385.51,1697.28,2904.82,473.13,174.51,559.910312
300,1,204.33,418.42,1574.09,543.66,211.90,400.112379
300,1,235.11,1003.25,2016.10,390.35,163.63,458.871847
300,1,292.20,1372.15,2444.50,409.78,150.81,511.753793
300,1,292.72,1207.06,2270.90,405.91,131.54,526.385629
300,1,167.75,188.61,1194.99,563.01,189.28,254.091314
300,1,260.77,501.32,1775.62,565.31,222.70,486.302308
300,1,284.22,994.01,2101.25,463.23,175.78,468.240282
300,1,174.86,407.30,1337.82,456.42,147.29,326.817942
300,1,333.48,1185.62,2381.79,495.11,187.07,513.984799
300,1,356.85,1465.05,2607.80,513.56,158.74,470.462835
300,1,189.57,544.41,1468.68,468.07,201.16,255.039126
300,1,351.08,1790.19,2969.43,459.95,202.20,517.088132
300,1,162.21,221.40,1189.06,447.42,218.12,302.119277
300,1,218.64,567.37,1722.72,521.99,213.25,420.104859
300,1,186.16,585.59,1487.53,456.54,157.57,287.833542
300,1,241.30,774.53,1839.14,441.16,179.98,443.474038
300,1,191.53,274.27,1387.67,575.29,194.82,343.278053
300,1,231.25,807.54,1713.39,421.76,138.80,345.290651
300,1,255.57,904.55,1818.48,404.89,142.35,366.692885
300,1,235.28,703.56,1722.12,448.38,169.33,400.856085
300,1,147.29,296.21,1123.99,400.69,184.89,242.207169
300,1,365.68,1481.66,2736.62,516.04,203.69,535.229099
300,1,186.02,373.53,1402.70,536.04,224.23,268.895761
300,1,250.46,662.72,1704.08,545.54,184.16,311.661575
300,1,310.41,712.66,2116.10,599.95,290.17,513.328194
300,1,227.93,773.22,1732.12,435.03,182.01,341.845252
300,1,258.34,888.56,2229.87,623.99,235.70,481.610852
300,1,222.36,603.21,1792.21,550.71,213.28,425.010943
300,1,170.83,303.25,1215.14,475.75,161.67,274.469485
300,1,296.27,1294.35,2363.85,477.19,148.00,444.308498
300,1,253.82,710.30,1761.84,482.26,176.70,392.586124
300,1,151.22,90.04,1216.30,614.82,230.31,281.131269
300,1,325.43,1495.33,2695.46,489.20,182.67,528.255573
300,1,333.45,1337.66,2654.87,529.77,265.21,522.230799
300,1,268.79,932.36,2073.07,523.05,212.99,404.672901
300,1,315.35,1170.80,2346.17,485.28,190.62,499.485378
300,1,329.25,1443.47,2598.18,480.33,162.81,511.556367
300,1,275.03,1057.90,2095.88,414.29,170.39,453.307209
300,1,176.05,329.50,1395.77,529.30,256.62,280.355026
300,1,245.32,822.76,1847.81,434.46,174.83,415.758645
300,1,230.17,690.04,1694.59,465.36,162.67,376.519774
300,1,294.19,1292.06,2308.43,497.08,157.09,362.196242
300,1,216.52,738.98,1837.28,525.84,215.32,357.145722
300,1,373.60,1630.17,2669.58,434.57,130.01,474.834138
300,1,320.32,1028.97,2214.44,513.62,201.26,470.584234
300,1,340.45,1163.11,2418.68,569.65,201.11,484.815096
300,1,253.58,920.68,2035.47,487.60,163.36,463.825508
300,1,187.71,511.70,1477.19,508.89,177.40,279.204084
300,1,274.47,988.67,2213.52,458.31,236.65,529.881901
300,1,244.92,962.89,1945.80,456.15,161.16,365.601700
300,1,195.77,575.33,1577.13,510.10,188.60,303.092506
300,1,275.66,1082.13,2144.34,425.97,186.71,449.538175
300,1,210.04,491.87,1442.95,488.05,179.14,283.894469
300,1,180.91,169.79,1208.67,555.56,218.91,264.417555
300,1,328.37,1071.65,2192.97,433.46,143.39,544.471976
300,1,312.88,1191.18,2315.92,519.98,156.22,448.539952
300,1,312.19,1209.09,2193.94,374.63,136.11,474.096888
300,1,260.45,928.28,2085.16,574.08,217.34,365.467978
300,1,231.08,452.27,1697.17,585.52,220.08,439.307853
300,1,251.07,815.03,1804.18,470.00,147.85,371.307899
300,1,213.99,603.24,1588.47,500.68,163.47,321.072219
300,1,121.71,26.05,990.84,508.34,203.13,253.315408
300,1,271.67,970.30,1951.86,400.06,234.95,346.559246
300,1,166.03,327.42,1269.26,482.24,189.25,270.352965
300,1,256.79,709.30,1945.74,538.55,188.39,509.502168
300,1,280.99,864.47,1967.74,545.98,172.88,384.411779
300,1,153.06,67.00,1051.85,459.88,194.53,330.444094
300,1,282.97,989.02,2192.27,542.48,209.81,450.952958
300,1,245.66,611.24,1767.77,554.53,194.72,407.273295
300,1,236.33,976.32,2019.96,480.15,183.29,380.190545
300,1,345.25,1167.39,2515.19,607.19,249.08,491.535345
300,1,186.94,507.50,1445.20,429.85,176.02,331.821480
300,1,257.43,1031.26,2099.20,509.59,183.02,375.330560
300,1,201.82,623.78,1451.40,436.72,137.82,253.080320
300,1,285.98,1391.99,2497.83,440.17,187.51,478.151581
300,1,161.12,326.52,1364.81,621.19,166.68,250.415479
300,1,257.74,1161.37,1889.44,319.68,113.52,294.872430
300,1,375.15,1406.39,2567.88,486.97,187.61,486.901532
300,1,310.10,1049.25,2379.60,596.73,240.09,493.529507
300,2,390.01,904.38,2808.91,816.36,318.70,769.467371
300,2,363.21,934.25,3005.29,1017.13,394.71,659.202258
300,2,623.31,2645.85,4759.59,878.73,344.66,890.353673
300,2,355.98,1347.89,2843.88,674.51,260.52,560.959799
300,2,549.05,1915.48,4382.38,1120.91,438.52,907.475848
300,2,499.51,1645.97,3721.93,1003.81,336.23,735.910857
300,2,464.12,1196.25,3623.49,1158.94,415.67,852.626144
300,2,541.77,1427.36,3694.64,994.39,406.18,866.704400
300,2,440.78,1095.37,3388.77,1046.74,469.48,777.174305
300,2,445.17,1195.80,3358.69,992.27,349.04,821.589667
300,2,366.80,738.52,2770.05,995.23,397.35,638.946707
300,2,455.67,1365.60,3297.14,983.04,340.65,607.847604
300,2,416.98,1009.87,3156.36,1062.99,403.23,680.272393
300,2,440.78,1268.77,3441.02,1069.53,380.96,721.768639
300,2,298.47,478.66,2112.53,781.54,334.48,517.851534
300,2,493.26,1779.48,3781.37,926.36,373.62,701.901311
300,2,706.56,2949.95,5478.26,1150.84,387.60,989.875164
300,2,417.52,1140.21,3203.14,933.15,365.32,764.453962
300,2,458.95,1649.75,3610.87,896.69,315.77,748.652321
300,2,533.67,1966.87,4169.19,931.78,322.10,948.440066
300,2,522.97,1996.95,4193.07,960.81,395.56,839.746189
300,2,426.01,1401.87,3513.75,911.58,396.69,803.615702
300,2,427.66,819.47,3002.88,1033.04,350.66,799.721062
300,2,506.17,1427.38,3603.25,1025.60,359.41,790.858605
300,2,484.79,1560.24,3590.69,943.73,362.90,723.818811
300,2,295.62,532.40,2547.30,942.33,407.09,665.483741
300,2,592.09,2638.61,4884.95,964.22,382.16,899.953308
300,2,440.34,1166.95,3295.94,975.04,427.48,726.469814
300,2,523.60,1746.79,3866.73,1015.92,362.97,741.041024
300,2,382.41,1119.58,3309.06,1018.60,394.27,776.600484
300,2,560.40,1993.28,4036.71,924.74,305.48,813.205853
300,2,511.38,2114.28,4262.59,1000.36,403.55,744.388471
300,2,486.63,1618.55,3688.59,847.29,318.41,904.342076
300,2,480.60,1377.44,3604.29,1009.53,436.99,780.337557
300,2,559.99,2326.85,4579.80,994.98,420.11,837.864562
300,2,392.37,1070.20,3074.09,1014.24,358.88,630.767768
300,2,369.58,831.02,2940.75,1050.47,419.87,639.391292
300,2,568.47,2245.39,4059.24,778.59,244.29,790.973452
300,2,447.44,1914.29,3832.44,881.51,322.42,714.221935
300,2,465.26,1702.09,3657.00,944.73,343.39,666.789818
300,2,464.33,1813.69,3592.65,806.74,292.40,679.823207
300,2,390.46,1563.91,3341.27,787.43,313.54,676.383114
300,2,636.63,2491.78,5035.27,1089.83,495.25,958.416342
300,2,418.72,1282.61,3186.52,928.68,321.13,654.100349
300,2,393.17,1044.67,2853.03,873.28,281.30,653.782947
300,2,498.51,1642.88,3938.98,1082.14,374.20,839.747615
300,2,375.55,1081.30,2938.87,946.92,286.86,623.790307
300,2,632.58,2169.46,4494.41,991.44,336.71,996.797424
300,2,522.82,2270.09,4417.80,972.92,340.38,834.406997
300,2,414.77,1089.64,3047.40,1005.13,337.88,614.752798
300,2,532.83,2086.77,4141.50,885.08,303.69,865.949167
300,2,428.35,1604.36,3482.50,827.70,359.76,690.672713
300,2,555.87,2062.60,4265.38,1112.03,376.23,714.516914
300,2,552.04,1879.76,3861.88,792.36,296.91,892.847695
300,2,517.85,1834.11,4180.62,986.44,410.63,949.433214
300,2,481.61,1756.13,3733.62,857.67,312.73,807.095427
300,2,468.41,1119.24,3596.89,1265.64,417.49,794.529845
300,2,522.78,1677.71,4087.37,1171.21,436.09,802.360771
300,2,356.54,590.04,2546.70,988.42,360.11,608.129637
300,2,413.10,1100.21,3224.67,1092.55,314.08,717.833709
300,2,537.16,1914.44,4186.28,1029.80,364.10,877.940314
300,2,391.67,972.06,3156.54,1057.29,463.14,664.055299
300,2,382.41,806.68,2929.66,1089.32,421.04,612.613698
300,2,441.50,1720.05,3463.02,717.26,317.97,707.738777
300,2,636.97,2764.56,4990.96,1062.46,426.52,737.418309
300,2,609.79,2162.67,4549.53,1110.52,427.13,849.206967
300,2,651.77,2652.06,4806.32,903.19,378.28,872.783674
300,2,559.45,1734.84,4089.86,1086.68,367.17,901.161320
300,2,332.88,722.84,2521.47,882.57,338.35,577.711437
300,2,475.94,1684.87,4179.38,1067.22,397.88,1029.411453
300,2,365.72,1022.49,2859.30,872.71,336.34,627.758051
300,2,447.48,1419.18,3202.38,794.36,307.05,681.794128
300,2,560.31,2121.46,4322.83,940.96,329.42,931.004072
300,2,368.63,678.57,2683.32,1007.52,388.28,608.944923
300,2,393.96,630.69,2833.69,1072.88,461.29,668.829114
300,2,420.41,1188.24,3477.53,1073.43,374.38,841.482684
300,2,626.48,2274.92,4577.42,962.14,375.22,965.134651
300,2,465.03,1770.46,3941.12,1069.17,409.87,691.610563
300,2,520.81,1799.57,3936.33,998.23,358.45,780.093630
300,2,376.04,938.52,2959.01,956.04,319.32,745.126661
300,2,424.67,1137.33,3204.59,975.24,394.74,697.284055
300,2,363.72,502.42,2617.16,1105.33,324.23,685.177286
300,2,383.09,1159.43,3061.32,933.19,317.35,651.350043
300,2,432.43,1313.72,3271.88,899.58,365.65,692.928630
300,2,520.48,1949.84,3705.60,783.98,315.57,656.209019
300,2,543.52,1639.47,3892.52,1089.68,410.10,753.273502
300,2,480.49,1964.11,3875.46,868.19,332.40,710.762071
300,2,365.99,599.44,2816.48,1062.01,466.44,688.591466
300,2,782.82,3249.41,5607.32,1021.50,334.61,1001.785657
300,2,471.94,1429.10,3452.61,897.02,378.98,747.512690
300,2,521.36,1143.89,3690.56,1238.20,473.74,834.720851
300,2,511.98,1735.54,4112.22,1058.70,407.27,910.708059
300,2,559.57,2172.80,4384.06,1086.68,404.01,720.570793
300,2,447.26,1142.36,3360.61,1099.37,356.30,762.580931
300,2,350.05,642.80,2446.88,935.19,314.57,554.314710
300,2,573.53,1780.06,4330.09,1084.68,487.13,978.223346
300,2,387.84,1047.55,2880.92,863.27,370.06,600.030154
300,2,404.39,1067.26,3205.35,1084.73,488.44,564.914356
300,2,492.63,1776.37,3980.03,1076.52,356.06,771.081592
300,2,555.33,2243.33,4435.64,980.10,332.58,879.626455
300,3,561.45,970.37,4326.48,1703.65,652.60,999.858989
300,3,594.20,1399.37,4756.21,1519.02,664.10,1173.722150
300,3,736.02,2442.57,5796.26,1503.09,550.16,1300.445584
300,3,623.65,1847.76,4621.88,1338.02,513.08,923.015953
300,3,740.42,1852.76,5491.32,1726.65,615.35,1296.568348
300,3,807.78,3079.21,6178.49,1307.10,529.23,1262.951420
300,3,882.68,3078.98,6536.95,1543.92,595.12,1318.931136
300,3,791.84,2727.25,5921.71,1515.13,530.23,1149.096211
300,3,759.11,2997.66,5745.75,1270.70,383.17,1094.217882
300,3,599.00,1689.35,4863.99,1459.98,522.00,1192.660431
300,3,720.77,2515.52,5609.38,1628.83,557.24,907.792983
300,3,420.08,449.09,3255.27,1455.77,534.60,815.817238
300,3,557.72,1375.34,4178.25,1348.34,555.08,899.484109
300,3,692.55,1489.72,5088.53,1760.15,723.64,1115.022062
300,3,524.71,1178.97,4247.62,1606.74,661.41,800.506406
300,3,672.54,2019.85,5242.18,1371.82,618.85,1231.671670
300,3,759.35,2352.23,5775.57,1463.23,584.60,1375.516415
300,3,670.19,2219.83,5343.87,1538.32,662.40,923.315212
300,3,684.37,2220.52,5497.21,1621.06,688.64,966.988337
300,3,693.53,2621.30,5555.52,1315.16,472.13,1146.934069
300,3,874.80,3389.55,6735.85,1530.30,550.04,1265.962228
300,3,808.07,3016.13,6020.18,1422.91,505.25,1075.886124
300,3,640.41,1420.51,4769.67,1652.24,584.84,1112.086489
300,3,646.51,2121.42,5107.65,1293.20,567.91,1125.125637
300,3,782.59,2240.19,5752.54,1680.99,718.47,1112.898787
300,3,829.89,3073.01,6152.48,1538.31,549.53,991.630615
300,3,692.77,1840.30,5265.10,1530.63,634.62,1259.554457
300,3,702.55,2235.83,5441.73,1584.58,586.19,1035.134025
300,3,704.48,2572.30,5528.50,1339.20,498.62,1118.374744
300,3,674.10,2219.27,5444.35,1525.93,507.90,1191.253122
300,3,612.98,1630.52,4774.13,1531.34,573.94,1038.321684
300,3,670.29,1993.56,5131.74,1371.05,567.38,1199.750656
300,3,790.86,3043.21,6424.68,1576.55,632.46,1172.461795
300,3,942.81,3800.08,7057.78,1572.34,540.71,1144.653526
300,3,791.27,2337.56,5936.86,1583.24,663.54,1352.512150
300,3,572.08,1880.47,4445.24,1233.20,508.18,823.389864
300,3,746.87,3180.98,6184.52,1426.27,496.57,1080.698380
300,3,671.88,1932.15,5119.73,1478.16,558.33,1151.087436
300,3,692.32,3041.06,5882.90,1222.36,483.16,1136.322720
300,3,533.55,864.52,4084.02,1576.30,656.57,986.624251
300,3,735.72,2762.08,5791.49,1406.62,536.68,1086.115314
300,3,470.02,1196.97,3839.88,1324.60,503.94,814.368395
300,3,767.50,2394.81,5890.99,1539.06,551.54,1405.587857
300,3,662.19,2582.70,5382.94,1366.62,567.12,866.512518
300,3,627.63,1517.05,4462.79,1466.45,590.84,888.451176
300,3,770.19,2639.54,6205.74,1659.89,621.80,1284.515625
300,3,552.50,680.66,4009.95,1792.71,667.16,869.417047
300,3,899.56,3246.71,6538.46,1525.23,573.16,1193.360178
300,3,663.54,2522.87,5793.97,1531.03,616.58,1123.498759
300,3,482.63,842.85,3878.56,1568.22,572.53,894.955709
300,3,704.73,2362.87,5593.20,1540.32,608.16,1081.844724
300,3,657.51,1812.30,4975.27,1549.70,557.76,1055.503148
300,3,654.21,1279.49,4686.89,1745.22,578.75,1083.438925
300,3,719.55,2618.17,5511.41,1314.09,482.88,1096.272500
300,3,874.70,3312.29,6489.00,1434.07,501.24,1241.395554
300,3,585.75,1843.84,4721.50,1260.24,489.86,1127.553451
300,3,670.20,1343.71,4818.85,1652.28,559.80,1263.068052
300,3,579.65,1229.87,4441.85,1451.49,603.28,1157.209771
300,3,613.81,1257.22,4466.89,1586.45,547.57,1075.648803
300,3,743.61,2697.92,5477.04,1332.52,516.29,930.313491
300,3,835.04,2653.20,6264.74,1673.05,631.00,1307.494641
300,3,602.72,1524.82,4526.77,1421.09,528.55,1052.302714
300,3,532.24,1499.77,4313.12,1422.97,541.79,848.593355
300,3,599.17,1310.05,4440.07,1497.18,616.72,1016.118929
300,3,873.70,3425.47,6600.32,1499.85,486.47,1188.530624
300,3,763.05,2398.78,5548.71,1558.97,513.17,1077.781049
300,3,782.73,3293.30,6385.36,1399.64,576.22,1116.202333
300,3,663.98,2266.43,5284.20,1249.38,451.88,1316.507920
300,3,671.28,1620.51,4973.98,1587.99,728.34,1037.147525
300,3,680.28,1929.18,5173.06,1401.19,559.64,1283.044516
300,3,572.93,1665.85,4383.77,1288.13,529.85,899.939990
300,3,580.59,994.95,4297.74,1619.11,656.12,1027.555703
300,3,701.91,2236.74,5450.38,1468.93,555.25,1189.471415
300,3,581.95,1374.47,4449.74,1514.87,567.19,993.211317
300,3,536.48,1071.94,4051.68,1436.43,551.84,991.465078
300,3,607.65,1679.37,4862.37,1542.90,551.05,1089.052162
300,3,669.94,1936.29,5335.06,1649.06,514.28,1235.432094
300,3,760.36,2652.79,5534.02,1292.18,450.29,1138.757681
300,3,786.25,2487.73,6031.03,1693.95,676.42,1172.924935
300,3,608.70,1578.24,4807.86,1555.36,624.40,1049.850890
300,3,469.69,498.69,3792.52,1559.43,632.30,1102.096436
300,3,502.59,1509.67,4237.83,1269.68,443.54,1014.934961
300,3,563.01,1555.34,4523.85,1480.41,560.40,927.706837
300,3,631.56,1709.23,4433.28,1258.75,463.11,1002.188541
300,3,610.54,2222.26,4689.32,1144.63,421.40,901.033335
300,3,592.15,1841.22,5013.30,1518.83,638.83,1014.411833
300,3,565.74,1318.69,4166.17,1315.63,537.49,994.368471
300,3,641.16,2318.00,5415.86,1461.02,494.70,1142.133949
300,3,596.99,1996.55,4903.82,1214.20,427.81,1265.265572
300,3,615.84,1448.34,4873.56,1610.50,615.38,1199.338090
300,3,758.30,2842.58,6059.04,1438.43,505.64,1272.386192
300,3,729.32,2283.53,5394.26,1421.66,539.15,1149.917935
300,3,820.15,2390.02,5776.69,1638.64,617.00,1131.016350
300,3,667.67,2260.30,5560.61,1506.20,570.79,1223.327822
300,3,515.74,930.32,3892.50,1558.59,569.97,833.614197
300,3,833.52,2967.86,6197.70,1480.26,448.80,1300.776332
300,3,766.24,3213.07,6139.14,1349.48,502.88,1073.712161
300,3,494.50,1436.08,4032.17,1320.10,480.25,795.739280
300,3,680.01,2284.30,5534.08,1480.55,569.88,1199.349972
300,3,834.10,3441.82,6737.31,1452.92,473.20,1369.357170
300,4,892.31,2595.24,6781.51,2064.62,808.33,1313.319043
300,4,830.39,1826.34,6167.38,2168.86,771.67,1400.506164
300,4,922.98,2668.47,7079.65,2177.58,767.89,1465.720479
300,4,704.27,1324.99,5086.76,1867.19,787.52,1107.063871
300,4,910.89,2448.35,6925.26,2041.48,731.84,1703.594477
300,4,841.32,2659.31,6768.21,1962.39,715.93,1430.591480
300,4,1132.73,3846.46,8257.21,2019.62,800.83,1590.290737
300,4,1268.72,4672.56,8933.79,1831.43,721.92,1707.877426
300,4,711.98,1468.04,5352.17,1872.55,726.59,1284.987072
300,4,942.79,2936.98,7058.96,2000.11,754.29,1367.576459
300,4,663.79,1295.37,5079.38,1805.70,632.02,1346.284165
300,4,569.92,613.89,4367.89,1837.08,737.83,1179.082711
300,4,712.44,1708.70,5651.26,1921.08,749.13,1272.347660
300,4,779.30,1807.45,6447.16,2273.28,878.07,1488.355855
300,4,840.12,1867.55,5899.45,2067.02,840.92,1123.961190
300,4,953.81,3057.02,7188.79,1903.77,793.78,1434.219155
300,4,1003.13,3384.69,7839.02,2023.15,932.34,1498.849354
300,4,762.12,1681.80,5830.56,1982.34,836.86,1329.563933
300,4,871.02,2332.97,6480.98,2016.17,720.17,1411.667916
300,4,1041.30,4726.91,8609.59,1787.97,695.64,1399.071444
300,4,907.10,2712.92,6879.59,1928.76,679.45,1558.453300
300,4,856.51,2592.67,7042.19,2124.43,728.09,1597.002111
300,4,883.46,2880.23,6799.62,1861.04,745.26,1313.086764
300,4,984.97,3384.58,7672.04,2105.53,871.57,1310.349763
300,4,819.57,2370.48,6566.32,2054.78,745.73,1395.326846
300,4,975.11,2446.44,7142.61,2350.83,813.73,1531.605536
300,4,973.18,2594.93,6990.03,2093.80,743.30,1558.004918
300,4,1019.82,3437.67,7583.94,1963.14,753.04,1430.092021
300,4,1181.02,5043.05,8915.54,1722.75,647.24,1502.494171
300,4,876.07,2931.74,6937.88,1773.62,644.05,1588.479585
300,4,767.08,1289.07,5595.41,2184.84,830.52,1290.980897
300,4,869.21,2366.27,6624.98,2038.38,695.92,1524.415506
300,4,861.35,2276.21,6359.06,1889.21,738.79,1454.853358
300,4,1000.27,3036.18,7129.25,1919.89,689.55,1483.629146
300,4,1095.75,4333.38,8636.24,2146.86,741.18,1414.822898
300,4,870.46,2976.64,6690.59,1954.90,734.16,1024.896139
300,4,994.18,3603.79,7866.08,1967.00,795.16,1500.123684
300,4,858.00,2649.79,6837.27,2142.82,807.36,1237.296436
300,4,802.33,2376.96,6351.34,1982.10,677.00,1315.280243
300,4,705.95,1843.71,5473.25,1786.85,662.10,1180.585839
300,4,737.58,2180.34,5919.47,1769.55,649.46,1320.123667
300,4,690.87,1411.38,5057.64,1800.19,738.57,1107.497759
300,4,957.70,3211.12,7679.80,2077.36,781.78,1609.540529
300,4,797.51,1805.27,6091.13,2184.49,853.39,1247.977743
300,4,703.79,1277.93,5470.53,2206.13,779.42,1207.048261
300,4,983.04,3053.74,7613.51,2134.80,811.34,1613.624336
300,4,689.56,1064.29,5210.21,2209.33,795.77,1140.827145
300,4,975.36,3348.91,7581.93,1940.51,750.75,1541.762096
300,4,1055.95,3461.10,7923.47,2170.49,851.29,1440.590379
300,4,754.37,2190.49,5911.62,1776.57,687.93,1256.629249
300,4,760.20,1803.74,6018.56,2129.74,741.80,1343.285361
300,4,848.14,2252.91,6244.03,1918.86,634.68,1437.564290
300,4,938.54,3232.46,7165.16,1861.64,740.38,1330.682721
300,4,760.46,1345.79,5698.43,2084.58,878.29,1389.764251
300,4,703.78,1752.32,5688.41,1821.73,733.20,1381.160983
300,4,736.60,1713.74,5556.92,1895.17,699.83,1248.179108
300,4,990.02,3210.52,7578.65,1873.24,750.15,1744.740828
300,4,1075.98,3830.14,8098.12,2003.74,777.42,1486.816929
300,4,735.11,1533.59,5649.70,1999.04,812.39,1304.684837
300,4,948.65,3480.87,7642.88,2016.43,726.98,1418.600651
300,4,1100.42,3380.69,7932.79,2141.67,760.27,1650.162865
300,4,926.92,2565.71,6700.99,2011.87,775.84,1347.576527
300,4,881.42,3293.31,6713.26,1594.11,594.46,1231.383069
300,4,871.58,2892.46,7112.83,1949.93,676.08,1594.360633
300,4,995.69,2785.98,7246.32,2097.56,833.63,1529.159740
300,4,832.73,2354.88,6598.49,2106.87,867.94,1268.804677
300,4,865.83,2556.07,6690.11,1924.64,717.64,1491.752836
300,4,1026.92,3876.45,8024.41,1946.19,744.82,1456.942177
300,4,960.60,3457.54,7757.18,2070.39,720.61,1508.642515
300,4,978.44,3206.13,7647.88,1984.87,802.35,1654.533012
300,4,669.69,1418.94,5443.65,1998.40,771.96,1254.349714
300,4,746.66,2271.18,6259.58,1892.11,722.01,1374.273809
300,4,996.95,3906.98,8091.37,1822.16,703.45,1658.780726
300,4,763.65,1329.72,5744.36,2190.23,858.42,1365.988611
300,4,809.24,2707.97,6305.05,1606.98,641.80,1348.302491
300,4,853.56,2691.89,6687.38,1809.05,723.84,1462.605320
300,4,1014.27,3513.69,7476.75,1848.85,678.58,1435.630268
300,4,861.83,2404.27,6192.94,1736.68,665.42,1386.568235
300,4,810.59,2440.94,6712.23,1921.86,839.91,1509.513233
300,4,963.40,3455.55,7598.70,1955.05,778.78,1409.323491
300,4,866.41,2367.38,6575.49,1935.01,787.26,1485.835538
300,4,702.06,1650.81,5768.47,2083.16,726.47,1308.024204
300,4,594.16,664.18,4907.12,2265.76,744.48,1232.697273
300,4,900.68,2802.12,6393.33,1704.11,578.11,1308.985433
300,4,805.02,2440.68,6022.65,1799.20,693.77,1088.995562
300,4,883.53,2416.80,6618.01,2048.58,770.60,1382.027673
300,4,898.97,2729.09,6719.71,1966.43,662.55,1361.636289
300,4,816.00,1827.95,6108.20,2069.67,773.66,1436.919506
300,4,943.76,3154.44,7131.86,1899.34,739.57,1338.509105
300,4,868.01,2248.16,6542.24,1955.81,747.29,1590.986432
300,4,944.56,2863.36,7296.11,2098.21,823.44,1511.102955
300,4,1197.13,4491.91,9024.32,2075.15,777.43,1679.822499
300,4,999.22,3042.74,7393.05,2063.03,755.04,1532.245478
300,4,1043.74,3198.63,7763.23,2168.74,858.43,1537.440723
300,4,733.06,1726.70,5445.15,1863.32,688.96,1166.168358
300,4,1084.56,4172.14,8304.13,1821.14,669.58,1641.270811
300,4,778.58,2183.93,6251.72,1970.84,620.80,1476.148442
300,4,676.28,1421.56,5168.56,1896.32,766.25,1084.421694
300,4,992.10,2985.53,7355.48,2145.97,765.67,1458.306495
300,4,993.57,3069.74,7414.32,1952.73,721.77,1670.076835
300,5,960.03,2595.93,7650.69,2446.24,884.96,1723.558795
300,5,1031.76,2423.52,7709.01,2426.57,946.56,1912.354534
300,5,1020.39,2729.30,8248.57,2691.69,1095.48,1732.097679
300,5,935.23,2197.28,6902.16,2454.67,958.25,1291.960837
300,5,1075.07,2732.70,8471.07,2660.30,1002.46,2075.608384
300,5,1031.42,2639.56,8008.88,2606.27,974.10,1788.952009
300,5,1405.51,5234.95,10876.71,2618.89,954.10,2068.780034
300,5,1233.50,3902.06,9322.73,2656.31,1049.35,1715.013385
300,5,1030.55,3214.92,8264.20,2474.83,996.86,1577.587412
300,5,829.17,1466.10,6889.24,2676.87,986.69,1759.569632
300,5,1138.76,4044.25,8850.53,2291.58,902.24,1612.458177
300,5,737.64,1039.82,5837.36,2476.16,969.93,1351.459431
300,5,834.56,1201.09,6580.70,2786.26,1029.47,1563.895616
300,5,939.01,1929.68,7415.42,2668.38,1030.16,1787.198389
300,5,882.06,1761.95,6861.77,2481.29,1018.28,1600.253352
300,5,1033.06,2722.04,7696.57,2387.80,797.72,1789.010055
300,5,1443.54,6250.80,11349.65,2378.93,857.71,1862.215710
300,5,1107.12,3314.05,8700.82,2728.89,931.74,1726.136235
300,5,1144.22,4150.27,8924.43,2293.23,812.60,1668.334825
300,5,1302.84,4437.27,9722.73,2489.20,928.79,1867.471201
300,5,1114.68,3089.57,8448.79,2548.10,987.89,1823.222398
300,5,1217.62,3967.98,9089.42,2502.66,953.05,1665.736071
300,5,855.75,1685.69,6789.37,2535.90,922.23,1645.550819
300,5,835.31,1013.40,6260.92,2634.81,992.65,1620.057971
300,5,1138.63,3847.99,8807.52,2319.43,873.95,1766.151102
300,5,1271.94,4853.03,10042.63,2340.54,991.50,1857.550744
300,5,1135.23,3976.57,9089.54,2449.36,889.83,1773.776984
300,5,1114.16,3192.14,8567.46,2508.67,1029.56,1837.085069
300,5,1288.19,5010.19,9870.05,2201.51,888.44,1769.909670
300,5,1116.83,3543.83,8795.30,2593.82,944.58,1713.075213
300,5,886.53,1757.61,6839.65,2528.29,989.39,1564.364601
300,5,1094.32,3391.24,8388.75,2431.82,938.80,1626.896924
300,5,1042.97,2401.08,7878.91,2770.66,989.62,1717.562460
300,5,1079.26,3510.05,8585.19,2436.13,923.40,1715.614167
300,5,960.58,2512.84,7557.59,2173.47,938.58,1932.699535
300,5,758.75,1448.92,6114.33,2415.98,917.27,1332.156348
300,5,1103.80,2970.30,8193.48,2520.05,986.27,1716.857335
300,5,883.80,1808.63,6737.74,2533.63,878.65,1516.828287
300,5,814.13,927.94,6007.54,2577.17,961.62,1540.804759
300,5,918.53,2293.36,6897.50,2296.59,844.99,1462.567199
300,5,1055.45,3130.01,8104.64,2485.08,991.64,1497.908282
300,5,842.04,1668.42,6483.63,2408.01,947.59,1459.615885
300,5,1292.25,4361.40,9836.25,2567.36,990.58,1916.898267
300,5,1040.38,2814.89,8297.32,2844.20,991.40,1646.834082
300,5,880.13,1829.20,6952.79,2506.07,1033.35,1584.165527
300,5,1393.29,5586.97,10648.93,2310.00,909.42,1842.536696
300,5,956.23,2029.69,7331.75,2798.30,1062.22,1441.533115
300,5,999.36,2039.03,7477.02,2678.59,1024.77,1734.635110
300,5,1284.80,3730.31,9321.30,2627.36,961.19,2002.433530
300,5,1019.10,2159.96,7362.41,2586.57,1082.04,1533.834259
300,5,983.50,2908.35,7920.18,2461.99,915.03,1634.806125
300,5,928.82,2756.90,7246.16,2078.59,822.63,1588.041317
300,5,1003.01,2446.82,7590.00,2549.82,979.83,1613.531418
300,5,935.77,2320.78,7514.35,2607.28,982.92,1603.363565
300,5,1183.15,4316.11,9311.46,2385.62,862.55,1747.179005
300,5,1037.28,2895.26,8109.12,2589.30,953.10,1671.458207
300,5,1237.18,4171.47,9534.38,2496.60,979.37,1886.936389
300,5,1275.11,5078.33,10084.88,2313.13,943.37,1750.048878
300,5,953.48,2069.68,7373.93,2663.44,1071.57,1569.247498
300,5,980.49,2430.07,7436.28,2486.86,935.67,1583.675385
300,5,1105.06,2982.29,8856.49,2851.98,1118.23,1903.992240
300,5,1311.55,5200.79,9805.92,2187.18,753.29,1664.661242
300,5,883.88,2219.07,6719.62,2286.62,761.21,1452.711113
300,5,1094.41,2735.05,8236.82,2691.51,1047.84,1762.419946
300,5,1110.26,3302.96,8712.31,2767.09,974.62,1667.630863
300,5,1063.63,3085.71,8523.45,2712.67,1084.13,1640.933808
300,5,1056.15,3192.99,8146.60,2330.79,893.84,1728.988837
300,5,1224.89,3483.02,9114.90,2746.57,1035.25,1850.061842
300,5,1119.43,2969.93,8313.72,2542.88,951.55,1849.356396
300,5,1395.64,5065.19,10532.21,2494.47,890.52,2082.028601
300,5,906.31,1915.24,6796.26,2483.70,862.53,1534.787273
300,5,1017.38,2885.37,7565.94,2087.05,888.09,1705.430464
300,5,1115.92,3681.94,8799.01,2302.34,932.29,1882.427394
300,5,934.09,1631.80,6610.32,2469.76,912.17,1596.596956
300,5,962.75,2565.52,7348.57,2279.81,856.59,1646.651615
300,5,1182.61,3055.13,8893.15,2889.21,1077.97,1870.845375
300,5,1048.63,2822.46,7599.27,2267.51,746.38,1762.925109
300,5,910.02,2595.81,7400.46,2304.11,903.68,1596.852165
300,5,1177.07,3900.45,9317.09,2543.70,961.11,1911.839380
300,5,1084.53,3159.57,8382.67,2544.91,910.82,1767.368712
300,5,1050.40,2925.08,7889.02,2367.04,842.97,1753.930293
300,5,736.08,1303.88,5832.10,2182.10,786.78,1559.334417
300,5,816.06,1752.61,6436.35,2315.54,933.55,1434.652398
300,5,983.03,2964.51,7668.15,2283.92,786.63,1633.085314
300,5,964.48,2425.51,7007.21,2418.70,861.56,1301.447326
300,5,987.28,2201.51,7593.16,2705.41,1001.13,1685.103619
300,5,898.80,1864.18,6680.72,2334.55,899.67,1582.322858
300,5,854.37,1596.88,6703.47,2430.93,1088.59,1587.068031
300,5,977.03,1792.13,6947.30,2452.47,1012.07,1690.632367
300,5,969.33,2420.44,7536.67,2478.87,929.42,1707.930504
300,5,1176.97,3634.95,8808.03,2572.85,935.60,1664.642198
300,5,1298.06,4354.36,9874.83,2733.17,943.61,1843.685163
300,5,1006.70,2025.88,7422.85,2550.17,986.08,1860.718250
300,5,1039.76,3104.15,8321.87,2421.28,963.82,1832.625147
300,5,983.66,2485.56,7454.76,2665.83,973.32,1330.056236
300,5,1159.69,3360.99,8700.03,2573.04,1001.65,1764.340072
300,5,826.01,2017.96,6368.25,2102.46,694.36,1553.471746
300,5,1019.89,2182.16,7242.85,2658.60,1036.82,1365.266382
300,5,839.44,1356.63,6275.04,2359.71,966.05,1592.651007
300,5,1294.24,4234.71,9654.54,2488.49,969.90,1961.436484
300,6,1045.02,2287.14,7983.31,2956.68,998.85,1740.643165
300,6,1376.49,4061.67,10337.81,3085.14,1207.05,1983.951870
300,6,1338.91,4562.09,10469.34,2853.06,1099.27,1954.925554
300,6,1051.63,2322.65,7999.59,2726.10,1215.56,1735.274727
300,6,1679.04,7200.25,13211.98,2590.05,1062.89,2358.779772
300,6,1140.36,2691.64,8767.90,2870.78,1194.98,2010.500751
300,6,1693.63,7004.29,13065.40,2740.32,992.32,2328.471868
300,6,1064.10,2015.33,8345.30,3212.83,1064.68,2052.469633
300,6,1112.03,2331.54,8674.00,3207.52,1247.37,1887.577878
300,6,1152.00,2956.84,8645.97,2785.79,1062.43,1840.911961
300,6,1191.57,3193.76,9127.23,2826.64,1081.00,2025.838010
300,6,909.34,1216.20,7011.50,2925.67,1096.17,1773.461095
300,6,1208.28,3175.59,9187.55,2904.14,1167.00,1940.828916
300,6,1259.94,3236.40,9864.63,3242.15,1275.18,2110.903443
300,6,1027.98,1821.36,7759.12,2969.33,1050.26,1918.180076
300,6,1115.71,2528.50,8591.73,2973.32,1095.61,1994.292458
300,6,1272.04,3093.33,9550.63,2969.62,1112.40,2375.274517
300,6,1213.94,3167.85,9014.88,2842.55,1039.62,1964.859163
300,6,1106.44,2731.97,8445.75,2843.00,1060.01,1810.776080
300,6,1609.95,5574.24,11630.66,2870.20,1010.23,2175.982751
300,6,1525.12,5301.49,11591.95,3101.95,1202.53,1985.978453
300,6,1279.82,3577.45,10004.67,3208.03,1253.51,1965.680540
300,6,1051.67,1666.10,7997.89,3161.97,1282.52,1887.285498
300,6,1300.80,3634.18,9804.22,3204.45,1086.81,1878.780924
300,6,1351.99,4248.83,10181.35,2917.39,1116.62,1898.513997
300,6,1359.59,4559.97,10493.86,2901.89,1103.21,1928.788439
300,6,1219.12,3476.45,9505.29,2885.82,1199.23,1943.786445
300,6,1458.52,4473.29,10975.10,3115.50,1128.25,2258.065973
300,6,1413.43,4845.60,10904.92,3043.01,1077.81,1938.507208
300,6,1368.18,4661.41,10589.09,2818.89,1075.15,2033.630935
300,6,1217.12,2555.56,8927.29,3175.43,1296.83,1899.476092
300,6,1427.62,4670.83,10339.95,2734.92,1019.10,1915.107523
300,6,1261.87,3338.63,9164.31,2922.32,1035.03,1868.322192
300,6,1437.03,4985.00,10808.05,2745.59,1035.23,2042.228091
300,6,1662.49,6386.32,12461.17,2959.15,1165.32,1950.376226
300,6,1336.87,3682.57,9410.92,2907.62,1098.07,1722.657573
300,6,1178.61,3121.94,9178.84,2862.49,1154.58,2039.821549
300,6,1281.78,3344.43,9111.63,2791.73,1016.95,1958.511229
300,6,1002.65,2236.85,7772.21,2720.71,1081.26,1733.382192
300,6,1020.72,1787.19,7485.28,3025.05,1049.90,1623.130895
300,6,900.81,1489.07,6844.29,2719.14,1014.25,1621.822939
300,6,1102.17,2322.67,8112.93,3006.37,1042.67,1741.213753
300,6,1048.10,2078.44,8444.62,2976.11,1146.89,2243.181785
300,6,1286.28,3982.28,9962.69,2927.48,1077.95,1974.982921
300,6,1066.69,2389.84,8074.33,2960.05,1065.73,1658.708571
300,6,1542.67,6158.25,12469.64,2939.31,1049.59,2322.495474
300,6,1219.38,3325.29,9216.49,3055.18,1034.46,1801.560933
300,6,994.24,2233.41,7833.96,2733.78,1007.92,1858.848971
300,6,1243.70,2954.92,9414.49,3163.41,1171.02,2125.136150
300,6,1109.85,3164.36,8934.05,2881.43,1138.99,1749.263484
300,6,1370.01,4470.64,10500.62,2883.61,1165.67,1980.695586
300,6,1396.65,5476.69,11064.65,2675.43,1009.84,1902.693702
300,6,1007.56,1055.95,7357.05,3151.56,1172.06,1977.481430
300,6,1019.78,2085.23,7937.95,2907.89,1051.22,1893.605059
300,6,1296.79,4665.71,10375.54,2609.21,992.27,2108.355475
300,6,1257.24,3467.82,9721.83,3167.56,1271.06,1815.393302
300,6,1257.98,2945.69,9194.61,2958.98,1087.19,2202.754364
300,6,1458.41,5483.23,11146.68,2580.30,950.15,2132.989735
300,6,1454.12,4934.59,11354.79,3215.59,1236.87,1967.734678
300,6,1054.04,3109.53,8677.55,2816.19,963.19,1788.646080
300,6,1153.82,2822.09,8843.81,2669.53,1038.30,2313.878997
300,6,1075.45,2588.09,8335.87,2772.38,1009.52,1965.877602
300,6,1146.25,3546.65,9021.35,2606.83,1104.69,1763.177610
300,6,1223.06,4131.41,9908.95,2830.55,1063.81,1883.171900
300,6,1038.50,2380.59,8458.53,3093.91,1166.52,1817.503689
300,6,1233.50,3138.09,9449.68,3088.51,1266.85,1956.236222
300,6,1600.28,6593.56,12112.22,2671.95,964.68,1882.030438
300,6,1354.17,4580.89,10322.63,2694.83,1045.00,2001.908795
300,6,1245.85,3976.25,9989.75,2833.77,1185.66,1994.068188
300,6,1406.97,4473.16,10963.15,3130.00,1148.74,2211.249772
300,6,917.92,1501.83,6767.13,2611.98,956.91,1696.403758
300,6,1319.34,4807.16,10385.52,2593.43,1023.41,1961.526907
300,6,1369.05,3892.18,10210.72,3055.95,1149.21,2113.376418
300,6,1215.07,2612.58,8642.98,2955.19,1188.09,1887.119241
300,6,1176.54,3516.14,9164.19,2726.51,1032.41,1889.143854
300,6,1129.79,3094.57,9332.08,2730.18,1169.59,2337.734601
300,6,1221.32,3022.47,9042.83,2836.77,1121.88,2061.701710
300,6,1164.78,3216.85,9194.89,2789.06,1230.57,1958.418398
300,6,1533.72,5585.58,11457.12,2642.23,1090.01,2139.308157
300,6,1391.66,4279.22,10357.82,2802.07,1189.79,2086.742161
300,6,1151.74,3499.70,9132.43,2677.79,998.88,1956.060895
300,6,962.82,1661.70,7866.27,3126.12,1306.37,1772.078675
300,6,1252.58,4453.20,9961.25,2759.16,1056.77,1692.126271
300,6,995.20,1411.50,7145.09,2822.95,1144.21,1766.437123
300,6,826.78,1269.03,6439.74,2772.61,960.01,1438.083670
300,6,1437.69,5458.22,11566.95,2926.65,1075.64,2106.442327
300,6,965.16,1661.99,7425.90,3012.89,1148.16,1602.847342
300,6,1269.97,3540.98,9782.15,3113.15,1115.39,2012.624461
300,6,914.44,1196.36,6986.50,2933.81,1111.83,1744.505066
300,6,1108.33,2627.26,8487.01,2814.40,1033.95,2011.402893
300,6,1236.04,3276.14,9078.73,2641.56,1055.13,2105.887360
300,6,1071.55,1919.55,8281.27,2991.36,1214.58,2155.782844
300,6,1182.70,2790.34,8955.47,3083.65,1152.70,1928.784915
300,6,1265.44,3264.85,9337.99,2951.37,1066.12,2055.654670
300,6,1025.28,2183.32,7953.95,2996.29,1108.52,1665.813681
300,6,1473.68,5524.89,11612.50,2924.93,1065.14,2097.551535
300,6,1136.07,3499.03,8782.17,2607.87,962.24,1713.028728
300,6,874.17,982.01,6638.27,2931.42,1101.50,1623.338636
300,6,1147.04,3064.52,8863.71,2856.75,1080.64,1861.804972
300,6,1023.50,1628.99,7648.02,2802.72,1132.13,2084.178889
300,7,1167.47,2958.69,9094.03,3034.78,1066.32,2034.237650
300,7,1591.18,5323.72,12251.76,3380.87,1260.45,2286.713439
300,7,1201.72,3136.52,9540.12,3073.05,1222.14,2108.410070
300,7,1228.38,3586.93,9908.38,3110.26,1117.35,2093.835606
300,7,1972.77,7114.65,15054.16,3864.96,1492.25,2582.299682
300,7,1298.24,2703.58,10029.73,3674.94,1412.91,2238.293301
300,7,1357.40,3741.05,10769.43,3421.21,1271.16,2336.009927
300,7,1200.62,1671.40,8564.70,3412.47,1251.04,2229.792580
300,7,1206.92,2459.89,9361.27,3575.21,1342.08,1984.087989
300,7,1264.13,3409.39,10142.38,3354.15,1338.40,2040.445777
300,7,1436.87,4288.48,11045.35,3338.52,1220.45,2197.905111
300,7,1024.14,1305.70,8301.03,3618.65,1477.22,1899.451445
300,7,1844.10,6981.39,14131.26,3477.26,1451.46,2221.160974
300,7,1333.38,3081.84,10403.23,3641.61,1339.87,2339.908577
300,7,1150.25,2098.20,8914.58,3525.04,1305.61,1985.727735
300,7,1277.98,3478.17,10237.47,3429.81,1319.64,2009.846471
300,7,1433.93,3765.06,11096.75,3638.23,1208.49,2484.975307
300,7,1745.75,5740.81,12829.70,3436.07,1344.43,2308.384280
300,7,1631.79,4767.99,12349.95,3940.72,1592.08,2049.160256
300,7,1406.64,3794.82,10677.16,3302.72,1264.50,2315.117943
300,7,1504.47,4062.87,11179.41,3482.73,1419.25,2214.554193
300,7,1637.62,4889.49,12454.05,3785.74,1448.40,2330.421604
300,7,1270.44,2488.25,9688.50,3496.69,1561.70,2141.856120
300,7,1089.94,1388.04,8342.30,3499.28,1307.83,2147.154733
300,7,1621.72,4972.60,12356.43,3736.42,1428.43,2218.980789
300,7,1576.17,5382.88,12201.67,3370.63,1252.34,2195.822859
300,7,1499.87,4225.24,11541.84,3857.31,1424.71,2034.580879
300,7,1151.20,2154.37,9057.57,3229.85,1341.09,2332.264942
300,7,1195.56,1618.57,8878.45,3672.75,1372.15,2214.976242
300,7,1402.83,3433.24,10578.37,3683.02,1389.56,2072.550705
300,7,1159.56,2013.37,9062.02,3589.92,1323.22,2135.508618
300,7,1362.93,2523.72,10053.69,3895.52,1488.05,2146.400577
300,7,1228.37,2300.52,9082.66,3392.38,1258.88,2130.881929
300,7,1389.50,3884.39,10451.91,3198.98,1130.76,2237.787129
300,7,1331.36,3203.12,10284.15,3447.10,1367.16,2266.777271
300,7,1222.71,3026.79,9747.16,3363.75,1371.16,1985.468614
300,7,1513.13,5321.37,11237.97,2723.65,984.36,2208.597424
300,7,1640.29,5703.37,12203.19,3192.93,1183.07,2123.821056
300,7,1296.71,2756.80,9875.64,3714.43,1434.32,1970.098746
300,7,1068.55,1795.83,8285.69,3378.14,1228.91,1882.809818
300,7,1290.12,3408.58,9974.02,3493.48,1234.92,1837.049662
300,7,1308.00,3901.85,9983.19,3099.55,1120.28,1861.510469
300,7,1478.76,3440.42,11094.25,3859.20,1343.52,2451.104999
300,7,1267.27,3074.04,10105.41,3437.33,1389.42,2204.626036
300,7,1070.61,1846.08,8605.76,3370.30,1310.25,2079.129734
300,7,1432.61,4368.21,11238.80,3222.21,1139.25,2509.118117
300,7,1181.80,2184.97,9165.70,3591.91,1434.57,1954.242990
300,7,1353.25,3912.79,10934.57,3542.16,1418.69,2060.929171
300,7,1525.87,4757.30,11538.30,3120.93,1224.16,2435.904301
300,7,1140.54,1932.68,8946.08,3622.52,1435.01,1955.872674
300,7,1370.28,3482.45,10454.01,3378.11,1446.38,2147.061121
300,7,1673.41,5310.18,12057.58,3270.79,1198.36,2278.249984
300,7,1214.15,2309.50,9209.63,3615.06,1300.64,1984.437984
300,7,1349.11,3422.27,10320.75,3488.43,1257.11,2152.941710
300,7,1471.93,4545.75,11379.71,3087.61,1256.50,2489.852531
300,7,1636.84,5631.94,12325.15,3355.09,1134.83,2203.299087
300,7,1194.36,2074.39,8827.97,3448.32,1175.34,2129.914083
300,7,1443.40,3928.96,10645.57,3114.41,1246.84,2355.356886
300,7,1486.57,4480.77,11939.14,3700.09,1457.71,2300.565775
300,7,1458.23,3740.97,11051.04,3642.22,1476.86,2190.982906
300,7,1374.18,3383.78,10874.88,3790.31,1405.67,2295.114766
300,7,1260.39,3702.45,9554.37,2771.61,993.33,2086.990010
300,7,1135.61,2639.19,9121.18,3217.83,1246.53,2017.633465
300,7,1349.20,2576.62,9973.32,3744.74,1442.82,2209.136197
300,7,1082.51,1598.34,8301.05,3434.86,1296.21,1971.645564
300,7,1562.68,5868.98,12726.06,3372.25,1217.13,2267.706596
300,7,1417.40,4321.19,11284.03,3315.96,1256.10,2390.771058
300,7,1406.75,3975.83,10801.17,3284.05,1266.83,2274.464337
300,7,1915.73,7065.87,14012.32,3355.76,1371.34,2219.349317
300,7,1508.53,4106.19,11534.48,3725.42,1355.72,2347.146473
300,7,1445.72,3425.70,10642.18,3668.05,1474.14,2074.293137
300,7,1310.14,3110.11,10128.50,3484.80,1307.89,2225.695907
300,7,1353.66,3829.19,10789.99,3350.62,1354.30,2255.876222
300,7,1134.32,2159.76,8451.90,2988.73,1058.55,2244.858902
300,7,1317.30,3044.24,9558.87,3148.13,1230.87,2135.631097
300,7,1432.55,3486.54,10539.70,3416.84,1380.54,2255.782285
300,7,1443.64,4862.82,11014.78,2906.38,1092.08,2153.503506
300,7,1331.89,3085.40,10355.79,3690.07,1461.07,2119.244595
300,7,1586.41,4625.23,12079.43,3555.35,1437.12,2461.727125
300,7,1271.77,2978.04,9336.77,3065.23,1141.58,2151.920313
300,7,1336.05,3603.80,10374.49,3284.79,1240.12,2245.789862
300,7,1303.06,2943.84,10100.75,3782.79,1379.47,1994.652969
300,7,1361.90,3449.07,10391.21,3428.06,1374.06,2140.013670
300,7,1132.50,1913.37,8620.89,3526.49,1370.80,1810.239650
300,7,1156.98,3848.28,9302.10,2778.70,1078.61,1596.511536
300,7,1556.83,4427.35,11448.98,3329.06,1382.13,2310.430104
300,7,1309.68,3409.02,9927.21,3386.41,1343.27,1788.507075
300,7,1245.90,2543.31,9878.65,3673.23,1412.67,2249.439259
300,7,1349.80,3897.96,10470.59,3400.09,1241.25,1931.276484
300,7,1525.56,4452.01,11334.91,3357.79,1373.08,2152.024375
300,7,1403.22,3223.58,10545.59,3580.75,1282.30,2458.963400
300,7,1504.84,5195.50,11753.97,3036.82,1208.51,2313.139808
300,7,1130.23,1298.03,8448.56,3547.83,1281.50,2321.203829
300,7,1573.50,4864.59,11869.54,3382.50,1274.71,2347.740102
300,7,1102.44,1668.56,8551.08,3409.38,1358.32,2114.822123
300,7,1484.03,4010.93,11285.40,3568.64,1291.47,2414.374405
300,7,1162.60,1927.73,9001.78,3798.60,1452.09,1823.362952
300,7,964.64,944.85,7445.30,3341.27,1242.46,1916.718525
300,7,1123.79,1524.42,8963.82,3792.40,1421.79,2225.214506
300,7,1529.14,4427.92,11612.94,3637.26,1233.53,2314.230025
300,8,1435.57,3086.26,10849.55,3917.85,1693.26,2152.179195
300,8,1442.07,3118.76,11069.84,3979.31,1407.78,2563.996204
300,8,1211.18,2315.03,9661.66,3687.23,1453.13,2206.277377
300,8,1441.28,2610.33,10437.29,4128.85,1526.15,2171.959795
300,8,1996.21,6693.73,15258.13,4163.30,1521.04,2880.058117
300,8,1732.23,5771.39,13139.08,3487.57,1342.73,2537.394891
300,8,1660.05,4551.91,12192.97,3719.43,1320.83,2600.801382
300,8,1439.96,4231.19,11214.14,3464.73,1253.75,2264.467096
300,8,1209.45,1477.13,9269.02,4007.49,1565.07,2219.337139
300,8,1585.29,4236.18,11904.26,3862.69,1543.47,2261.914272
300,8,1241.51,1974.69,9586.69,3971.87,1543.72,2096.411623
300,8,1291.31,2072.74,10056.84,4071.19,1618.33,2294.575811
300,8,1668.10,5581.07,13119.81,3658.05,1458.33,2422.351387
300,8,1570.19,3720.59,11996.45,4171.90,1736.88,2367.084951
300,8,1211.76,1925.85,9408.60,3704.65,1448.83,2329.268644
300,8,1610.20,4240.50,12392.61,4108.82,1637.07,2406.218918
300,8,1829.80,6064.87,13672.30,3617.68,1291.80,2697.942689
300,8,1451.19,2955.53,11143.26,4197.52,1565.83,2424.377231
300,8,1285.31,2046.27,10126.09,3970.94,1638.57,2470.304487
300,8,1739.02,5755.52,13173.87,3829.26,1301.92,2287.162738
300,8,1183.59,1342.81,9484.24,4136.84,1654.25,2350.335231
300,8,1605.48,4914.02,12658.28,3835.18,1512.40,2396.668651
300,8,1624.75,4270.01,12322.68,4286.97,1579.18,2186.519391
300,8,1241.55,2187.32,9734.58,3851.19,1404.61,2291.464741
300,8,1532.34,4099.59,11857.14,3812.03,1529.28,2416.243024
300,8,1253.77,2050.46,9908.60,4002.12,1408.71,2447.315174
300,8,1613.83,4469.19,12174.98,3887.02,1450.14,2368.631191
300,8,1537.61,4255.54,12090.55,3949.27,1494.61,2391.131381
300,8,1477.24,3173.16,11198.17,4122.42,1666.71,2235.884908
300,8,1971.43,6236.62,14452.91,4292.77,1497.64,2425.880404
300,8,1165.29,1655.34,9286.66,3825.39,1334.18,2471.757004
300,8,1524.31,3576.98,11018.93,3671.93,1433.05,2336.970400
300,8,1415.60,2380.18,10519.10,4164.89,1721.91,2252.108258
300,8,1481.90,3726.47,11149.64,3664.17,1342.57,2416.431643
300,8,1700.71,5181.00,12981.07,3750.81,1421.98,2627.277626
300,8,1494.86,5017.55,12187.55,3689.21,1451.50,2029.284014
300,8,1338.29,2435.73,10342.93,3912.15,1584.21,2410.833702
300,8,1321.34,2320.58,10162.65,3858.62,1410.69,2572.756435
300,8,1276.60,2442.99,9849.39,3700.05,1416.60,2289.749243
300,8,1290.32,2024.10,9734.53,4131.38,1513.13,2065.922279
300,8,1280.89,2632.92,10118.89,3843.29,1443.88,2198.809724
300,8,1140.23,1172.63,8476.19,3830.76,1462.69,2010.108530
300,8,1657.62,4787.98,12772.16,3827.16,1501.62,2655.394498
300,8,1467.40,2907.58,11016.86,4129.46,1623.28,2356.546314
300,8,1312.68,2377.08,9615.86,3727.08,1446.16,2065.538886
300,8,1653.27,5020.12,12995.11,3796.79,1410.21,2767.989208
300,8,1382.93,2555.59,10522.96,4173.35,1493.66,2300.364962
300,8,1743.17,5392.09,13465.19,3939.71,1587.08,2546.307514
300,8,1483.51,4504.99,12558.40,3893.95,1541.65,2617.809358
300,8,1629.01,4571.55,12236.65,3956.91,1443.18,2265.020958
300,8,1396.35,2732.43,11171.65,4426.74,1711.59,2300.887620
300,8,1460.93,3839.21,11418.06,3880.71,1460.18,2237.949630
300,8,1609.64,4686.69,11858.79,3716.92,1288.77,2166.414763
300,8,1416.24,3299.23,11058.48,3793.38,1459.16,2506.717663
300,8,1508.77,3658.46,12097.04,4349.16,1665.24,2424.165841
300,8,1384.72,2992.68,10538.84,3786.07,1441.87,2318.212835
300,8,1568.39,3404.62,11696.19,4403.50,1572.36,2315.709007
300,8,1551.25,4145.18,11731.67,3672.58,1390.75,2523.153504
300,8,1798.74,5780.58,13884.24,3968.32,1555.19,2580.141339
300,8,1648.25,5094.08,12750.46,3809.16,1582.21,2264.996791
300,8,1810.54,4498.10,13492.41,4570.53,1741.27,2682.509176
300,8,1389.58,3581.15,10771.30,3606.62,1427.05,2156.481408
300,8,1570.60,4405.35,12051.99,3982.76,1529.42,2134.450559
300,8,1516.81,3824.44,11333.91,3659.22,1417.29,2432.960821
300,8,1501.95,3329.30,11254.89,4132.06,1566.22,2227.309906
300,8,1517.96,4035.32,12118.59,3838.05,1555.80,2689.420476
300,8,1344.42,2278.92,10393.72,4015.35,1594.75,2504.690148
300,8,1572.08,4133.99,12282.76,3946.16,1540.16,2662.452918
300,8,1469.19,3671.48,11810.82,3952.51,1518.08,2668.758575
300,8,1755.82,5416.10,13828.09,4153.33,1541.80,2716.866296
300,8,1364.67,2890.02,10653.28,3880.31,1630.95,2252.004582
300,8,1525.78,2928.33,11179.67,4141.42,1711.91,2398.013044
300,8,1621.83,4300.12,12172.79,3883.02,1505.15,2484.505298
300,8,1662.21,4495.79,12797.87,4323.29,1707.13,2271.649592
300,8,1467.76,3884.35,11493.83,3934.18,1361.00,2314.298104
300,8,1496.77,3380.92,11199.18,3844.06,1411.90,2562.297390
300,8,1684.71,4513.44,12654.74,4059.81,1604.31,2477.183431
300,8,1469.65,2828.85,11233.38,4422.50,1566.63,2415.391662
300,8,1891.52,6822.71,15111.67,3965.57,1470.81,2852.579649
300,8,1426.39,3434.39,10975.50,3663.67,1453.96,2423.472022
300,8,1643.27,4789.09,12847.19,4113.65,1528.10,2416.355992
300,8,1637.90,3802.88,12577.33,4467.42,1870.94,2436.091566
300,8,1573.31,4593.15,12852.88,4185.84,1660.89,2412.997923
300,8,1307.49,2200.44,9533.75,3875.85,1505.47,1951.981777
300,8,1135.19,2036.09,8871.23,3654.45,1330.11,1850.591349
300,8,1749.95,5704.54,13180.67,3711.18,1399.33,2365.623020
300,8,1332.23,3224.80,10912.30,4145.51,1512.05,2029.942820
300,8,1716.25,4663.02,12637.75,3979.35,1498.39,2496.984006
300,8,1700.80,5383.17,12547.60,3451.16,1274.69,2438.570575
300,8,1593.96,4210.76,11689.95,3685.83,1247.29,2546.067951
300,8,1682.21,4485.68,12456.68,3825.59,1478.89,2666.517933
300,8,1881.79,6286.73,14491.23,4056.48,1548.85,2599.164051
300,8,1641.03,4532.89,12641.41,4048.46,1526.54,2533.506761
300,8,1425.31,2525.74,11029.08,4185.36,1525.81,2792.167237
300,8,1187.86,1682.25,9699.95,4158.01,1578.29,2281.395868
300,8,1553.25,4165.58,11570.72,3609.47,1358.99,2436.680203
300,8,1247.08,2017.44,9899.25,4099.61,1627.03,2155.171259
300,8,1338.49,2867.57,10324.33,3845.61,1518.51,2092.639170
300,8,1459.69,3786.30,11787.68,3946.35,1497.78,2557.258629
300,8,1439.61,3915.64,11163.56,3472.24,1250.52,2525.166071
300,9,1767.22,5333.59,14038.82,4514.05,1827.06,2364.119697
300,9,1741.79,5549.35,14061.51,4200.32,1608.41,2703.428357
300,9,1605.53,3914.22,12167.21,4065.85,1568.90,2618.243288
300,9,1378.16,2261.62,9940.92,3904.13,1411.11,2364.064320
300,9,1503.92,2309.39,11597.72,4483.30,1741.61,3063.426979
300,9,1326.16,2141.87,10531.83,4168.67,1528.00,2693.291249
300,9,1508.39,2872.44,11493.71,4221.69,1675.16,2724.422840
300,9,1955.63,5921.75,14868.36,4587.51,1726.49,2632.614247
300,9,1740.63,4602.53,13217.62,4496.34,1743.87,2374.877662
300,9,1657.64,3737.97,12748.67,4567.10,1715.82,2727.781352
300,9,1777.69,4979.73,13483.64,4207.53,1707.08,2589.307232
300,9,1328.38,1729.01,10827.62,4694.50,1882.21,2521.901090
300,9,1453.75,2425.23,11410.37,4507.04,1906.34,2571.759061
300,9,1656.42,3774.58,12354.26,4192.11,1554.19,2833.375580
300,9,1563.06,3595.95,12632.45,4767.53,1885.38,2383.589746
300,9,1641.85,4067.61,13159.69,4732.39,1850.86,2508.825241
300,9,1905.60,7760.52,15028.04,3276.18,1311.85,2679.494829
300,9,1467.25,2597.92,11131.32,4221.33,1512.76,2799.307329
300,9,1304.36,2038.98,10743.61,4424.38,1808.63,2471.625860
300,9,2048.60,6320.61,15109.87,4410.18,1692.83,2686.245346
300,9,1855.46,5871.73,14646.85,4316.71,1746.21,2712.202297
300,9,1899.00,6033.61,15106.37,4586.68,1836.43,2649.643258
300,9,1646.51,4029.45,12233.07,4082.85,1453.41,2667.357701
300,9,1536.47,3311.08,11511.73,4230.42,1542.05,2428.172819
300,9,1797.76,4683.37,13497.35,4323.52,1752.06,2738.392054
300,9,1534.33,2372.67,11207.98,4623.43,1701.72,2510.168015
300,9,1346.06,2251.39,10427.27,3949.41,1569.84,2656.631735
300,9,1658.91,4292.21,13057.35,4417.99,1790.43,2556.719065
300,9,1624.01,3053.06,12229.47,4923.86,1797.51,2455.044495
300,9,1495.16,3340.37,11760.55,4067.61,1525.94,2826.624044
300,9,1443.55,3221.51,11382.21,4330.38,1542.45,2287.858926
300,9,1462.56,1270.19,10659.42,5048.52,1973.89,2366.823925
300,9,1544.38,3015.24,12135.83,4707.64,1834.64,2578.315325
300,9,1456.34,3289.08,11038.70,3863.57,1286.48,2599.577206
300,9,2053.95,6283.04,15319.88,4713.36,1665.26,2658.209691
300,9,1651.86,4159.82,12389.75,4286.84,1590.10,2352.985312
300,9,1610.24,4084.46,12678.26,4535.42,1626.89,2431.485697
300,9,1401.36,3043.76,10916.42,3883.97,1378.45,2610.234725
300,9,1480.89,2306.19,11335.07,4793.65,1753.17,2482.065351
300,9,1513.78,2650.16,10771.41,4108.32,1571.63,2441.297289
300,9,1323.92,2022.08,10149.81,4260.42,1600.61,2266.693140
300,9,1202.55,586.55,9308.77,4679.64,1821.97,2220.618455
300,9,1912.47,6330.31,15211.96,4235.61,1643.34,3002.690034
300,9,1745.53,3971.00,12925.32,4548.20,1677.47,2728.653030
300,9,1921.41,6057.34,14320.08,4226.76,1612.19,2423.796438
300,9,1551.05,3383.02,12227.61,4148.81,1615.89,3079.893243
300,9,1478.00,2462.60,11148.73,4651.07,1666.50,2368.564486
300,9,1849.57,5610.18,14063.24,4185.65,1674.90,2592.505403
300,9,1729.76,4220.76,13461.25,4450.41,1729.50,3060.580369
300,9,1798.67,4495.02,13298.26,4700.25,1600.67,2502.326688
300,9,1801.57,4393.37,13911.20,5013.07,1921.99,2582.776494
300,9,1426.41,2506.91,10787.15,4226.08,1501.85,2552.309085
300,9,1638.95,4561.32,12227.71,3726.42,1376.61,2563.370638
300,9,1511.83,3604.10,11981.20,4261.16,1618.75,2497.192189
300,9,1727.64,4450.29,13186.67,4312.95,1741.98,2681.446713
300,9,1593.41,4817.48,12338.02,3571.81,1278.76,2669.979690
300,9,1460.87,3095.53,10740.87,3775.69,1476.93,2392.718572
300,9,1827.88,5260.92,13802.69,4331.37,1505.59,2704.813956
300,9,1735.73,3729.97,13121.28,4838.32,1804.37,2748.606468
300,9,1823.46,5206.24,12746.18,3656.09,1297.35,2586.487026
300,9,1426.75,1436.26,11029.74,4788.07,1963.18,2842.232996
300,9,1402.37,1602.94,10495.39,4583.96,1736.43,2572.053862
300,9,1423.49,2140.14,10965.53,4802.09,1752.18,2271.117230
300,9,1966.14,5464.12,14405.68,4436.01,1718.90,2786.647296
300,9,1235.44,657.73,9641.79,4644.86,1772.30,2566.891237
300,9,2036.99,6630.21,15577.77,4335.56,1720.12,2891.874097
300,9,2191.20,7683.93,16451.78,4473.62,1659.45,2634.771909
300,9,1734.61,4292.58,13249.37,4439.63,1633.58,2883.583150
300,9,2002.23,6088.40,14970.17,4372.17,1667.57,2842.019804
300,9,1799.28,4968.52,13266.03,3840.05,1442.52,3014.940556
300,9,1466.67,3124.16,11714.27,4506.99,1752.39,2330.731187
300,9,1418.49,2032.88,11167.77,4583.29,2024.15,2527.449914
300,9,1778.86,4320.81,13440.78,4802.84,1646.22,2670.902717
300,9,1626.88,3211.90,11936.71,4559.88,1774.88,2390.057690
300,9,1354.91,2166.05,10631.37,4200.10,1576.73,2688.487216
300,9,1425.51,2253.29,10885.02,4204.01,1487.46,2940.259299
300,9,1721.38,3816.16,13200.24,4724.81,1965.90,2693.368064
300,9,1607.34,3449.39,12066.32,4381.80,1667.03,2568.092218
300,9,1947.17,5319.95,14451.52,4352.23,1641.42,3137.928785
300,9,1289.98,1988.56,10484.31,4057.61,1558.38,2879.752477
300,9,1705.46,4875.98,13346.62,4213.35,1676.83,2580.455909
300,9,1354.72,2110.89,10912.17,4587.01,1789.58,2424.687189
300,9,1760.01,4930.01,12998.71,3891.81,1458.43,2718.458293
300,9,1479.59,2761.64,11142.46,4407.47,1691.81,2281.545721
300,9,1562.47,3400.44,12109.29,4752.65,1831.42,2124.777248
300,9,1671.18,5120.51,13085.25,3890.68,1433.82,2640.235658
300,9,1819.67,5275.71,14027.13,4561.35,1671.11,2518.969896
300,9,1670.67,3718.62,12675.46,4544.95,1774.63,2637.264787
300,9,1545.86,3461.44,12223.98,4569.57,1819.38,2373.594736
300,9,1620.59,4453.12,12782.31,4040.05,1552.49,2736.652173
300,9,1720.93,4278.81,13154.82,4689.19,1652.80,2534.024697
300,9,1529.41,2988.24,12051.65,4348.75,1699.88,3014.776740
300,9,1623.36,3224.23,12166.56,4317.12,1768.57,2856.636210
300,9,2065.97,6379.29,15771.58,4750.57,1808.72,2833.005927
300,9,1714.44,4362.14,13052.94,4551.69,1739.22,2399.880568
300,9,1738.73,4688.53,13379.32,4445.09,1689.08,2556.624554
300,9,1340.15,1808.43,10308.26,4432.87,1642.73,2424.238183
300,9,1662.55,4489.79,13134.22,4508.10,1747.88,2388.454930
300,9,2046.05,6103.31,15259.77,4575.78,1816.65,2764.021194
300,9,1471.12,2763.53,10957.26,3961.92,1511.49,2720.320883
300,10,1846.41,5384.02,14602.22,4785.87,1832.38,2599.955379
300,10,1922.13,6036.70,15136.40,4411.49,1686.65,3001.563201
300,10,1657.53,3263.20,12933.27,4902.54,2024.00,2743.533488
300,10,1494.47,3242.30,11844.34,4506.36,1777.97,2317.715090
300,10,1620.90,2267.11,12354.45,5023.53,1909.06,3154.747077
300,10,1858.41,4886.11,14219.37,4734.94,1807.53,2790.789372
300,10,1722.77,3416.25,12749.12,4711.69,1811.75,2809.422932
300,10,1473.22,2767.25,11722.35,4511.18,1635.73,2808.193848
300,10,1964.51,6087.92,15746.74,5125.31,1894.24,2639.268617
300,10,1734.68,3714.94,13629.22,5079.53,2024.61,2810.138244
300,10,1383.13,1379.55,10722.32,4927.26,1801.97,2613.529654
300,10,1687.28,3691.28,13149.84,4926.93,1805.85,2725.786177
300,10,1979.20,5327.81,15181.86,5147.80,1920.18,2786.065817
300,10,1947.22,4543.45,14534.33,5124.89,1766.93,3099.062736
300,10,1513.55,2297.11,11951.30,4855.87,1997.84,2800.480304
300,10,1782.48,4021.69,13691.38,4820.01,1943.79,2905.879983
300,10,2077.45,6023.47,15963.94,5116.59,1923.21,2900.671099
300,10,1528.69,2776.43,12266.28,4799.09,1879.02,2811.743721
300,10,1742.19,3751.95,13444.47,5170.69,1957.11,2564.725827
300,10,2112.98,6702.02,16458.58,4791.27,1838.47,3126.806662
300,10,1892.41,4194.19,14424.42,5007.30,2184.63,3038.298435
300,10,1813.03,3563.18,13804.94,5321.89,1960.41,2959.454662
300,10,1692.33,3340.61,12882.95,4882.66,2018.62,2641.053464
300,10,1796.73,5517.66,14424.33,4727.33,1672.12,2507.215419
300,10,1471.17,1604.74,11103.30,4791.71,1812.61,2894.245716
300,10,1591.48,2045.49,12160.07,5332.52,2053.00,2729.062717
300,10,1756.79,4970.49,13149.81,3937.41,1623.37,2618.530956
300,10,1697.46,3564.08,13340.89,4985.18,1995.66,2795.962163
300,10,1715.66,4210.31,13512.57,4683.47,1843.40,2775.392753
300,10,1610.47,2413.17,12215.22,4850.23,1971.93,2979.884913
300,10,1979.36,6170.08,15968.10,5162.42,2035.27,2600.325677
300,10,1520.77,1765.55,11834.84,5413.09,2020.35,2635.855485
300,10,2200.50,7537.83,17175.56,4844.75,1847.54,2945.433765
300,10,1898.22,5560.55,14464.52,4617.99,1711.88,2574.105122
300,10,1826.89,5389.79,14256.97,4423.74,1518.87,2924.572366
300,10,1496.31,2647.82,11904.64,4774.54,1823.48,2658.802779
300,10,1615.71,2851.97,12737.11,5068.70,1944.08,2872.359225
300,10,1934.40,5052.41,14552.43,4727.01,1803.20,2969.810065
300,10,1364.17,856.28,10583.63,5237.15,1899.69,2590.512313
300,10,1766.77,4235.28,12993.51,4564.39,1695.85,2497.989457
300,10,1554.90,2433.51,11535.41,4739.95,1894.10,2467.853154
300,10,1650.24,3954.51,13053.40,4893.35,1824.68,2380.859418
300,10,2449.58,8134.66,18648.14,5098.64,1930.42,3484.414381
300,10,1930.31,5656.75,14703.74,4589.07,1658.29,2799.619329
300,10,1690.20,2932.22,12518.16,4906.93,1898.97,2780.033161
300,10,1655.84,3466.86,12845.63,4656.79,1638.46,3083.522907
300,10,1623.67,3316.56,12105.94,4563.48,1639.44,2586.457048
300,10,1672.96,2828.61,12393.58,4886.35,1836.85,2841.770321
300,10,1983.51,4729.55,14955.99,5093.97,1859.46,3273.004602
300,10,1619.93,2967.79,12137.79,4719.75,1614.17,2836.084347
300,10,1672.76,3265.32,13006.69,4867.12,2138.19,2736.057113
300,10,1533.93,3174.34,11794.52,4368.85,1552.88,2698.445604
300,10,1592.72,2830.39,12458.22,4892.19,1899.01,2836.635439
300,10,1636.26,3347.98,12714.33,4637.32,1772.62,2956.411431
300,10,1842.73,4428.62,13934.17,4789.72,1812.32,2903.508726
300,10,1768.45,5191.81,13623.98,4102.67,1553.45,2776.047394
300,10,1835.10,4420.56,13562.56,4829.28,1690.90,2621.807110
300,10,1998.23,5773.06,14990.28,4604.16,1875.59,2737.470898
300,10,1687.22,2689.08,12673.80,5031.38,1970.93,2982.411264
300,10,2178.97,6769.29,16389.25,5102.11,1791.33,2726.520774
300,10,1940.65,5455.53,15421.53,4906.74,1873.17,3186.095142
300,10,1685.07,4845.25,13787.43,4546.39,1879.50,2516.292192
300,10,1456.19,2067.24,11432.50,4832.93,1892.30,2640.036674
300,10,1594.88,2085.29,12089.33,5058.56,2057.45,2888.029841
300,10,1603.48,3367.72,12196.93,4379.70,1571.66,2877.846419
300,10,1917.85,4507.69,14839.82,5119.91,2051.25,3160.971522
300,10,2038.30,5787.17,15237.47,4581.28,1879.15,2989.863290
300,10,1593.27,3057.20,12612.37,4968.53,1857.23,2729.409399
300,10,1838.31,4062.36,13800.94,4971.79,1871.26,2895.528440
300,10,2001.43,5784.21,15275.85,4876.72,1690.74,2924.172794
300,10,1888.78,5336.22,14780.78,4791.06,1825.19,2828.313036
300,10,1721.54,3354.09,13145.81,4913.03,2113.44,2765.251865
300,10,1631.84,2432.46,12918.48,5391.72,2076.38,3017.915191
300,10,1783.36,4450.51,14075.70,5096.96,1977.33,2550.889306
300,10,1568.89,2699.68,11766.46,4580.87,1697.12,2788.788557
300,10,1722.22,2794.94,13067.57,5237.41,1996.03,3039.189790
300,10,1562.52,1891.00,11469.49,4893.34,1959.82,2725.333884
300,10,1847.26,4385.42,13773.97,4870.91,1850.90,2666.745475
300,10,1723.42,4180.12,13418.12,4378.24,1752.37,3107.400899
300,10,1760.33,3669.83,13429.70,5038.62,1907.41,2813.839604
300,10,1606.97,2881.51,12606.38,4955.50,1866.32,2903.054154
300,10,1435.31,1163.00,11149.82,5229.25,1980.03,2777.543749
300,10,1710.55,3873.10,13659.25,5030.52,1807.53,2948.105860
300,10,1690.56,3735.66,12501.08,4565.86,1651.92,2547.627761
300,10,2063.65,7762.65,16277.28,4494.58,1633.31,2386.730263
300,10,1812.56,4662.01,14000.51,4514.29,1756.69,3067.511347
300,10,1667.15,3981.56,13069.48,4630.99,1787.64,2669.294039
300,10,1556.78,2032.06,11957.48,5006.38,1912.24,3006.799685
300,10,2118.74,6760.22,15751.33,4517.40,1777.79,2695.918453
300,10,1400.26,1896.89,10841.45,4518.25,1677.43,2748.870003
300,10,1718.83,3529.36,12874.37,4716.68,1869.85,2758.487599
300,10,1851.23,4534.90,14124.95,4815.71,1866.63,2907.703605
300,10,1719.76,3624.48,13481.17,5150.34,2232.92,2473.440235
300,10,1729.32,3022.22,13281.92,5018.62,1988.12,3252.948495
300,10,1316.36,1155.03,9831.56,4431.52,1647.59,2597.418784
300,10,2067.21,6124.02,15894.08,4982.44,1939.01,2848.613092
300,10,1554.00,1852.53,11671.03,5328.33,2010.44,2479.735409
300,10,1762.85,3518.79,13785.88,5463.14,2016.99,2786.965082
300,10,1880.22,5158.01,14953.42,5067.49,1765.43,2962.491774
300,10,1972.67,6372.85,15322.10,4354.42,1687.89,2906.933951
300,11,1859.28,3712.97,14444.52,5736.18,2056.57,2938.799199
300,11,2224.26,6675.34,17151.73,5271.49,2028.52,3176.368271
300,11,1877.65,3611.83,14136.05,5244.89,2133.14,3146.175538
300,11,1656.30,2469.94,12571.68,5159.35,2020.01,2922.385876
300,11,1918.72,3810.85,14812.85,5478.54,2254.72,3268.730905
300,11,1678.54,1527.32,12584.45,5876.08,2176.29,3004.752894
300,11,1975.06,4744.85,15821.37,5857.21,2326.72,2892.595367
300,11,1971.58,4256.79,14933.76,5447.11,2032.86,3196.997140
300,11,1541.32,961.63,11954.74,5763.86,2212.77,3016.485808
300,11,1686.04,2069.39,13261.27,5812.64,2243.70,3135.533688
300,11,1925.60,4374.06,14345.59,5323.17,1911.29,2737.075535
300,11,2031.36,5407.82,16017.69,5675.28,2176.25,2758.333465
300,11,1745.17,2462.73,12902.18,5415.60,1900.76,3123.084008
300,11,1913.28,3387.99,14839.67,5998.65,2356.61,3096.413191
300,11,1774.45,2150.50,13303.34,5820.33,2335.75,2996.756002
300,11,1809.97,3589.55,13772.04,5142.15,1919.55,3120.793243
300,11,2228.44,6732.84,17491.95,5418.54,2241.12,3099.447878
300,11,1923.69,4189.22,14525.93,5476.36,2054.81,2805.539227
300,11,1541.64,2323.88,12431.78,5338.13,1956.54,2813.232911
300,11,2137.29,6428.20,16427.23,5176.18,1910.32,2912.535076
300,11,2343.53,6615.16,17396.61,5439.87,2227.12,3114.453243
300,11,2035.55,4605.02,15399.61,5561.03,2044.29,3189.263850
300,11,1736.37,4153.86,14075.55,5108.66,1954.74,2858.286965
300,11,1940.04,4963.64,15304.91,5253.40,2064.44,3023.427346
300,11,1829.49,3923.97,14440.63,5491.99,2058.20,2966.459747
300,11,2066.28,4666.07,15699.72,6060.19,2213.56,2759.902833
300,11,2007.01,4257.69,15082.79,5654.73,2289.60,2880.768005
300,11,2052.00,5572.67,16526.92,5502.89,2243.29,3208.064019
300,11,1613.58,1046.14,12143.74,5732.83,2361.71,3003.065439
300,11,2255.33,6183.35,16997.87,5569.02,2152.12,3093.377250
300,11,1882.22,4671.52,14618.60,5227.91,1919.76,2799.405010
300,11,1489.13,856.64,11369.52,5609.12,2131.82,2771.937941
300,11,1857.22,3633.86,14547.25,5567.50,2224.53,3121.368479
300,11,2045.61,5026.61,15716.17,5585.74,2182.43,2921.400778
300,11,1956.70,6079.04,15801.62,5087.10,1757.24,2878.242126
300,11,1513.14,778.68,11142.50,5307.56,2320.92,2735.333279
300,11,1699.95,2383.51,12823.39,5405.68,1910.71,3123.482468
300,11,1644.40,3124.65,13243.26,5214.97,1988.89,2914.755075
300,11,1763.56,3225.35,13635.40,5474.86,2160.46,2774.733196
300,11,1724.80,3746.79,13071.55,4775.22,1788.95,2760.589966
300,11,1553.17,1380.31,11767.26,5691.28,2099.04,2596.632504
300,11,1901.69,4373.56,14475.25,5484.14,2158.94,2458.606828
300,11,1924.55,4736.71,15588.90,5220.26,2031.39,3600.538367
300,11,1687.11,2635.37,13242.47,5383.45,2311.32,2912.328181
300,11,1466.40,1325.39,11166.06,5127.48,1838.38,2874.814195
300,11,1753.43,2742.34,13398.60,5462.62,2073.70,3119.931370
300,11,1632.90,2238.37,12498.23,5304.59,1953.23,3002.039164
300,11,1825.90,3461.17,13869.23,5277.71,2026.99,3103.355853
300,11,1976.17,3940.60,14846.78,5624.50,2037.40,3244.280173
300,11,1771.17,2877.38,12810.17,5231.70,2002.46,2698.626972
300,11,1812.61,2649.46,13692.00,5748.24,2207.00,3087.307075
300,11,1804.94,4492.98,14830.08,5273.58,1997.25,3066.273053
300,11,2140.33,6123.89,16151.05,5124.41,1926.73,2976.017526
300,11,1636.75,2535.90,12729.13,5194.61,1854.60,3144.022611
300,11,2078.72,5161.32,15857.96,5649.14,2138.49,2909.016077
300,11,1699.95,4211.69,13803.57,4815.45,1856.84,2919.595710
300,11,1732.99,3095.29,13402.16,5251.39,1942.32,3113.160122
300,11,1914.90,3714.19,14978.62,5717.71,2343.48,3203.238025
300,11,1954.18,4769.22,15088.57,5380.26,2105.72,2833.372326
300,11,1588.65,1989.47,11736.89,4883.03,1811.63,3052.756127
300,11,2202.16,5507.44,16363.69,5634.86,2001.08,3220.317173
300,11,1779.91,3265.73,13316.50,5179.44,1925.90,2945.429612
300,11,1617.21,2346.92,12164.20,5158.12,1902.87,2756.289709
300,11,1731.42,3190.36,13036.77,4810.44,1895.26,3140.716439
300,11,1555.90,1060.31,12308.28,5846.01,2539.38,2862.585578
300,11,2018.73,4755.48,16082.23,5756.60,2324.63,3245.522549
300,11,2146.87,5821.11,16093.13,5425.63,1852.05,2994.343223
300,11,1674.72,2084.29,13018.11,5626.76,2263.18,3043.877678
300,11,1760.77,3662.70,14041.38,5163.01,1982.52,3233.147287
300,11,2319.53,6526.07,17516.73,5734.92,2223.49,3032.253330
300,11,1626.41,1678.29,11911.87,5464.86,2091.91,2676.806619
300,11,1985.56,4588.71,15137.94,5466.19,2078.27,3004.772213
300,11,1653.70,2697.60,13164.05,5459.13,2144.81,2862.515279
300,11,1806.32,2775.57,13469.77,5625.62,2113.43,2955.149818
300,11,1832.04,3804.33,13689.42,5135.56,1907.32,2842.214271
300,11,1876.07,4414.43,14249.18,4973.24,1904.44,2957.072902
300,11,1894.11,4414.98,15144.89,5681.85,2183.33,2864.736530
300,11,2152.63,5877.39,16294.07,5381.63,1962.75,3072.300794
300,11,2072.90,5790.42,15621.94,4994.94,1856.20,2980.375621
300,11,1631.30,2734.11,12605.76,4958.19,1935.68,2977.782877
300,11,1568.92,1422.86,12178.75,5548.28,2097.92,3109.689823
300,11,1894.55,3950.27,14931.50,5728.15,2287.02,2966.065937
300,11,1656.30,2971.58,13119.94,5079.13,1977.67,3091.553801
300,11,1348.84,285.67,10215.55,5331.68,1960.23,2637.975510
300,11,1656.41,2821.16,12999.87,5272.07,2216.52,2690.129440
300,11,1955.56,5685.33,15077.32,4853.22,1810.18,2728.593606
300,11,1762.32,2354.67,13803.47,6408.31,2240.22,2800.267656
300,11,2015.62,4113.49,15439.27,5754.94,2366.26,3204.578808
300,11,1831.14,3492.13,14043.32,5440.43,2083.07,3027.689117
300,11,1860.99,3677.35,14393.82,5712.47,2116.41,2887.591326
300,11,1600.31,2177.72,12162.21,5245.28,2027.07,2712.135714
300,11,2079.08,4048.40,15599.91,5801.32,2541.01,3209.176786
300,11,1713.77,3192.68,13803.22,5594.75,2099.66,2916.129943
300,11,2141.93,5165.01,16314.48,5560.49,2194.17,3394.811949
300,11,1629.01,1434.41,12408.31,5847.61,2172.84,2953.437877
300,11,2096.58,5088.86,15750.14,5499.35,2212.84,2949.101344
300,11,1777.09,2830.40,13825.56,5669.71,2369.44,2956.017731
300,11,1728.84,3490.50,13768.33,5492.14,1975.97,2809.728831
300,11,1964.23,4174.05,15251.23,5752.20,2169.81,3155.175021
300,11,1839.50,3486.94,14262.84,5503.37,2101.59,3170.938898
300,12,1847.49,2260.57,14237.38,6245.47,2581.81,3149.520736
300,12,2080.19,4475.38,15955.44,6016.70,2074.46,3388.895934
300,12,1928.08,3865.87,15146.98,5971.84,2147.98,3161.303767
300,12,2038.62,4001.79,15937.77,6478.67,2420.53,3036.786936
300,12,2097.72,3663.29,16170.74,6619.36,2631.82,3256.267111
300,12,2323.71,6993.34,18069.00,5727.20,2219.05,3129.412523
300,12,1678.73,890.54,12915.25,6288.80,2370.71,3365.205841
300,12,2096.97,5441.51,16719.11,5831.78,2209.98,3235.842716
300,12,1882.61,3029.13,14350.46,5723.84,2213.70,3383.782433
300,12,2010.66,4199.44,15115.75,5750.43,2280.01,2885.872112
300,12,1946.77,3838.79,14667.77,5733.30,2131.67,2964.013043
300,12,2007.20,4625.46,15415.16,5511.09,2179.68,3098.924293
300,12,2018.44,4348.75,15507.79,5893.28,2254.07,3011.687512
300,12,1732.49,2805.59,13880.99,5634.77,2080.58,3360.059296
300,12,1822.24,2983.91,14231.95,5648.05,2188.16,3411.824768
300,12,1948.61,3312.95,15095.77,6358.70,2196.19,3227.932843
300,12,2250.90,5765.94,16420.42,5020.05,1927.71,3706.710769
300,12,1827.59,2854.15,14016.04,6013.13,2205.32,2943.438844
300,12,1829.74,3464.04,13898.09,5613.81,1918.50,2901.740074
300,12,1713.02,1921.39,13406.52,6033.77,2224.28,3227.064435
300,12,2027.69,4730.12,15627.88,5658.97,2157.72,3081.063034
300,12,1881.88,3745.29,14348.15,5238.32,2042.99,3321.557974
300,12,1663.19,2072.28,12911.01,5475.46,2122.40,3240.863891
300,12,2196.93,6945.39,16543.08,4784.51,1801.18,3011.996509
300,12,1851.07,3247.38,14000.54,5325.01,2071.81,3356.343334
300,12,2088.67,4480.40,16315.08,6462.25,2475.19,2897.233106
300,12,2350.19,6460.68,18607.66,6178.82,2526.10,3442.060649
300,12,2455.84,7091.26,18810.33,6022.67,2404.53,3291.875040
300,12,1977.55,3275.54,14893.90,6089.66,2424.32,3104.379639
300,12,2145.56,4685.17,16103.32,5711.71,2224.07,3482.378633
300,12,2293.17,6123.45,16946.32,5717.26,2040.76,3064.848288
300,12,1895.67,3886.48,14902.93,5976.71,2339.97,2699.764089
300,12,1816.01,2979.67,14383.55,5898.80,2221.09,3283.990672
300,12,2306.44,6495.99,17857.42,5989.11,2295.23,3077.091243
300,12,1685.85,1307.40,12512.51,5930.62,2251.07,3023.426165
300,12,1614.77,1171.76,12451.69,5740.71,2455.59,3083.624608
300,12,1843.73,4004.16,14846.79,5712.81,2137.89,2991.933634
300,12,1733.16,2024.38,13541.30,6082.78,2362.35,3071.792496
300,12,2054.12,4057.57,15261.17,6316.57,2221.94,2665.088352
300,12,1927.93,4443.21,14871.61,5533.74,2071.68,2822.989639
300,12,1630.53,1948.48,12404.19,5500.03,2049.43,2906.247992
300,12,1864.78,2948.34,14237.88,6053.82,2492.35,2743.375187
300,12,2284.68,5602.48,17878.86,6102.06,2371.88,3802.439249
300,12,1986.54,3043.69,15143.98,6337.07,2657.56,3105.665137
300,12,1755.13,3294.19,13762.48,5427.90,2083.61,2956.783507
300,12,2090.50,6329.63,16909.52,5489.74,2093.79,2996.351562
300,12,1846.54,3043.64,13916.21,5686.24,2163.15,3023.187160
300,12,1926.87,2941.43,14265.21,5929.31,2256.63,3137.840765
300,12,2341.93,7053.91,18401.84,5656.93,2307.71,3383.289302
300,12,1889.98,3059.13,14590.84,6028.29,2318.48,3184.940951
300,12,2188.98,5973.92,17100.37,5722.79,2231.13,3172.535421
300,12,1745.59,3358.08,14182.49,5546.59,2269.36,3008.460017
300,12,1795.29,2322.44,13424.29,5738.02,2203.90,3159.932310
300,12,1689.61,2375.09,12808.97,5129.57,2027.56,3276.748690
300,12,1914.09,3607.19,14737.33,5788.92,2217.23,3123.979366
300,12,2132.00,4679.19,16461.35,6153.24,2568.86,3060.051828
300,12,1959.06,3799.74,15274.77,5861.98,2313.25,3299.802229
300,12,2386.38,6779.21,18265.54,5825.91,2231.82,3428.601186
300,12,2096.22,3877.87,16013.51,6413.51,2513.89,3208.243297
300,12,1889.31,3219.84,14044.07,5572.73,2123.05,3128.451341
300,12,1682.33,1021.04,13441.97,6551.28,2420.69,3448.960556
300,12,2015.16,4519.67,15247.38,5461.61,2108.91,3157.205931
300,12,1714.79,984.30,12712.66,6477.68,2478.23,2772.456081
300,12,2200.55,6018.67,16787.69,5482.23,2077.70,3209.087907
300,12,1788.40,2373.61,13865.89,5992.92,2473.28,3026.079703
300,12,1892.28,2226.86,14573.46,6466.00,2506.05,3374.551813
300,12,2022.37,4931.60,16296.11,6065.82,2294.76,3003.931326
300,12,1939.07,3310.03,14542.61,5892.04,2252.22,3088.324020
300,12,2290.34,6856.60,18144.49,5703.78,2373.64,3210.479095
300,12,2000.90,3900.10,15342.48,5791.59,2226.28,3424.511299
300,12,1458.49,-4.62,11171.07,5793.46,2295.74,3086.480115
300,12,2247.54,6387.50,16439.67,4891.40,1912.30,3248.472648
300,12,1795.69,2659.47,14033.50,5736.70,2302.38,3334.948549
300,12,1755.82,2307.06,13225.92,5722.29,2150.66,3045.915833
300,12,1985.86,5497.40,15521.19,5206.03,1986.91,2830.853290
300,12,2094.50,3675.44,15728.27,6387.38,2428.87,3236.583177
300,12,2126.09,4825.17,15937.92,5859.26,2221.12,3032.362952
300,12,1986.97,3930.87,15449.84,5983.34,2125.49,3410.139653
300,12,2108.33,4745.97,15993.97,6029.81,2133.93,3084.266039
300,12,1921.63,4185.94,15096.13,5790.24,2147.69,2972.252343
300,12,1688.13,1056.45,12843.19,6274.63,2348.61,3163.503709
300,12,1693.66,603.20,12906.09,6475.42,2494.48,3332.985909
300,12,1818.61,3298.53,14273.86,5730.56,2123.21,3121.560196
300,12,1582.06,1078.10,12033.24,5786.62,2109.36,3059.153096
300,12,1806.23,3471.85,13808.40,5570.10,2095.19,2671.262605
300,12,1953.09,3900.28,14940.40,5940.60,2195.26,2904.266954
300,12,1851.67,3583.26,14594.07,6038.88,2129.94,2841.986535
300,12,1826.93,1789.05,13887.05,6164.05,2474.55,3459.398473
300,12,1843.08,1858.94,13933.92,6245.23,2588.33,3241.425699
300,12,1794.68,1761.51,13443.29,6289.84,2335.86,3056.068132
300,12,2161.47,5030.64,16716.69,6313.01,2505.75,2867.298633
300,12,2174.62,6136.57,17301.67,5551.81,2164.19,3449.098233
300,12,1618.84,143.49,12358.09,6485.01,2502.51,3227.074213
300,12,2093.23,4363.65,15664.20,5999.74,2193.66,3107.147392
300,12,1739.13,2209.92,12914.22,5666.73,2160.03,2877.529789
300,12,1890.15,2497.59,14093.53,5703.38,2244.37,3648.191993
300,12,1609.73,966.05,12168.84,5880.28,2252.25,3070.247059
300,12,2058.69,4663.11,15410.69,5780.63,2121.88,2845.065175
300,12,1850.07,2973.62,14250.29,5923.24,2067.61,3285.810826
300,12,1913.12,3085.93,14577.64,5896.39,2245.37,3349.938697
