25,4,381.36,504.14,3637.41,1762.71,551.73,818.83,0.0672
25,4,379.90,778.37,3964.19,1748.54,611.22,826.07,0.0204
25,4,400.12,1663.92,4576.09,1353.06,604.90,954.22,0.0052
25,4,509.66,1254.91,4352.68,1555.62,592.87,949.27,0.0048
25,4,468.92,283.20,4342.56,2274.88,787.32,997.16,0.0144
25,4,364.55,1257.53,3739.07,1319.10,495.89,666.55,0.0070
25,4,417.99,1271.53,4120.67,1516.22,523.57,809.35,0.0046
25,4,423.99,867.91,4182.72,1778.98,608.48,927.35,0.0067
25,4,366.87,1239.94,3865.03,1351.45,542.77,730.88,0.0065
25,4,408.04,1503.78,4498.63,1455.65,575.91,963.28,0.0072
25,4,304.93,635.95,3150.88,1277.28,501.05,736.60,0.0034
25,4,400.17,1493.05,4412.38,1347.51,526.21,1045.60,0.0068
25,4,446.20,616.96,4417.57,2070.04,706.74,1023.82,0.0071
25,4,425.21,1249.99,4709.68,1775.77,675.39,1008.54,0.0072
25,4,348.26,876.81,3335.80,1308.12,495.75,655.11,0.0043
25,4,438.04,340.76,3852.41,2054.35,659.00,798.29,0.0055
25,4,400.89,1103.62,4136.76,1555.31,601.82,876.00,0.0053
25,4,425.39,941.36,4431.48,1756.86,683.03,1050.23,0.0062
25,4,439.96,1173.27,3865.75,1413.32,522.46,756.69,0.0040
25,4,370.06,1120.49,3881.02,1162.06,524.93,1073.54,0.0060
25,4,396.80,503.03,3606.77,1601.75,544.00,957.98,0.0043
25,4,418.74,1027.32,4030.82,1520.54,563.51,919.45,0.0070
25,4,429.07,998.51,3980.15,1565.20,570.91,845.54,0.0071
25,4,425.61,1120.24,4413.50,1496.56,613.08,1183.62,0.0042
25,4,393.09,682.01,4061.80,1839.48,604.03,936.28,0.0052
25,4,430.04,1046.17,4114.47,1506.67,559.04,1002.58,0.0058
25,4,379.72,1123.55,4289.48,1521.66,565.57,1078.70,0.0057
25,4,358.73,1238.71,4179.11,1438.02,557.05,945.32,0.0079
25,4,389.43,1183.68,4326.42,1554.21,634.16,954.37,0.0044
25,4,415.49,1460.77,4455.22,1578.04,602.24,814.17,0.0062
25,4,441.40,1221.83,4239.74,1590.43,584.73,842.76,0.0065
25,4,459.76,1244.13,4756.48,1787.19,677.54,1047.63,0.0067
25,4,415.11,770.73,4128.19,1640.02,611.01,1106.43,0.0041
25,4,409.23,746.09,3889.92,1633.94,540.18,969.71,0.0049
25,4,423.76,896.85,4078.50,1632.79,654.41,894.45,0.0069
25,4,412.42,488.13,4017.08,1895.14,686.54,947.28,0.0036
25,4,355.22,1356.94,4119.60,1131.68,529.40,1101.59,0.0060
25,4,376.60,1209.50,3861.88,1352.88,535.13,764.38,0.0064
25,4,342.15,1379.80,4029.97,1225.04,519.61,905.53,0.0055
25,4,453.44,728.21,4375.49,2002.78,695.32,949.18,0.0073
25,4,370.68,1137.04,4288.03,1648.65,638.08,864.26,0.0068
25,4,446.88,1376.87,4286.80,1441.17,567.72,901.04,0.0044
25,4,421.20,631.60,4208.91,1826.60,694.12,1056.59,0.0062
25,4,385.66,879.74,4129.77,1720.57,645.71,883.75,0.0056
25,4,387.64,1002.50,3849.13,1450.12,469.73,926.77,0.0078
25,4,389.58,1358.88,4097.07,1364.81,531.75,841.63,0.0058
25,4,344.95,961.53,3748.58,1241.56,508.05,1037.45,0.0045
25,4,355.59,999.85,4403.10,1690.47,717.31,995.48,0.0062
25,4,412.31,446.02,3830.12,1791.37,621.28,971.45,0.0038
25,4,410.49,645.51,3901.93,1820.42,600.34,835.66,0.0060
25,4,415.34,1378.56,4331.41,1440.07,582.74,930.04,0.0063
25,4,389.21,1503.45,4409.64,1355.28,533.63,1017.28,0.0071
25,4,411.71,642.61,3972.32,1662.76,616.79,1050.16,0.0061
25,4,383.90,1642.47,4337.48,1241.96,555.54,897.50,0.0068
25,4,418.55,661.58,4137.89,1671.73,640.36,1164.22,0.0067
25,4,410.30,740.61,3714.09,1685.48,580.37,707.62,0.0033
25,4,388.03,638.86,3742.41,1684.68,565.89,852.99,0.0066
25,4,352.19,1366.28,3800.37,1166.06,475.17,792.86,0.0041
25,4,406.64,1006.14,3868.12,1514.01,536.04,811.93,0.0058
25,4,419.95,476.31,3529.01,1631.85,585.39,835.46,0.0072
25,4,403.73,1405.01,4248.05,1257.45,561.70,1023.89,0.0059
25,4,376.24,998.49,3994.20,1483.67,526.51,985.53,0.0065
25,4,334.08,558.15,3454.63,1409.30,544.75,942.43,0.0056
25,4,373.89,963.57,3473.06,1411.85,504.27,593.36,0.0039
25,4,420.66,1550.91,4271.13,1408.48,554.91,756.83,0.0063
25,4,341.77,1015.18,3931.48,1316.54,589.95,1009.81,0.0080
25,4,481.34,1181.77,4215.29,1773.96,584.32,675.24,0.0051
25,4,387.58,1386.78,4182.24,1321.74,538.01,935.70,0.0038
25,4,402.86,620.89,3657.94,1737.85,588.07,711.13,0.0060
25,4,429.50,1154.99,4176.60,1523.99,514.96,982.66,0.0064
25,4,430.93,109.49,4059.33,2197.46,758.85,993.53,0.0063
25,4,433.71,1370.93,3988.87,1344.15,514.51,759.28,0.0043
25,4,378.58,890.70,4039.52,1665.59,534.89,948.34,0.0038
25,4,405.45,719.83,4411.95,1991.40,737.22,963.49,0.0047
25,4,387.30,1137.52,3782.58,1351.28,496.36,797.42,0.0051
25,4,435.28,1283.52,4210.32,1522.31,600.89,803.60,0.0052
25,4,414.44,1192.58,3638.45,1239.61,438.23,768.04,0.0051
25,4,455.66,620.47,4218.80,1763.62,659.37,1175.33,0.0065
25,4,399.67,30.26,3701.11,2076.60,710.63,883.62,0.0036
25,4,424.98,682.53,4280.79,1783.17,650.45,1164.65,0.0049
25,4,453.75,1021.51,4584.20,1800.17,585.39,1177.13,0.0056
25,4,399.05,1325.83,4485.60,1602.59,687.43,869.76,0.0048
25,4,433.24,1043.88,4481.19,1758.64,683.57,995.11,0.0041
25,4,430.16,1581.03,4509.31,1585.53,577.91,764.85,0.0055
25,4,423.06,788.88,4044.94,1969.57,576.80,709.69,0.0033
25,4,333.46,983.51,3775.68,1348.51,536.54,907.11,0.0060
25,4,447.04,1161.08,4510.86,1773.97,735.98,839.84,0.0067
25,4,388.88,820.36,3923.44,1478.98,623.76,1000.35,0.0066
25,4,362.89,1478.97,3778.91,1043.34,501.91,754.69,0.0082
25,4,447.54,1340.24,3969.23,1365.83,494.02,769.14,0.0034
25,4,387.37,398.10,3704.37,1805.44,654.53,846.30,0.0037
25,4,431.56,1019.04,4261.38,1595.25,574.94,1072.14,0.0068
25,4,427.80,1077.10,4447.86,1717.70,615.20,1037.85,0.0039
25,4,433.09,1487.93,4168.36,1358.24,536.83,785.36,0.0035
25,4,418.04,823.79,4121.62,1772.29,630.41,895.12,0.0046
25,4,416.54,966.75,3983.94,1600.99,560.03,856.16,0.0054
25,4,463.33,1400.92,4539.99,1538.21,676.40,924.45,0.0064
25,4,375.45,857.35,4025.50,1818.27,625.68,724.18,0.0055
25,4,438.93,1316.29,4568.69,1626.93,616.63,1008.84,0.0038
25,4,451.54,1144.23,4346.52,1730.71,564.55,907.02,0.0053
50,4,569.88,2859.03,6141.53,1502.85,568.80,1210.85,0.0072
50,4,531.03,3255.95,6413.91,1390.60,589.16,1178.20,0.0118
50,4,662.97,3936.72,7414.93,1449.68,631.71,1396.82,0.0124
50,4,662.04,3718.01,7214.64,1380.18,610.48,1505.97,0.0087
50,4,604.95,3732.72,7582.26,1763.61,729.52,1356.42,0.0076
50,4,690.02,3803.68,7092.56,1472.81,519.27,1296.80,0.0061
50,4,701.12,3093.72,6761.78,1712.42,628.90,1326.74,0.0086
50,4,643.80,3936.63,7426.33,1296.82,577.57,1615.31,0.0072
50,4,540.24,3650.09,6495.92,1142.82,527.96,1175.06,0.0066
50,4,625.29,3619.59,7231.32,1589.06,669.51,1353.15,0.0096
50,4,442.15,2681.51,5170.40,915.44,419.48,1153.97,0.0082
50,4,537.10,3397.12,6409.92,1114.84,544.50,1353.46,0.0069
50,4,695.68,3600.35,7532.43,1759.05,686.85,1486.18,0.0104
50,4,583.71,3632.80,7586.41,1658.72,797.89,1497.00,0.0122
50,4,630.01,3732.37,6608.03,1282.21,466.92,1126.52,0.0104
50,4,603.57,3064.81,6371.90,1571.21,546.78,1189.10,0.0069
50,4,557.23,2359.36,5864.97,1762.35,651.81,1091.45,0.0118
50,4,504.52,3135.16,6777.14,1550.53,742.24,1349.22,0.0081
50,4,594.25,3897.34,6500.42,1036.23,460.27,1106.57,0.0063
50,4,681.70,2789.82,6420.19,1526.80,589.77,1513.80,0.0106
50,4,552.36,1914.87,5247.80,1650.07,552.14,1130.71,0.0075
50,4,734.34,2769.92,6690.90,1948.57,664.34,1308.06,0.0092
50,4,540.17,3623.34,6626.65,1075.91,529.01,1398.39,0.0094
50,4,697.39,3118.04,6808.34,1464.29,613.05,1612.96,0.0080
50,4,638.33,2882.66,6433.16,1639.08,549.26,1362.17,0.0111
50,4,594.31,3891.93,7052.41,1088.17,529.57,1542.74,0.0079
50,4,593.72,3183.99,6742.34,1524.48,594.25,1439.61,0.0070
50,4,482.76,3248.85,6435.19,1340.49,617.99,1227.86,0.0086
50,4,647.61,3096.28,7370.01,2058.30,746.68,1468.75,0.0102
50,4,734.16,4149.29,7568.08,1496.63,627.78,1294.38,0.0107
50,4,697.00,4000.65,7552.75,1381.57,612.07,1558.46,0.0065
50,4,685.74,4067.70,7853.35,1539.53,648.42,1597.71,0.0081
50,4,533.09,1576.62,5163.16,1751.74,639.46,1195.35,0.0091
50,4,569.35,2944.84,6100.54,1434.91,501.58,1219.22,0.0083
50,4,667.30,3163.36,6625.53,1623.58,657.97,1180.63,0.0125
50,4,619.27,2954.87,6579.11,1588.71,628.59,1406.94,0.0077
50,4,434.65,3097.71,6029.07,951.32,573.72,1406.32,0.0130
50,4,652.17,3505.66,6947.53,1407.51,621.94,1412.42,0.0064
50,4,556.57,2175.05,5984.51,1767.04,618.25,1424.17,0.0122
50,4,553.79,3028.06,6340.34,1377.31,654.71,1280.27,0.0077
50,4,501.72,3314.14,6058.07,1142.24,524.17,1077.53,0.0092
50,4,583.99,4482.80,7467.54,992.34,575.92,1416.49,0.0070
50,4,496.31,2444.05,5877.63,1551.18,708.59,1173.82,0.0080
50,4,629.31,3337.18,6875.18,1497.27,621.16,1419.56,0.0118
50,4,501.03,2988.26,6138.21,1362.75,495.97,1291.23,0.0098
50,4,728.64,3670.32,7519.29,1746.76,652.52,1449.69,0.0115
50,4,482.76,2543.75,5994.06,1467.83,574.13,1408.35,0.0117
50,4,569.09,3804.13,7182.77,1405.10,704.29,1269.25,0.0109
50,4,559.47,3018.60,6455.21,1468.76,559.93,1407.92,0.0072
50,4,527.72,2942.93,6413.70,1556.61,565.55,1348.61,0.0071
50,4,631.01,3557.31,7135.09,1596.93,660.62,1320.23,0.0107
50,4,554.35,2789.58,6323.96,1585.77,646.64,1301.97,0.0107
50,4,587.78,2446.20,6185.93,1686.93,626.55,1426.25,0.0108
50,4,613.31,3838.60,6910.69,1267.60,574.01,1230.48,0.0100
50,4,477.95,2199.22,5861.76,1714.98,668.45,1279.10,0.0077
50,4,689.32,3412.48,6976.78,1586.46,642.99,1334.85,0.0104
50,4,499.34,2748.25,5881.91,1502.35,558.92,1072.39,0.0097
50,4,556.54,2662.21,5939.35,1534.99,591.36,1150.80,0.0081
50,4,676.23,3314.03,6797.38,1556.47,578.99,1347.89,0.0113
50,4,586.75,2658.29,5865.10,1428.69,560.93,1217.18,0.0105
50,4,643.92,2858.14,6618.70,1618.70,666.74,1475.12,0.0114
50,4,548.94,2545.75,5994.09,1565.67,571.93,1310.74,0.0085
50,4,512.60,2174.02,5283.19,1412.35,526.02,1170.79,0.0065
50,4,616.65,3085.31,6494.26,1767.52,575.52,1065.92,0.0073
50,4,561.98,3126.31,6201.37,1526.11,600.12,948.84,0.0121
50,4,471.96,2328.80,5587.11,1481.49,621.76,1155.07,0.0132
50,4,849.63,4695.79,8092.69,1497.94,576.48,1322.49,0.0072
50,4,582.76,2840.72,6338.33,1683.11,633.37,1181.12,0.0072
50,4,680.74,3355.97,6462.74,1345.70,501.89,1259.18,0.0097
50,4,687.40,4041.61,7382.30,1101.58,496.95,1742.16,0.0108
50,4,590.43,3060.64,6724.48,1763.47,626.45,1273.93,0.0120
50,4,622.12,3284.73,6459.66,1345.73,561.51,1267.69,0.0098
50,4,532.87,2912.35,6215.15,1368.54,556.43,1377.83,0.0109
50,4,683.75,3235.39,7065.87,1786.98,725.29,1318.21,0.0123
50,4,689.85,3382.45,6715.05,1417.15,558.87,1356.58,0.0088
50,4,716.10,4158.86,7652.02,1626.78,619.03,1247.34,0.0068
50,4,703.55,3377.31,6783.03,1533.57,510.94,1361.21,0.0063
50,4,579.16,2923.82,6423.84,1510.06,603.16,1386.81,0.0124
50,4,532.37,2052.44,5608.26,1723.77,646.15,1185.90,0.0100
50,4,588.87,2629.00,6048.84,1504.10,597.78,1317.97,0.0122
50,4,622.15,3436.27,7013.27,1473.21,624.82,1478.96,0.0121
50,4,711.93,3766.53,8064.63,1972.34,850.92,1474.84,0.0082
50,4,565.60,3644.52,7138.11,1406.11,670.36,1417.12,0.0124
50,4,775.04,3874.78,7215.79,1618.27,570.02,1152.72,0.0113
50,4,616.05,3908.36,6890.19,1290.02,490.11,1201.69,0.0088
50,4,520.47,3467.25,6271.05,1101.40,503.25,1199.15,0.0076
50,4,716.98,4105.29,7983.59,1498.62,767.92,1611.76,0.0109
50,4,657.14,3120.51,7027.36,1726.93,623.75,1556.17,0.0073
50,4,572.49,3183.46,6146.43,1273.43,534.63,1154.91,0.0069
50,4,722.31,4101.77,7396.73,1454.74,524.45,1315.77,0.0097
50,4,549.95,2598.50,5706.27,1456.56,598.58,1052.62,0.0087
50,4,683.65,3053.83,6852.56,1740.79,587.88,1470.06,0.0063
50,4,693.68,3265.28,7386.56,1887.84,699.47,1533.97,0.0070
50,4,701.57,3700.87,7121.02,1526.30,614.31,1279.55,0.0071
50,4,587.92,3501.67,6978.52,1531.92,676.91,1268.02,0.0101
50,4,666.13,3712.54,7020.96,1301.50,537.50,1469.42,0.0062
50,4,764.58,4242.22,8065.15,1643.75,742.93,1436.25,0.0077
50,4,635.82,3477.15,7267.59,1694.81,702.72,1392.91,0.0100
50,4,691.65,3846.28,7319.76,1411.85,642.12,1419.52,0.0113
50,4,613.08,3021.17,6274.75,1383.70,532.64,1337.24,0.0063
75,4,719.73,4589.58,7832.82,1377.98,523.71,1341.54,0.0138
75,4,595.83,4564.91,7607.38,1246.87,573.05,1222.55,0.0182
75,4,770.97,5018.01,8522.04,1548.54,600.78,1354.71,0.0129
75,4,763.27,6323.59,9691.88,1140.83,543.33,1684.13,0.0101
75,4,647.29,4455.61,8135.94,1549.22,696.87,1434.23,0.0175
75,4,584.81,5170.49,8314.15,1208.56,601.58,1333.52,0.0160
75,4,697.93,4609.13,7772.90,1252.26,538.52,1372.98,0.0095
75,4,682.12,4508.69,8460.72,1556.58,646.63,1748.83,0.0163
75,4,662.17,4679.49,7388.99,1023.74,491.79,1193.96,0.0182
75,4,725.59,4543.39,7969.83,1423.13,605.54,1397.78,0.0174
75,4,545.10,3310.15,6140.26,1124.07,440.20,1265.85,0.0102
75,4,613.40,4198.57,7256.57,1179.62,500.46,1377.92,0.0133
75,4,690.00,4874.70,8481.61,1369.17,689.58,1548.16,0.0125
75,4,687.02,5183.09,8609.30,1260.74,680.73,1484.75,0.0148
75,4,666.98,4774.51,7901.80,1388.75,502.09,1236.45,0.0128
75,4,716.14,4023.28,7205.06,1457.98,495.63,1228.17,0.0099
75,4,452.85,3110.32,6538.43,1604.89,681.68,1141.54,0.0100
75,4,620.20,4231.35,7648.96,1424.63,626.30,1366.68,0.0116
75,4,743.94,4834.43,7749.17,1263.46,484.54,1166.73,0.0142
75,4,718.01,3868.02,7412.16,1409.23,564.59,1570.32,0.0115
75,4,599.56,4054.05,6759.11,1109.85,444.18,1151.02,0.0090
75,4,701.07,4270.85,7519.55,1400.12,524.33,1324.24,0.0099
75,4,694.84,4922.01,8126.25,1250.18,532.30,1421.76,0.0098
75,4,551.21,4119.51,7419.46,1135.69,581.59,1582.67,0.0165
75,4,581.49,3803.88,7333.39,1508.59,626.86,1394.06,0.0164
75,4,657.09,5005.50,8091.81,980.40,550.14,1555.77,0.0125
75,4,643.58,4264.11,7744.65,1349.51,614.48,1516.55,0.0100
75,4,719.71,4487.03,7648.40,1290.56,542.41,1328.40,0.0157
75,4,844.84,5145.42,8993.74,1632.59,679.25,1536.49,0.0104
75,4,665.72,5305.40,8490.29,1222.79,620.23,1341.87,0.0108
75,4,764.05,5442.22,8697.25,1161.68,543.57,1549.79,0.0116
75,4,802.08,4736.04,8620.76,1626.51,685.33,1572.89,0.0119
75,4,575.74,2288.11,5786.69,1713.51,634.87,1150.19,0.0114
75,4,634.46,4160.39,7160.52,1282.26,481.28,1236.59,0.0138
75,4,625.52,3698.58,7322.25,1649.21,721.61,1252.85,0.0171
75,4,655.41,4097.61,7562.64,1398.21,590.68,1476.13,0.0118
75,4,589.83,3068.51,6816.50,1727.73,612.09,1408.17,0.0172
75,4,775.49,4889.88,8548.72,1496.72,594.08,1568.04,0.0156
75,4,516.10,4619.18,7521.34,959.44,502.32,1440.40,0.0115
75,4,640.26,4039.16,7501.02,1485.80,672.56,1303.50,0.0180
75,4,437.91,3384.69,6624.00,1469.73,675.37,1094.21,0.0169
75,4,779.05,5644.70,8920.92,1224.45,548.86,1502.92,0.0164
75,4,584.17,3257.31,6811.46,1607.27,711.35,1235.54,0.0177
75,4,700.77,4672.40,8181.11,1463.45,613.31,1431.96,0.0096
75,4,641.28,3921.72,7138.15,1402.14,508.86,1305.43,0.0093
75,4,731.86,5315.39,8736.31,1340.47,571.00,1509.45,0.0099
75,4,662.70,3904.92,7050.26,1194.58,473.90,1476.86,0.0096
75,4,676.96,4106.89,7614.67,1503.11,710.69,1293.98,0.0118
75,4,623.84,4460.83,7531.72,1022.40,497.71,1550.79,0.0112
75,4,556.12,4108.54,7248.62,1278.76,521.47,1339.85,0.0102
75,4,674.01,4834.47,8239.54,1425.57,621.20,1358.31,0.0108
75,4,704.28,4208.79,7796.79,1667.40,598.68,1321.92,0.0091
75,4,621.28,3716.64,7044.26,1308.22,575.14,1444.26,0.0101
75,4,521.44,4195.42,7296.47,1252.81,688.30,1159.94,0.0100
75,4,629.79,3690.16,7105.65,1431.58,634.90,1349.01,0.0112
75,4,798.81,4823.99,8624.35,1671.65,637.94,1490.77,0.0090
75,4,553.90,3718.77,6738.28,1359.52,507.18,1152.81,0.0108
75,4,610.12,3522.27,6718.76,1383.59,607.88,1205.01,0.0123
75,4,709.29,4542.14,8043.94,1503.24,557.38,1441.18,0.0101
75,4,636.14,3841.01,6920.60,1297.80,523.57,1258.22,0.0096
75,4,636.01,4227.34,7409.31,1169.84,551.33,1460.80,0.0137
75,4,565.93,3197.73,6401.42,1348.52,520.20,1334.97,0.0095
75,4,439.92,3317.36,5953.30,862.24,477.09,1296.61,0.0097
75,4,682.49,5061.95,8190.74,1302.03,508.16,1318.60,0.0099
75,4,605.35,4563.96,7570.07,1354.65,581.87,1069.60,0.0112
75,4,577.83,3237.19,6421.63,1401.24,619.34,1163.86,0.0111
75,4,1023.64,6154.45,9863.76,1603.43,581.17,1524.71,0.0091
75,4,666.82,4447.99,7534.78,1325.76,546.89,1214.14,0.0097
75,4,640.58,4343.79,7310.01,1131.59,484.48,1350.15,0.0092
75,4,714.26,4905.66,8224.50,1080.58,475.10,1763.16,0.0092
75,4,580.51,3853.21,7413.28,1543.39,675.44,1341.25,0.0141
75,4,596.87,4808.05,7603.00,1023.36,520.92,1250.66,0.0094
75,4,638.36,4098.79,7336.55,1366.42,518.85,1352.48,0.0104
75,4,686.05,4245.12,8035.85,1688.59,733.58,1368.56,0.0117
75,4,835.23,4462.09,7703.23,1272.57,496.87,1471.69,0.0092
75,4,709.05,5116.17,8545.63,1471.10,646.65,1311.70,0.0103
75,4,745.51,5700.32,8667.08,1071.67,421.82,1473.27,0.0084
75,4,709.96,3845.23,7496.31,1561.11,637.15,1452.81,0.0176
75,4,658.02,4120.69,7521.38,1451.19,638.82,1310.69,0.0097
75,4,590.50,3323.70,6669.09,1398.17,564.18,1383.04,0.0102
75,4,665.39,4205.75,7869.88,1521.69,637.44,1505.00,0.0109
75,4,695.81,5800.40,9449.24,1413.82,739.09,1495.93,0.0122
75,4,597.96,4282.32,7908.15,1511.97,711.35,1402.50,0.0114
75,4,760.47,5269.47,8568.49,1571.52,572.17,1155.32,0.0099
75,4,575.61,5121.00,7809.62,931.36,470.41,1286.85,0.0092
75,4,675.28,4559.27,7594.33,1263.56,560.14,1211.36,0.0096
75,4,829.05,5303.94,8950.24,1407.13,715.77,1523.40,0.0099
75,4,594.18,4596.43,7896.94,1161.39,571.95,1567.18,0.0106
75,4,676.69,4001.01,7327.28,1601.04,573.93,1151.29,0.0101
75,4,839.78,5332.31,8635.55,1382.93,525.74,1394.56,0.0099
75,4,573.43,2975.18,6451.41,1686.35,671.32,1118.56,0.0168
75,4,658.96,4688.42,7955.20,1189.99,523.24,1553.56,0.0110
75,4,721.65,5117.97,8992.11,1565.33,738.95,1569.86,0.0146
75,4,743.99,4853.89,8273.35,1401.58,589.80,1428.08,0.0116
75,4,650.57,5205.55,8332.96,1249.67,581.46,1296.28,0.0110
75,4,653.73,5965.32,9073.13,999.01,504.94,1603.86,0.0123
75,4,766.41,5874.13,9666.20,1496.10,755.10,1540.86,0.0145
75,4,711.42,6104.03,9294.19,1082.93,576.61,1530.63,0.0104
75,4,704.35,4158.16,7814.29,1541.38,675.91,1438.83,0.0163
75,4,613.98,4047.82,7134.84,1250.02,496.45,1340.56,0.0108
100,4,769.72,5453.98,8669.94,1288.79,514.28,1412.88,0.0164
100,4,619.33,4765.51,7946.35,1383.65,560.97,1236.23,0.0222
100,4,604.06,6152.51,9291.01,1086.22,688.75,1363.53,0.0244
100,4,739.30,6088.55,9681.75,1327.90,629.79,1635.51,0.0128
100,4,703.76,4949.78,8746.58,1623.96,701.57,1471.27,0.0195
100,4,879.84,6635.40,10051.21,1478.98,552.39,1384.44,0.0138
100,4,659.15,5424.76,8708.25,1238.94,595.97,1448.59,0.0155
100,4,724.04,5802.76,9209.41,1184.02,578.70,1643.93,0.0192
100,4,710.52,4690.14,8050.50,1557.43,611.13,1191.80,0.0134
100,4,696.56,5454.09,8609.48,1203.21,561.49,1390.70,0.0157
100,4,628.43,3723.02,6519.54,1142.98,455.97,1197.57,0.0130
100,4,701.07,5073.74,8030.67,1138.82,499.79,1318.32,0.0138
100,4,792.68,5445.76,9511.02,1731.88,755.39,1577.99,0.0143
100,4,814.73,5422.04,9343.07,1663.13,744.18,1513.72,0.0169
100,4,684.09,5730.64,8531.54,1100.65,496.98,1203.27,0.0127
100,4,625.53,4406.59,7424.92,1292.70,530.36,1195.28,0.0122
100,4,462.08,4637.97,7349.39,982.92,562.72,1165.78,0.0135
100,4,689.34,3998.37,7950.28,1892.03,725.14,1334.74,0.0145
100,4,689.98,5559.90,8354.04,1119.65,483.39,1191.09,0.0131
100,4,711.12,5322.00,8592.43,1079.28,532.06,1659.09,0.0146
100,4,713.71,4422.12,7508.16,1342.70,515.66,1227.69,0.0115
100,4,697.31,5371.32,8748.11,1347.25,579.07,1450.47,0.0139
100,4,869.88,5784.20,9017.95,1248.88,553.52,1431.35,0.0119
100,4,696.22,4167.67,7841.88,1480.01,606.98,1587.22,0.0124
100,4,667.76,4918.77,8057.34,1251.06,513.36,1374.16,0.0127
100,4,807.34,5923.52,9146.51,1022.36,542.32,1658.31,0.0112
100,4,769.08,5456.18,8798.01,1188.54,523.65,1629.64,0.0130
100,4,762.75,5079.60,8159.74,1264.00,528.43,1287.70,0.0130
100,4,744.48,4857.88,8604.86,1594.54,706.05,1446.39,0.0153
100,4,763.02,6460.03,9425.44,1065.81,534.94,1364.66,0.0133
100,4,817.15,6217.57,9476.45,1145.67,520.31,1592.90,0.0125
100,4,734.72,5114.28,8944.38,1598.56,690.25,1541.30,0.0143
100,4,540.41,3829.59,6852.57,1216.42,584.00,1222.56,0.0143
100,4,629.13,5271.38,8078.84,1077.75,486.53,1243.17,0.0131
100,4,664.50,4758.13,7770.26,1181.51,609.68,1220.94,0.0204
100,4,748.22,5371.12,8548.59,1139.28,510.55,1527.64,0.0152
100,4,582.41,3858.05,7057.58,1258.43,562.40,1378.70,0.0163
100,4,870.42,5834.51,9390.96,1382.79,586.74,1586.93,0.0118
100,4,628.65,4766.26,8266.30,1441.78,587.91,1470.36,0.0131
100,4,744.96,4923.51,8328.91,1454.84,646.49,1304.07,0.0135
100,4,550.14,4289.39,7436.56,1390.24,648.23,1108.71,0.0135
100,4,788.95,6690.44,10039.05,1214.71,593.53,1540.38,0.0129
100,4,603.98,3842.47,7312.30,1587.83,669.95,1212.05,0.0153
100,4,830.17,5009.03,8980.28,1806.35,683.07,1481.83,0.0130
100,4,513.14,4620.05,7384.32,971.09,474.59,1318.60,0.0124
100,4,845.30,6049.12,9284.19,1226.63,520.22,1488.22,0.0135
100,4,682.75,4540.17,7874.01,1300.40,542.94,1490.49,0.0164
100,4,630.66,4517.14,7823.82,1364.94,713.08,1228.66,0.0201
100,4,722.41,4141.08,7792.24,1554.97,558.25,1537.94,0.0132
100,4,555.48,5018.40,8053.88,1147.36,554.35,1333.76,0.0131
100,4,685.29,5610.47,8845.80,1298.44,588.90,1347.99,0.0151
100,4,672.64,5354.55,8483.02,1223.88,557.88,1346.71,0.0121
100,4,628.81,4189.03,7512.62,1290.69,583.03,1449.86,0.0136
100,4,648.01,4837.33,8103.81,1348.13,688.42,1229.93,0.0150
100,4,622.76,4111.99,7461.88,1354.82,648.24,1346.84,0.0138
100,4,801.08,6408.32,9606.76,1165.12,515.36,1517.97,0.0119
100,4,673.64,4091.03,7503.88,1657.01,586.87,1168.97,0.0125
100,4,618.83,5072.43,7763.57,1007.10,482.85,1201.19,0.0121
100,4,722.05,4598.15,8187.35,1574.01,584.07,1431.13,0.0119
100,4,673.71,4954.96,7386.69,799.21,402.96,1229.56,0.0120
100,4,706.69,4791.14,8245.56,1357.45,632.82,1464.16,0.0142
100,4,566.48,4205.95,7061.49,1037.06,440.75,1377.72,0.0134
100,4,617.48,3621.28,6731.69,1287.51,544.49,1278.41,0.0166
100,4,678.07,6207.25,9127.37,1084.87,491.90,1343.35,0.0122
100,4,642.98,4695.32,7821.32,1450.63,642.85,1032.51,0.0158
100,4,627.39,3378.98,6713.73,1556.97,645.78,1132.00,0.0126
100,4,1038.94,8008.90,11402.57,1322.33,537.80,1533.53,0.0114
100,4,689.47,4368.95,7660.78,1524.31,583.72,1183.80,0.0152
100,4,822.34,5793.47,8699.70,1125.32,440.98,1339.93,0.0201
100,4,733.12,5067.52,8534.65,1220.05,549.75,1697.34,0.0121
100,4,745.91,4681.20,8364.41,1681.44,634.63,1367.15,0.0139
100,4,686.32,4952.51,8267.39,1402.83,596.04,1316.01,0.0127
100,4,645.90,4690.88,7939.98,1333.31,525.12,1390.67,0.0129
100,4,731.40,5240.35,8889.59,1538.09,707.08,1404.06,0.0141
100,4,858.08,6078.93,9118.69,1102.06,449.20,1488.51,0.0115
100,4,840.50,5470.27,9255.36,1776.53,667.38,1341.19,0.0135
100,4,743.96,6160.27,9109.66,1026.81,439.08,1483.51,0.0132
100,4,799.18,4951.22,8307.92,1321.69,587.97,1447.04,0.0135
100,4,619.72,4627.66,7702.66,1240.98,534.49,1299.54,0.0131
100,4,608.22,4334.76,7520.24,1192.67,561.39,1431.43,0.0127
100,4,683.82,5572.99,8943.63,1225.75,574.94,1569.95,0.0143
100,4,928.56,6051.47,10283.58,1897.39,791.88,1542.84,0.0146
100,4,700.22,5052.29,8757.34,1536.10,707.05,1461.90,0.0129
100,4,765.79,5393.01,8744.10,1570.61,606.31,1174.18,0.0122
100,4,703.21,5456.29,8553.30,1346.77,470.00,1280.23,0.0110
100,4,626.17,5274.39,8130.08,1056.26,529.75,1269.69,0.0118
100,4,859.25,6054.35,9909.36,1506.27,748.19,1600.55,0.0142
100,4,741.15,4922.31,8346.77,1283.57,595.07,1545.82,0.0130
100,4,605.04,4428.83,7273.24,1211.85,498.62,1133.94,0.0119
100,4,860.72,6647.89,9707.40,1192.44,469.81,1397.26,0.0118
100,4,470.40,2903.96,6242.31,1664.03,619.64,1054.69,0.0153
100,4,710.64,5436.87,8708.88,1238.62,543.32,1490.07,0.0136
100,4,829.36,5876.69,9581.07,1444.88,676.65,1582.84,0.0189
100,4,774.10,5988.85,9216.90,1248.92,525.11,1454.02,0.0184
100,4,846.82,5686.84,9354.41,1630.35,631.92,1405.30,0.0150
100,4,927.11,6442.99,10140.83,1524.89,555.72,1617.23,0.0149
100,4,905.58,6720.36,10494.48,1491.26,719.29,1563.57,0.0157
100,4,763.14,5947.00,9632.14,1498.14,650.64,1536.36,0.0126
100,4,795.24,5390.84,9107.38,1593.28,704.38,1418.88,0.0164
100,4,785.53,5403.38,8625.57,1331.68,494.05,1396.45,0.0112
125,4,510.25,6680.41,9033.51,595.09,443.28,1314.73,0.0179
125,4,656.95,5303.03,8361.49,1244.71,553.26,1260.49,0.0172
125,4,688.94,6563.85,9875.27,1255.00,699.76,1356.66,0.0165
125,4,848.78,6883.95,10218.27,1137.83,526.23,1670.26,0.0150
125,4,657.18,5080.55,8334.02,1235.67,616.51,1401.30,0.0191
125,4,728.36,7376.86,10226.06,874.89,504.52,1469.78,0.0156
125,4,701.67,6235.39,9591.06,1360.57,568.74,1426.37,0.0151
125,4,804.52,5865.01,9611.37,1465.59,632.64,1648.13,0.0163
125,4,637.50,5736.60,8469.91,1050.87,507.90,1174.55,0.0159
125,4,672.52,5973.69,8989.31,1060.59,581.75,1373.29,0.0177
125,4,590.05,4525.49,7135.77,935.16,435.08,1240.04,0.0141
125,4,661.40,5393.41,8321.10,1091.70,492.21,1343.77,0.0150
125,4,831.07,6313.74,10078.62,1524.26,670.06,1570.56,0.0172
125,4,698.23,5960.81,9555.06,1352.00,764.17,1478.08,0.0172
125,4,660.02,6800.88,9584.66,1091.04,477.97,1214.77,0.0152
125,4,692.34,5895.39,8529.78,951.80,441.70,1240.89,0.0147
125,4,533.19,4869.29,7901.19,1280.38,607.38,1144.14,0.0277
125,4,824.29,4695.45,8702.86,1899.88,709.11,1398.43,0.0178
125,4,774.18,5733.47,8701.46,1302.08,477.69,1188.22,0.0157
125,4,775.82,5064.02,8902.82,1473.92,687.30,1677.58,0.0175
125,4,566.85,5251.88,7702.28,842.76,440.46,1167.19,0.0158
125,4,836.68,5934.54,9175.46,1346.42,518.23,1376.27,0.0152
125,4,828.46,6016.96,9340.05,1299.98,556.61,1466.50,0.0160
125,4,634.08,4591.42,8055.26,1318.91,598.96,1545.98,0.0159
125,4,821.21,5535.04,9066.73,1576.49,555.79,1399.41,0.0166
125,4,678.16,6570.13,9469.41,793.07,494.55,1611.66,0.0172
125,4,794.97,5963.22,9539.26,1452.02,563.64,1560.39,0.0165
125,4,762.68,5260.41,8768.03,1571.33,634.21,1302.09,0.0186
125,4,847.13,5732.70,9534.05,1630.10,694.93,1476.33,0.0172
125,4,754.59,6439.70,9555.84,1169.83,573.39,1372.92,0.0159
125,4,779.98,6983.20,10132.32,978.11,553.88,1617.14,0.0150
125,4,655.86,6214.31,9448.71,1018.60,674.07,1541.73,0.0171
125,4,644.66,3937.74,6963.24,1250.04,548.67,1226.79,0.0163
125,4,761.07,5545.54,8572.54,1296.02,505.58,1225.41,0.0155
125,4,688.56,6103.13,8940.25,1068.33,558.16,1210.63,0.0158
125,4,705.77,5437.94,8904.82,1367.19,626.78,1472.91,0.0155
125,4,660.82,4824.51,7955.33,1197.00,551.94,1381.87,0.0160
125,4,843.03,6977.96,10158.45,1128.96,492.10,1559.43,0.0144
125,4,530.52,6566.86,9384.80,752.09,551.45,1514.40,0.0158
125,4,640.96,5927.38,8691.20,951.21,570.88,1241.73,0.0172
125,4,636.71,4827.90,7809.88,1295.37,581.85,1104.76,0.0168
125,4,853.78,7240.14,10562.99,1206.84,578.27,1537.74,0.0162
125,4,645.31,4349.62,7667.83,1406.50,651.11,1260.60,0.0173
125,4,706.78,6673.09,9931.03,1234.54,579.70,1443.70,0.0159
125,4,609.92,4979.95,8061.89,1269.28,491.39,1321.27,0.0148
125,4,688.32,6361.81,9354.43,924.70,555.75,1512.17,0.0167
125,4,720.85,4921.07,8389.54,1426.32,559.75,1482.41,0.0154
125,4,673.19,5121.13,8386.57,1336.70,700.86,1227.89,0.0179
125,4,705.92,5639.36,8592.50,970.53,516.24,1466.38,0.0158
125,4,685.58,4939.50,8427.73,1530.68,589.93,1367.61,0.0157
125,4,781.34,6262.83,9614.97,1404.46,602.89,1344.78,0.0166
125,4,771.95,6035.67,9169.41,1280.72,521.97,1331.05,0.0147
125,4,515.63,4994.41,8136.85,1117.00,617.82,1407.62,0.0190
125,4,633.88,5803.06,8784.59,1098.59,645.99,1236.95,0.0172
125,4,589.47,4868.18,7987.64,1192.19,609.22,1318.06,0.0184
125,4,907.53,6700.00,9983.79,1275.82,522.66,1485.32,0.0139
125,4,669.14,4994.27,8062.91,1398.80,504.62,1165.23,0.0152
125,4,655.85,4491.99,7573.64,1298.45,550.12,1233.08,0.0151
125,4,723.07,5638.55,8896.22,1299.54,543.23,1414.91,0.0150
125,4,729.12,5021.88,7873.33,1123.88,487.42,1240.15,0.0140
125,4,654.29,5985.57,8977.05,974.51,550.19,1466.79,0.0162
125,4,599.57,3905.36,7192.83,1404.70,557.66,1325.10,0.0152
125,4,554.63,4159.10,6987.43,1057.51,483.30,1287.53,0.0145
125,4,746.36,6503.20,9624.91,1254.03,546.23,1321.45,0.0150
125,4,648.84,4419.58,7777.28,1691.80,646.05,1019.85,0.0162
125,4,581.25,3854.31,6809.58,1252.14,551.81,1151.32,0.0190
125,4,982.86,8849.23,11929.35,1059.22,484.89,1536.01,0.0139
125,4,570.56,5446.62,8229.42,1085.69,550.08,1147.04,0.0164
125,4,764.43,6236.81,8979.28,960.38,417.18,1364.91,0.0136
125,4,749.73,6479.12,9781.60,1037.10,535.67,1729.71,0.0148
125,4,721.24,4129.62,8073.40,1913.56,718.96,1311.26,0.0175
125,4,602.60,6495.76,9012.58,699.95,475.88,1340.99,0.0150
125,4,734.30,5844.63,9078.28,1268.28,525.72,1439.65,0.0173
125,4,655.08,5518.91,9060.57,1387.64,772.10,1381.92,0.0184
125,4,794.12,6915.20,9609.31,859.06,413.06,1421.99,0.0142
125,4,628.58,6932.02,10041.78,1154.10,647.68,1307.98,0.0171
125,4,722.68,6885.49,9766.81,915.96,454.63,1510.73,0.0147
125,4,820.56,5307.18,8880.93,1445.75,620.36,1507.63,0.0202
125,4,718.70,4443.24,8142.64,1755.47,687.25,1256.69,0.0163
125,4,548.06,4359.02,7392.81,1252.24,551.58,1229.96,0.0160
125,4,745.81,5773.89,9145.50,1271.79,584.10,1515.71,0.0171
125,4,796.99,6236.53,9969.77,1501.77,732.35,1499.12,0.0173
125,4,742.43,6268.92,9608.32,1289.24,615.69,1434.46,0.0168
125,4,628.02,6273.83,9340.70,1262.01,636.45,1168.40,0.0159
125,4,801.04,6767.75,9853.61,1269.62,467.37,1348.87,0.0150
125,4,671.41,5475.09,8194.91,969.30,531.64,1218.88,0.0149
125,4,862.63,6582.99,10397.71,1514.19,730.46,1570.07,0.0169
125,4,837.66,5317.78,9117.48,1621.12,623.21,1555.35,0.0154
125,4,634.51,4533.22,7585.37,1417.67,534.68,1099.80,0.0152
125,4,895.11,6626.65,9923.58,1359.04,521.54,1416.35,0.0152
125,4,678.06,3728.00,7308.51,1800.76,683.13,1096.63,0.0157
125,4,817.39,6525.60,9901.01,1286.59,554.54,1534.28,0.0151
125,4,909.19,7133.96,10862.92,1463.04,668.34,1597.59,0.0164
125,4,800.47,6805.70,9750.62,969.36,500.53,1475.04,0.0147
125,4,729.93,6547.99,9622.73,1167.97,599.29,1307.48,0.0166
125,4,825.92,7356.69,10461.78,971.06,574.54,1559.49,0.0152
125,4,880.77,6744.88,10389.22,1441.34,690.28,1512.72,0.0175
125,4,902.26,7570.22,10784.42,1084.47,526.41,1603.30,0.0158
125,4,643.72,5722.16,8969.15,1177.43,673.69,1395.87,0.0193
125,4,706.82,6143.61,8893.01,911.92,403.89,1433.59,0.0137
150,4,763.93,6361.09,9447.52,1281.72,529.64,1275.07,0.0213
150,4,645.91,5436.94,8490.37,1179.77,573.08,1300.57,0.0220
150,4,744.87,6966.13,10264.06,1317.71,618.41,1361.80,0.0216
150,4,777.60,7928.04,10909.68,871.17,476.96,1633.51,0.0179
150,4,684.56,5520.38,9147.09,1529.09,731.77,1365.85,0.0208
150,4,854.96,7923.28,11466.87,1393.77,633.42,1516.40,0.0211
150,4,790.71,6477.52,9717.58,1308.48,531.96,1399.62,0.0183
150,4,773.65,6417.99,10138.68,1390.63,627.27,1702.79,0.0232
150,4,605.44,6277.09,8901.92,919.32,510.98,1194.53,0.0181
150,4,673.07,5882.73,9121.20,1271.76,612.60,1354.11,0.0209
150,4,631.29,4595.49,7239.28,1007.70,407.73,1228.36,0.0162
150,4,696.24,6200.78,9064.48,1030.05,475.37,1358.28,0.0173
150,4,811.91,6763.29,10553.83,1481.42,677.72,1631.39,0.0222
150,4,764.56,6715.29,10206.88,1311.47,688.81,1491.31,0.0203
150,4,786.46,7200.33,9827.67,941.49,428.22,1257.63,0.0170
150,4,720.03,5800.32,8501.76,1094.93,440.46,1166.06,0.0171
150,4,581.95,5631.22,8654.36,1211.70,597.10,1214.34,0.0190
150,4,749.02,6125.79,9668.12,1412.79,689.16,1440.37,0.0205
150,4,738.18,6982.75,9478.81,882.13,421.15,1192.79,0.0177
150,4,662.85,5893.49,8908.08,859.40,557.31,1597.88,0.0186
150,4,768.84,6150.97,8890.31,1104.79,461.11,1173.44,0.0193
150,4,816.66,7138.53,10076.87,1058.25,469.46,1410.63,0.0169
150,4,652.23,6512.35,9517.64,1049.52,537.09,1418.68,0.0197
150,4,798.13,5111.55,8725.28,1484.35,600.28,1529.10,0.0215
150,4,736.05,5697.02,8989.68,1341.82,549.45,1401.40,0.0198
150,4,906.85,6749.71,10332.93,1373.12,560.23,1649.86,0.0172
150,4,822.66,6585.01,9630.74,969.61,485.90,1590.22,0.0175
150,4,784.55,5334.80,9026.42,1687.66,651.26,1352.69,0.0190
150,4,837.42,6358.84,9749.32,1297.83,630.05,1462.59,0.0202
150,4,827.02,7176.55,10313.05,1200.97,603.33,1332.20,0.0187
150,4,789.08,7365.45,10368.74,891.50,487.48,1624.30,0.0327
150,4,909.54,6986.40,10715.48,1464.18,668.72,1596.17,0.0205
150,4,592.07,4228.25,7200.33,1194.91,550.46,1226.71,0.0212
150,4,626.21,5850.73,8600.37,1007.79,496.40,1245.46,0.0174
150,4,816.21,6124.72,9267.41,1344.54,609.20,1188.94,0.0185
150,4,709.69,5403.41,8537.53,1151.91,527.17,1455.05,0.0190
150,4,641.79,4838.40,8088.62,1271.95,578.13,1400.14,0.0198
150,4,798.18,8330.78,11341.34,845.89,500.63,1664.04,0.0193
150,4,628.46,6626.25,9590.98,926.22,528.90,1509.61,0.0192
150,4,796.44,6146.86,9409.73,1368.03,601.59,1293.24,0.0209
150,4,672.64,4675.33,8003.25,1603.40,642.19,1082.33,0.0248
150,4,802.51,7553.95,10753.55,1126.05,569.25,1504.30,0.0225
150,4,634.48,4146.71,7510.11,1497.76,667.12,1198.53,0.0258
150,4,747.03,6846.77,9977.18,1068.40,545.80,1516.22,0.0193
150,4,756.09,5546.22,8232.09,933.28,422.30,1330.30,0.0186
150,4,871.79,7383.36,10420.50,1055.55,480.80,1500.79,0.0188
150,4,700.35,5092.90,8273.90,1247.43,488.41,1445.16,0.0179
150,4,721.59,6145.07,9662.73,1484.47,758.67,1274.53,0.0215
150,4,659.00,4773.63,8220.73,1416.36,549.06,1481.69,0.0178
150,4,733.80,5748.22,8841.75,1217.48,521.10,1354.96,0.0192
150,4,732.11,6537.94,9620.24,1125.50,627.14,1329.65,0.0196
150,4,733.40,5802.34,9059.64,1356.13,592.58,1308.58,0.0179
150,4,712.57,5145.92,8366.71,1266.69,545.28,1408.82,0.0194
150,4,651.35,5660.91,8567.67,1099.56,606.57,1200.64,0.0201
150,4,531.52,4885.43,7921.16,1057.86,593.45,1384.43,0.0208
150,4,743.40,7341.62,10371.34,997.19,528.87,1503.65,0.0166
150,4,655.43,4916.19,8038.17,1447.42,519.65,1154.92,0.0177
150,4,661.54,5268.97,8098.14,1065.03,510.09,1254.04,0.0176
150,4,797.61,5953.81,9344.08,1440.53,573.51,1376.22,0.0173
150,4,647.36,5654.34,8568.32,1149.18,513.56,1251.24,0.0174
150,4,668.24,5982.63,9245.58,1198.42,581.34,1483.18,0.0183
150,4,673.81,4657.04,7728.14,1244.46,515.86,1310.78,0.0182
150,4,594.71,4693.15,7725.20,1148.72,535.88,1347.45,0.0185
150,4,774.82,7674.61,10569.81,1068.48,445.01,1381.71,0.0186
150,4,547.20,6154.12,8800.30,1080.24,564.23,1001.71,0.0212
150,4,645.70,4491.20,7493.29,1238.14,602.55,1161.39,0.0210
150,4,915.08,9171.19,12528.49,1245.99,536.53,1574.79,0.0167
150,4,614.89,6197.50,8909.15,912.82,576.11,1222.72,0.0228
150,4,700.45,6657.97,9320.29,832.03,448.01,1382.28,0.0187
150,4,782.14,6521.09,10058.76,1242.79,544.29,1750.59,0.0176
150,4,644.93,5672.48,8783.33,1129.74,637.89,1343.23,0.0198
150,4,767.34,6721.56,9780.00,1166.50,561.04,1330.89,0.0181
150,4,599.42,6180.84,8890.30,856.69,438.96,1413.79,0.0188
150,4,849.84,6345.78,9881.61,1510.97,670.13,1354.72,0.0211
150,4,950.20,6635.87,10055.41,1402.05,525.77,1491.72,0.0170
150,4,697.95,7661.45,10839.08,1153.39,678.50,1345.74,0.0195
150,4,870.09,7253.81,10431.71,1194.56,479.70,1503.65,0.0166
150,4,767.11,6105.16,9148.36,1024.34,552.19,1466.66,0.0196
150,4,730.10,6087.56,9233.09,1191.63,605.86,1348.05,0.0180
150,4,587.27,5220.26,8230.25,1092.80,551.33,1365.86,0.0189
150,4,926.24,6355.49,9802.24,1347.23,542.21,1557.32,0.0208
150,4,895.18,7355.18,10934.93,1376.43,728.45,1474.86,0.0216
150,4,794.65,6325.11,10083.94,1555.42,707.21,1496.20,0.0197
150,4,770.09,6729.96,9584.86,1139.79,528.81,1186.29,0.0198
150,4,793.17,7000.13,9736.86,1036.05,413.01,1287.67,0.0166
150,4,708.79,6073.60,8912.04,1007.36,540.74,1290.33,0.0189
150,4,914.54,7046.28,11338.88,1861.08,822.09,1609.43,0.0199
150,4,918.49,5307.96,9158.10,1658.01,629.62,1562.51,0.0214
150,4,829.15,5324.67,8572.69,1523.22,551.84,1172.95,0.0164
150,4,918.95,7583.75,10785.09,1293.91,491.72,1415.71,0.0172
150,4,611.61,4331.68,7478.46,1454.99,588.70,1103.09,0.0190
150,4,736.18,7036.48,10094.68,1038.52,516.73,1502.95,0.0182
150,4,881.31,7960.44,11506.07,1280.78,641.20,1623.65,0.0207
150,4,746.86,7734.62,10404.79,782.71,470.14,1417.31,0.0174
150,4,801.80,6236.18,9743.73,1507.28,685.90,1314.38,0.0188
150,4,757.34,8161.13,10945.48,747.69,446.59,1590.08,0.0174
150,4,613.64,6848.00,10492.70,1361.91,781.42,1501.37,0.0221
150,4,830.83,6956.69,10350.59,1264.26,535.92,1593.72,0.0175
150,4,644.26,6111.30,9562.98,1301.24,741.96,1408.48,0.0220
150,4,708.02,6789.73,9630.07,994.09,457.35,1388.91,0.0164
175,4,664.44,6415.91,9446.49,1182.03,521.12,1327.43,0.0198
175,4,628.03,5653.03,8705.46,1300.11,586.11,1166.21,0.0232
175,4,899.92,7923.89,10917.05,1063.36,554.39,1375.41,0.0241
175,4,1024.87,8241.40,11613.97,1140.73,545.96,1685.88,0.0214
175,4,791.77,5919.42,9734.67,1658.64,767.66,1388.96,0.0246
175,4,868.67,8828.83,11745.66,922.78,515.61,1478.45,0.0228
175,4,806.76,6124.33,10108.56,1910.35,714.70,1359.18,0.0208
175,4,728.41,7092.31,10319.88,1000.76,544.85,1681.96,0.0229
175,4,692.40,6433.42,9188.86,1036.90,525.98,1192.56,0.0245
175,4,710.65,5933.00,9346.89,1333.09,667.44,1413.35,0.0233
175,4,563.44,5164.30,7611.68,793.43,397.02,1256.93,0.0193
175,4,606.14,6515.75,9253.47,941.41,487.51,1308.81,0.0198
175,4,791.82,6364.59,10171.54,1522.25,686.89,1597.81,0.0235
175,4,811.86,6169.57,9870.10,1528.72,734.09,1437.72,0.0233
175,4,575.29,7476.18,9902.46,771.84,477.44,1177.00,0.0233
175,4,640.37,6283.93,8688.40,774.21,428.93,1201.32,0.0211
175,4,693.36,4881.16,8254.01,1584.41,612.52,1175.92,0.0222
175,4,764.93,6511.56,9861.81,1349.32,649.86,1351.07,0.0241
175,4,653.01,7541.42,10007.59,819.86,443.42,1202.90,0.0202
175,4,774.23,6179.21,9653.46,1205.50,621.60,1647.15,0.0210
175,4,677.00,5881.96,8526.01,1006.18,442.79,1195.08,0.0192
175,4,746.96,7643.28,10689.53,1107.71,528.56,1409.99,0.0202
175,4,812.87,7192.69,10207.39,1059.24,510.26,1445.19,0.0204
175,4,672.57,5691.25,9171.70,1303.79,609.92,1566.74,0.0223
175,4,671.16,6311.39,9309.45,1069.00,508.34,1420.72,0.0212
175,4,762.77,7472.24,10652.19,955.73,554.11,1670.11,0.0233
175,4,840.20,6975.24,10086.62,1018.87,485.14,1607.37,0.0222
175,4,737.70,5816.34,8960.78,1332.09,556.36,1255.99,0.0224
175,4,840.54,7508.50,10663.77,1111.36,595.00,1448.90,0.0226
175,4,890.89,7877.04,10993.12,1153.31,588.09,1374.67,0.0228
175,4,770.35,7255.89,10376.18,985.36,537.68,1597.24,0.0215
175,4,797.87,6782.70,10257.56,1256.85,607.11,1610.90,0.0249
175,4,598.78,5438.96,8363.41,1100.83,569.57,1254.04,0.0218
175,4,775.30,6569.75,9340.98,1029.66,469.17,1272.41,0.0202
175,4,733.41,6408.49,9557.11,1279.05,620.32,1249.25,0.0227
175,4,767.52,6048.53,9542.60,1370.17,614.41,1509.49,0.0203
175,4,690.21,5445.96,8452.17,1073.12,536.37,1396.73,0.0230
175,4,884.39,8195.86,11592.54,1174.80,571.41,1650.47,0.0223
175,4,562.17,7529.98,10270.98,680.77,520.57,1539.66,0.0222
175,4,742.30,6501.12,9415.40,1030.01,563.73,1320.54,0.0226
175,4,659.05,5734.09,8294.70,924.58,516.40,1119.63,0.0230
175,4,800.30,8482.30,11252.16,757.82,495.09,1516.96,0.0211
175,4,680.92,4486.91,7982.07,1643.50,659.34,1192.32,0.0241
175,4,731.60,7125.37,10430.51,1208.60,578.14,1518.39,0.0240
175,4,755.07,6229.77,9076.89,1084.39,428.32,1334.41,0.0208
175,4,697.86,7595.24,10535.67,949.43,512.70,1478.31,0.0219
175,4,720.64,5664.65,8900.91,1250.83,526.65,1458.77,0.0224
175,4,585.76,5850.43,9135.20,1244.88,808.30,1231.60,0.0243
175,4,720.58,6210.47,9274.23,1085.92,497.68,1480.16,0.0229
175,4,553.79,5741.71,8691.20,1089.50,505.65,1354.35,0.0227
175,4,770.51,6546.05,9836.70,1337.76,585.52,1367.38,0.0219
175,4,776.75,6913.31,9877.37,1155.58,518.79,1289.68,0.0212
175,4,648.05,5712.78,8748.36,982.54,580.00,1473.04,0.0224
175,4,572.00,6370.98,9181.02,935.97,634.92,1239.16,0.0236
175,4,767.80,5602.51,8893.41,1364.08,632.50,1294.31,0.0239
175,4,774.27,7223.32,10345.36,1090.08,551.24,1480.72,0.0194
175,4,635.28,5236.88,8283.58,1421.08,534.58,1091.03,0.0209
175,4,677.79,5743.54,8505.22,1055.91,496.55,1209.21,0.0197
175,4,638.50,6813.92,9700.72,972.81,523.15,1390.84,0.0201
175,4,641.05,6316.29,8755.56,745.37,424.92,1268.98,0.0203
175,4,827.20,6078.08,9547.56,1368.48,623.65,1477.35,0.0233
175,4,683.13,4760.93,8045.02,1352.84,565.94,1365.31,0.0220
175,4,495.25,5010.66,7507.96,773.12,449.68,1274.51,0.0200
175,4,679.92,7511.93,10544.03,1140.17,545.85,1346.07,0.0218
175,4,640.62,5783.37,8602.88,1263.53,584.17,971.82,0.0232
175,4,569.95,4710.63,7693.29,1194.38,598.18,1190.09,0.0293
175,4,1184.83,9993.31,13500.81,1374.12,544.25,1589.14,0.0221
175,4,571.43,6083.99,8716.73,982.94,534.04,1115.76,0.0244
175,4,559.36,7632.21,10048.91,593.00,436.30,1387.41,0.0193
175,4,734.76,7645.99,10857.37,886.69,538.14,1786.55,0.0216
175,4,693.51,5556.45,9143.61,1625.59,655.48,1306.09,0.0242
175,4,794.30,7335.57,10314.13,1084.35,511.16,1383.04,0.0197
175,4,716.76,6752.57,9670.92,1039.89,466.74,1411.71,0.0220
175,4,866.46,6477.78,10175.03,1600.42,701.03,1395.80,0.0244
175,4,800.93,7414.29,10345.82,1024.34,447.55,1459.63,0.0190
175,4,834.95,8141.23,11071.04,1048.37,540.25,1341.20,0.0224
175,4,728.19,7762.95,10540.48,847.88,425.55,1504.10,0.0184
175,4,695.41,6587.32,9599.72,906.64,598.91,1506.85,0.0223
175,4,830.59,6265.42,9308.23,1239.64,525.43,1277.74,0.0215
175,4,587.78,5576.72,8594.40,1076.22,583.96,1357.50,0.0217
175,4,861.25,7577.76,10736.90,1015.29,556.83,1587.01,0.0241
175,4,948.64,7334.47,11407.02,1766.55,796.27,1509.74,0.0291
175,4,780.27,7241.50,10540.53,1228.29,600.93,1469.82,0.0246
175,4,711.15,7299.48,10295.99,1257.26,570.14,1169.11,0.0244
175,4,799.68,7463.69,10641.70,1305.62,523.62,1348.76,0.0211
175,4,830.38,6379.99,9652.97,1396.46,641.11,1235.42,0.0220
175,4,928.60,7566.99,11155.25,1309.86,711.57,1566.83,0.0221
175,4,689.35,6273.83,9394.04,1061.70,525.75,1532.76,0.0213
175,4,631.83,6189.94,8704.81,889.21,433.91,1191.76,0.0279
175,4,842.16,8889.62,11545.02,774.30,420.42,1460.67,0.0208
175,4,651.17,4484.18,7760.41,1549.73,662.86,1063.64,0.0216
175,4,845.68,7637.94,10702.35,1024.44,527.10,1512.87,0.0241
175,4,1015.51,8141.34,11759.74,1350.93,629.94,1637.53,0.0230
175,4,673.35,8221.31,10865.57,660.08,513.89,1470.29,0.0200
175,4,892.93,8591.68,11779.22,1212.72,593.13,1381.71,0.0218
175,4,838.26,8795.54,11863.84,948.67,516.60,1603.03,0.0207
175,4,927.57,7621.77,11279.30,1425.74,718.62,1513.17,0.0252
175,4,862.30,7899.00,11194.06,1104.12,586.14,1604.80,0.0209
175,4,709.12,6386.10,9669.23,1190.71,644.98,1447.44,0.0226
175,4,768.00,7062.72,9881.54,947.89,428.92,1442.01,0.0220
200,4,845.77,7331.10,10213.91,1088.30,456.59,1337.91,0.0255
200,4,740.76,6837.74,9741.41,1077.54,539.35,1286.79,0.0239
200,4,831.02,7705.10,11178.50,1425.62,680.80,1366.99,0.0261
200,4,873.69,9196.20,12221.56,875.88,495.48,1654.00,0.0220
200,4,788.91,6547.15,10086.24,1454.47,651.37,1433.25,0.0280
200,4,817.41,8974.77,12064.78,1088.85,534.06,1467.10,0.0239
200,4,728.59,7466.76,10448.62,1090.31,527.99,1363.57,0.0244
200,4,778.25,6797.35,10255.63,1157.56,586.63,1714.09,0.0274
200,4,561.28,7848.23,10220.56,638.11,491.88,1242.35,0.0233
200,4,711.40,6436.29,9445.29,1103.61,584.20,1321.19,0.0264
200,4,666.36,4998.49,7712.85,1056.36,452.72,1205.28,0.0215
200,4,698.88,6379.34,9336.17,1135.37,497.46,1324.00,0.0226
200,4,872.42,7633.92,11390.56,1434.50,695.41,1626.72,0.0260
200,4,764.32,7322.47,10680.43,1224.67,662.79,1470.51,0.0265
200,4,855.19,7931.66,10686.97,1057.51,439.09,1258.71,0.0248
200,4,671.07,6766.90,9407.14,923.32,480.37,1236.56,0.0235
200,4,642.20,5443.43,8427.80,1298.15,570.29,1115.94,0.0235
200,4,761.98,6636.49,10043.58,1317.94,652.93,1436.22,0.0284
200,4,765.32,6644.17,9520.05,1178.60,525.19,1172.10,0.0223
200,4,662.57,6535.83,9748.48,1011.22,548.29,1653.13,0.0249
200,4,643.56,6917.29,9382.89,807.21,472.52,1185.87,0.0222
200,4,830.84,8581.83,11555.08,1072.23,494.52,1406.51,0.0218
200,4,886.59,7841.57,10632.52,900.31,455.65,1434.99,0.0225
200,4,728.11,7026.91,10088.38,963.06,517.42,1580.98,0.0240
200,4,727.96,6149.10,9032.10,1040.29,490.28,1352.42,0.0237
200,4,811.90,8572.77,11702.41,899.21,550.40,1680.03,0.0252
200,4,924.93,7366.01,10919.30,1380.51,528.23,1644.56,0.0237
200,4,636.04,7025.56,9860.27,975.80,573.21,1285.71,0.0298
200,4,873.12,7681.37,11055.03,1246.80,665.44,1461.42,0.0262
200,4,856.15,8185.73,10897.31,889.67,505.82,1316.09,0.0243
200,4,898.09,8125.17,11334.61,1059.45,504.76,1645.23,0.0240
200,4,819.18,8079.71,11391.29,1073.03,634.58,1603.98,0.0259
200,4,663.13,5825.66,8647.31,957.44,588.85,1275.36,0.0248
200,4,797.78,6865.07,9796.48,1154.62,483.07,1293.72,0.0229
200,4,795.63,6805.95,10100.01,1422.60,616.81,1254.65,0.0266
200,4,765.78,6544.61,9534.96,1063.31,473.56,1453.48,0.0235
200,4,687.24,5543.76,8741.38,1235.83,552.00,1409.79,0.0254
200,4,724.73,9044.73,11834.85,682.16,515.73,1592.23,0.0247
200,4,569.49,7545.76,10595.64,945.14,563.41,1541.33,0.0245
200,4,813.18,6518.88,9607.57,1207.30,592.23,1289.16,0.0257
200,4,736.73,5555.33,8548.43,1285.88,581.28,1125.94,0.0265
200,4,844.96,8330.44,11359.81,954.43,570.87,1504.08,0.0241
200,4,595.30,4919.53,8105.00,1322.04,680.17,1183.26,0.0257
200,4,665.75,6797.60,10024.35,1132.38,591.30,1503.07,0.0234
200,4,691.11,6524.38,9123.52,835.23,393.66,1370.25,0.0266
200,4,791.45,7798.87,10762.32,997.99,514.93,1450.53,0.0267
200,4,674.25,6677.43,9513.63,928.20,417.69,1490.32,0.0237
200,4,722.79,6314.85,9543.18,1273.32,692.26,1262.76,0.0280
200,4,855.37,6751.71,10020.99,1197.22,531.62,1540.46,0.0225
200,4,657.05,6427.04,9265.80,952.60,475.32,1410.84,0.0246
200,4,725.76,6815.15,10112.68,1336.36,624.23,1336.94,0.0271
200,4,831.14,7295.64,10159.95,1078.95,508.14,1277.22,0.0254
200,4,789.32,5448.79,9197.50,1644.22,672.47,1432.02,0.0264
200,4,733.69,5964.13,9261.62,1338.54,703.73,1255.22,0.0262
200,4,737.19,5496.19,8765.73,1366.05,567.57,1335.91,0.0298
200,4,812.31,8016.30,11088.68,1046.40,557.80,1468.18,0.0227
200,4,696.38,5131.82,8267.49,1479.61,565.95,1090.11,0.0238
200,4,606.29,5871.22,8570.71,982.42,506.22,1210.86,0.0227
200,4,830.69,6429.54,9696.16,1300.83,556.41,1409.39,0.0222
200,4,560.66,5893.97,8288.61,764.01,424.67,1205.96,0.0238
200,4,543.66,6910.29,9816.84,813.24,610.93,1482.38,0.0260
200,4,637.72,5572.02,8390.32,1001.51,458.47,1358.33,0.0246
200,4,594.28,5562.77,8022.15,753.88,436.57,1268.93,0.0238
200,4,817.26,8006.88,10995.81,1168.07,457.75,1363.10,0.0229
200,4,644.88,6087.47,9152.75,1447.62,594.57,1023.10,0.0250
200,4,612.41,5117.62,8185.08,1269.91,615.77,1181.79,0.0257
200,4,791.42,10691.24,13556.82,850.94,474.86,1539.78,0.0231
200,4,692.06,6816.73,9519.99,981.73,533.47,1188.06,0.0248
200,4,601.58,7828.80,10286.81,672.17,406.50,1379.34,0.0237
200,4,725.65,7463.30,10666.03,974.28,523.05,1705.39,0.0227
200,4,682.57,6273.46,9757.68,1435.22,653.32,1395.68,0.0268
200,4,666.39,7036.43,9618.35,755.47,489.91,1336.54,0.0236
200,4,641.48,7058.38,9648.14,717.93,429.55,1442.27,0.0234
200,4,789.08,6862.81,10389.70,1344.94,765.05,1416.90,0.0279
200,4,883.48,7918.34,10823.11,950.90,430.21,1523.67,0.0241
200,4,791.02,8075.44,11152.12,1158.81,583.06,1334.83,0.0346
200,4,630.68,7795.10,10516.26,748.72,437.80,1534.64,0.0240
200,4,873.18,6822.65,10067.15,1161.17,582.16,1501.17,0.0279
200,4,687.24,6906.73,9836.88,1058.13,570.80,1301.21,0.0231
200,4,617.40,5388.10,8426.03,1161.65,531.36,1344.91,0.0254
200,4,828.70,7311.57,10566.50,1075.73,585.51,1593.69,0.0272
200,4,884.67,7871.93,11809.69,1693.17,743.75,1500.84,0.0292
200,4,814.29,7587.61,10962.08,1203.25,677.59,1493.63,0.0267
200,4,762.56,7337.15,10442.34,1263.08,633.66,1208.44,0.0255
200,4,895.91,8223.62,11026.60,1076.07,413.63,1313.29,0.0243
200,4,790.77,6674.54,9624.79,1170.61,544.36,1235.28,0.0243
200,4,746.12,8328.70,11848.32,1193.04,735.46,1591.11,0.0296
200,4,939.06,6669.80,10274.32,1462.11,568.87,1573.54,0.0253
200,4,728.80,6513.36,9109.80,937.20,455.12,1204.13,0.0222
200,4,925.63,9188.57,12335.31,1136.51,494.07,1516.15,0.0232
200,4,673.21,5300.85,8139.86,1167.95,559.13,1111.94,0.0247
200,4,841.18,7733.72,10891.05,1048.21,560.69,1548.43,0.0236
200,4,853.39,8510.09,12061.45,1222.33,664.03,1665.00,0.0274
200,4,736.79,8961.82,11679.20,737.09,503.69,1476.60,0.0232
200,4,678.47,7995.22,11437.44,1340.60,740.92,1360.71,0.0263
200,4,843.75,8844.03,11932.21,983.51,544.60,1560.07,0.0262
200,4,926.55,7540.78,11321.33,1592.90,724.20,1463.45,0.0265
200,4,1042.61,8261.15,11808.39,1362.89,600.60,1583.75,0.0260
200,4,798.98,7204.97,10392.94,1149.50,601.71,1436.76,0.0243
200,4,755.03,7517.60,10471.80,1060.35,452.77,1441.07,0.0223
225,4,779.98,7617.71,10410.06,951.39,480.63,1360.33,0.0269
225,4,667.99,6405.12,9358.83,1161.97,560.02,1231.72,0.0307
225,4,839.97,8189.28,11503.02,1328.13,616.20,1369.41,0.0300
225,4,760.94,9194.02,12140.46,782.02,516.52,1647.91,0.0255
225,4,679.79,6759.04,10134.06,1224.08,737.53,1413.41,0.0302
225,4,743.24,8308.18,11154.43,927.20,477.07,1441.98,0.0260
225,4,674.82,8247.93,11097.44,879.09,526.30,1444.13,0.0292
225,4,743.56,7707.57,11185.46,1155.34,600.80,1721.75,0.0286
225,4,726.18,6932.87,9603.76,969.40,486.72,1214.78,0.0271
225,4,803.62,7318.42,10408.85,1139.05,555.23,1396.16,0.0296
225,4,547.76,5508.66,7652.74,610.69,378.31,1155.07,0.0249
225,4,750.73,6888.18,9632.12,949.39,473.27,1321.28,0.0254
225,4,819.43,7730.32,11307.58,1354.75,661.71,1560.81,0.0302
225,4,898.55,7584.43,11054.74,1295.42,680.34,1494.55,0.0296
225,4,904.15,9054.09,11714.60,942.51,438.33,1279.66,0.0256
225,4,600.81,7205.09,9531.96,680.58,454.39,1191.90,0.0257
225,4,540.04,6108.69,8690.28,860.32,554.55,1166.72,0.0315
225,4,880.38,6798.67,10207.14,1360.87,640.90,1406.70,0.0304
225,4,715.12,7819.53,10209.46,780.73,422.87,1186.32,0.0260
225,4,872.60,7368.74,10781.40,1178.73,543.30,1690.63,0.0270
225,4,669.55,6460.98,9072.52,936.32,482.25,1192.97,0.0258
225,4,777.85,8598.07,11158.77,685.92,441.55,1433.24,0.0250
225,4,839.58,7775.51,10636.75,973.97,474.60,1412.68,0.0256
225,4,720.05,6565.05,9706.18,1004.16,521.70,1615.28,0.0272
225,4,830.30,6670.66,9835.86,1227.38,547.40,1390.41,0.0286
225,4,927.82,8711.14,12092.62,1171.80,550.59,1659.09,0.0256
225,4,869.56,7508.83,10616.44,1084.60,497.95,1525.05,0.0274
225,4,713.86,7441.91,10321.38,1005.46,541.88,1332.12,0.0281
225,4,863.07,7734.82,11242.71,1331.82,696.74,1479.33,0.0281
225,4,857.63,9175.99,12043.29,962.11,546.43,1358.77,0.0269
225,4,780.91,8570.04,11667.99,900.17,568.14,1629.64,0.0270
225,4,772.14,7890.87,11554.34,1307.46,718.84,1637.17,0.0304
225,4,643.64,5166.71,8133.21,1178.51,547.18,1240.82,0.0296
225,4,777.41,8022.12,10541.91,817.68,406.40,1295.70,0.0252
225,4,796.39,7474.44,10320.99,1002.41,592.58,1251.56,0.0274
225,4,733.23,6942.38,10325.55,1245.85,631.04,1506.29,0.0265
225,4,483.74,6061.24,8697.19,665.70,618.22,1352.03,0.0294
225,4,876.41,9038.87,12074.61,918.98,503.39,1613.36,0.0265
225,4,479.92,7019.80,10184.98,1027.27,643.57,1494.33,0.0278
225,4,880.32,7187.79,10219.96,1111.33,624.70,1296.14,0.0400
225,4,724.89,6239.46,8884.98,1019.22,532.52,1093.77,0.0342
225,4,946.00,8692.60,11989.90,1213.98,562.80,1520.52,0.0273
225,4,692.46,5600.85,8521.42,1138.88,581.83,1199.87,0.0321
225,4,680.37,7520.32,10500.09,969.02,565.66,1445.10,0.0267
225,4,816.61,7155.13,9943.21,1054.60,408.59,1324.89,0.0282
225,4,916.31,7870.81,11068.45,1136.97,537.05,1523.62,0.0288
225,4,671.64,6536.73,9364.24,907.86,477.91,1441.74,0.0286
225,4,849.75,6642.73,9931.26,1412.63,676.07,1199.83,0.0323
225,4,673.73,6190.94,9237.48,1036.62,484.96,1524.96,0.0273
225,4,474.53,6482.82,9096.70,754.56,508.96,1350.37,0.0287
225,4,757.29,7785.77,10804.42,1060.85,608.71,1349.09,0.0296
225,4,870.51,6859.15,10465.17,1651.55,642.74,1311.74,0.0268
225,4,690.63,6097.98,9261.29,1152.45,586.64,1424.22,0.0275
225,4,685.46,6295.93,9314.54,1216.62,602.90,1199.10,0.0297
225,4,658.34,5434.93,8876.05,1402.17,693.95,1345.00,0.0306
225,4,965.78,8331.68,11574.00,1236.55,541.43,1464.35,0.0254
225,4,683.26,6829.05,9345.25,974.33,433.00,1108.87,0.0260
225,4,793.60,6092.00,8980.25,1204.65,549.72,1133.88,0.0259
225,4,789.67,6969.24,10078.85,1169.85,528.26,1411.51,0.0248
225,4,682.66,6587.83,9041.15,813.75,441.42,1198.15,0.0270
225,4,705.64,7070.90,10205.92,1084.81,616.59,1433.63,0.0289
225,4,719.26,5517.70,8513.57,1184.84,450.36,1360.67,0.0269
225,4,585.16,5240.43,7909.01,959.18,458.85,1250.56,0.0281
225,4,791.27,8532.17,11183.59,883.10,421.51,1346.82,0.0272
225,4,696.43,6113.82,9061.26,1338.25,581.66,1027.53,0.0298
225,4,571.50,5089.89,8200.27,1218.36,679.97,1212.05,0.0286
225,4,913.48,11033.78,13839.02,758.89,475.53,1570.80,0.0246
225,4,757.61,6936.37,9626.70,1017.26,482.57,1190.50,0.0288
225,4,679.48,8622.40,11001.24,586.97,390.84,1401.03,0.0242
225,4,843.66,8065.40,11101.57,857.96,496.01,1682.20,0.0250
225,4,789.20,6000.90,9583.02,1575.46,647.47,1359.19,0.0302
225,4,613.28,7592.65,10264.21,814.40,524.92,1332.25,0.0271
225,4,834.03,6875.70,10031.00,1242.05,494.91,1418.34,0.0351
225,4,826.70,7742.74,11088.68,1258.22,685.32,1402.41,0.0332
225,4,752.55,8534.47,11136.08,646.30,389.35,1565.96,0.0269
225,4,834.42,8268.06,11119.56,995.40,518.41,1337.68,0.0281
225,4,959.80,8307.36,11228.58,1044.32,415.67,1461.23,0.0247
225,4,796.59,7083.00,10282.70,1155.45,612.73,1431.53,0.0293
225,4,656.88,6835.86,9677.92,961.17,552.42,1328.47,0.0284
225,4,532.19,6372.62,8974.60,770.68,500.82,1330.48,0.0289
225,4,697.10,7163.65,10285.87,1004.05,558.68,1559.48,0.0308
225,4,959.31,8123.25,11704.38,1409.11,706.35,1465.66,0.0308
225,4,846.27,7433.79,10720.07,1229.15,642.71,1414.42,0.0289
225,4,711.51,7947.88,10817.56,1082.40,602.64,1184.63,0.0277
225,4,808.49,8554.06,11200.96,910.00,423.36,1313.54,0.0244
225,4,648.65,7249.34,10042.34,947.55,568.64,1276.81,0.0274
225,4,891.58,8614.48,12021.44,1135.53,698.95,1572.47,0.0298
225,4,914.15,6999.61,10688.42,1452.81,655.85,1580.15,0.0275
225,4,815.26,6647.43,9573.92,1209.48,499.81,1217.20,0.0242
225,4,809.28,8866.68,11904.76,1111.42,498.52,1428.14,0.0268
225,4,564.19,4854.23,7635.02,1187.42,549.07,1044.30,0.0279
225,4,829.34,8371.32,11465.60,1043.13,540.03,1511.11,0.0262
225,4,728.52,8795.05,11862.75,854.69,638.87,1574.13,0.0337
225,4,709.24,9386.99,11803.95,543.37,454.31,1419.29,0.0266
225,4,749.21,7990.58,11037.25,1109.59,565.76,1371.33,0.0386
225,4,721.08,9315.32,12394.35,896.00,556.13,1626.90,0.0271
225,4,964.12,8257.10,11905.77,1422.03,734.01,1492.64,0.0310
225,4,965.07,7802.22,11489.17,1440.42,653.24,1593.29,0.0284
225,4,833.19,7008.73,10087.51,1094.15,574.45,1410.18,0.0277
225,4,618.58,8181.61,10548.76,551.75,382.10,1433.30,0.0243
250,4,668.23,8597.69,11308.17,850.42,506.62,1353.43,0.0281
250,4,549.98,7239.94,9982.18,888.20,605.52,1248.52,0.0307
250,4,945.41,8812.97,11950.60,1202.10,579.03,1356.50,0.0328
250,4,681.16,10049.41,12963.38,673.22,538.62,1702.13,0.0276
250,4,732.80,6966.17,10515.59,1458.34,690.68,1400.40,0.0344
250,4,835.61,9337.98,12101.33,885.16,453.28,1424.91,0.0313
250,4,738.84,7957.39,10864.41,1006.40,512.11,1388.52,0.0403
250,4,727.70,7796.46,10829.86,786.50,587.47,1659.42,0.0341
250,4,778.37,7334.13,10172.96,1078.58,511.39,1248.87,0.0295
250,4,760.58,7591.84,10491.38,979.49,553.16,1366.90,0.0348
250,4,517.94,5378.00,7651.41,655.54,400.43,1217.44,0.0269
250,4,642.89,7323.41,10187.02,948.98,553.48,1361.15,0.0283
250,4,819.50,8375.77,11805.66,1202.69,650.87,1576.33,0.0330
250,4,901.13,7817.12,11588.15,1532.78,755.91,1482.35,0.0340
250,4,761.78,8654.32,11438.36,1051.43,497.93,1234.68,0.0298
250,4,501.56,7302.71,9525.05,555.38,474.30,1192.66,0.0303
250,4,536.16,6217.10,8929.09,962.76,551.76,1197.47,0.0295
250,4,713.40,7055.61,10393.99,1240.22,719.36,1378.80,0.0337
250,4,740.86,8065.20,10690.06,980.50,490.02,1154.34,0.0285
250,4,829.61,7872.53,11037.25,882.01,560.46,1722.24,0.0307
250,4,667.64,6818.47,9336.96,847.96,446.66,1223.88,0.0306
250,4,1033.80,8673.41,11828.89,1219.75,508.75,1426.99,0.0283
250,4,775.38,7881.69,10605.01,874.17,459.30,1389.85,0.0285
250,4,723.76,7122.92,10087.89,841.63,553.61,1569.73,0.0318
250,4,728.49,6444.76,9650.98,1272.24,563.49,1370.49,0.0295
250,4,712.55,8148.46,11223.74,880.25,562.16,1632.87,0.0283
250,4,913.06,8090.81,11375.06,1126.83,561.22,1596.20,0.0296
250,4,725.62,7590.56,10342.13,913.89,545.68,1292.00,0.0331
250,4,850.27,8272.59,11367.44,1062.18,544.07,1488.60,0.0332
250,4,825.91,8425.67,11287.46,980.45,563.96,1317.38,0.0299
250,4,815.47,8357.96,11643.01,1055.99,562.79,1666.27,0.0290
250,4,815.28,8511.25,11860.35,1136.78,622.08,1590.24,0.0348
250,4,671.38,6060.70,9009.34,1074.30,555.29,1319.05,0.0295
250,4,700.47,7213.26,9946.02,1046.32,473.76,1212.67,0.0300
250,4,747.79,7732.15,10666.70,1114.09,560.64,1259.82,0.0322
250,4,692.70,7103.16,10437.33,1252.55,592.38,1489.24,0.0311
250,4,664.93,6463.78,9258.64,849.63,570.03,1375.21,0.0334
250,4,835.03,10137.63,13074.49,756.53,538.35,1641.98,0.0291
250,4,599.70,8167.99,10974.01,655.56,576.26,1574.20,0.0321
250,4,680.93,7427.59,10228.18,937.84,568.56,1294.18,0.0333
250,4,617.45,6160.83,8985.26,1116.71,611.52,1096.21,0.0322
250,4,950.07,9568.83,12762.52,1133.49,575.74,1484.46,0.0305
250,4,603.06,5894.80,8810.42,1090.46,604.31,1220.84,0.0334
250,4,733.93,8266.73,11317.63,975.11,554.26,1521.53,0.0312
250,4,683.34,7228.30,9776.58,807.16,384.68,1356.45,0.0284
250,4,873.40,8649.39,11797.90,1109.66,535.03,1503.81,0.0306
250,4,662.17,7094.32,9736.86,787.28,424.75,1430.51,0.0293
250,4,808.82,6793.20,10104.37,1350.32,723.68,1237.16,0.0355
250,4,739.41,6875.74,9911.11,971.83,517.52,1546.03,0.0340
250,4,545.68,7026.23,9957.72,984.70,553.43,1393.37,0.0299
250,4,660.84,7751.80,10782.28,1026.35,640.60,1363.54,0.0317
250,4,899.09,8383.26,11377.83,1130.76,523.83,1339.98,0.0305
250,4,714.27,6424.01,9484.36,1103.74,514.21,1442.40,0.0322
250,4,645.27,7451.74,10371.73,923.50,721.63,1274.86,0.0354
250,4,736.41,5540.47,9131.90,1553.61,656.37,1381.45,0.0324
250,4,819.79,9407.91,12068.04,689.95,461.82,1508.37,0.0274
250,4,736.25,6869.03,9582.50,1055.57,472.98,1184.92,0.0282
250,4,721.96,6327.96,9089.22,1132.78,516.29,1112.18,0.0282
250,4,905.77,7698.89,10739.93,1161.22,483.29,1396.53,0.0273
250,4,645.86,7412.16,9771.81,620.45,464.12,1275.08,0.0275
250,4,848.34,7267.76,10597.80,1232.26,581.53,1516.24,0.0320
250,4,622.15,5763.61,8876.01,1241.83,512.48,1358.10,0.0367
250,4,614.84,5644.29,8462.88,989.53,497.11,1331.95,0.0325
250,4,546.72,8991.60,11485.86,656.27,471.09,1366.90,0.0305
250,4,603.04,6670.70,9260.90,997.67,546.11,1046.40,0.0336
250,4,672.81,5304.66,8396.19,1290.43,653.85,1147.25,0.0336
250,4,991.22,11106.95,14108.74,967.33,508.51,1525.96,0.0266
250,4,634.25,6731.37,9427.66,1029.81,531.80,1134.69,0.0356
250,4,650.10,8547.09,11206.34,773.38,470.44,1415.42,0.0284
250,4,891.77,8889.44,12093.70,922.03,505.89,1776.34,0.0287
250,4,614.74,7318.91,10267.47,928.86,651.12,1368.57,0.0328
250,4,636.72,7879.02,10311.01,594.61,505.88,1331.50,0.0290
250,4,682.98,6891.68,9687.76,957.05,452.74,1386.29,0.0297
250,4,836.57,8141.67,11579.18,1236.52,745.42,1455.57,0.0346
250,4,703.32,8742.60,11341.02,673.78,421.13,1503.51,0.0269
250,4,778.02,9019.05,11879.55,881.69,587.05,1391.75,0.0323
250,4,782.24,8656.91,11583.45,970.65,412.84,1543.05,0.0286
250,4,731.08,7740.90,10548.76,821.18,534.13,1452.55,0.0333
250,4,591.76,7255.76,10172.40,1029.03,569.48,1318.14,0.0304
250,4,476.02,6971.90,9523.22,669.30,518.62,1363.40,0.0313
250,4,783.55,7845.56,11029.26,1056.86,563.86,1562.98,0.0332
250,4,854.43,9098.03,12579.30,1259.26,730.60,1491.41,0.0372
250,4,879.16,8148.50,11371.34,1128.50,621.14,1473.20,0.0332
250,4,728.99,7607.09,10433.51,1170.13,556.75,1099.54,0.0319
250,4,923.77,8652.56,11395.50,1005.01,424.49,1313.44,0.0269
250,4,813.11,7117.62,10120.06,1172.28,558.38,1271.78,0.0308
250,4,894.08,8697.44,12305.27,1299.96,739.17,1568.70,0.0319
250,4,879.69,7544.08,11212.27,1468.09,615.83,1584.28,0.0318
250,4,792.87,7276.24,10079.44,1095.19,487.90,1220.10,0.0273
250,4,778.22,9483.53,12455.85,1007.98,523.23,1441.11,0.0319
250,4,697.00,5664.03,8585.62,1179.72,618.22,1123.64,0.0297
250,4,928.18,8967.03,12102.36,1059.83,523.58,1551.92,0.0293
250,4,983.41,8646.98,12262.27,1373.41,655.55,1586.33,0.0333
250,4,766.33,9701.80,12320.04,657.70,468.44,1492.11,0.0284
250,4,883.02,7844.37,11358.86,1506.59,642.87,1365.03,0.0397
250,4,829.23,9775.26,12713.31,808.73,482.22,1647.10,0.0288
250,4,850.39,8260.08,11772.47,1387.21,697.10,1428.08,0.0367
250,4,1010.66,9108.66,12405.32,1188.85,551.53,1556.28,0.0311
250,4,730.19,7593.68,10697.61,972.67,642.94,1488.32,0.0335
250,4,686.74,8069.50,10776.04,869.00,437.92,1399.62,0.0263
275,4,851.42,7882.20,10925.34,1177.17,513.22,1352.76,0.0510
275,4,619.87,7787.33,10449.75,861.10,588.24,1213.07,0.0372
275,4,915.75,9352.53,12391.40,1068.37,603.12,1367.39,0.0403
275,4,919.61,10247.57,13436.54,974.47,527.82,1686.68,0.0421
275,4,778.04,7404.43,11041.60,1500.49,712.69,1423.99,0.0497
275,4,779.21,8471.04,11332.93,931.92,512.36,1417.60,0.0334
275,4,684.28,8092.51,10845.37,793.67,572.07,1387.12,0.0342
275,4,804.53,7973.70,11576.44,1251.47,635.02,1716.25,0.0377
275,4,720.69,7776.46,10449.55,1007.63,483.54,1181.92,0.0348
275,4,687.85,7924.97,10763.85,938.32,569.05,1331.51,0.0409
275,4,570.04,5683.03,8231.57,855.14,449.93,1243.47,0.0533
275,4,559.73,7439.53,10023.41,765.10,510.54,1308.23,0.0365
275,4,798.91,8369.49,11657.45,1064.49,646.96,1576.51,0.0473
275,4,904.29,7502.85,11215.90,1532.52,695.04,1485.49,0.0642
275,4,796.34,8960.32,11767.54,1096.01,490.01,1221.20,0.0419
275,4,607.01,7470.94,9726.95,658.05,422.57,1175.39,0.0353
275,4,578.01,6632.12,9745.69,1284.12,648.51,1180.94,0.0390
275,4,859.53,7627.27,11213.02,1457.73,707.40,1420.62,0.0506
275,4,616.46,8035.62,10226.22,647.72,397.06,1145.82,0.0352
275,4,546.52,7253.32,10198.61,710.76,609.09,1625.44,0.0417
275,4,795.57,7232.56,9806.29,920.51,437.30,1215.92,0.0393
275,4,1079.65,9483.24,12837.90,1307.11,543.38,1504.17,0.0496
275,4,769.25,8403.22,11045.58,751.39,476.21,1414.76,0.0349
275,4,770.77,6737.19,10221.46,1256.72,642.25,1585.31,0.0532
275,4,753.34,7786.68,10748.08,1050.92,521.61,1388.87,0.0396
275,4,845.40,9187.36,12235.23,834.65,540.74,1672.48,0.0334
275,4,692.67,7630.33,10499.21,836.27,511.35,1521.27,0.0453
275,4,850.04,7651.07,10648.59,1148.57,524.47,1324.47,0.0537
275,4,837.17,8799.54,12139.48,1186.06,644.83,1509.05,0.0396
275,4,857.43,9201.36,12062.47,977.63,571.35,1312.12,0.0486
275,4,818.21,9196.33,12204.92,898.99,471.82,1637.78,0.0577
275,4,711.77,9330.20,12546.99,883.77,702.93,1630.08,0.0436
275,4,698.24,5521.62,8615.57,1244.98,594.53,1254.44,0.0402
275,4,717.45,7710.53,10387.85,947.04,482.01,1248.28,0.0411
275,4,622.59,8409.14,10846.86,632.94,550.25,1254.54,0.0376
275,4,665.06,7818.34,10844.61,959.77,557.16,1509.34,0.0497
275,4,739.88,7344.43,10227.44,925.60,501.09,1456.31,0.0459
275,4,862.57,9729.33,12614.13,762.79,488.04,1633.96,0.0402
275,4,578.04,8311.90,10905.19,569.49,512.54,1511.25,0.0420
275,4,816.94,8224.38,10885.80,830.56,544.04,1286.83,0.0739
275,4,639.05,6204.13,9239.49,1294.44,609.83,1131.08,0.0551
275,4,1022.21,9438.99,12617.75,1139.02,529.72,1510.01,0.0372
275,4,651.52,5742.54,8712.58,1153.46,654.10,1162.47,0.0478
275,4,953.73,8371.25,12028.22,1557.63,612.60,1486.75,0.0359
275,4,784.39,7471.21,10216.66,956.40,409.96,1379.09,0.0365
275,4,861.24,8954.68,11726.50,894.57,438.73,1438.53,0.0341
275,4,740.80,7368.29,10155.96,852.67,451.66,1483.35,0.0336
275,4,814.29,6855.32,10237.04,1461.04,747.43,1173.24,0.0394
275,4,769.68,7230.93,10290.60,1070.43,492.12,1497.12,0.0333
275,4,692.83,7295.17,10152.70,1007.13,480.61,1369.79,0.0334
275,4,794.25,8197.48,11252.91,1169.21,571.33,1314.89,0.0341
275,4,674.12,8527.99,11204.95,788.30,572.16,1316.50,0.0319
275,4,584.88,6549.73,9466.55,889.82,563.45,1463.55,0.0345
275,4,711.97,7929.14,10691.90,912.18,619.29,1231.29,0.0373
275,4,765.30,6886.02,10284.66,1377.03,642.25,1379.35,0.0376
275,4,744.91,9158.61,11958.50,805.59,553.16,1441.14,0.0311
275,4,665.36,6652.74,9329.89,1080.74,490.97,1105.43,0.0315
275,4,710.97,7281.64,9880.31,902.50,486.19,1209.98,0.0317
275,4,736.38,7692.51,10502.42,853.55,494.04,1462.32,0.0299
275,4,818.06,7282.67,10016.19,983.79,474.23,1275.51,0.0303
275,4,712.73,7583.75,10554.43,900.02,559.93,1510.73,0.0349
275,4,761.10,6348.55,9534.54,1301.33,522.99,1361.67,0.0509
275,4,563.74,5671.01,8293.74,862.83,458.94,1300.95,0.0301
275,4,724.50,9132.81,11788.36,879.31,442.21,1334.02,0.0337
275,4,668.97,7205.04,10115.17,1284.35,607.52,1018.26,0.0350
275,4,482.49,5450.67,8151.65,899.18,602.48,1199.32,0.0366
275,4,1046.62,11603.31,14487.40,875.25,443.78,1565.05,0.0322
275,4,788.54,7945.80,10615.05,990.12,482.96,1196.17,0.0354
275,4,733.98,8694.88,11083.74,621.16,387.33,1380.38,0.0319
275,4,929.23,8577.73,12014.10,1155.38,548.48,1732.51,0.0312
275,4,860.79,6844.35,10383.60,1498.37,642.73,1398.14,0.0363
275,4,624.18,7948.48,10610.75,827.60,503.71,1330.96,0.0335
275,4,609.37,7223.66,9863.36,781.26,488.66,1369.78,0.0334
275,4,927.59,7555.79,11022.99,1419.42,660.68,1387.10,0.0376
275,4,856.53,9309.30,12391.13,1021.35,487.31,1573.16,0.0443
275,4,816.69,8618.95,11750.11,1148.34,613.00,1369.83,0.0388
275,4,863.77,8857.51,11498.89,856.40,376.84,1408.14,0.0289
275,4,802.06,7542.46,10586.57,1059.25,534.11,1450.76,0.0352
275,4,814.71,6748.24,9994.36,1350.62,608.75,1286.75,0.0352
275,4,693.74,6815.48,9781.77,1037.84,521.67,1406.78,0.0356
275,4,828.75,8312.62,11381.31,953.94,541.53,1573.22,0.0364
275,4,1029.86,9197.75,12757.23,1410.09,650.42,1498.97,0.0448
275,4,809.14,7455.17,10604.09,1131.27,595.67,1421.98,0.0370
275,4,897.53,8920.25,11791.29,1087.24,573.81,1210.00,0.0480
275,4,950.72,8907.72,11901.14,1185.54,484.25,1323.63,0.0298
275,4,724.64,7980.96,10546.98,757.43,511.00,1297.58,0.0324
275,4,1043.94,9353.21,12813.43,1238.13,680.01,1542.08,0.0351
275,4,855.72,8612.33,11852.49,1097.42,579.31,1563.43,0.0341
275,4,759.78,7317.20,10102.30,1123.15,511.13,1150.82,0.0302
275,4,819.00,10282.28,13052.19,882.66,451.63,1435.61,0.0329
275,4,635.32,5506.21,8389.83,1269.78,565.65,1048.21,0.0342
275,4,935.30,9042.57,12216.59,1088.73,532.99,1552.30,0.0334
275,4,886.36,9118.27,12838.21,1404.42,721.69,1593.82,0.0404
275,4,698.56,9954.12,12471.25,535.93,464.69,1516.52,0.0344
275,4,901.30,8949.42,12450.99,1411.45,686.69,1403.43,0.0336
275,4,986.35,10510.09,13583.01,911.15,520.62,1641.14,0.0345
275,4,961.53,9402.69,12902.96,1355.45,698.27,1446.55,0.0366
275,4,824.54,9057.60,11758.72,703.76,457.05,1540.31,0.0321
275,4,650.76,8236.81,11104.87,794.00,671.31,1402.76,0.0341
275,4,809.97,7358.37,10281.88,1042.17,430.80,1450.54,0.0322
300,4,751.12,8414.43,11159.95,950.63,471.78,1323.11,0.0340
300,4,690.90,7927.46,10604.85,898.32,543.26,1235.82,0.0367
300,4,783.54,9562.59,12593.64,961.70,667.22,1402.14,0.0388
300,4,760.39,9914.30,12759.74,710.40,516.31,1618.73,0.0346
300,4,875.73,7140.92,10725.04,1572.10,676.24,1335.78,0.0422
300,4,633.02,10457.46,12942.93,512.68,510.75,1462.05,0.0370
300,4,855.53,8098.37,11159.07,1169.87,484.44,1406.40,0.0353
300,4,669.28,8479.22,11519.57,744.16,611.41,1684.78,0.0381
300,4,612.51,8126.51,10513.32,688.23,474.74,1223.84,0.0359
300,4,799.66,9187.78,12347.49,1073.91,648.61,1437.18,0.0406
300,4,536.39,5887.80,8230.02,733.30,408.42,1200.52,0.0396
300,4,602.12,8316.39,11063.46,793.52,554.61,1398.94,0.0386
300,4,803.45,8872.82,12248.44,1146.83,672.50,1556.29,0.0435
300,4,900.14,7755.86,11198.18,1349.66,610.41,1482.24,0.0403
300,4,619.99,9151.26,11745.53,886.57,479.57,1228.12,0.0354
300,4,723.11,8104.84,10604.13,805.62,441.04,1252.63,0.0342
300,4,640.83,6780.25,9519.40,1059.39,515.61,1164.16,0.0387
300,4,856.62,7880.93,11370.18,1404.88,646.91,1437.47,0.0416
300,4,705.64,8290.82,10674.61,721.63,428.06,1234.10,0.0346
300,4,761.71,7667.87,10851.32,940.71,558.29,1684.44,0.0357
300,4,724.48,7607.30,10105.03,790.92,438.62,1268.19,0.0322
300,4,844.26,8761.23,11719.64,1072.12,480.36,1405.93,0.0335
300,4,737.06,9231.80,11714.06,569.34,468.82,1444.09,0.0341
300,4,726.85,7436.76,10757.27,1127.81,645.23,1547.46,0.0397
300,4,733.37,7468.28,10544.14,1124.33,509.14,1442.40,0.0353
300,4,654.34,9620.74,12479.70,637.57,583.06,1638.33,0.0346
300,4,934.37,8869.51,11942.47,1005.45,489.34,1578.17,0.0347
300,4,827.66,7988.12,11068.28,1224.14,547.19,1308.82,0.0370
300,4,1023.73,8382.28,11942.70,1452.99,612.58,1494.85,0.0390
300,4,961.48,9497.59,12532.50,1129.75,609.88,1295.28,0.0363
300,4,889.77,9060.05,11987.85,866.37,451.99,1609.45,0.0332
300,4,852.39,9568.33,12916.78,1065.26,636.39,1646.80,0.0397
300,4,649.14,5814.13,8678.13,1068.04,533.49,1262.47,0.0360
300,4,798.29,8282.42,10960.77,906.29,478.58,1293.48,0.0348
300,4,786.22,8619.26,11450.61,977.95,592.01,1261.38,0.0355
300,4,737.63,7714.30,10969.58,1208.19,610.20,1436.89,0.0346
300,4,661.67,7348.36,9906.73,669.24,467.37,1421.76,0.0372
300,4,645.01,9566.44,12580.15,826.85,574.55,1612.30,0.0349
300,4,509.56,8099.21,11082.66,838.96,625.52,1518.96,0.0370
300,4,934.08,8781.44,11500.42,882.78,526.12,1310.07,0.0390
300,4,641.39,6188.89,9205.58,1315.34,642.30,1059.05,0.0417
300,4,893.87,9406.32,12538.65,1029.03,564.74,1538.55,0.0359
300,4,765.40,6053.01,9347.32,1430.29,637.07,1226.95,0.0396
300,4,903.66,9161.78,12335.57,1094.12,562.26,1517.41,0.0385
300,4,821.53,7995.68,10680.23,866.76,398.20,1419.58,0.0340
300,4,734.39,7818.53,11060.51,1234.08,570.93,1436.96,0.0355
300,4,744.69,7397.54,10247.97,932.59,455.74,1462.11,0.0350
300,4,847.81,7482.70,10738.21,1339.16,697.15,1219.20,0.0422
300,4,778.19,8235.29,10848.88,645.18,422.78,1545.63,0.0351
300,4,658.72,7165.16,9897.47,912.95,472.48,1346.87,0.0353
300,4,687.76,8598.10,11523.30,980.31,584.01,1360.87,0.0426
300,4,827.92,8738.19,11721.17,1088.92,554.46,1339.59,0.0379
300,4,720.06,6281.08,9180.85,1002.76,510.92,1386.08,0.0381
300,4,669.28,7064.67,9861.92,1043.98,551.32,1201.95,0.0396
300,4,850.46,6718.47,9976.59,1312.63,601.70,1343.79,0.0417
300,4,910.78,9677.78,12535.35,844.39,490.77,1522.41,0.0400
300,4,696.46,7172.89,9791.50,985.55,468.91,1164.15,0.0355
300,4,631.01,7131.32,9600.53,858.44,489.70,1121.07,0.0337
300,4,814.35,8505.29,11331.12,932.62,468.81,1424.40,0.0320
300,4,743.78,7935.04,10413.62,752.36,485.64,1240.59,0.0334
300,4,893.23,7616.97,10924.43,1224.12,575.68,1507.67,0.0351
300,4,707.32,6064.49,9029.42,1172.25,465.02,1327.64,0.0342
300,4,558.98,6299.35,8716.51,684.96,419.86,1312.34,0.0328
300,4,672.38,9251.17,11897.93,799.58,494.31,1352.88,0.0344
300,4,714.59,6838.68,9837.83,1351.82,609.51,1037.81,0.0377
300,4,614.42,5940.66,8795.17,1023.40,615.13,1215.99,0.0407
300,4,1082.63,11643.34,14837.77,1145.09,485.05,1564.29,0.0320
300,4,816.27,7711.88,10476.96,1072.41,517.42,1175.25,0.0366
300,4,645.81,9237.82,11526.19,497.99,408.94,1381.44,0.0334
300,4,769.82,8670.02,11666.89,838.79,467.53,1690.55,0.0330
300,4,769.90,7382.85,10495.96,1171.59,584.14,1357.37,0.0395
300,4,844.74,8424.49,11033.20,814.78,471.04,1322.89,0.0337
300,4,802.93,7981.84,10629.49,795.15,421.02,1431.49,0.0352
300,4,858.05,8086.03,11381.86,1186.03,703.50,1406.30,0.0419
300,4,757.45,9227.98,11900.55,641.32,433.61,1597.64,0.0320
300,4,715.28,8672.58,11773.10,1146.11,646.11,1308.31,0.0375
300,4,752.57,9158.45,11765.21,777.69,385.02,1444.06,0.0333
300,4,782.31,7958.42,10795.86,838.81,535.34,1463.29,0.0376
300,4,734.35,8115.05,10852.28,916.96,526.10,1294.17,0.0363
300,4,598.62,6797.24,9597.35,915.56,532.52,1352.04,0.0355
300,4,858.27,8130.90,11481.27,1206.51,619.84,1524.01,0.0417
300,4,801.75,9571.47,13035.32,1192.08,748.45,1523.33,0.0630
300,4,891.15,8265.58,11776.60,1436.69,625.20,1449.14,0.0395
300,4,773.12,8903.34,11861.99,1205.11,594.40,1159.13,0.0380
300,4,946.25,9288.38,12169.07,1059.77,438.42,1382.50,0.0423
300,4,735.83,7480.30,10099.68,868.41,506.23,1244.74,0.0457
300,4,941.44,9987.98,13347.56,1054.59,697.66,1607.33,0.0390
300,4,702.30,7499.34,10864.71,1112.91,721.61,1530.84,0.0400
300,4,633.76,7521.36,10129.13,935.92,476.72,1195.13,0.0322
300,4,908.65,10001.90,13063.56,1084.95,501.12,1475.59,0.0346
300,4,699.13,5680.76,8936.69,1475.11,640.82,1140.01,0.0351
300,4,690.35,9955.38,12787.71,738.17,518.73,1575.43,0.0372
300,4,1032.81,9466.26,12964.62,1264.86,638.16,1595.34,0.0421
300,4,775.71,10384.28,13027.61,710.60,503.73,1429.01,0.0357
300,4,774.04,9326.68,12060.80,812.97,559.84,1361.30,0.0385
300,4,1109.38,10386.78,13532.83,1015.27,458.49,1672.28,0.0349
300,4,825.73,9017.26,12399.08,1152.43,715.61,1513.77,0.0414
300,4,895.20,9328.32,12557.54,1088.81,549.59,1590.82,0.0350
300,4,879.89,8201.21,11477.77,1240.08,620.82,1415.65,0.0409
300,4,806.72,8058.00,10938.15,1011.95,453.85,1414.35,0.0318
325,4,770.78,8584.44,11548.98,1081.52,531.98,1351.04,0.0355
325,4,526.04,8316.04,10811.38,639.28,633.07,1222.99,0.0416
325,4,839.32,10201.51,13265.82,1024.63,651.75,1387.92,0.0411
325,4,667.32,10041.73,12794.27,621.55,507.91,1623.08,0.0367
325,4,869.14,7668.81,11222.28,1468.67,669.96,1414.83,0.0434
325,4,684.57,9433.99,11964.79,605.92,500.05,1424.82,0.0412
325,4,902.01,8141.64,11329.86,1230.50,536.53,1421.18,0.0382
325,4,887.72,8893.12,12289.65,1178.12,580.11,1638.29,0.0433
325,4,584.66,8826.17,11202.09,643.55,492.67,1239.70,0.0365
325,4,831.08,8552.90,11893.66,1261.84,653.12,1425.80,0.0419
325,4,561.89,5862.83,8295.46,780.63,420.77,1231.24,0.0356
325,4,637.67,8125.04,11049.87,970.42,588.24,1366.17,0.0367
325,4,803.76,7875.07,11418.34,1346.65,683.20,1513.42,0.0425
325,4,1010.33,8560.36,12210.39,1454.38,643.42,1552.23,0.0431
325,4,716.35,9481.89,11930.78,785.10,449.20,1214.59,0.0361
325,4,805.51,8523.77,10953.35,815.75,405.62,1208.21,0.0366
325,4,652.55,7469.47,10181.25,897.68,601.61,1212.49,0.0382
325,4,746.38,7770.77,11166.88,1229.04,728.43,1438.64,0.0447
325,4,669.55,7991.82,10230.28,669.16,416.27,1153.03,0.0353
325,4,784.39,7325.53,10483.32,953.08,549.18,1655.53,0.0379
325,4,673.43,7553.19,9895.30,741.38,427.54,1173.20,0.0355
325,4,992.05,9228.40,12484.47,1338.77,538.91,1378.39,0.0393
325,4,826.63,9261.59,11946.98,758.30,507.19,1419.91,0.0365
325,4,838.09,7557.58,10924.91,1205.15,601.53,1560.65,0.0398
325,4,738.16,7819.10,10669.71,969.06,496.81,1384.73,0.0378
325,4,769.36,9930.22,12784.40,688.27,522.81,1643.10,0.0363
325,4,968.30,8953.29,12242.18,1238.13,517.77,1532.98,0.0368
325,4,845.48,8683.82,11746.75,1138.26,600.42,1324.25,0.0400
325,4,815.01,8512.73,11267.64,761.20,506.18,1487.53,0.0418
325,4,915.16,9958.71,12725.42,899.84,536.17,1330.70,0.0400
325,4,819.64,9391.31,12494.26,931.38,540.73,1630.84,0.0376
325,4,901.57,9119.35,12525.22,1166.18,609.59,1630.10,0.0403
325,4,618.70,6566.28,9303.60,907.61,557.07,1272.64,0.0415
325,4,812.72,8102.44,10944.61,1104.03,462.40,1275.74,0.0377
325,4,794.34,7933.97,10966.01,1187.02,634.93,1210.08,0.0398
325,4,847.43,8605.37,11761.10,1072.27,598.98,1484.49,0.0396
325,4,594.40,7135.80,9735.34,741.90,462.19,1395.45,0.0416
325,4,868.43,10299.13,13575.92,1021.88,598.30,1656.61,0.0357
325,4,516.75,8856.75,11894.58,873.50,587.22,1577.11,0.0417
325,4,819.24,8542.27,11294.41,867.44,581.49,1303.21,0.0406
325,4,587.44,6829.51,9290.90,868.36,505.52,1087.51,0.0410
325,4,965.16,9219.81,12511.78,1147.09,612.11,1532.77,0.0389
325,4,768.69,6636.52,9714.00,1220.79,594.02,1262.66,0.0445
325,4,700.41,9400.94,12230.69,779.81,544.25,1505.70,0.0428
325,4,804.59,7837.51,10394.78,851.58,388.95,1316.74,0.0376
325,4,752.20,8408.74,11470.59,1035.23,514.01,1512.61,0.0405
325,4,589.84,8163.19,10818.51,679.81,470.77,1504.74,0.0406
325,4,773.11,7963.65,11225.65,1300.41,727.15,1234.45,0.0462
325,4,706.10,7178.58,10037.56,905.76,470.70,1482.52,0.0391
325,4,668.37,7358.24,10227.31,955.71,506.02,1407.34,0.0382
325,4,740.65,8848.26,11572.35,827.59,542.76,1353.74,0.0467
325,4,839.77,8700.32,11674.25,1107.20,544.39,1322.34,0.0383
325,4,815.71,7262.19,10367.13,1112.54,517.83,1474.57,0.0429
325,4,754.39,7819.63,10730.77,1066.98,612.76,1231.41,0.0433
325,4,627.28,6063.41,9371.92,1319.50,625.07,1363.94,0.0597
325,4,955.63,9475.87,12280.88,856.09,461.47,1487.44,0.0382
325,4,690.71,6829.44,9502.63,1072.82,455.11,1145.26,0.0486
325,4,741.59,7581.30,10197.41,939.28,484.01,1192.82,0.0433
325,4,708.90,7941.46,10730.78,871.44,483.30,1434.58,0.0350
325,4,744.91,7093.26,9783.31,986.79,471.90,1231.35,0.0369
325,4,816.37,7609.90,10939.42,1231.47,602.69,1495.36,0.0448
325,4,665.93,6081.90,8850.44,978.87,493.42,1296.25,0.0390
325,4,598.63,6182.18,8821.71,809.95,474.65,1354.93,0.0377
325,4,688.22,9742.75,12315.92,722.32,468.26,1382.60,0.0396
325,4,740.79,7509.63,10305.90,1169.33,563.13,1063.81,0.0414
325,4,722.56,5803.71,8881.34,1277.39,595.27,1204.98,0.0417
325,4,1052.52,12646.05,15542.52,834.91,477.93,1583.64,0.0365
325,4,640.00,7357.04,9784.66,733.77,503.49,1190.37,0.0432
325,4,800.39,8820.19,11505.51,833.93,438.08,1413.30,0.0361
325,4,937.97,9066.94,12302.65,965.70,484.10,1785.91,0.0351
325,4,691.23,6769.17,10122.17,1352.72,646.58,1353.71,0.0420
325,4,723.67,8350.08,11079.93,908.20,526.88,1294.76,0.0478
325,4,794.54,7669.02,10677.46,1099.58,479.53,1429.34,0.0432
325,4,773.82,8593.89,11526.20,891.05,607.26,1434.00,0.0497
325,4,803.65,8891.16,11523.15,769.63,389.64,1472.72,0.0383
325,4,821.62,9183.76,12209.00,1123.61,586.41,1315.22,0.0444
325,4,872.54,9427.78,12101.42,798.22,397.08,1478.34,0.0363
325,4,723.01,7488.67,10597.69,1085.25,579.06,1444.71,0.0423
325,4,726.10,7750.13,10505.63,972.24,501.00,1282.26,0.0384
325,4,562.56,7364.49,9901.18,669.58,493.91,1373.21,0.0395
325,4,797.90,8643.11,11850.38,1055.76,624.48,1527.03,0.0428
325,4,998.52,9711.82,13152.00,1231.57,703.64,1504.97,0.0425
325,4,843.24,8481.46,11816.19,1260.32,614.29,1460.12,0.0409
325,4,872.62,8946.71,11820.78,1108.19,573.53,1192.35,0.0390
325,4,993.40,9732.77,12539.58,997.41,427.55,1381.84,0.0353
325,4,758.87,7722.25,10559.94,1022.85,531.25,1283.59,0.0386
325,4,960.39,10527.80,14008.14,1088.25,770.58,1621.51,0.0441
325,4,854.63,8385.28,11870.29,1278.32,630.30,1576.39,0.0421
325,4,739.53,7355.78,10036.80,1115.45,458.34,1107.22,0.0353
325,4,857.32,10409.85,13178.39,847.96,469.70,1450.88,0.0379
325,4,578.50,5711.57,8635.56,1305.01,566.48,1052.50,0.0380
325,4,776.38,9211.93,12104.92,831.47,523.44,1538.08,0.0376
325,4,746.21,9218.22,12386.04,952.31,635.10,1580.42,0.0422
325,4,752.76,10506.21,13113.71,624.98,524.97,1457.54,0.0374
325,4,735.90,9136.18,12174.47,1050.97,628.97,1358.34,0.0420
325,4,943.16,11411.89,14351.56,850.07,475.05,1614.55,0.0385
325,4,964.10,8810.85,12803.26,1715.28,747.95,1529.18,0.0425
325,4,929.79,9463.55,12660.10,1045.84,539.61,1611.10,0.0382
325,4,755.79,8940.90,11673.65,782.20,534.68,1415.87,0.0453
325,4,725.61,9246.39,11700.88,621.05,366.52,1466.92,0.0362
350,4,730.36,8700.36,11475.33,957.78,496.21,1320.98,0.0407
350,4,589.34,7975.76,10513.78,766.18,550.44,1221.39,0.0471
350,4,951.03,10126.15,13232.49,1117.36,632.33,1356.65,0.0447
350,4,826.41,10185.83,13102.70,796.81,486.32,1633.74,0.0392
350,4,908.63,7729.94,11388.60,1567.06,667.16,1424.44,0.0460
350,4,684.56,10703.42,13386.07,677.83,543.42,1461.40,0.0406
350,4,797.42,9378.33,12378.52,1009.37,517.76,1473.06,0.0405
350,4,708.95,8506.63,11671.83,841.08,620.63,1703.49,0.0451
350,4,640.12,8515.46,10699.18,577.23,421.66,1184.83,0.0414
350,4,733.98,8097.27,11215.75,1106.99,603.70,1407.80,0.0490
350,4,527.07,6318.47,8655.82,706.82,391.12,1239.41,0.0368
350,4,707.85,8338.56,11193.97,1030.71,502.71,1321.98,0.0393
350,4,913.92,9189.40,13067.40,1553.60,701.46,1622.94,0.0441
350,4,767.41,9150.06,12277.20,972.55,659.82,1494.77,0.0473
350,4,658.85,9516.67,11877.58,702.11,456.79,1202.01,0.0382
350,4,790.94,8619.08,10988.15,765.86,400.50,1202.70,0.0391
350,4,460.86,7616.98,10248.02,853.25,635.61,1142.17,0.0417
350,4,667.84,7811.15,10992.18,1080.62,717.23,1383.17,0.0454
350,4,746.87,8484.52,10879.35,806.59,432.62,1155.62,0.0377
350,4,851.56,8001.77,11210.17,973.49,557.45,1677.46,0.0428
350,4,633.60,7519.53,9996.28,767.30,473.24,1236.21,0.0388
350,4,785.64,9929.48,12635.28,801.30,449.31,1455.19,0.0426
350,4,899.01,9273.26,12048.76,850.21,503.12,1422.18,0.0463
350,4,845.15,8018.49,11361.88,1137.07,584.32,1621.99,0.0452
350,4,828.66,8457.22,11610.47,1199.83,537.89,1415.53,0.0405
350,4,877.88,10191.03,13286.72,899.17,538.85,1657.67,0.0402
350,4,968.83,9491.17,12677.28,1066.36,531.01,1588.74,0.0409
350,4,771.30,8417.73,11321.10,1057.64,515.36,1330.38,0.0431
350,4,894.90,9516.77,12567.70,1004.34,567.18,1479.40,0.0449
350,4,836.85,9654.14,12689.54,1096.95,613.45,1325.01,0.0432
350,4,940.81,9645.48,12853.21,1066.73,561.50,1579.51,0.0400
350,4,940.28,9650.77,13363.74,1352.61,712.38,1647.97,0.0467
350,4,742.39,6493.18,9440.53,1090.09,575.75,1281.51,0.0418
350,4,892.25,7728.74,10686.57,1239.46,505.17,1213.19,0.0404
350,4,820.90,8427.60,11312.29,1059.38,576.55,1248.76,0.0433
350,4,766.92,8274.29,11266.11,944.39,544.34,1503.09,0.0416
350,4,686.06,6905.34,9789.33,965.68,531.32,1386.98,0.0435
350,4,921.02,10454.69,13487.37,860.21,522.26,1650.21,0.0388
350,4,596.95,8052.16,11248.78,1060.02,611.64,1524.96,0.0439
350,4,927.53,9008.80,12021.35,1125.55,561.64,1325.35,0.0455
350,4,715.79,6617.15,9421.65,1117.26,535.23,1152.00,0.0458
350,4,927.58,10335.14,13409.70,935.83,580.83,1557.90,0.0415
350,4,589.88,6635.78,9399.19,957.55,601.68,1204.18,0.0485
350,4,887.84,9222.28,12397.53,1121.53,564.08,1489.64,0.0394
350,4,732.99,7873.63,10259.01,670.99,421.36,1293.03,0.0397
350,4,779.65,8374.93,11321.66,969.01,496.21,1481.51,0.0420
350,4,822.18,7615.68,10460.24,932.43,455.73,1456.40,0.0405
350,4,761.81,7885.22,11301.46,1401.07,794.89,1220.27,0.0470
350,4,648.51,7482.02,10142.08,716.31,473.33,1470.42,0.0440
350,4,593.84,7502.79,10291.05,907.22,486.09,1394.95,0.0433
350,4,711.58,9299.32,12115.58,871.31,591.27,1353.68,0.0460
350,4,941.83,8416.14,11669.59,1398.62,558.53,1296.30,0.0401
350,4,696.38,7497.90,10365.67,891.53,544.64,1431.61,0.0424
350,4,741.72,8017.25,10892.72,974.58,640.11,1260.79,0.0468
350,4,704.51,6967.40,10049.66,1146.79,585.88,1349.59,0.0450
350,4,876.29,9924.81,12827.60,897.03,523.90,1481.86,0.0373
350,4,697.02,7759.77,10392.41,958.83,461.97,1211.84,0.0406
350,4,536.00,7850.79,10296.91,681.51,522.99,1241.61,0.0371
350,4,671.88,8620.49,11070.01,539.15,456.75,1453.62,0.0379
350,4,764.85,8017.09,10571.78,821.79,468.87,1264.04,0.0379
350,4,825.08,8561.43,11639.24,972.81,598.83,1506.17,0.0435
350,4,636.05,6629.77,9430.48,977.80,485.07,1337.84,0.0402
350,4,585.32,6228.84,8783.29,778.57,451.83,1324.04,0.0409
350,4,652.91,9346.49,11946.76,777.88,516.27,1306.12,0.0408
350,4,729.33,7324.29,10051.63,1152.95,552.86,1021.54,0.0444
350,4,762.80,6242.03,9284.62,1274.33,597.34,1170.92,0.0431
350,4,878.94,12379.53,15024.68,686.16,450.65,1508.34,0.0369
350,4,674.96,7847.68,10321.04,752.21,522.97,1198.18,0.0426
350,4,832.31,8794.58,11526.39,862.57,440.94,1428.31,0.0402
350,4,966.97,9827.03,12894.00,857.55,505.81,1703.62,0.0379
350,4,756.22,7711.63,10824.93,1151.55,625.45,1336.31,0.0464
350,4,693.35,9053.86,11816.96,825.57,577.82,1359.71,0.0414
350,4,625.83,8260.31,10895.35,756.00,452.30,1426.73,0.0410
350,4,837.27,8243.04,11852.91,1412.88,763.34,1433.65,0.0464
350,4,923.53,9585.79,12429.10,861.40,435.71,1546.20,0.0395
350,4,797.84,10199.01,12986.28,909.33,560.28,1317.67,0.0444
350,4,668.44,9240.21,11901.13,755.11,456.69,1449.12,0.0524
350,4,932.10,8396.46,11557.04,1081.62,547.97,1530.99,0.0478
350,4,606.38,7975.96,10518.65,774.26,498.59,1269.84,0.0483
350,4,543.52,7448.73,10108.15,698.22,549.95,1411.24,0.0569
350,4,855.36,8340.92,11739.32,1220.05,627.30,1551.04,0.0560
350,4,1202.49,9658.56,13225.93,1362.78,686.01,1518.58,0.0472
350,4,849.92,9165.06,12394.89,1128.71,586.05,1515.07,0.0460
350,4,935.94,9297.85,12177.46,1187.47,530.54,1161.60,0.0426
350,4,782.85,9944.40,12525.51,814.91,426.09,1340.11,0.0371
350,4,796.91,8682.60,11305.85,837.42,521.76,1264.07,0.0396
350,4,920.59,9933.68,13539.24,1241.30,759.98,1604.27,0.0582
350,4,815.61,8310.66,11974.54,1394.33,656.14,1613.41,0.0479
350,4,654.02,7945.34,10528.42,898.79,475.22,1209.07,0.0393
350,4,821.92,9526.41,12615.78,1132.29,558.02,1399.06,0.0407
350,4,564.07,5667.27,8600.96,1252.94,615.10,1065.64,0.0441
350,4,908.74,9581.13,12399.40,853.45,479.26,1485.56,0.0408
350,4,901.21,10613.36,13525.58,730.25,514.42,1667.55,0.0453
350,4,692.92,10457.46,12964.93,545.07,452.65,1509.75,0.0428
350,4,841.69,10053.03,12881.22,913.60,586.24,1328.34,0.0443
350,4,907.11,10955.65,13913.81,797.83,528.91,1631.41,0.0401
350,4,1009.41,9565.03,13294.75,1536.20,714.12,1479.40,0.0475
350,4,864.22,9965.63,12958.79,884.32,548.82,1560.02,0.0413
350,4,734.11,8698.80,11762.45,971.00,628.37,1464.28,0.0431
350,4,761.54,9773.06,12353.87,677.84,385.81,1517.16,0.0373
375,4,766.20,9208.15,11698.61,745.39,414.63,1330.43,0.0428
375,4,733.31,8015.24,10880.31,1065.84,554.82,1244.41,0.0469
375,4,932.74,10063.57,13206.91,1139.63,674.58,1329.13,0.0477
375,4,940.55,10798.49,13937.01,927.81,489.21,1721.50,0.0405
375,4,845.63,7756.58,11476.63,1603.54,696.17,1420.34,0.0507
375,4,643.61,10333.85,12871.30,611.71,513.98,1411.76,0.0457
375,4,591.97,9209.96,11709.49,582.51,555.71,1361.31,0.0434
375,4,837.71,9019.57,12318.07,1038.52,581.19,1678.80,0.0548
375,4,530.86,8601.93,10920.99,615.74,509.48,1193.84,0.0420
375,4,725.09,8412.75,11606.74,1214.79,645.50,1333.69,0.0487
375,4,506.80,6518.92,8776.23,616.67,433.56,1207.08,0.0398
375,4,859.16,8643.37,11630.43,1124.38,475.93,1386.76,0.0410
375,4,912.71,9164.37,12529.55,1249.62,575.44,1540.13,0.0500
375,4,979.02,8971.40,12465.23,1331.90,671.18,1490.75,0.0486
375,4,697.99,9052.09,11249.82,590.30,408.46,1198.98,0.0399
375,4,596.02,8803.88,11004.23,557.65,470.54,1172.16,0.0425
375,4,729.04,7522.00,10250.78,1049.72,524.68,1154.39,0.0450
375,4,744.40,8046.51,11253.64,1124.97,661.11,1421.05,0.0505
375,4,589.13,7544.33,9916.36,739.69,465.59,1166.75,0.0412
375,4,782.72,8374.63,11387.20,831.20,504.60,1676.77,0.0442
375,4,708.42,7902.13,10391.17,831.09,429.74,1228.22,0.0397
375,4,1037.30,10003.43,12962.30,1041.95,493.91,1423.01,0.0436
375,4,676.51,9471.36,11957.31,597.69,477.19,1411.06,0.0410
375,4,887.69,8467.31,11656.48,1047.43,540.16,1601.57,0.0438
375,4,837.79,8093.64,11262.46,1181.82,526.72,1460.28,0.0458
375,4,945.60,9805.18,12808.44,906.56,491.27,1605.42,0.0448
375,4,879.87,8657.35,11782.81,1101.35,508.13,1515.97,0.0440
375,4,783.14,8765.64,11670.78,1054.25,533.02,1317.87,0.0453
375,4,902.22,9042.68,12061.65,970.33,569.62,1479.01,0.0482
375,4,844.70,9796.71,12652.74,940.49,570.66,1344.87,0.0442
375,4,1086.41,8656.68,12040.90,1229.24,578.03,1576.95,0.0448
375,4,1006.57,9836.66,13516.80,1360.52,655.20,1664.43,0.0499
375,4,682.85,5779.43,8659.88,1139.35,558.08,1183.02,0.0439
375,4,673.63,8204.20,10864.85,938.23,507.15,1215.28,0.0423
375,4,801.47,8146.29,11125.01,1196.44,569.28,1212.99,0.0432
375,4,750.39,8852.01,11776.37,876.53,513.82,1534.01,0.0436
375,4,548.15,7246.22,9929.19,687.04,554.49,1441.44,0.0489
375,4,880.76,10551.75,13566.08,860.53,510.16,1643.63,0.0419
375,4,571.57,8989.75,11528.98,564.77,465.44,1509.03,0.0465
375,4,789.47,9427.11,12067.45,754.92,568.95,1316.49,0.0482
375,4,645.25,6734.34,9624.23,1205.91,591.19,1092.79,0.0497
375,4,813.05,11093.95,13898.64,687.46,588.51,1528.72,0.0454
375,4,654.90,6451.33,9565.74,1209.03,674.01,1231.38,0.0480
375,4,862.55,9696.18,12877.63,1081.03,538.35,1562.07,0.0437
375,4,739.44,7637.57,10257.54,786.76,445.13,1388.09,0.0413
375,4,858.43,8706.96,11769.17,1070.00,492.96,1499.25,0.0447
375,4,778.93,7747.65,10671.96,986.26,485.48,1452.57,0.0436
375,4,937.50,7923.36,11517.12,1582.17,761.77,1249.82,0.0503
375,4,777.66,9063.91,11598.56,614.71,447.71,1472.22,0.0587
375,4,717.63,7937.82,10895.30,1034.46,531.43,1391.58,0.0497
375,4,754.66,8083.64,11207.99,1168.93,616.76,1338.67,0.0456
375,4,867.07,9321.03,12470.82,1244.86,565.62,1339.31,0.0432
375,4,623.75,7239.34,10213.70,958.89,569.13,1446.34,0.0461
375,4,767.00,7880.41,10944.84,1127.28,660.27,1276.87,0.0472
375,4,662.05,6650.26,9762.21,1165.18,614.63,1332.13,0.0493
375,4,796.35,10028.46,12636.24,706.36,459.37,1442.05,0.0409
375,4,698.00,7590.41,10075.53,875.50,457.69,1151.93,0.0435
375,4,811.89,7093.92,10159.64,1308.29,575.33,1182.10,0.0411
375,4,834.70,8525.42,11644.92,1178.31,517.40,1423.78,0.0416
375,4,636.96,8248.30,10568.26,646.22,423.94,1249.79,0.0438
375,4,1003.81,9299.67,12366.46,979.57,504.93,1582.28,0.0457
375,4,757.28,6553.67,9578.59,1136.67,508.56,1379.69,0.0424
375,4,572.27,6222.59,8744.80,810.59,455.28,1256.34,0.0411
375,4,746.57,9633.65,12345.00,883.04,499.24,1329.06,0.0426
375,4,652.45,7014.59,9689.39,1073.31,585.80,1015.69,0.0448
375,4,705.74,6457.31,9317.43,1075.81,584.12,1200.19,0.0482
375,4,1067.56,13594.12,16542.55,877.40,464.11,1606.92,0.0394
375,4,621.07,8216.58,10625.41,712.99,544.63,1151.21,0.0463
375,4,906.27,9616.67,12067.92,676.27,357.79,1417.19,0.0395
375,4,966.71,9837.00,13103.77,1006.18,531.85,1728.73,0.0445
375,4,787.07,8045.80,11213.69,1222.45,576.35,1369.08,0.0517
375,4,788.73,9041.14,11751.77,849.23,515.96,1345.44,0.0431
375,4,695.43,7526.08,10515.46,1095.59,485.12,1408.66,0.0433
375,4,891.49,8280.51,11922.63,1567.35,695.82,1378.96,0.0511
375,4,814.99,9415.48,12083.78,723.44,405.85,1539.01,0.0411
375,4,545.81,9544.50,12025.44,517.99,622.46,1340.49,0.0461
375,4,759.41,10167.71,12845.73,760.54,420.81,1496.68,0.0390
375,4,840.02,8111.10,11186.49,1039.47,581.34,1454.59,0.0473
375,4,749.17,8848.28,11616.32,909.44,551.34,1307.26,0.0423
375,4,615.52,7743.94,10361.24,726.96,489.72,1400.61,0.0439
375,4,894.23,8404.63,11655.82,1193.21,576.65,1481.33,0.0513
375,4,883.51,9421.87,12910.86,1243.66,757.27,1488.07,0.0502
375,4,786.72,8624.53,11811.19,1125.01,631.51,1430.14,0.0467
375,4,830.12,9010.34,11854.35,1075.48,570.85,1197.68,0.0490
375,4,648.67,9807.57,12193.28,669.06,445.02,1271.63,0.0401
375,4,730.75,8282.80,10908.07,859.22,523.41,1242.64,0.0428
375,4,819.70,9823.56,13365.54,1162.39,789.29,1590.30,0.0459
375,4,840.38,9162.59,12127.72,904.82,519.95,1540.35,0.0451
375,4,873.89,7952.62,11019.11,1309.16,520.71,1236.63,0.0418
375,4,908.73,10377.00,13167.52,935.06,465.29,1390.17,0.0457
375,4,557.31,5727.41,8352.65,1001.72,546.14,1077.39,0.0442
375,4,744.32,10621.82,13448.51,673.34,544.16,1609.19,0.0428
375,4,794.34,10152.10,13172.93,837.38,545.15,1638.31,0.0485
375,4,781.07,10110.22,12731.70,681.60,494.77,1445.12,0.0415
375,4,883.36,9948.32,13053.01,1160.95,606.56,1337.18,0.0469
375,4,1026.92,11835.01,14835.16,870.55,477.86,1651.74,0.0454
375,4,957.91,10400.86,13918.13,1330.89,666.77,1519.60,0.0513
375,4,1021.15,9115.60,12536.59,1271.22,568.46,1581.31,0.0442
375,4,725.81,8890.79,11926.03,951.41,645.94,1437.89,0.0466
375,4,608.04,9340.34,11807.89,610.35,437.09,1420.11,0.0412
400,4,685.57,9836.67,12201.49,627.27,458.74,1278.81,0.0439
400,4,622.27,8410.33,11139.67,944.26,521.06,1264.02,0.0505
400,4,686.78,10871.45,13768.19,798.71,715.00,1383.03,0.0535
400,4,888.39,10815.67,14061.08,998.18,552.05,1695.19,0.0433
400,4,900.33,8948.03,12206.25,1171.70,663.14,1423.38,0.0532
400,4,657.95,10086.40,12679.05,607.66,518.16,1466.83,0.0453
400,4,835.11,8456.35,11413.52,1032.80,520.29,1404.09,0.0452
400,4,789.28,9335.22,12711.91,973.21,680.03,1723.46,0.0511
400,4,670.54,9020.81,11554.24,803.27,510.93,1219.23,0.0476
400,4,716.94,8327.31,11208.75,956.80,563.08,1361.56,0.0640
400,4,540.52,6718.74,9009.33,652.40,425.51,1212.69,0.0452
400,4,858.97,9209.34,11986.80,996.53,445.99,1334.94,0.0440
400,4,891.48,9340.88,12629.01,1120.93,634.20,1533.00,0.0514
400,4,844.09,9527.00,12574.29,949.43,623.05,1474.81,0.0500
400,4,756.94,9601.63,11991.91,727.57,428.00,1234.70,0.0440
400,4,755.32,8615.16,10934.40,711.63,416.79,1190.82,0.0447
400,4,637.26,7505.33,10475.01,1118.53,661.05,1190.10,0.0495
400,4,872.65,7660.80,11299.65,1473.94,722.53,1442.38,0.0538
400,4,745.95,7799.82,10400.15,964.68,480.62,1155.03,0.0468
400,4,827.66,8480.66,11502.56,847.63,528.22,1646.06,0.0464
400,4,658.59,7789.04,10156.52,722.08,449.86,1195.54,0.0439
400,4,918.69,10063.01,12937.82,956.13,474.26,1444.44,0.0429
400,4,666.60,9933.96,12408.44,542.06,471.46,1460.96,0.0453
400,4,761.41,8254.03,11488.02,1005.19,590.84,1637.96,0.0455
400,4,866.49,7792.42,10931.42,1254.02,507.80,1377.18,0.0476
400,4,738.33,10375.29,13092.71,614.48,512.20,1590.75,0.0444
400,4,871.46,9139.44,12217.27,997.28,529.33,1551.22,0.0463
400,4,786.11,8511.60,11467.48,1051.54,573.83,1330.51,0.0503
400,4,924.89,9246.64,12528.38,1176.83,614.26,1490.66,0.0511
400,4,785.18,11030.39,13636.90,679.50,547.58,1379.44,0.0475
400,4,892.13,10109.47,13186.19,899.96,542.51,1634.25,0.0479
400,4,908.55,9844.53,13395.28,1257.68,651.74,1641.32,0.0516
400,4,650.50,5983.32,9060.30,1221.39,670.35,1185.25,0.0467
400,4,732.29,8546.71,11127.31,807.44,513.10,1260.07,0.0464
400,4,901.66,8590.96,11738.89,1284.38,599.75,1263.80,0.0472
400,4,680.74,8471.69,11230.35,754.74,529.99,1473.93,0.0470
400,4,632.54,7110.21,10053.02,982.40,591.05,1369.36,0.0499
400,4,976.12,10387.10,13478.38,908.64,521.86,1660.76,0.0458
400,4,480.46,9496.00,12176.39,567.40,606.83,1506.16,0.0492
400,4,808.78,9245.88,11914.16,777.09,583.96,1307.23,0.0486
400,4,571.24,7780.83,10198.56,775.91,538.19,1103.63,0.0521
400,4,956.04,11039.04,14197.35,991.92,618.60,1547.79,0.0476
400,4,619.60,6707.42,9950.69,1339.64,709.03,1194.60,0.0523
400,4,653.38,8763.08,11693.64,873.69,581.08,1475.80,0.0472
400,4,611.13,7563.00,10063.21,783.97,429.57,1286.69,0.0446
400,4,755.90,9397.24,12285.97,836.61,512.53,1539.59,0.0472
400,4,779.69,7563.13,10514.66,1018.82,470.51,1462.20,0.0468
400,4,890.62,8360.12,11364.37,1092.79,668.15,1243.32,0.0550
400,4,679.73,8795.01,11452.54,669.04,489.81,1498.69,0.0455
400,4,579.02,8161.85,10605.81,599.50,465.79,1378.68,0.0455
400,4,850.83,9238.85,12069.69,955.75,513.40,1361.69,0.0513
400,4,789.89,8757.23,11918.65,1229.69,594.43,1337.30,0.0453
400,4,835.99,7358.51,10345.61,1086.77,510.94,1389.38,0.0503
400,4,766.98,8217.07,11080.02,1012.98,649.60,1200.37,0.0498
400,4,727.99,6712.61,9967.95,1351.77,607.68,1295.89,0.0521
400,4,834.15,10805.70,13408.34,655.76,453.67,1493.21,0.0453
400,4,743.95,8082.90,10640.61,967.28,448.48,1141.95,0.0451
400,4,846.55,7817.16,10717.01,1146.80,548.15,1204.90,0.0429
400,4,897.66,9404.12,12564.65,1173.36,550.17,1437.01,0.0424
400,4,574.93,8350.15,10504.14,517.48,418.93,1217.58,0.0428
400,4,746.19,8659.83,11749.02,946.92,627.33,1514.94,0.0478
400,4,603.32,6914.72,9568.76,818.63,468.59,1366.82,0.0443
400,4,510.78,6266.22,8715.38,662.28,486.56,1300.32,0.0432
400,4,743.48,10059.42,12748.46,918.44,465.22,1305.38,0.0430
400,4,715.28,7414.97,10198.47,1107.94,596.32,1079.24,0.0518
400,4,755.28,6429.26,9587.67,1343.92,627.03,1187.47,0.0501
400,4,1100.71,13036.04,16089.76,990.25,510.74,1552.73,0.0431
400,4,749.93,7974.11,10692.98,985.81,534.01,1199.05,0.0500
400,4,720.64,10315.48,12741.65,585.49,430.30,1410.39,0.0512
400,4,986.65,9937.17,13236.30,1033.31,540.24,1725.59,0.0467
400,4,776.70,8252.04,11290.28,1020.05,663.47,1354.73,0.0526
400,4,800.89,9003.00,11629.34,812.03,469.70,1344.61,0.0444
400,4,830.14,8139.06,11336.48,1291.16,510.74,1395.52,0.0453
400,4,917.72,8226.94,11935.43,1594.76,699.78,1413.95,0.0525
400,4,763.07,9271.68,11796.01,605.15,415.89,1503.29,0.0461
400,4,577.70,10183.42,12885.65,659.18,659.14,1383.91,0.0523
400,4,642.26,10414.07,12929.66,623.57,409.95,1482.06,0.0434
400,4,729.22,8080.60,11098.01,969.72,614.85,1432.85,0.0517
400,4,688.34,8114.80,10871.03,917.98,547.54,1290.71,0.0446
400,4,586.12,7918.85,10395.02,614.87,501.36,1359.94,0.0464
400,4,855.33,8446.96,11609.48,1052.84,577.21,1532.48,0.0518
400,4,1088.77,10739.23,14496.39,1481.18,748.29,1527.70,0.0538
400,4,787.71,9594.42,12683.84,983.91,620.48,1485.03,0.0502
400,4,779.69,8950.54,11711.57,993.67,567.62,1199.75,0.0524
400,4,926.29,10526.98,13140.32,849.13,395.80,1368.40,0.0427
400,4,776.40,8183.08,11030.94,1039.47,578.65,1229.74,0.0464
400,4,888.99,10961.38,14157.81,954.82,664.79,1576.82,0.0520
400,4,944.88,9626.82,12946.29,1138.50,579.15,1601.82,0.0489
400,4,719.50,8821.69,11217.35,802.43,425.51,1167.72,0.0417
400,4,728.67,10834.57,13341.92,648.34,419.80,1439.21,0.0453
400,4,534.41,6373.60,8947.56,886.59,581.10,1106.27,0.0477
400,4,944.44,10024.43,12952.25,891.79,502.19,1533.84,0.0447
400,4,967.43,9788.87,13113.26,1172.28,602.03,1550.08,0.0533
400,4,860.66,10747.02,13520.28,821.80,505.16,1446.29,0.0448
400,4,849.52,9206.20,12349.80,1241.09,594.18,1308.32,0.0504
400,4,968.42,11486.69,14437.76,860.48,499.97,1590.62,0.0460
400,4,767.96,10737.95,14210.65,1162.68,776.52,1533.50,0.0528
400,4,922.96,9991.64,13253.60,1105.97,557.06,1598.94,0.0468
400,4,808.57,8872.97,11939.31,1042.27,590.67,1433.39,0.0495
400,4,684.50,9476.33,11907.89,630.13,400.89,1400.54,0.0444
