300,1,466.90,3752.78,4411.82,131.02,157.15,370.857991
300,1,766.59,5608.79,6540.17,237.89,127.89,565.599566
300,1,781.71,5592.28,6488.62,122.74,174.68,598.926888
300,1,565.30,4243.79,4792.68,80.81,128.08,339.999126
300,1,564.52,4164.36,4957.91,128.47,163.91,501.167388
300,1,882.91,5949.40,6982.96,176.20,188.92,668.444125
300,1,710.01,5187.31,6162.98,177.21,177.69,620.774027
300,1,733.62,5484.05,6415.61,125.29,189.50,616.765171
300,1,554.72,4400.67,5122.19,165.41,140.64,415.477349
300,1,623.22,4543.27,5355.90,125.27,193.32,494.033967
300,1,865.25,5991.63,6813.52,99.08,198.39,524.424088
300,1,692.22,4818.00,5501.18,134.13,152.99,396.066530
300,1,791.53,5664.48,6490.97,116.24,177.61,532.640998
300,1,903.34,6373.68,7304.76,136.49,196.46,598.128479
300,1,634.70,4583.77,5167.01,135.14,90.91,357.177666
300,1,878.24,6111.08,7059.58,118.38,167.70,662.424640
300,1,1140.04,8239.26,9199.57,114.53,197.44,648.331015
300,1,971.20,6456.80,7428.12,130.98,187.54,652.808619
300,1,924.97,6714.88,7585.39,141.49,157.05,571.973297
300,1,821.52,6114.81,7169.86,227.64,199.84,627.573719
300,1,1099.52,7995.50,8929.22,122.42,159.19,652.109348
300,1,670.87,4798.40,5806.18,340.84,149.42,517.522151
300,1,836.35,6135.63,7014.18,117.63,196.53,564.379112
300,1,842.15,5859.01,6970.34,296.57,160.21,654.555524
300,1,761.00,5139.53,6167.32,220.83,176.67,630.303863
300,1,489.60,3539.89,4204.61,189.62,121.77,353.329613
300,1,614.21,4412.75,5444.62,254.25,160.76,616.861054
300,1,965.32,6827.26,7672.82,49.77,142.88,652.908291
300,1,547.03,4239.28,4919.88,96.79,167.94,415.871803
300,1,812.42,5508.65,6444.58,205.34,128.85,601.742872
300,1,1088.00,7729.38,8735.01,155.74,219.69,630.196265
300,1,626.87,4405.76,4971.12,95.34,155.96,314.067866
300,1,1042.44,7202.68,8285.68,180.19,245.34,657.474684
300,1,551.20,4026.92,4735.42,142.23,160.12,406.156774
300,1,591.03,4550.64,5505.72,289.31,152.97,512.798368
300,1,582.50,4357.66,4951.39,90.49,164.93,338.306975
300,1,812.11,5523.73,6445.12,199.45,170.01,551.928188
300,1,636.34,4722.18,5406.62,101.46,129.22,453.757129
300,1,727.93,4989.94,5722.18,127.66,132.68,471.894975
300,1,733.43,4983.56,5849.35,216.47,126.21,523.103777
300,1,877.18,6584.99,7252.13,80.26,121.17,465.710335
300,1,378.08,2916.69,3473.67,157.83,84.57,314.584823
300,1,912.00,6673.22,7710.13,141.98,236.25,658.671267
300,1,527.05,3866.35,4418.84,94.43,105.88,352.177322
300,1,617.04,4570.71,5248.51,104.05,181.12,392.625786
300,1,824.14,5904.35,6936.22,132.10,250.16,649.610550
300,1,566.72,4046.49,4776.25,211.59,120.72,397.449816
300,1,1034.72,7266.61,8200.52,111.98,206.90,615.030510
300,1,691.91,4978.92,5847.69,174.99,156.34,537.446910
300,1,631.52,4548.84,5158.62,75.24,158.43,376.110391
300,1,763.16,5358.72,6305.14,237.58,150.54,558.301612
300,1,841.25,5977.33,6699.92,106.49,127.17,488.932218
300,1,481.26,3647.51,4351.96,194.43,141.22,368.792511
300,1,1005.88,7211.35,8213.01,127.13,251.27,623.259543
300,1,876.07,6356.53,7346.48,167.00,179.84,643.110758
300,1,958.27,6928.96,7769.73,156.83,181.81,502.121857
300,1,941.72,6613.81,7604.92,117.80,229.30,644.008614
300,1,903.65,6303.56,7289.98,177.73,165.25,643.434841
300,1,911.56,6267.31,7034.78,102.52,141.36,523.594986
300,1,544.12,4337.04,5010.40,122.97,185.45,364.936316
300,1,908.33,6441.45,7256.19,133.62,145.33,535.792147
300,1,633.06,4362.27,5149.23,164.37,131.25,491.335544
300,1,868.59,6126.06,6846.33,124.56,139.44,456.270067
300,1,640.64,4768.51,5509.41,154.06,150.32,436.510627
300,1,779.90,5214.97,6084.56,235.25,61.13,573.204512
300,1,864.02,6286.02,7226.81,183.64,174.92,582.231508
300,1,1002.76,7256.53,8112.53,96.63,146.73,612.635060
300,1,841.24,5913.03,6832.49,176.69,179.34,563.423699
300,1,560.53,4275.80,4855.68,112.30,109.20,358.377081
300,1,817.79,6117.51,7214.87,172.12,243.65,681.586883
300,1,765.19,5379.95,6050.42,55.26,142.84,472.368744
300,1,646.71,4910.73,5563.46,158.43,119.73,374.573083
300,1,907.05,6625.23,7669.47,241.78,222.48,579.974243
300,1,548.26,3994.10,4683.06,150.04,152.09,386.817754
300,1,476.93,3393.25,4028.81,204.26,106.33,324.971350
300,1,860.75,5965.82,6949.18,128.48,209.45,645.426884
300,1,932.43,6722.93,7628.75,153.36,168.63,583.827107
300,1,784.54,5327.96,6284.00,234.91,139.72,581.406929
300,1,783.20,6082.24,6827.88,110.43,181.53,453.675204
300,1,601.63,4268.98,5154.12,184.13,153.09,547.918841
300,1,683.79,5018.37,5760.25,124.51,148.10,469.264233
300,1,508.28,3846.30,4594.13,168.96,129.40,449.478588
300,1,519.02,3990.99,4520.08,72.45,125.93,330.711855
300,1,755.12,5186.79,5905.85,105.21,158.22,455.635627
300,1,575.58,4264.20,4830.61,88.01,141.68,336.716778
300,1,687.38,4806.09,5741.98,203.44,114.90,617.547246
300,1,777.27,5265.66,6083.33,186.72,155.73,475.216066
300,1,385.28,2967.02,3752.70,250.57,86.86,448.258002
300,1,928.61,6502.30,7446.46,199.41,208.14,536.596781
300,1,586.91,4266.95,5062.73,152.24,152.56,490.988788
300,1,821.41,5843.25,6636.36,122.96,168.31,501.843305
300,1,1022.62,6974.94,7929.85,97.31,220.71,636.896071
300,1,454.64,3525.69,4239.63,169.80,113.55,430.588581
300,1,831.93,5905.75,6702.22,123.66,223.75,449.061741
300,1,615.37,4766.32,5316.85,103.97,96.15,350.410289
300,1,920.28,6667.17,7643.45,150.45,233.69,592.140387
300,1,640.45,4718.88,5240.38,108.52,90.49,322.481919
300,1,608.40,4559.29,5203.46,156.94,112.12,375.108772
300,1,923.88,6468.35,7353.95,162.21,108.26,615.130149
300,1,1012.27,7214.26,8130.26,162.86,116.26,636.874473
300,2,910.93,6563.98,8017.77,298.59,194.99,960.213015
300,2,1021.21,7090.41,8651.82,429.35,245.90,886.156774
300,2,1361.18,10362.36,11987.33,337.19,228.75,1059.048977
300,2,941.61,6708.44,7952.43,262.67,207.53,773.799472
300,2,1498.37,10774.68,12520.29,298.68,295.73,1151.210070
300,2,1230.32,8896.84,10488.80,404.36,221.66,965.935297
300,2,959.79,7217.13,8817.00,319.41,238.52,1041.937738
300,2,1309.88,9605.65,11169.05,262.39,213.77,1087.238114
300,2,1231.12,8808.20,10336.76,318.20,231.68,978.674685
300,2,1056.88,7892.96,9361.89,234.49,211.65,1022.785499
300,2,848.27,6215.87,7589.28,289.30,212.13,871.984633
300,2,1174.76,8535.31,9881.72,340.69,201.77,803.958943
300,2,968.40,7028.44,8393.17,280.12,220.60,864.014936
300,2,1057.30,8257.83,9623.53,266.39,206.89,892.416181
300,2,716.11,5650.49,6687.24,163.78,195.43,677.548301
300,2,1287.78,9608.22,11214.09,322.97,278.21,1004.697143
300,2,1713.32,12590.29,14404.38,320.46,255.25,1238.374020
300,2,885.71,6233.52,7725.13,274.24,251.63,965.740594
300,2,1302.65,9245.77,10675.01,284.02,206.17,939.040859
300,2,1453.43,10010.73,11718.51,285.33,294.05,1128.395617
300,2,1446.24,10494.44,12172.44,297.56,295.98,1084.471652
300,2,1081.90,7988.07,9552.32,253.16,264.36,1046.720708
300,2,905.99,6859.13,8224.98,196.50,222.92,946.420509
300,2,1388.26,9771.14,11406.76,372.51,273.84,989.272501
300,2,1176.10,9070.22,10678.27,347.29,267.09,993.679067
300,2,720.45,5848.12,7246.40,350.63,220.37,827.279452
300,2,1473.52,10165.45,11977.65,351.04,257.55,1203.610993
300,2,948.72,7372.45,8778.94,258.80,242.94,904.751082
300,2,1349.34,9696.85,11250.45,293.72,285.70,974.175177
300,2,1024.81,7670.61,9260.83,341.58,259.17,989.471808
300,2,1225.72,8926.73,10358.49,202.68,226.00,1003.088432
300,2,1381.73,10542.97,11957.44,208.32,260.09,946.058480
300,2,1161.99,8310.16,9927.07,277.79,231.13,1107.990487
300,2,1118.78,8547.15,10088.27,291.44,269.80,979.884224
300,2,1540.49,11105.73,12819.50,309.31,333.20,1071.254416
300,2,1023.27,7655.77,8840.29,173.92,254.14,756.469646
300,2,1094.15,7966.68,9460.60,281.18,293.08,919.662996
300,2,1156.45,7577.51,8951.07,226.64,212.42,934.504688
300,2,1259.23,9065.22,10624.33,447.84,226.74,884.544985
300,2,1216.87,8685.59,10087.84,276.41,268.03,857.820958
300,2,1287.92,9026.00,10408.99,284.12,236.36,862.510617
300,2,1046.28,7586.63,8879.65,248.05,242.92,802.050659
300,2,1627.92,11731.15,13541.17,261.12,344.30,1204.596332
300,2,1125.87,8091.33,9444.64,268.73,239.69,844.893956
300,2,1059.89,7360.84,8660.18,301.53,146.35,851.463315
300,2,1358.56,9261.85,11034.39,323.72,323.50,1125.319720
300,2,868.24,6522.33,7952.13,385.52,177.17,867.113828
300,2,1448.34,9921.88,11720.12,259.32,334.76,1204.161984
300,2,1510.21,10626.11,12269.57,214.12,315.58,1113.757409
300,2,982.66,7308.20,8614.34,291.24,203.78,811.130548
300,2,1354.10,9517.08,11018.96,355.77,158.49,987.614690
300,2,1053.77,7582.04,9007.50,366.77,203.14,855.564262
300,2,1381.65,10017.14,11431.63,300.88,253.78,859.826971
300,2,1208.34,8002.30,9685.35,408.68,178.84,1095.527520
300,2,1294.62,9110.75,10951.93,380.71,263.78,1196.683087
300,2,1349.05,9763.96,11358.14,330.15,221.58,1042.456547
300,2,1288.73,8942.93,10613.99,388.87,276.27,1005.931322
300,2,1425.81,10066.46,11696.76,283.24,356.75,990.310303
300,2,1007.43,7247.00,8490.33,193.29,247.00,803.041717
300,2,947.48,7094.90,8465.95,219.85,236.38,914.811188
300,2,1169.82,8234.30,9996.36,424.24,270.14,1067.680125
300,2,1069.94,7787.13,9157.90,247.68,331.33,791.758869
300,2,996.29,7339.35,8675.14,261.12,301.37,773.300026
300,2,1231.48,9017.00,10499.46,223.94,316.79,941.730948
300,2,1568.45,11708.18,13132.44,223.59,283.80,916.856672
300,2,1241.49,9935.20,11567.54,235.30,335.93,1061.110245
300,2,1670.12,11919.55,13549.31,198.01,320.72,1111.027146
300,2,1373.43,9368.44,11261.56,385.98,324.29,1182.848639
300,2,975.22,7158.08,8249.91,219.60,183.58,688.655508
300,2,1319.16,9364.72,11139.18,280.13,252.73,1241.599193
300,2,1019.99,7336.48,8548.96,244.96,194.42,773.097942
300,2,1027.94,8094.35,9519.99,304.81,238.90,881.926380
300,2,1217.69,9079.25,10857.23,327.21,297.96,1152.814693
300,2,939.03,7024.54,8295.61,255.72,228.80,786.550506
300,2,979.89,7365.92,8707.98,263.16,242.52,836.381582
300,2,1128.05,8287.20,9889.69,295.36,302.99,1004.135824
300,2,1510.28,10571.38,12227.67,300.39,226.34,1129.564285
300,2,1108.31,8569.09,9935.44,282.38,222.52,861.448393
300,2,1236.45,8922.78,10531.88,250.50,344.07,1014.522947
300,2,1030.84,7432.78,8882.32,273.23,206.89,969.415861
300,2,990.92,7153.25,8672.77,294.45,329.56,895.518248
300,2,820.57,6510.36,7839.26,237.68,193.17,898.057387
300,2,902.09,6660.60,7995.53,348.36,143.80,842.778248
300,2,986.83,7033.60,8354.32,302.44,182.67,835.610637
300,2,1219.30,8780.39,9971.40,195.23,201.75,794.037140
300,2,1328.84,9516.97,11025.40,331.65,233.06,943.715321
300,2,1267.17,9216.78,10736.06,272.64,327.38,919.270336
300,2,943.79,7104.07,8360.47,191.98,205.45,858.971932
300,2,1577.95,10914.75,12577.15,260.04,247.25,1155.119590
300,2,1072.39,8286.15,9837.99,315.73,269.38,966.721461
300,2,1309.02,9645.73,11235.96,244.68,263.07,1082.479959
300,2,1435.25,10044.90,11609.15,170.21,273.34,1120.697499
300,2,1465.80,10374.68,11874.31,275.60,308.91,915.123584
300,2,1042.58,7684.62,9280.55,355.88,252.28,987.766368
300,2,841.11,5975.82,7103.51,312.62,114.95,700.119033
300,2,1258.95,9609.86,11404.36,343.67,275.48,1175.354939
300,2,1077.21,7704.43,8971.52,307.09,199.11,760.898292
300,2,951.75,6990.55,8245.19,325.41,236.04,693.196824
300,2,1260.81,9409.99,10929.51,260.95,280.81,977.760985
300,2,1396.80,9771.06,11623.76,390.35,273.64,1188.709660
300,3,1386.15,10179.99,11996.44,316.94,238.30,1261.211659
300,3,1333.94,9604.87,11658.90,349.20,310.62,1394.211500
300,3,1566.35,11625.37,13823.55,291.92,293.95,1612.311624
300,3,1328.95,9810.81,11547.30,392.29,296.97,1047.229676
300,3,1758.64,12215.42,14696.58,329.05,435.86,1716.260753
300,3,1747.90,12498.77,14804.50,342.52,409.57,1553.630215
300,3,2074.28,14339.54,16749.34,335.01,376.82,1697.962017
300,3,1810.25,12955.95,15294.13,459.02,367.77,1511.394172
300,3,1605.07,11538.72,13589.52,405.56,272.30,1372.941292
300,3,1377.28,10036.99,12183.56,388.31,273.00,1485.258976
300,3,1654.84,12216.13,14116.74,430.99,297.64,1171.981488
300,3,942.35,7677.08,9353.34,325.65,270.55,1080.068045
300,3,1272.03,9857.60,11687.08,361.28,305.42,1162.778464
300,3,1532.50,11198.20,13394.57,349.32,391.69,1455.352382
300,3,1289.69,9948.58,11648.86,301.38,302.09,1096.808579
300,3,1533.86,11086.37,13363.06,360.61,355.07,1560.998200
300,3,1744.51,12483.47,14913.19,367.89,330.32,1731.509818
300,3,1786.21,12691.51,14699.06,344.93,421.51,1241.108413
300,3,1639.85,11707.87,13722.77,368.99,395.80,1250.112294
300,3,1783.23,12667.86,14911.75,326.24,353.40,1564.246074
300,3,1980.41,14870.72,17136.74,368.92,294.15,1602.951203
300,3,1679.25,12420.50,14450.98,370.55,235.04,1424.896137
300,3,1297.80,9991.13,12009.86,397.47,260.72,1360.539763
300,3,1508.46,10581.76,12827.62,433.98,347.27,1464.609834
300,3,1748.72,12879.18,15145.70,425.34,396.10,1445.087200
300,3,2011.24,14079.21,16155.44,354.69,394.09,1327.452331
300,3,1863.49,13335.76,15460.27,280.34,322.49,1521.681291
300,3,1803.81,13500.48,15588.26,366.28,346.76,1374.744683
300,3,1759.23,13216.48,15389.48,347.50,356.39,1469.110819
300,3,1626.52,11563.34,13772.18,338.52,385.71,1484.609875
300,3,1321.66,9862.30,11931.90,336.57,389.54,1343.495708
300,3,1697.01,11405.07,13615.88,458.71,327.14,1424.953352
300,3,2118.12,14437.10,16845.92,432.88,470.31,1505.631772
300,3,2155.08,14507.11,16784.39,512.24,345.46,1419.582291
300,3,1646.58,11530.84,13847.39,393.24,346.14,1577.166466
300,3,1250.44,9372.31,11165.41,535.42,238.00,1019.682100
300,3,1934.55,13650.13,15818.44,414.32,342.90,1411.082186
300,3,1512.12,11154.49,13035.07,300.41,305.08,1275.093708
300,3,1521.78,10882.52,12892.22,415.56,228.77,1365.369903
300,3,1122.76,8425.99,10241.41,314.28,290.07,1211.073621
300,3,1899.58,13751.87,15729.09,296.64,337.97,1342.617528
300,3,1155.05,8928.18,10646.12,386.86,246.53,1084.546851
300,3,1679.70,11290.42,13734.99,365.08,375.39,1704.088052
300,3,1695.64,12873.05,14811.78,421.42,330.29,1187.017629
300,3,1305.38,10006.63,11827.78,329.83,349.09,1142.232686
300,3,1695.06,12509.25,14947.28,352.59,421.38,1664.068183
300,3,1256.42,8935.55,10636.83,294.09,327.95,1079.240211
300,3,1909.19,13434.47,15567.71,353.21,348.76,1431.261516
300,3,1844.43,13169.16,15292.64,290.03,407.26,1426.199448
300,3,1158.33,8103.85,9940.03,388.25,302.03,1145.899306
300,3,1645.44,11753.50,13777.54,350.18,327.09,1346.767302
300,3,1415.13,10613.06,12589.03,331.28,296.60,1348.093215
300,3,1405.85,10041.91,12059.10,355.58,328.46,1333.153155
300,3,1680.07,12639.41,14712.49,298.21,344.95,1429.922689
300,3,1942.16,13560.71,15857.91,467.03,300.53,1529.647376
300,3,1429.62,10109.00,12346.48,459.40,344.72,1433.351999
300,3,1509.60,10883.18,13152.48,396.09,287.68,1585.534936
300,3,1377.50,9657.16,11975.15,450.46,373.69,1493.834779
300,3,1445.95,10672.67,12670.60,346.54,301.10,1350.297165
300,3,1728.97,12022.05,14019.47,434.86,269.59,1292.969604
300,3,1881.56,13077.58,15284.78,281.84,337.97,1587.388759
300,3,1524.96,11038.01,13079.30,295.60,347.60,1398.083850
300,3,1153.21,9064.52,10742.55,245.46,332.53,1100.034547
300,3,1295.83,8983.75,11017.44,487.01,293.56,1253.124922
300,3,1870.70,13674.49,15760.98,338.26,300.17,1448.068015
300,3,1650.06,11895.64,14093.69,330.13,415.09,1452.826079
300,3,2032.05,14067.86,16343.82,403.64,441.83,1430.491392
300,3,1559.42,10696.87,13054.84,325.74,335.15,1697.071463
300,3,1472.27,10660.59,12679.96,397.38,353.05,1268.935586
300,3,1572.53,11104.91,13478.58,304.58,381.27,1687.809947
300,3,1358.39,10248.83,12110.72,341.67,311.80,1208.404945
300,3,1325.58,10077.66,12204.44,454.02,281.71,1391.046152
300,3,1596.21,11817.70,13960.23,397.22,273.35,1471.956958
300,3,1241.40,8965.89,10862.91,326.00,297.58,1273.437100
300,3,1482.59,10646.65,12573.48,341.11,302.18,1283.538290
300,3,1535.54,10882.37,13067.64,431.26,315.96,1438.048275
300,3,1520.09,11143.11,13440.41,362.54,374.84,1559.920991
300,3,1542.00,10820.00,13033.51,481.04,270.88,1461.584995
300,3,1767.04,12480.36,14780.69,412.78,372.17,1515.383250
300,3,1402.53,10035.65,12119.06,321.80,366.06,1395.560583
300,3,1093.46,8398.10,10527.03,355.88,313.58,1459.463694
300,3,1076.96,7928.15,9781.68,354.19,245.81,1253.539073
300,3,1173.44,8806.15,10571.15,418.67,272.57,1073.765712
300,3,1264.34,9064.56,10964.68,251.67,338.44,1309.995838
300,3,1266.96,9199.11,10997.94,382.89,279.06,1136.887163
300,3,1557.74,10827.20,12951.39,404.51,341.31,1378.374380
300,3,1101.79,8391.98,10263.56,422.27,247.00,1202.302252
300,3,1532.84,11130.70,13235.90,346.40,349.42,1409.373823
300,3,1463.78,10422.81,12598.40,335.92,282.96,1556.706675
300,3,1643.48,11701.36,13924.92,327.40,359.72,1536.435758
300,3,1959.92,13681.25,16059.97,389.56,389.76,1599.392152
300,3,1958.29,13437.24,15923.64,495.67,364.52,1626.208827
300,3,1825.36,12761.53,14956.07,377.37,349.82,1467.343273
300,3,1797.70,12772.82,15003.88,318.48,333.85,1578.717680
300,3,1324.34,9389.91,11079.07,299.39,333.40,1056.364572
300,3,1810.58,12642.49,15037.88,397.09,337.72,1660.588730
300,3,1790.93,13418.69,15548.82,354.18,378.67,1397.279618
300,3,1177.25,8439.62,10092.90,350.90,239.17,1063.212419
300,3,1547.86,10849.11,13099.04,374.71,345.13,1530.089474
300,3,1793.28,12527.08,14946.77,333.14,352.93,1733.627970
300,4,1768.97,12633.51,15071.59,406.78,391.38,1639.912532
300,4,1838.88,13011.86,15504.23,339.16,375.71,1777.500622
300,4,1844.13,13474.02,16126.89,306.45,420.29,1926.130772
300,4,1634.48,11553.00,13859.59,468.83,372.84,1464.924721
300,4,2108.38,14413.27,17420.15,379.95,414.83,2212.110743
300,4,2038.42,14329.44,17161.00,437.76,442.92,1950.871352
300,4,2368.17,16641.60,19616.62,424.52,454.42,2096.083686
300,4,2438.69,16873.43,19664.52,377.97,352.48,2060.641181
300,4,1753.87,12570.94,15202.57,399.71,436.97,1794.953819
300,4,2081.02,14698.58,17321.52,392.81,427.53,1802.610409
300,4,1370.39,9771.24,12351.20,522.68,318.54,1738.741408
300,4,1103.57,8655.81,10829.12,428.35,315.88,1429.088583
300,4,1674.13,12033.81,14415.92,432.38,375.30,1574.430705
300,4,2005.56,14105.00,16779.24,360.06,384.90,1929.281824
300,4,1863.67,13516.18,15881.32,470.91,382.56,1511.668541
300,4,2148.19,15666.28,18514.21,424.00,491.41,1932.518676
300,4,2624.02,17581.63,20532.77,415.56,536.40,1999.187423
300,4,1736.58,12164.08,14778.01,508.58,355.64,1749.698844
300,4,1833.53,12974.96,15529.52,412.52,395.03,1747.010680
300,4,2506.90,17490.05,20415.65,585.19,430.40,1910.017141
300,4,2097.94,14606.26,17279.47,354.05,391.60,1927.547246
300,4,1844.99,13722.07,16644.93,580.89,332.91,2009.061326
300,4,2130.01,15536.31,18189.80,414.41,498.24,1740.838429
300,4,2144.11,15448.71,18008.30,394.80,463.10,1701.696124
300,4,1804.58,12789.68,15297.64,429.24,341.83,1736.894207
300,4,2099.58,15037.83,17744.03,357.74,421.60,1926.859127
300,4,1843.75,13192.18,15932.63,480.12,356.72,1903.602227
300,4,2166.31,15342.60,18055.26,418.20,438.88,1855.578659
300,4,2471.04,16433.16,19171.77,444.23,434.55,1859.821092
300,4,1975.91,13957.28,16756.43,400.29,360.95,2037.906905
300,4,1549.36,11597.31,14139.79,514.60,336.82,1691.066495
300,4,1718.89,12599.09,15268.71,500.98,395.99,1772.644610
300,4,1943.79,14448.89,17195.30,385.94,380.01,1980.463480
300,4,1841.78,12801.43,15525.27,491.60,356.69,1875.542347
300,4,2548.78,17820.63,20774.16,491.33,470.64,1991.552164
300,4,1975.32,14038.42,16412.77,508.58,442.65,1423.122348
300,4,2117.26,15767.44,18684.73,471.25,467.16,1978.873574
300,4,2043.86,14056.63,16526.12,465.02,426.47,1578.001270
300,4,1793.93,12787.31,15325.74,486.16,340.97,1711.303219
300,4,1617.46,11479.83,13798.11,432.53,381.84,1503.907111
300,4,1629.72,12152.33,14678.10,412.78,380.17,1732.816475
300,4,1412.85,10873.92,13104.47,534.67,315.72,1380.153914
300,4,2216.35,15351.80,18410.40,484.75,463.68,2110.163142
300,4,1863.30,13397.63,15961.20,461.01,444.81,1657.752885
300,4,1553.81,12039.96,14238.93,295.61,364.16,1539.198897
300,4,2081.62,14771.04,17882.91,489.33,510.19,2112.340867
300,4,1338.38,10593.38,12696.52,373.63,316.27,1413.236425
300,4,2232.66,16447.44,19268.23,451.09,441.32,1928.378416
300,4,2229.38,16439.85,19363.34,526.51,538.03,1858.951144
300,4,1551.86,11649.37,14044.91,461.91,320.99,1612.634954
300,4,1651.32,12257.84,14788.12,455.55,334.68,1740.053999
300,4,1814.27,13095.94,15606.60,459.72,353.67,1697.277133
300,4,1830.58,13118.91,15730.43,442.80,453.17,1715.552072
300,4,1550.34,11844.77,14418.08,469.75,363.45,1740.106946
300,4,1589.95,11836.44,14590.19,520.11,362.39,1871.247337
300,4,1774.18,12619.81,15183.45,462.59,363.28,1737.775660
300,4,1959.56,14412.37,17438.72,407.96,483.48,2134.907340
300,4,2273.71,15947.89,18832.61,497.05,400.04,1987.629821
300,4,1522.58,11304.41,13841.08,477.51,356.00,1703.163028
300,4,2092.66,14706.25,17250.90,439.42,362.39,1742.838292
300,4,2218.57,15787.33,18722.99,436.08,400.62,2098.963425
300,4,2014.39,14608.19,17369.29,537.64,380.72,1842.742309
300,4,1873.36,13340.40,15822.88,566.57,384.55,1531.363935
300,4,1746.32,13030.61,15731.23,430.51,386.40,1883.706546
300,4,2058.89,14619.35,17462.08,451.85,486.26,1904.621499
300,4,1835.26,13695.92,16170.62,465.13,339.31,1670.255600
300,4,1851.53,14038.68,16677.05,428.45,314.31,1895.609408
300,4,2382.04,16797.13,19739.05,497.56,485.05,1959.312066
300,4,1985.31,15001.62,17674.97,410.55,390.61,1872.180656
300,4,1960.42,14147.93,17229.85,536.20,460.91,2084.812296
300,4,1507.47,11055.32,13506.16,448.84,402.52,1599.481113
300,4,1934.12,13558.70,16212.23,464.70,400.16,1788.677898
300,4,2329.94,16007.49,18971.39,420.53,494.66,2048.715910
300,4,1574.23,10967.29,13431.42,406.19,403.27,1654.676018
300,4,1696.82,11924.11,14393.01,356.42,328.11,1784.366178
300,4,1550.07,11571.54,14343.28,632.10,294.35,1845.286757
300,4,2225.25,15222.68,18168.45,541.03,427.99,1976.753963
300,4,1868.78,13335.01,16048.32,510.32,413.17,1789.812411
300,4,1811.88,13019.90,15861.49,440.65,443.98,1956.969425
300,4,2283.69,16037.50,18884.34,505.14,407.69,1934.011443
300,4,1727.53,12775.10,15496.72,451.00,408.21,1862.405250
300,4,1787.43,12343.27,14637.63,325.03,307.13,1662.197867
300,4,1541.94,10696.65,13222.48,534.27,401.57,1589.999614
300,4,1890.71,13135.56,15516.20,415.78,345.23,1619.627801
300,4,1854.44,13473.27,15565.17,422.51,352.75,1316.635893
300,4,1865.63,13470.64,16114.71,491.31,405.91,1746.847830
300,4,1842.34,13550.01,16046.00,489.26,320.01,1686.721590
300,4,1819.70,12850.64,15559.61,379.95,480.64,1848.382528
300,4,1969.30,15253.10,17939.90,489.91,376.40,1820.480461
300,4,1764.01,12768.19,15556.47,438.25,372.28,1977.756190
300,4,2012.68,14288.26,17049.40,343.97,413.66,2003.513876
300,4,2383.58,16640.04,19714.85,448.25,459.55,2167.002539
300,4,2098.38,15153.16,17849.44,396.96,406.47,1892.850773
300,4,2277.23,16611.63,19448.13,506.42,451.54,1878.537463
300,4,1444.24,11342.28,13541.98,478.74,318.53,1402.431735
300,4,2180.85,15603.90,18538.60,452.23,481.16,2001.311113
300,4,1662.61,12090.13,14608.41,333.73,376.20,1808.351146
300,4,1499.76,11316.90,13430.13,413.65,367.37,1332.199281
300,4,2012.36,14671.07,17271.42,430.06,358.15,1812.145516
300,4,2130.96,14776.39,17896.94,409.25,485.98,2225.321375
300,5,2076.34,14369.16,17308.45,398.74,399.31,2141.252747
300,5,2013.48,14177.35,17690.92,585.69,492.47,2435.412003
300,5,2192.58,15657.43,18835.35,497.06,499.30,2181.560350
300,5,1850.29,13941.01,16544.01,560.92,405.08,1636.994207
300,5,2414.99,16432.83,20489.00,661.06,532.59,2862.519099
300,5,2041.41,14618.31,18021.93,638.87,436.70,2328.059355
300,5,2684.16,18998.67,22513.16,505.63,448.46,2560.386759
300,5,2659.86,19222.68,22721.89,525.27,552.13,2421.803456
300,5,2322.38,16362.61,19594.60,595.67,544.13,2092.186666
300,5,1540.85,11711.11,14839.20,575.96,382.14,2169.989416
300,5,2090.51,14976.71,18138.12,606.31,414.08,2141.020782
300,5,1655.22,11847.47,14691.47,602.52,400.04,1841.441927
300,5,1780.50,12551.10,15674.14,596.57,462.30,2064.175423
300,5,1938.27,14367.75,17800.11,578.66,457.46,2396.232225
300,5,1737.05,12883.27,15825.77,580.19,401.91,1960.407535
300,5,2057.22,15090.58,18354.90,468.70,406.54,2389.078720
300,5,3131.38,21573.85,25298.54,584.97,590.30,2549.418582
300,5,2425.28,17428.60,20677.24,612.03,447.84,2188.771883
300,5,2616.57,18210.84,21328.14,387.46,507.83,2222.018891
300,5,2544.14,17938.70,21496.04,584.50,519.36,2453.482189
300,5,2178.67,15517.49,18923.79,588.86,419.04,2398.404155
300,5,2490.33,17837.22,21033.93,498.58,491.57,2206.569722
300,5,2198.51,15600.99,18787.46,478.96,446.79,2260.711635
300,5,1616.71,12445.04,15520.98,505.95,423.40,2146.588934
300,5,2395.85,16356.64,19758.48,588.48,552.52,2260.838711
300,5,2389.56,17271.63,20549.85,558.52,485.77,2233.929928
300,5,2469.24,17077.49,20478.31,565.95,480.45,2354.428333
300,5,2153.99,15967.67,19420.25,519.01,491.76,2441.804161
300,5,2514.63,17018.27,20324.88,602.93,512.41,2191.280414
300,5,2494.04,17709.54,21118.61,566.48,550.76,2291.825620
300,5,1608.48,11980.68,14868.55,554.40,412.51,1920.964141
300,5,2229.52,15656.31,18868.92,611.60,486.85,2114.155991
300,5,2209.11,15948.10,19213.82,621.41,514.59,2129.723481
300,5,2517.24,17604.19,21092.16,620.57,544.70,2322.701073
300,5,1878.27,13362.15,16628.57,475.34,381.96,2409.109094
300,5,1747.34,12478.87,15222.79,526.66,474.92,1742.339731
300,5,2242.02,15893.77,19327.65,610.36,519.12,2304.394443
300,5,1745.47,12945.85,15744.16,441.36,408.82,1948.134094
300,5,1553.75,11540.05,14428.68,505.74,411.33,1971.555013
300,5,1832.47,13294.00,16248.84,645.61,422.71,1886.519160
300,5,2229.10,15963.79,18976.10,561.89,468.24,1982.180406
300,5,1642.07,12195.67,15033.91,660.35,371.31,1806.578588
300,5,2563.58,18098.46,21869.93,627.45,504.55,2639.472123
300,5,2291.93,16627.02,19763.84,485.28,476.37,2175.169408
300,5,1713.65,13174.92,16249.06,637.67,374.55,2061.920783
300,5,3060.16,21301.74,25097.74,567.60,655.93,2572.462439
300,5,2114.45,15583.08,18430.72,504.28,522.21,1821.155589
300,5,2172.93,14500.82,17907.58,556.51,487.93,2362.326457
300,5,2394.21,17642.01,21093.94,504.47,444.89,2502.571174
300,5,2150.01,14920.11,18044.02,520.06,575.92,2027.924723
300,5,2302.07,16153.06,19379.33,609.11,509.60,2107.562848
300,5,2092.51,15248.94,18312.39,510.88,459.02,2093.544034
300,5,2153.57,15637.26,18788.83,566.83,530.00,2054.735601
300,5,2153.47,15409.32,18545.74,563.11,450.69,2122.612873
300,5,2841.01,19197.39,22741.14,596.70,525.75,2421.295713
300,5,2286.11,15766.47,18883.18,549.28,449.64,2117.792467
300,5,2450.23,17099.67,20469.07,521.82,503.26,2344.326180
300,5,2725.97,18928.76,22387.94,571.87,589.07,2298.235683
300,5,2019.92,14836.49,17958.85,700.57,451.94,1969.841552
300,5,1966.33,13931.76,16989.26,572.38,431.88,2053.239723
300,5,2457.32,16969.18,20714.02,603.15,674.86,2466.832651
300,5,2718.72,18550.98,21987.01,739.93,476.99,2219.101309
300,5,1990.34,14172.66,16946.07,538.59,371.37,1863.451434
300,5,2040.66,14906.79,17984.35,592.32,391.52,2093.729265
300,5,2373.14,17585.32,20642.97,453.67,471.63,2132.343530
300,5,2322.81,16552.87,19882.36,645.08,525.91,2158.500795
300,5,2376.11,16370.63,19719.46,486.03,519.69,2343.115084
300,5,2496.18,16707.71,20073.36,456.04,575.10,2334.510140
300,5,2222.80,16229.94,19718.33,583.89,468.28,2436.225054
300,5,2462.45,17378.41,20873.49,500.04,504.27,2490.761667
300,5,1829.22,13035.08,15947.39,557.29,397.76,1957.259365
300,5,1952.85,13794.73,17047.31,579.03,438.56,2234.986761
300,5,2013.81,15291.58,18650.86,580.50,431.08,2347.705162
300,5,1954.27,14005.37,16976.98,532.89,407.98,2030.746371
300,5,2074.41,14225.98,17497.19,587.33,424.30,2259.575366
300,5,2333.84,16835.75,20370.19,609.40,489.53,2435.512536
300,5,2457.98,16091.63,19688.04,575.12,530.43,2490.858038
300,5,1993.64,14427.82,17393.16,466.09,436.71,2062.535646
300,5,2420.30,17823.22,21365.89,619.45,503.40,2419.821226
300,5,2153.94,16491.29,19731.22,478.58,450.19,2311.155033
300,5,2207.64,14539.41,17767.71,628.71,440.66,2158.931963
300,5,1429.32,10575.95,13355.78,470.27,324.57,1984.993287
300,5,1809.29,13131.74,16136.96,552.02,476.32,1976.876172
300,5,1807.56,13696.17,16639.99,541.93,381.53,2020.370107
300,5,1865.62,14058.58,16631.40,478.11,437.79,1656.931102
300,5,2135.81,14900.67,18367.33,669.31,534.74,2262.602223
300,5,1767.91,12447.70,15223.91,548.54,361.70,1865.968441
300,5,1660.56,11888.73,14783.43,551.04,452.25,1891.401244
300,5,1733.63,12731.73,15730.86,485.04,420.66,2093.429053
300,5,2080.75,14754.68,18085.45,544.23,503.29,2283.239112
300,5,2607.79,18472.24,22019.05,586.71,567.85,2392.248579
300,5,3003.83,19973.60,23702.06,636.47,573.72,2518.271183
300,5,1965.36,13115.44,16569.08,598.60,503.21,2351.834140
300,5,2361.13,16709.87,20283.75,607.72,504.29,2461.863768
300,5,2171.70,15562.43,18257.94,473.46,406.88,1815.170144
300,5,2259.71,16259.89,19545.19,553.05,463.33,2268.915915
300,5,1516.92,11798.84,14600.49,619.62,240.39,1941.644369
300,5,1963.05,14251.33,17311.13,664.66,504.85,1890.287855
300,5,1614.14,12486.56,15684.19,645.22,412.35,2140.056895
300,5,2807.12,19382.51,22928.51,431.80,508.68,2605.523846
300,6,2066.56,15829.81,19333.54,576.22,433.04,2494.470864
300,6,2932.10,20879.74,24948.97,621.61,650.29,2797.334554
300,6,2716.55,18863.11,22731.66,626.11,586.27,2656.156837
300,6,2029.50,15760.31,19244.21,721.91,438.40,2323.585138
300,6,3272.55,22401.00,27043.87,737.41,704.32,3201.137761
300,6,2131.57,15942.82,19739.79,664.81,506.38,2625.781336
300,6,3226.14,22939.49,26997.00,650.20,501.49,2905.826720
300,6,2582.54,17737.88,21835.65,740.17,510.38,2847.226111
300,6,2312.01,16548.21,20300.16,760.59,511.80,2479.553119
300,6,2249.48,16316.76,20038.85,699.35,522.35,2500.388563
300,6,2092.32,16192.71,19765.72,601.38,385.00,2586.633882
300,6,2018.16,14092.79,17439.00,600.65,442.01,2303.540416
300,6,2462.97,18057.77,21627.54,545.26,509.45,2515.055818
300,6,2594.19,19166.03,23353.92,784.63,522.72,2880.539022
300,6,1809.12,13478.58,17080.36,619.55,437.27,2544.962489
300,6,2247.07,15747.73,19426.88,571.37,501.46,2606.317229
300,6,2467.11,17208.90,21577.77,774.87,524.93,3069.064329
300,6,2527.80,18098.96,21789.03,581.22,571.08,2537.759604
300,6,2256.15,16620.55,20409.75,728.72,545.92,2514.556946
300,6,2878.40,19839.71,23875.22,629.95,489.32,2916.242299
300,6,2952.10,20963.02,24666.75,611.25,525.75,2566.733884
300,6,2295.22,17483.01,21121.63,541.17,559.24,2538.204394
300,6,2155.88,15517.19,19057.71,560.27,547.60,2432.648982
300,6,2688.43,18875.67,22461.81,666.05,513.61,2406.481908
300,6,2638.48,19286.17,23338.80,815.62,523.94,2713.072655
300,6,2531.01,18782.92,22566.67,673.31,526.56,2583.872109
300,6,2549.95,18520.67,22303.41,603.20,529.62,2649.922529
300,6,2661.13,19454.49,23617.86,744.66,515.61,2903.089124
300,6,2973.10,20898.74,24782.24,605.06,560.89,2717.552992
300,6,2437.40,17907.58,21465.00,572.91,463.87,2520.647475
300,6,2216.37,16121.99,19808.85,718.29,494.25,2474.328218
300,6,2296.52,17661.63,21169.43,697.03,427.19,2383.579719
300,6,2825.50,19026.80,22995.92,691.20,606.89,2671.027615
300,6,2852.54,19966.77,23577.24,485.96,487.49,2637.015806
300,6,3031.25,21407.00,25454.02,714.06,635.36,2697.604422
300,6,2330.99,17386.70,20669.69,662.91,460.31,2159.763462
300,6,2419.45,17762.19,21638.30,652.56,553.35,2670.211197
300,6,2373.82,16596.38,20251.73,689.08,414.25,2552.014940
300,6,1989.14,13966.59,17558.75,699.06,530.85,2362.257924
300,6,2094.34,15190.06,18361.49,542.59,445.38,2183.454290
300,6,1722.67,13563.27,16802.85,695.51,368.59,2175.476677
300,6,2079.13,15329.72,18560.95,584.75,424.37,2222.108882
300,6,2362.01,15813.69,20139.26,706.81,562.14,3056.620095
300,6,2561.81,18798.34,22434.84,565.06,507.19,2564.249884
300,6,2183.62,14920.32,18235.65,606.25,508.39,2200.702263
300,6,3027.79,21291.68,25660.08,647.08,602.53,3118.791438
300,6,2387.34,17247.23,20526.41,464.02,484.81,2330.348632
300,6,2205.83,16227.13,19986.62,655.37,455.79,2648.325189
300,6,2482.18,16628.66,20659.72,630.30,587.65,2813.108914
300,6,2442.14,17117.51,20767.63,789.00,505.39,2355.722721
300,6,2719.77,20393.73,24172.30,603.61,525.00,2649.966072
300,6,3256.62,22297.05,26186.30,612.86,660.68,2615.716445
300,6,1951.60,13717.61,17513.61,631.29,539.20,2625.514983
300,6,1983.50,14896.76,18455.64,595.79,442.58,2520.509534
300,6,2664.33,19336.65,23454.21,722.96,593.09,2801.515616
300,6,2468.25,18416.29,22277.87,780.56,586.52,2494.501386
300,6,1887.58,14120.82,17751.47,625.15,345.92,2659.591693
300,6,2631.06,18567.92,22373.12,615.41,491.82,2697.962134
300,6,3018.47,21538.54,25176.67,544.16,596.18,2497.795094
300,6,2472.09,17174.35,20655.46,539.70,492.48,2448.929471
300,6,2173.27,16278.72,20430.15,657.82,497.64,2995.962194
300,6,2229.34,15370.98,19088.65,641.41,458.25,2618.009408
300,6,2426.40,17731.80,21136.90,661.68,474.59,2268.836287
300,6,2548.02,17194.23,21037.69,846.79,500.41,2496.259639
300,6,2341.76,16238.79,19982.09,694.37,575.36,2473.565535
300,6,2573.15,18215.34,22155.58,661.60,551.54,2727.094713
300,6,3352.29,22856.63,27020.06,726.32,663.86,2773.260157
300,6,2993.03,20418.30,24206.24,622.98,502.55,2662.402680
300,6,2828.53,19270.64,23225.40,639.17,617.18,2698.406291
300,6,2459.04,18490.41,22540.39,694.41,540.34,2815.231941
300,6,1742.25,12596.82,15956.29,652.73,465.59,2241.144937
300,6,2725.41,19019.44,23095.05,814.12,570.11,2691.385148
300,6,2687.52,19164.88,23265.67,776.49,597.76,2726.549284
300,6,2268.16,15524.11,19245.04,747.10,508.75,2465.080592
300,6,2412.44,17253.07,21037.75,661.23,514.38,2609.072076
300,6,2091.29,15390.35,19514.26,781.02,473.32,2869.570534
300,6,2467.52,17143.22,20938.44,634.24,482.46,2678.522195
300,6,2421.31,17471.41,21013.86,588.15,514.18,2440.115323
300,6,2941.22,21153.89,25205.32,716.93,458.91,2875.592987
300,6,2537.12,17378.09,21143.09,603.21,536.87,2624.911829
300,6,2425.45,16737.93,20466.85,529.74,536.86,2662.325530
300,6,2135.70,15198.02,18640.55,482.81,549.26,2410.458884
300,6,2444.13,18384.99,21761.45,641.65,482.03,2252.785660
300,6,2087.86,14439.55,17870.89,566.51,506.72,2358.113552
300,6,1866.98,13641.65,16493.14,502.10,414.49,1934.903052
300,6,2818.63,19587.56,23717.93,746.73,601.56,2782.080233
300,6,2331.37,15960.46,19398.97,627.79,572.26,2238.467154
300,6,2405.11,17468.88,21190.37,568.32,513.23,2639.949676
300,6,1863.59,14013.70,17609.84,625.80,489.43,2480.908123
300,6,2278.57,15738.31,19448.59,465.22,524.91,2720.145425
300,6,2330.89,17268.51,21216.36,679.39,490.24,2778.223242
300,6,2128.41,15271.46,19082.38,562.75,449.99,2798.188448
300,6,2049.26,14796.44,18382.21,693.34,399.04,2493.397615
300,6,2670.43,17763.20,21946.77,815.08,556.42,2812.069040
300,6,2283.64,16044.07,19433.65,711.32,459.28,2218.988726
300,6,2665.65,19706.39,23465.25,715.30,445.52,2598.043833
300,6,2438.09,17277.79,20688.73,614.94,513.71,2282.282917
300,6,1694.46,11861.31,14994.67,632.55,449.22,2051.591315
300,6,2344.30,17624.25,21461.18,759.79,477.31,2599.823358
300,6,1962.66,14179.49,18053.23,631.22,468.51,2774.009723
300,7,2357.50,16774.28,20955.07,797.99,478.65,2904.155325
300,7,3457.79,22896.74,27620.43,789.43,735.17,3199.089460
300,7,2741.79,18830.64,23288.21,751.60,660.80,3045.170362
300,7,2477.54,17061.85,21301.61,821.16,595.24,2823.363828
300,7,3895.04,26616.92,31847.38,864.86,811.36,3554.232067
300,7,2513.25,16556.59,20806.64,744.20,619.38,2886.478969
300,7,2507.70,18602.44,23204.01,776.63,565.15,3259.794303
300,7,2032.87,14655.19,19005.12,863.84,475.86,3010.224463
300,7,2624.24,19264.78,23371.13,805.16,614.08,2687.109298
300,7,2887.50,20745.15,25019.43,664.23,689.93,2920.126479
300,7,2846.89,20504.01,24700.74,644.88,598.77,2953.086048
300,7,1954.84,15447.51,19246.53,800.44,443.55,2555.035354
300,7,3471.35,24208.76,28658.12,801.57,681.61,2966.184751
300,7,2552.80,18549.43,23221.60,863.26,551.19,3257.726592
300,7,2238.30,15979.05,20102.20,880.04,496.93,2746.180172
300,7,2872.23,20481.35,25053.11,828.49,661.99,3081.288237
300,7,2711.34,18986.72,23700.81,850.58,497.71,3365.791983
300,7,3265.83,22883.22,27523.17,932.61,646.18,3061.160212
300,7,3079.25,21871.65,26301.49,990.92,636.81,2802.112750
300,7,2899.54,21012.64,25364.68,707.38,516.59,3128.069509
300,7,3029.47,21487.75,25768.42,617.23,657.48,3005.960369
300,7,2835.86,20887.25,25225.73,783.73,609.34,2945.405136
300,7,2399.86,17855.67,21879.39,635.76,497.71,2890.255305
300,7,2017.03,14436.07,18670.04,958.39,458.33,2817.250101
300,7,3178.05,21964.81,26504.45,888.36,633.80,3017.477520
300,7,3256.57,22507.04,26807.69,705.00,602.26,2993.385516
300,7,3085.49,22037.80,26567.22,795.59,669.44,3064.393706
300,7,2200.85,15779.57,20052.65,657.31,526.82,3088.949832
300,7,2317.32,16634.50,20851.66,651.18,551.79,3014.197957
300,7,2754.62,18845.18,23411.76,986.42,678.75,2901.419331
300,7,2452.17,17060.00,21209.25,752.22,612.70,2784.326869
300,7,2568.01,18234.16,22552.08,858.35,590.38,2869.183233
300,7,2233.60,16312.73,20375.59,750.82,459.84,2852.196160
300,7,2764.84,19204.66,23562.23,694.27,581.70,3081.599393
300,7,2586.00,18692.05,23129.31,738.07,582.31,3116.869178
300,7,2393.45,17462.86,21466.21,781.58,591.17,2630.595927
300,7,2909.51,20930.05,25254.97,700.81,507.82,3116.284086
300,7,3180.26,21914.59,26432.15,797.16,677.43,3042.961135
300,7,2817.80,19054.46,23131.44,768.64,667.59,2640.741558
300,7,2060.55,15678.25,19427.94,752.67,474.21,2522.812928
300,7,2376.41,17343.23,21243.58,864.25,516.53,2519.566201
300,7,2462.81,18651.18,22293.97,611.72,551.85,2479.213857
300,7,3195.47,21169.58,26093.15,768.13,643.07,3512.359882
300,7,2711.81,18770.16,23282.33,866.20,640.11,3005.862242
300,7,2020.28,14160.52,18278.21,839.74,561.94,2716.016156
300,7,2951.59,19687.31,24580.39,776.65,613.56,3502.874019
300,7,2342.33,16728.57,20808.25,717.89,631.72,2730.066079
300,7,3044.98,20951.42,25550.41,890.09,720.71,2988.189916
300,7,2624.87,19615.29,24135.64,716.13,563.71,3240.520233
300,7,2485.01,17361.49,21582.85,791.37,613.09,2816.889306
300,7,2747.30,19076.04,23624.57,727.16,687.40,3133.955668
300,7,3177.35,21355.02,25749.30,776.37,621.47,2996.441586
300,7,2221.88,16268.96,20347.55,791.81,538.12,2748.656517
300,7,2620.74,18430.42,22841.56,799.35,627.65,2984.138414
300,7,2603.99,18787.82,23150.38,645.28,530.12,3187.160760
300,7,2971.25,21444.52,25811.94,774.62,584.20,3008.596720
300,7,2424.02,16584.73,21124.36,830.69,591.88,3117.061869
300,7,2506.69,18253.06,22622.48,786.43,479.05,3103.945298
300,7,2809.24,20643.41,24921.21,691.67,576.46,3009.670660
300,7,2818.15,19767.40,24214.05,813.50,612.06,3021.079662
300,7,2989.18,20355.81,25097.33,736.57,683.76,3321.177705
300,7,2470.23,17248.43,21336.15,701.54,505.88,2880.303468
300,7,2203.18,16250.34,19851.05,636.95,510.69,2453.071802
300,7,2695.35,18683.28,23118.02,848.72,558.26,3027.764248
300,7,2175.23,16067.31,20024.16,709.66,520.86,2726.331649
300,7,3176.17,21827.49,26300.25,730.56,650.38,3091.817624
300,7,2974.93,20694.77,25216.44,598.61,651.96,3271.097986
300,7,2750.76,19289.71,23646.79,749.72,540.78,3066.576945
300,7,3630.41,26289.24,31136.99,911.42,683.30,3253.028684
300,7,2659.21,19178.48,23658.58,826.11,510.29,3143.700821
300,7,2829.20,19962.13,24094.47,702.08,631.53,2798.732893
300,7,2659.93,18721.38,23305.35,866.75,604.01,3113.204176
300,7,2717.35,19635.94,23991.60,778.82,544.66,3032.184117
300,7,2156.86,14322.96,18437.63,649.94,500.92,2963.808006
300,7,2358.46,17151.60,21318.45,735.88,508.32,2922.654334
300,7,2757.92,19289.94,23544.15,615.03,599.58,3039.598311
300,7,2668.11,19586.53,23763.31,661.86,591.51,2923.417253
300,7,2596.52,19481.24,23728.33,747.56,574.59,2924.940912
300,7,2764.89,19952.10,24534.84,646.26,576.18,3360.293493
300,7,2200.56,15454.80,19656.43,749.58,563.06,2888.986126
300,7,2837.92,19889.97,24347.53,721.10,626.78,3109.670600
300,7,2985.35,20777.01,25219.50,779.08,674.31,2989.097786
300,7,2875.78,20566.40,24544.67,651.06,539.63,2787.576163
300,7,2695.62,18262.01,22074.06,672.61,615.44,2523.995004
300,7,2730.05,18787.06,22406.84,658.18,614.56,2347.035675
300,7,3025.72,20953.53,25444.39,796.41,536.87,3157.577028
300,7,2675.71,19613.86,23533.88,753.63,628.78,2537.613999
300,7,2629.11,18480.04,22724.72,697.02,557.75,2989.911617
300,7,3077.42,21152.78,25619.87,836.20,681.55,2949.344544
300,7,2794.38,20591.56,24736.85,683.55,542.03,2919.695101
300,7,2483.21,17428.76,21853.87,711.96,485.08,3228.071824
300,7,3181.50,21742.02,26402.66,755.90,667.48,3237.256418
300,7,1955.31,14082.80,18096.27,621.14,480.08,2912.251805
300,7,3140.64,21217.82,25876.49,709.84,716.65,3232.176929
300,7,2145.83,15455.94,19024.67,533.43,519.47,2515.832226
300,7,2921.31,19893.93,24297.47,721.22,612.90,3069.418708
300,7,2411.07,17127.64,21094.06,800.22,617.22,2548.974681
300,7,2032.91,14520.94,18377.11,650.56,535.11,2670.492812
300,7,2260.95,15599.15,19940.42,723.04,637.81,2980.409412
300,7,2941.78,20411.77,24765.18,742.37,521.40,3089.648353
300,8,2562.77,19530.06,24231.06,901.64,604.19,3195.175997
300,8,3032.46,20339.93,25173.46,723.56,642.39,3467.575287
300,8,2256.16,16892.67,21617.93,840.38,556.68,3328.205423
300,8,2803.03,19686.35,24256.14,929.18,596.59,3044.015273
300,8,3607.74,25560.53,31161.53,842.35,738.00,4020.652995
300,8,3049.18,21436.79,26231.44,818.60,712.05,3264.005697
300,8,3115.81,21430.07,26519.41,923.52,596.80,3569.022546
300,8,2906.98,20790.39,25579.73,748.10,633.70,3407.538421
300,8,2506.23,17487.02,22147.85,818.37,613.17,3229.299476
300,8,3218.68,22475.53,27285.68,846.79,705.47,3257.892578
300,8,2794.73,19799.07,24312.18,754.55,646.91,3111.655501
300,8,2353.43,17713.57,22073.28,933.82,526.07,2899.824295
300,8,3140.49,22454.02,27178.63,718.61,613.28,3392.717158
300,8,3085.37,21231.60,26278.63,900.21,649.52,3497.297106
300,8,2293.84,15836.45,20428.91,974.63,526.84,3091.000574
300,8,3136.38,22282.26,27073.02,881.04,602.66,3307.061989
300,8,3479.12,24500.47,29920.24,907.39,606.12,3906.266115
300,8,3044.71,21168.41,26336.24,950.13,693.09,3524.614156
300,8,2327.51,16373.65,20888.90,763.94,630.60,3120.710535
300,8,3469.01,25117.55,30265.58,961.42,629.31,3557.306771
300,8,2418.83,16907.07,21729.83,857.67,603.64,3361.455130
300,8,3236.53,22429.45,27559.25,888.50,670.37,3570.924435
300,8,3338.99,24501.87,29425.82,849.23,669.83,3404.891288
300,8,2497.01,17893.45,22613.05,864.50,616.23,3238.869013
300,8,3402.11,23063.39,28045.72,914.62,715.79,3351.920216
300,8,2318.19,16272.90,20942.88,897.05,524.27,3248.664849
300,8,2980.28,21028.58,25738.61,869.52,648.27,3192.251513
300,8,3143.19,21927.70,26548.10,829.63,641.45,3149.319706
300,8,3166.28,21957.58,26923.76,878.00,629.12,3459.054111
300,8,3950.50,27174.86,32391.58,1005.18,741.32,3470.221819
300,8,2289.25,16450.59,21353.00,811.69,612.40,3478.311157
300,8,2476.47,18869.89,23423.60,848.75,545.52,3159.442929
300,8,2840.37,20121.64,24979.76,937.76,735.22,3185.138142
300,8,2855.36,20238.42,24772.98,897.19,526.13,3111.248008
300,8,3047.06,20756.68,25777.99,865.89,611.27,3544.156258
300,8,3092.57,21943.87,26268.62,700.95,690.26,2933.544988
300,8,2778.29,19191.88,24340.82,916.47,755.33,3477.152483
300,8,2240.71,16171.92,20908.30,960.24,447.57,3328.574353
300,8,2408.34,17412.00,22084.96,840.22,620.07,3212.669588
300,8,2709.49,19099.23,23683.49,952.88,595.28,3036.089229
300,8,2557.65,17476.86,21999.17,949.58,612.54,2960.196233
300,8,2025.68,15455.80,19530.63,814.34,484.15,2776.329355
300,8,3541.62,23794.00,29406.78,886.11,749.24,3977.428268
300,8,2771.63,19457.53,24254.15,1061.77,586.14,3148.708250
300,8,2572.53,18442.08,22937.36,826.90,655.99,3012.399042
300,8,3005.77,20740.10,26213.06,939.88,623.84,3909.235504
300,8,2554.54,18199.00,22956.26,951.83,610.64,3194.785022
300,8,3383.15,22795.29,27755.56,869.20,714.58,3376.486041
300,8,3148.80,22686.55,28101.93,936.34,692.67,3786.384185
300,8,3134.07,21057.56,25701.72,819.87,680.37,3143.923793
300,8,3086.45,21713.57,26552.05,825.30,711.71,3301.462146
300,8,2888.67,20140.33,24828.90,799.29,657.19,3232.084671
300,8,3302.91,22775.20,27630.97,965.67,617.29,3272.801672
300,8,2651.48,20019.32,24968.17,1006.55,528.82,3413.482855
300,8,3379.73,22673.45,27868.74,798.49,740.43,3656.362268
300,8,2743.70,19513.41,24197.05,938.91,539.47,3205.263648
300,8,3288.88,22524.42,27655.20,886.17,786.07,3458.544254
300,8,3072.32,20792.09,25585.68,795.95,648.75,3348.875130
300,8,3374.07,22999.95,28327.72,975.89,826.37,3525.515741
300,8,3034.13,21532.48,26172.90,803.29,599.20,3237.923125
300,8,3625.69,24369.69,29836.89,902.33,838.74,3726.131261
300,8,2855.80,20301.58,25037.46,924.63,615.83,3195.417911
300,8,3012.81,22229.35,26415.76,703.70,672.16,2810.549057
300,8,2995.80,20922.56,25878.27,1003.55,650.85,3301.303607
300,8,3240.78,22221.22,26960.21,882.56,743.06,3113.362681
300,8,2723.17,19948.99,24939.59,814.31,524.09,3652.204179
300,8,2679.31,19451.72,24368.44,706.96,618.94,3590.821914
300,8,3100.89,21050.66,25925.63,795.98,643.99,3434.989998
300,8,2802.74,20436.91,25281.81,676.09,637.63,3531.174133
300,8,3242.26,22069.30,27330.20,889.56,695.48,3675.854154
300,8,2438.02,17498.91,21957.60,907.11,546.83,3004.739392
300,8,2991.16,20878.11,25898.90,764.02,753.69,3503.079099
300,8,3130.32,22025.26,26861.07,753.77,660.10,3421.937311
300,8,3371.28,22957.68,27901.73,946.73,778.22,3219.100391
300,8,2989.32,20950.90,25817.72,1005.23,598.64,3262.948864
300,8,3144.93,21659.67,26875.49,864.53,661.20,3690.088337
300,8,3033.11,21294.10,26082.35,794.37,700.65,3293.235516
300,8,2894.39,19509.33,24134.49,824.57,573.92,3226.664469
300,8,3655.98,25164.03,30871.08,988.40,780.44,3938.218812
300,8,2629.57,19752.94,24833.08,818.89,660.52,3600.731513
300,8,3307.08,23950.61,29070.56,945.51,689.85,3484.588856
300,8,3422.48,23700.97,28836.54,920.86,779.22,3435.484965
300,8,3448.58,23864.53,28764.48,827.26,697.77,3374.921286
300,8,2728.06,18581.70,23088.13,883.04,705.67,2917.718729
300,8,2404.74,17198.48,21154.20,719.97,576.89,2658.863867
300,8,3332.54,23449.84,28407.62,865.93,690.19,3401.643945
300,8,2812.55,20369.70,24791.04,900.15,650.57,2870.624697
300,8,3317.49,23516.31,28376.97,789.61,669.87,3401.175504
300,8,3060.15,21860.13,26807.91,985.87,560.64,3401.268177
300,8,2645.62,19568.15,24358.09,863.26,548.48,3378.195946
300,8,3129.87,21215.40,26272.30,850.08,607.43,3599.391274
300,8,3442.79,25176.20,30466.02,941.60,719.83,3628.390436
300,8,3136.22,20992.46,25833.16,856.18,642.54,3341.979167
300,8,2830.72,18577.16,23427.62,680.28,658.61,3511.571925
300,8,2469.62,17642.98,22253.44,864.32,604.68,3141.458710
300,8,2868.49,19949.46,25151.54,1016.14,597.08,3588.856980
300,8,2540.98,18159.96,22507.33,832.79,586.34,2928.233594
300,8,2569.67,19073.72,23478.04,864.51,609.06,2930.751143
300,8,2969.58,20905.28,26084.59,1009.12,613.43,3556.762255
300,8,2747.48,18520.10,23300.09,805.53,512.65,3461.810241
300,9,3282.34,23724.32,28704.96,908.24,671.32,3401.089701
300,9,3754.81,25136.13,31084.32,1125.53,751.66,4071.006935
300,9,3333.02,22861.35,28154.38,924.76,721.75,3646.515544
300,9,2754.26,18681.77,23557.30,854.91,677.71,3342.918551
300,9,2980.99,20388.49,26434.95,999.42,752.07,4294.968240
300,9,2648.71,18211.69,23575.22,966.97,635.08,3761.479613
300,9,2890.39,20296.11,25942.60,980.60,622.82,4043.072960
300,9,3782.40,25688.25,31317.00,1129.64,777.52,3721.592076
300,9,3177.96,23067.35,28317.19,991.89,729.14,3528.816691
300,9,3051.74,21329.40,26541.75,954.50,691.46,3566.390836
300,9,3047.45,22205.53,27146.42,995.39,597.83,3347.676459
300,9,2649.65,18228.22,23414.27,1050.83,668.65,3466.571418
300,9,2889.80,20529.01,25781.16,855.99,679.38,3716.788256
300,9,3003.89,21262.86,26774.58,937.09,597.75,3976.888634
300,9,3520.70,23906.01,29597.32,1068.03,904.47,3718.809299
300,9,3567.21,24737.42,30014.28,890.12,793.27,3593.477539
300,9,3802.31,26604.69,32280.12,1069.60,681.11,3924.725010
300,9,2681.48,18817.69,23885.73,809.59,574.69,3683.762444
300,9,2713.65,19066.44,24353.10,981.62,710.39,3594.649909
300,9,3921.93,27251.99,32864.82,881.60,748.87,3982.352910
300,9,3664.10,25904.65,31334.48,928.74,732.41,3768.679455
300,9,3842.45,26198.36,32111.03,1180.29,870.46,3861.915091
300,9,2865.64,19795.67,25007.42,870.76,659.26,3681.716895
300,9,2661.84,19183.25,24122.54,955.76,579.08,3404.446220
300,9,3236.62,22705.07,28335.24,1059.11,638.18,3932.878321
300,9,2699.63,19514.05,24707.98,1052.59,617.14,3524.189071
300,9,2633.04,18345.25,23713.80,950.36,637.25,3780.940781
300,9,3725.59,25306.79,31111.78,1092.88,840.00,3872.110958
300,9,3406.35,22602.55,28180.71,1061.76,771.42,3744.985208
300,9,3037.23,20496.86,25989.48,995.96,651.47,3845.182874
300,9,3068.26,21572.18,26950.26,976.16,800.16,3601.761196
300,9,2971.71,20692.70,26031.34,1074.20,740.88,3523.556414
300,9,3172.18,22093.89,27553.17,995.48,698.96,3764.844063
300,9,2654.56,18076.17,22991.14,776.49,562.81,3575.671128
300,9,3714.55,26185.53,31669.66,935.20,711.02,3837.904766
300,9,2917.58,20737.16,25573.50,903.65,681.42,3251.272072
300,9,3093.17,23074.64,28411.32,959.84,741.38,3635.464509
300,9,2954.04,19732.74,25312.16,1027.77,739.97,3811.686447
300,9,2552.79,18321.64,23105.45,911.33,554.86,3317.621121
300,9,2850.27,19686.68,24967.16,1050.33,688.49,3541.652099
300,9,2545.32,18342.25,23262.52,1105.30,608.46,3206.497202
300,9,2237.66,16410.20,21121.21,1009.22,624.98,3076.817460
300,9,3842.31,25574.92,32002.89,1059.71,869.67,4498.586527
300,9,3173.29,21749.90,27112.31,1011.18,625.16,3726.070756
300,9,3492.24,24194.65,29540.93,1154.46,714.65,3477.169792
300,9,3104.07,20950.58,26743.22,944.30,693.10,4155.244499
300,9,2833.63,19666.88,24995.25,993.40,744.04,3590.943417
300,9,3373.18,23720.21,29258.21,1102.18,726.93,3708.898497
300,9,2876.14,21125.16,26885.40,945.01,660.96,4154.264857
300,9,3369.90,23492.89,28617.61,941.16,683.54,3500.013324
300,9,3502.96,24825.68,30444.51,1020.04,861.06,3737.730478
300,9,2959.79,20560.52,25607.18,979.16,604.54,3462.960155
300,9,2939.73,20138.87,25325.41,915.64,612.77,3658.129483
300,9,3244.38,22322.07,27883.92,1015.89,729.66,3816.291376
300,9,3539.94,23999.04,29414.67,788.91,793.73,3833.000025
300,9,3073.94,21815.10,27133.10,969.91,620.85,3727.232174
300,9,2775.91,19292.14,24531.12,1106.69,601.53,3530.764124
300,9,3733.29,25449.15,30868.59,791.30,747.80,3880.344841
300,9,3410.70,23596.57,28973.68,875.10,730.17,3771.844234
300,9,2834.01,20773.86,25852.28,959.54,505.72,3613.158618
300,9,2743.85,18674.39,24563.48,1145.72,759.65,3983.724734
300,9,2566.61,17979.20,23017.26,852.98,686.35,3498.730906
300,9,2784.10,20343.35,25528.07,1071.54,700.77,3412.407311
300,9,3322.03,24367.52,29588.49,935.66,569.71,3715.596301
300,9,2559.44,17638.31,23370.68,1245.08,712.73,3774.561837
300,9,3822.20,26264.63,31943.87,918.79,691.83,4068.615123
300,9,4031.77,28594.91,34040.35,949.63,688.21,3807.608034
300,9,3345.28,21831.95,27510.21,1082.60,768.37,3827.298791
300,9,3667.82,26429.07,31705.58,796.11,601.65,3878.758746
300,9,3106.61,21615.35,26993.96,811.83,562.77,4004.008925
300,9,3310.51,22765.39,27916.56,1012.90,761.38,3376.894910
300,9,2628.66,19667.51,24910.92,1010.97,607.79,3624.643888
300,9,3051.85,22520.01,27723.08,907.38,658.99,3636.702691
300,9,3140.91,22355.54,27615.68,995.98,696.84,3567.316885
300,9,2573.28,17877.46,23069.16,849.10,592.53,3750.064824
300,9,2542.47,17741.77,23043.03,912.68,562.29,3826.304774
300,9,3020.12,21304.46,26659.42,896.38,789.11,3669.470527
300,9,3168.17,21079.43,26373.44,955.01,658.61,3680.380055
300,9,3343.10,23385.17,29178.30,999.85,638.20,4155.079996
300,9,2359.41,16395.01,21754.07,928.33,533.95,3896.783655
300,9,2917.88,21336.88,26653.50,987.84,684.13,3644.654386
300,9,3082.88,20763.10,26217.78,1013.26,784.75,3656.673150
300,9,3219.79,22587.93,27954.48,893.09,714.63,3758.831498
300,9,3032.35,21064.98,25994.04,899.76,792.08,3237.222514
300,9,3271.24,22471.63,27139.27,956.84,786.95,2923.847923
300,9,2919.68,21361.26,26852.41,1013.44,570.78,3906.928360
300,9,3295.36,23537.19,28524.57,929.43,657.01,3400.939899
300,9,2862.64,21160.31,26530.62,1006.94,586.76,3776.607840
300,9,3297.61,22117.68,27528.05,1083.87,775.55,3550.952920
300,9,3175.25,21599.90,26957.31,870.90,726.45,3760.053732
300,9,3757.09,24548.46,30335.21,1014.06,883.47,3889.224675
300,9,3027.23,19988.22,25775.86,900.88,708.09,4178.665912
300,9,2680.42,19064.45,24096.04,888.36,580.82,3562.406588
300,9,3750.13,25843.45,31289.63,986.95,697.38,3761.850944
300,9,3337.08,22978.22,27938.42,961.93,650.34,3347.942869
300,9,3179.31,22992.11,28295.65,1002.80,683.11,3617.631338
300,9,2577.43,17521.53,22251.95,943.00,594.85,3192.575834
300,9,3015.56,22271.91,27299.04,1096.93,595.67,3334.529349
300,9,3783.52,26307.04,32044.72,895.58,811.42,4030.690634
300,9,2747.21,19627.95,25148.81,918.19,618.97,3983.709434
300,10,3632.17,26152.07,31737.95,985.82,774.07,3825.993373
300,10,3847.37,25770.27,32106.74,1090.18,804.15,4442.130738
300,10,3154.87,22251.31,28090.95,1105.85,734.48,3999.310257
300,10,3339.35,23040.65,28646.59,1074.03,783.23,3748.684064
300,10,3100.87,20918.47,27581.98,1121.58,857.26,4684.658685
300,10,3561.45,24345.65,30365.34,1287.36,787.45,3944.881267
300,10,3209.75,23194.85,29133.16,1077.94,657.17,4203.189968
300,10,2682.97,19085.16,24479.48,907.91,605.41,3880.995326
300,10,3908.25,27194.82,33391.90,1236.81,917.37,4042.897022
300,10,3295.41,24336.56,29827.15,993.97,589.25,3907.367767
300,10,2633.41,18682.44,24480.19,1182.18,714.94,3900.643506
300,10,2969.45,21872.36,27393.89,964.66,668.56,3888.311914
300,10,3812.32,25901.66,31893.67,1036.52,873.73,4081.753100
300,10,3667.09,25120.31,31445.38,1131.18,773.02,4420.873070
300,10,2873.91,20227.68,25825.77,1026.38,683.02,3888.696621
300,10,3439.67,24524.53,30381.16,895.02,789.87,4171.739581
300,10,3899.54,27090.76,33436.63,1123.85,776.92,4445.103432
300,10,3107.25,21718.64,27615.02,989.78,746.27,4160.335876
300,10,3505.42,24613.61,30346.79,1078.35,813.25,3841.574622
300,10,3887.26,26623.30,32471.63,849.56,795.04,4203.727583
300,10,3538.93,24648.88,30855.96,1100.96,816.58,4289.542317
300,10,3549.44,24564.87,30808.02,1071.73,843.57,4327.858748
300,10,3369.27,23884.32,29412.14,1021.96,692.60,3813.251706
300,10,3654.11,26337.65,31969.97,1013.29,833.42,3785.621855
300,10,2997.18,20366.85,26556.70,1154.27,776.82,4258.756404
300,10,2830.93,20131.85,25885.78,1162.31,702.44,3889.179930
300,10,3227.85,22555.45,28617.64,1093.83,806.36,4162.005456
300,10,3245.58,23282.70,29268.90,1200.78,699.48,4085.941583
300,10,3193.14,22115.66,28004.56,1338.07,719.06,3831.771317
300,10,2908.02,19503.99,25730.50,1323.44,681.59,4221.481384
300,10,4225.51,28812.79,35049.45,1059.94,1058.12,4118.602657
300,10,3457.24,23175.07,28745.30,1008.41,807.49,3754.332447
300,10,3826.49,26934.99,32965.48,1158.00,695.01,4177.480004
300,10,3696.77,25318.59,31116.15,1003.37,852.46,3941.730377
300,10,3242.17,21948.76,27687.17,1017.57,685.23,4035.617491
300,10,2696.22,18810.19,24130.44,1090.45,667.11,3562.685004
300,10,3333.08,22667.10,28574.86,1048.65,726.57,4132.544098
300,10,3739.11,25072.63,30685.85,952.24,732.59,3928.395432
300,10,2627.74,18519.10,23722.82,873.96,669.51,3660.249354
300,10,3365.93,23882.86,29424.03,1055.08,771.53,3714.567823
300,10,2885.80,20566.92,25804.76,949.20,718.91,3569.732892
300,10,3089.64,21779.24,26861.95,1045.72,735.47,3301.512555
300,10,4396.76,28865.51,35738.87,915.80,963.01,4994.551540
300,10,3919.72,26055.21,31820.39,1027.96,772.52,3964.713349
300,10,2744.28,19086.26,24294.58,962.97,616.84,3628.515101
300,10,2933.14,20192.57,26316.64,1201.99,616.52,4305.559148
300,10,2802.02,19841.31,25245.31,1000.80,658.76,3744.437125
300,10,2942.74,20443.95,26097.76,1056.06,604.36,3993.383914
300,10,3586.06,24014.76,30193.12,1040.09,764.71,4373.549749
300,10,2676.17,19254.39,24802.98,1052.38,591.39,3904.821868
300,10,3250.17,22909.18,28970.82,1235.33,740.03,4086.270746
300,10,2843.21,20191.82,25493.69,935.43,629.37,3737.060643
300,10,3221.33,21499.33,27466.92,1110.72,728.71,4128.151496
300,10,2964.65,20754.95,26555.55,991.43,682.72,4126.454010
300,10,3255.28,22747.07,28646.98,1049.92,775.78,4074.205465
300,10,3384.93,24415.94,30324.23,985.23,720.62,4202.436310
300,10,3493.29,24397.23,30154.73,1020.49,730.36,4006.644532
300,10,3815.99,26990.69,33040.91,1036.58,780.72,4232.923718
300,10,3050.03,20915.40,26777.15,1034.45,726.91,4100.400419
300,10,3801.15,26877.42,32491.21,1046.18,693.43,3874.180898
300,10,3490.39,23841.09,30198.59,1198.28,745.09,4414.125986
300,10,3588.99,25552.19,31110.45,1010.56,782.47,3765.238835
300,10,2539.81,18330.87,23484.14,1138.98,562.09,3452.192546
300,10,3222.16,21682.77,27858.51,970.31,804.66,4400.777433
300,10,2795.90,19935.17,25649.98,1053.18,629.63,4031.997599
300,10,3323.16,23240.72,29314.46,1027.78,740.42,4305.542888
300,10,3289.85,23947.23,29748.24,1115.75,669.86,4015.393914
300,10,3559.44,23938.82,29939.92,1095.66,805.60,4099.843830
300,10,3566.10,25319.28,31361.22,956.89,775.91,4309.140039
300,10,3617.65,25100.64,31304.03,1145.48,760.22,4297.686050
300,10,3535.98,23986.96,29458.36,924.78,762.30,3784.319824
300,10,3097.46,21725.16,27444.05,1143.86,712.70,3862.325707
300,10,2779.88,19405.70,24952.14,1029.34,641.96,3875.143384
300,10,3519.99,24414.55,29997.28,1000.26,778.21,3804.252803
300,10,2815.65,19555.58,25308.79,942.10,678.55,4132.561444
300,10,3351.96,22799.36,28799.04,1107.14,717.06,4175.473110
300,10,2663.44,19155.06,24693.93,1109.24,670.68,3758.953810
300,10,3657.59,25418.73,31490.37,1052.22,759.75,4259.668328
300,10,3374.18,24241.32,30544.51,1072.08,697.37,4533.743751
300,10,3538.00,23933.90,29727.79,1019.83,759.93,4014.131071
300,10,3099.15,21265.53,27341.56,1152.68,780.80,4142.551404
300,10,2909.93,19570.61,25396.62,985.06,752.69,4088.259034
300,10,3211.82,23092.85,28874.91,995.29,687.25,4099.514934
300,10,2940.47,20883.26,26128.79,1009.36,598.08,3638.100412
300,10,3661.42,27167.34,32442.51,1161.51,737.71,3375.952714
300,10,2930.63,21296.64,27053.19,947.85,604.66,4204.038500
300,10,3121.16,22755.47,28197.18,1082.54,662.21,3696.960713
300,10,2990.11,20281.87,26192.11,995.10,714.35,4200.793097
300,10,3994.30,27349.07,33476.88,1153.69,871.52,4102.594571
300,10,2484.35,18286.46,23802.10,946.64,604.44,3964.555400
300,10,3296.03,22870.77,28962.59,1149.82,842.39,4099.611276
300,10,3574.78,24721.42,30590.44,1044.43,761.60,4062.994736
300,10,3526.05,24895.44,30934.82,1193.46,843.42,4002.492449
300,10,3120.19,20703.34,26834.91,1106.08,778.64,4246.841273
300,10,2146.52,16676.11,21670.96,903.15,521.49,3570.215573
300,10,4124.87,28235.54,34252.77,1041.18,787.54,4188.503901
300,10,3044.44,20971.20,26516.38,1080.94,805.65,3658.588955
300,10,3562.79,24961.53,30513.91,1014.30,747.01,3791.076052
300,10,3585.16,24382.19,30537.41,1145.90,804.20,4205.124803
300,10,4083.46,27457.30,33838.91,1124.32,975.30,4281.989463
300,11,3321.15,23969.50,30088.06,1130.89,762.82,4224.850009
300,11,3871.04,27028.56,33871.31,1273.64,852.29,4716.831044
300,11,3186.94,22960.63,29177.09,1134.27,704.18,4378.013537
300,11,2916.93,20964.68,26896.57,1142.93,669.90,4119.053558
300,11,3479.03,24151.46,31028.37,1108.09,885.89,4882.931197
300,11,2997.08,21094.47,27329.31,1148.99,670.35,4415.498025
300,11,3926.16,26846.97,33489.06,1348.36,907.42,4386.308268
300,11,3360.22,23165.34,29787.36,1209.08,803.40,4609.540522
300,11,2915.20,20176.52,26227.44,1072.92,755.09,4222.904298
300,11,2942.19,20965.45,27131.97,1148.02,611.07,4407.420690
300,11,3419.23,23591.91,29737.90,1365.67,741.88,4038.425839
300,11,3838.50,27012.70,33023.63,1242.02,805.02,3963.889437
300,11,2744.50,19457.78,25495.21,1039.27,644.16,4354.005214
300,11,3448.16,24520.39,31057.21,1186.84,768.32,4581.655826
300,11,3557.38,24421.14,30754.77,1031.42,806.21,4495.995452
300,11,3324.08,24294.45,30804.12,1174.37,723.38,4611.908243
300,11,3892.56,28959.88,35847.97,1309.73,802.53,4775.818620
300,11,3648.64,26518.95,32640.03,1191.79,791.27,4138.017059
300,11,3081.22,21038.41,27349.16,1314.20,745.82,4250.725559
300,11,3819.14,27070.29,33540.39,1215.80,795.34,4458.952259
300,11,4092.46,28291.48,34794.08,1124.96,854.63,4523.001756
300,11,3542.62,24709.55,30996.25,1027.04,691.91,4567.754624
300,11,3357.98,23581.46,30079.82,1324.68,788.32,4385.359942
300,11,3841.75,25935.64,32281.92,1230.55,946.85,4168.878209
300,11,3451.25,24142.60,31010.80,1431.63,818.11,4618.464742
300,11,3760.94,27445.69,33594.88,1146.85,792.29,4210.049523
300,11,3587.95,24944.29,31608.04,1235.11,857.68,4570.959165
300,11,3593.72,25874.03,32216.30,1082.34,809.14,4450.795625
300,11,2958.14,20323.21,26767.80,1259.44,801.38,4383.769957
300,11,4073.51,28584.64,35511.82,1281.17,903.37,4742.648045
300,11,3592.01,24343.76,31061.50,1471.10,809.03,4437.605278
300,11,2768.04,19019.03,25105.16,1271.42,739.14,4075.565806
300,11,3705.82,24307.45,30988.24,1133.23,936.02,4611.538725
300,11,4087.74,27414.61,33773.28,1254.31,908.49,4195.860764
300,11,3940.70,27051.53,33249.82,1173.34,836.32,4188.618995
300,11,2585.13,18117.10,23963.56,1141.50,779.05,3925.914454
300,11,2710.93,19822.12,25839.96,1137.27,627.10,4253.465801
300,11,3323.15,23178.89,29195.06,1085.17,757.96,4173.037685
300,11,2932.66,21237.28,27050.20,1156.42,707.80,3948.707347
300,11,2955.22,21700.77,27652.40,1242.05,608.63,4100.950618
300,11,2981.35,20926.34,26405.41,1053.14,736.84,3689.097208
300,11,3280.87,24023.80,29442.74,1251.75,699.19,3467.996803
300,11,3900.83,25610.64,33139.67,1298.02,886.19,5344.817046
300,11,3295.80,22475.99,28685.19,1302.61,767.00,4139.591827
300,11,2614.01,17866.41,23662.93,1098.33,684.61,4013.572914
300,11,3300.28,23401.70,30241.72,1332.73,677.22,4830.071245
300,11,2740.10,20290.18,26335.16,1094.71,704.84,4245.438775
300,11,3123.74,22838.11,29157.96,1068.71,740.70,4510.429144
300,11,3434.91,23761.34,30495.74,1295.29,795.19,4643.907925
300,11,3445.79,23805.88,29973.07,1196.88,745.40,4224.901805
300,11,3383.74,23374.31,29737.48,1139.26,797.86,4426.049057
300,11,3303.37,22839.45,28784.10,1070.02,731.79,4142.849054
300,11,3936.87,28000.07,34097.28,1029.78,786.90,4280.533410
300,11,2749.32,19234.59,25018.26,1051.65,614.42,4117.598834
300,11,4120.23,27661.86,34189.37,1165.02,961.07,4401.408967
300,11,3255.62,23250.14,29572.88,1199.74,771.15,4351.855015
300,11,2924.55,20464.51,26383.83,1156.12,649.70,4113.497831
300,11,3324.21,24541.84,30783.44,1113.22,685.59,4442.782292
300,11,4036.02,27632.80,34260.58,1189.68,922.27,4515.831533
300,11,2716.66,19630.31,25605.28,1101.53,644.57,4228.863867
300,11,3831.80,26397.06,32840.51,1182.06,795.43,4465.950761
300,11,3220.70,22189.78,28103.25,962.09,786.34,4165.038863
300,11,2833.46,20619.09,26299.98,1055.51,660.03,3965.360509
300,11,2782.02,20120.44,26184.81,1038.74,646.74,4378.887978
300,11,3599.32,24232.72,30830.41,1238.52,940.10,4419.071231
300,11,3805.03,26619.45,33490.67,1240.51,918.19,4712.519964
300,11,3780.56,26885.43,33364.04,1243.10,731.78,4503.728506
300,11,3264.78,21873.30,28385.66,1167.63,793.59,4551.146582
300,11,3554.25,23530.06,30666.71,1378.09,905.15,4853.415749
300,11,4126.15,28326.39,34957.01,1347.68,776.86,4506.085910
300,11,3007.59,21503.26,27553.15,1137.32,710.23,4202.349770
300,11,3794.67,26052.76,32696.06,1139.89,882.46,4620.946472
300,11,3241.95,23215.78,29860.60,1422.71,773.58,4448.532414
300,11,3577.55,23935.49,30088.66,1104.64,836.23,4212.301611
300,11,3483.40,23985.89,30132.38,1160.60,764.32,4221.568644
300,11,3370.29,24475.30,31106.17,1226.21,758.57,4646.090590
300,11,3860.73,26190.86,32490.36,1237.57,922.13,4139.807932
300,11,4088.02,26791.91,33574.83,1182.87,912.01,4688.043669
300,11,3890.42,26576.02,33188.99,1212.87,820.46,4579.639115
300,11,2927.71,20383.28,26333.66,1113.22,706.42,4130.744817
300,11,2837.11,19516.65,25894.88,1175.26,730.08,4472.897265
300,11,3816.71,25953.69,32707.03,1280.47,934.13,4538.745040
300,11,3120.34,21543.48,27768.85,1278.67,624.66,4322.037648
300,11,2342.00,17042.73,22496.41,1261.40,583.86,3608.423859
300,11,3084.99,21626.85,27257.13,1225.58,670.82,3733.877355
300,11,3771.75,26515.19,32794.97,1140.80,786.96,4352.005848
300,11,3474.42,24776.15,30936.35,1138.20,822.83,4199.166422
300,11,3744.73,25449.75,32047.68,1150.90,842.35,4604.671592
300,11,3263.77,23304.88,29596.60,1103.06,799.54,4389.126758
300,11,3448.68,24558.64,30779.42,1271.18,773.06,4176.533399
300,11,3308.29,22061.79,28586.93,1255.93,908.03,4361.185829
300,11,3589.09,24824.69,31746.63,1293.31,879.42,4749.207562
300,11,3411.07,23543.98,29929.04,1266.03,767.42,4351.606902
300,11,3913.94,26312.33,32870.27,1045.07,854.27,4658.600263
300,11,2710.54,19995.33,25494.78,1012.49,643.24,3843.720309
300,11,3902.76,27021.33,33710.24,1233.40,881.84,4573.673408
300,11,3219.18,22654.73,28766.73,1219.20,767.59,4125.218062
300,11,3367.66,23239.39,29198.91,1205.90,730.38,4023.238548
300,11,3500.88,24823.93,31548.88,1369.13,791.72,4564.092467
300,11,3508.35,24073.50,30893.21,1333.41,824.38,4661.916470
300,12,3567.88,24059.33,30857.32,1094.40,932.02,4771.567681
300,12,3946.84,26707.38,33808.32,1213.68,823.79,5063.470094
300,12,3343.35,24489.94,31117.62,1314.90,708.70,4604.083760
300,12,3763.98,25533.33,32345.73,1384.35,846.37,4581.680093
300,12,3955.03,27115.68,34488.83,1276.95,989.64,5106.560248
300,12,4307.17,28950.15,36078.37,1352.72,978.71,4796.792035
300,12,2976.96,21405.85,28489.03,1424.29,757.89,4901.007075
300,12,3590.77,26562.08,33113.31,1218.72,706.66,4625.848692
300,12,3433.29,23044.90,29786.30,1146.23,871.12,4724.039917
300,12,3909.63,26779.88,33578.72,1289.21,889.43,4620.198938
300,12,3599.29,23783.17,30428.02,1343.48,849.88,4451.485913
300,12,3376.39,24794.64,31672.92,1318.51,824.90,4734.870483
300,12,3619.12,25651.67,32309.37,1292.67,730.88,4634.146443
300,12,3159.15,23065.36,30440.16,1378.67,764.60,5231.532543
300,12,3439.54,23321.92,30254.06,1286.04,794.88,4851.223527
300,12,3435.35,24122.31,30965.24,1268.94,787.92,4786.061041
300,12,3718.43,25337.18,32140.46,1048.03,711.82,5043.426609
300,12,3263.34,23125.84,29872.29,1425.53,789.28,4531.644184
300,12,3623.49,24546.24,31144.67,1266.98,804.52,4526.922622
300,12,3391.36,22733.31,29548.17,1177.04,842.62,4795.197882
300,12,3781.94,26849.83,33908.45,1251.63,805.90,5001.095206
300,12,3272.80,23254.21,30395.38,1311.96,778.18,5051.024058
300,12,3085.61,21745.32,28485.11,1122.33,775.72,4841.742217
300,12,3878.15,26701.58,33104.62,999.50,839.30,4564.231161
300,12,3468.86,22984.85,29775.44,1178.55,838.88,4773.167531
300,12,4023.33,27813.75,34306.77,1196.97,883.09,4412.961879
300,12,4239.02,29598.41,36473.65,1301.06,859.08,4715.100196
300,12,4383.63,31072.06,38101.45,1311.40,885.10,4832.891878
300,12,3717.06,25938.00,32974.70,1365.58,856.01,4815.119686
300,12,3448.37,24754.32,31951.47,1390.89,760.74,5045.530902
300,12,3922.48,27157.92,34222.70,1492.10,926.19,4646.494438
300,12,3909.08,26872.34,33376.44,1409.86,920.98,4173.250938
300,12,3868.34,24993.67,32213.24,1286.86,917.88,5014.833737
300,12,4085.75,28458.04,35322.18,1325.84,932.29,4606.012680
300,12,2987.36,21493.70,27976.07,1261.19,656.46,4564.713605
300,12,2872.04,20092.47,26391.75,1252.99,714.68,4331.613759
300,12,3980.10,26764.93,33512.73,1300.92,895.50,4551.377730
300,12,3481.17,23501.51,30226.83,1357.24,838.22,4529.851420
300,12,3820.83,26624.65,33560.66,1480.00,984.11,4471.897346
300,12,3654.68,24806.36,31464.77,1581.80,855.86,4220.745894
300,12,2769.00,19975.79,25828.84,1255.35,615.80,3981.898625
300,12,3079.65,22901.89,29236.25,1516.62,748.37,4069.369999
300,12,4043.79,27229.12,35260.11,1402.17,877.01,5751.819542
300,12,3507.75,24873.47,31752.09,1406.88,870.69,4601.055890
300,12,3576.84,24313.70,31087.42,1474.77,739.76,4559.186817
300,12,4531.14,30112.06,37150.04,1210.53,940.36,4887.085082
300,12,3245.39,22717.68,29113.56,1216.67,779.17,4400.053388
300,12,3747.14,24735.89,31643.15,1272.11,892.20,4742.946576
300,12,4640.58,30718.11,38122.01,1354.88,985.72,5063.300663
300,12,3446.61,24022.73,30807.04,1218.18,875.61,4690.524966
300,12,3801.68,27246.53,34274.56,1475.81,778.30,4773.913652
300,12,3395.48,23789.96,30110.74,1222.02,784.14,4314.620463
300,12,3153.76,21973.35,28591.37,1293.19,680.17,4644.661099
300,12,2731.75,19787.62,26307.95,1371.28,568.83,4580.216544
300,12,3493.10,24805.26,31738.45,1284.11,796.18,4852.905678
300,12,3738.07,27491.58,34135.64,1273.46,840.20,4530.397256
300,12,3533.62,24033.37,30770.72,1177.82,785.73,4773.790454
300,12,3774.83,26837.93,33498.14,1141.81,790.21,4728.189710
300,12,3773.13,26135.08,32962.69,1287.33,798.66,4741.626162
300,12,3444.87,23370.71,29834.81,1080.10,860.16,4523.840469
300,12,3312.01,21436.98,28695.09,1338.40,834.43,5085.288244
300,12,3644.61,26084.78,32666.21,1151.23,733.28,4696.919375
300,12,3246.85,23005.81,29732.68,1392.37,795.29,4539.211036
300,12,4106.19,27796.63,34631.86,1353.61,768.01,4713.616140
300,12,3530.54,24586.73,31508.42,1283.41,875.64,4762.640052
300,12,3630.03,24721.45,32248.49,1357.41,909.29,5260.339301
300,12,4064.11,28030.37,34943.61,1468.57,869.24,4575.443960
300,12,3457.18,24372.34,31214.33,1285.98,860.34,4695.670657
300,12,4303.05,29861.96,37119.14,1338.43,991.57,4927.174351
300,12,3717.85,25115.46,32242.54,1300.34,830.81,4995.936104
300,12,2666.57,18531.22,25361.72,1257.86,761.87,4810.776034
300,12,4098.62,27473.52,34129.40,1181.73,748.95,4725.205562
300,12,3248.89,22415.99,29273.14,1229.71,867.83,4759.618724
300,12,3250.73,21925.96,28749.61,1427.16,866.89,4529.595673
300,12,4219.32,28455.11,34846.08,1224.54,858.60,4307.835148
300,12,3847.96,26603.46,33666.07,1292.82,919.33,4850.460110
300,12,4021.46,27901.32,34612.94,1248.30,902.10,4561.217540
300,12,3436.69,24123.77,30947.29,1287.59,766.85,4769.088328
300,12,4035.75,27851.54,34654.18,1118.71,856.38,4827.555161
300,12,3528.28,25084.45,32007.03,1434.14,791.86,4696.583258
300,12,3049.18,21496.84,28390.04,1377.50,730.28,4785.411433
300,12,2950.02,20577.86,27541.90,1266.73,791.71,4905.606295
300,12,3351.73,23375.54,30237.78,1348.69,807.93,4705.619403
300,12,2885.59,19122.58,25103.95,1083.49,698.40,4199.481387
300,12,3086.02,23528.79,29175.77,1178.43,625.87,3842.678961
300,12,3563.02,25855.29,32456.46,1145.25,796.95,4658.974005
300,12,3484.50,25246.08,31534.41,1278.48,701.12,4308.744217
300,12,3175.14,21684.61,28242.12,1025.77,823.08,4708.662270
300,12,3293.49,22691.29,29535.95,1388.65,789.28,4666.733142
300,12,3050.87,21073.52,27542.41,1277.78,803.68,4387.428349
300,12,4302.70,29956.17,37252.94,1421.35,1144.06,4731.360716
300,12,3985.18,27771.92,35101.63,1283.75,857.79,5188.174783
300,12,2759.49,19331.53,25974.43,1456.07,651.48,4535.352600
300,12,3869.19,26574.76,33560.00,1283.06,837.80,4864.378826
300,12,3470.62,23675.60,30115.62,1304.97,799.42,4335.630040
300,12,2936.94,20461.27,27168.06,1250.38,633.93,4822.486501
300,12,2860.43,20375.36,26774.20,1197.45,819.16,4382.233009
300,12,3877.82,27251.34,33608.73,1326.94,739.67,4290.773266
300,12,3320.62,22703.75,29368.75,1316.65,676.33,4672.028446
300,12,3421.69,23551.76,30542.93,1351.61,677.58,4961.980103
