25,4,466.69,378.86,3608.63,1768.26,630.91,830.61,0.0067
25,4,526.71,177.12,3755.25,2057.76,707.50,812.87,0.0026
25,4,547.31,799.05,4461.71,2007.22,729.13,926.31,0.0017
25,4,535.53,368.24,3896.74,1912.59,702.06,913.85,0.0018
25,4,479.29,166.31,3810.18,1990.98,749.69,903.21,0.0015
25,4,528.39,282.61,4020.35,2196.28,727.41,814.06,0.0022
25,4,469.00,409.52,3672.70,1900.88,631.23,731.06,0.0016
25,4,507.11,229.45,3953.75,2038.43,744.79,941.08,0.0021
25,4,462.26,-123.67,3482.66,2037.11,834.89,734.33,0.0016
25,4,554.57,760.24,4254.41,1800.75,751.71,941.71,0.0018
25,4,452.64,492.57,3479.33,1621.63,631.59,733.54,0.0018
25,4,488.48,698.42,3947.99,1643.07,655.93,950.58,0.0022
25,4,495.50,34.84,3659.24,1960.34,789.25,874.82,0.0013
25,4,487.69,146.98,3959.01,2118.68,821.86,871.49,0.0022
25,4,483.26,329.15,3616.80,1807.23,709.43,770.99,0.0021
25,4,496.67,175.78,3629.61,1989.08,710.13,754.62,0.0018
25,4,403.42,-111.21,3276.33,1922.87,689.43,775.23,0.0019
25,4,495.70,78.56,3958.45,2122.09,820.14,937.65,0.0013
25,4,452.32,-26.63,3358.50,2025.93,645.35,713.84,0.0019
25,4,509.35,-17.84,3752.30,1972.38,762.53,1035.24,0.0018
25,4,382.89,-126.88,2799.67,1593.16,622.53,710.85,0.0013
25,4,443.97,451.91,3555.88,1687.95,651.79,764.23,0.0021
25,4,497.95,275.05,3588.76,1897.49,702.76,713.45,0.0020
25,4,476.21,65.55,3833.66,2017.73,743.68,1006.71,0.0014
25,4,478.47,487.27,3942.75,1835.18,704.25,916.05,0.0022
25,4,514.94,259.63,3844.72,1933.71,705.62,945.75,0.0028
25,4,561.85,526.85,4163.99,1779.98,810.26,1046.90,0.0015
25,4,459.18,239.32,3712.04,1924.07,708.42,840.23,0.0014
25,4,475.85,-112.13,3736.64,2208.95,832.02,807.80,0.0019
25,4,522.86,596.71,4118.28,1960.79,783.25,777.52,0.0012
25,4,476.70,580.96,3694.58,1657.13,668.62,787.88,0.0019
25,4,599.74,199.50,4253.43,2204.42,886.37,963.14,0.0013
25,4,483.58,-48.99,3793.87,2074.50,768.48,999.88,0.0013
25,4,451.28,-34.67,3244.96,1851.93,625.72,801.98,0.0012
25,4,452.59,213.65,3532.27,1719.06,748.71,850.85,0.0020
25,4,526.90,302.18,3966.17,1942.72,766.96,954.31,0.0023
25,4,550.72,523.32,4310.60,1915.85,755.16,1116.27,0.0014
25,4,527.23,708.94,4232.47,1898.29,693.67,931.58,0.0018
25,4,478.38,32.86,3764.35,2097.22,749.57,884.70,0.0017
25,4,462.58,212.18,3797.84,2036.73,735.02,813.91,0.0014
25,4,497.59,271.75,3877.37,2022.32,758.50,824.80,0.0020
25,4,565.16,780.39,4075.75,1744.63,718.81,831.93,0.0014
25,4,452.94,-112.54,3692.88,2058.22,786.99,960.21,0.0015
25,4,474.35,331.74,3687.99,1757.37,723.09,875.79,0.0019
25,4,486.36,-18.06,3583.64,2068.94,705.97,826.80,0.0021
25,4,531.64,732.11,4056.82,1825.47,635.76,863.47,0.0019
25,4,470.92,-245.52,3594.56,2117.69,760.95,961.44,0.0015
25,4,502.60,62.75,3829.23,2017.64,843.25,905.58,0.0013
25,4,437.95,-113.51,3425.37,1958.25,681.63,899.00,0.0016
25,4,489.33,388.52,3831.61,1908.64,656.96,877.48,0.0014
25,4,427.18,-97.25,3332.54,1918.18,737.81,773.80,0.0017
25,4,480.22,173.06,3663.19,1938.59,734.59,816.95,0.0018
25,4,407.09,234.23,3686.37,1826.51,647.16,978.47,0.0016
25,4,492.31,247.76,3801.89,1983.07,756.65,814.40,0.0016
25,4,417.40,-151.80,3463.76,1935.69,696.82,983.06,0.0018
25,4,417.93,357.86,3348.82,1705.72,609.54,675.71,0.0012
25,4,465.88,-45.92,3461.79,2021.29,711.35,775.08,0.0016
25,4,455.30,179.00,3448.84,1803.46,666.91,799.47,0.0013
25,4,499.80,223.03,3695.08,1892.88,718.87,860.28,0.0018
25,4,499.04,512.78,3656.82,1625.95,699.16,818.93,0.0018
25,4,508.93,627.35,4229.83,1777.37,790.26,1034.85,0.0016
25,4,441.59,-102.38,3500.75,2017.44,702.66,883.03,0.0012
25,4,405.36,24.22,3437.78,1826.56,678.71,908.29,0.0015
25,4,545.68,525.97,3849.40,1952.80,670.77,699.86,0.0015
25,4,487.90,211.12,3717.20,1972.38,766.32,767.38,0.0015
25,4,452.38,-0.49,3518.79,1883.12,739.00,897.16,0.0014
25,4,506.04,742.65,3881.14,1795.07,657.45,685.98,0.0013
25,4,451.71,214.35,3563.64,1835.87,677.55,835.87,0.0016
25,4,491.85,926.30,3881.48,1583.19,588.34,783.65,0.0016
25,4,509.46,526.64,3993.33,1852.18,680.44,934.07,0.0015
25,4,435.61,-382.61,3524.17,2240.20,780.33,886.25,0.0013
25,4,534.58,408.76,4059.89,2024.75,783.29,843.09,0.0024
25,4,495.11,480.42,3775.96,1731.08,652.93,911.54,0.0019
25,4,537.74,402.28,4269.46,2067.94,880.93,918.31,0.0013
25,4,444.86,-102.73,3170.38,1856.55,703.47,713.09,0.0015
25,4,504.46,315.75,3683.32,1860.97,754.86,751.73,0.0015
25,4,488.33,412.27,3496.40,1705.58,622.57,755.99,0.0017
25,4,464.40,-331.25,3435.97,2045.02,759.49,962.72,0.0013
25,4,482.46,40.06,3585.54,1937.44,792.02,816.03,0.0013
25,4,435.03,-266.60,3356.51,1903.28,760.37,959.46,0.0013
25,4,538.54,472.56,4089.94,1896.38,668.91,1052.09,0.0013
25,4,517.84,606.20,4299.41,1995.67,837.87,859.68,0.0015
25,4,512.44,177.45,4032.02,2058.98,861.83,933.76,0.0019
25,4,500.69,357.69,3952.60,2140.24,716.45,738.23,0.0017
25,4,460.93,686.49,3690.24,1713.22,558.85,731.68,0.0012
25,4,453.54,-91.02,3392.19,1967.69,743.42,772.10,0.0012
25,4,511.49,437.63,4184.71,2040.60,878.01,828.46,0.0018
25,4,552.12,417.37,4339.33,2070.72,767.63,1083.61,0.0013
25,4,513.54,480.93,3763.24,1811.24,725.49,745.58,0.0015
25,4,484.85,397.10,3699.54,1928.83,638.80,734.82,0.0016
25,4,451.73,-107.10,3394.21,1938.16,768.43,794.72,0.0015
25,4,466.39,-100.46,3549.90,2020.71,731.98,897.66,0.0011
25,4,536.15,399.57,4289.66,2043.20,823.87,1023.02,0.0013
25,4,507.58,431.31,3834.40,1883.08,756.14,763.86,0.0020
25,4,530.72,-2.48,3722.08,2137.12,779.10,808.34,0.0016
25,4,441.63,179.54,3324.61,1735.58,670.34,739.14,0.0011
25,4,501.32,432.70,4152.04,2027.74,800.59,891.01,0.0012
25,4,548.46,374.61,4054.69,2048.60,816.72,814.76,0.0017
25,4,504.35,341.90,3916.53,1929.01,759.82,885.81,0.0014
25,4,532.77,305.87,3981.24,2058.62,733.13,883.62,0.0014
50,4,629.08,1547.65,4847.12,1627.93,583.42,1088.11,0.0019
50,4,723.17,1765.98,5467.44,1893.53,716.68,1091.24,0.0021
50,4,851.19,2113.16,6318.01,2102.46,848.85,1253.54,0.0020
50,4,766.38,2114.77,5705.19,1684.43,637.40,1268.58,0.0015
50,4,730.14,1346.64,5802.39,2313.77,858.56,1283.42,0.0022
50,4,817.74,2355.95,6155.50,1856.41,663.89,1279.26,0.0015
50,4,788.33,2379.72,6081.42,1746.27,732.83,1222.59,0.0034
50,4,802.09,1965.80,6199.29,2061.23,687.23,1485.04,0.0028
50,4,725.33,1904.66,5570.60,1732.84,794.60,1138.49,0.0021
50,4,816.71,1853.34,6118.45,2176.48,823.08,1265.54,0.0017
50,4,685.19,1486.45,5146.08,1873.96,670.28,1115.39,0.0021
50,4,749.55,1456.71,5342.05,1983.00,712.62,1189.71,0.0018
50,4,825.56,1822.84,6130.10,2165.03,846.09,1296.14,0.0020
50,4,810.86,2129.12,6373.64,2007.94,870.33,1366.25,0.0014
50,4,758.80,1917.12,5553.81,1842.62,680.46,1113.61,0.0019
50,4,715.87,2139.77,5908.99,2026.62,663.83,1078.77,0.0022
50,4,620.06,948.20,4779.16,2009.90,737.93,1083.13,0.0020
50,4,742.95,1595.99,5757.92,2136.05,821.27,1204.61,0.0016
50,4,721.59,1721.48,5416.83,1930.65,717.99,1046.71,0.0021
50,4,721.87,1460.28,5414.32,1794.68,770.30,1389.07,0.0019
50,4,640.84,1115.83,4806.23,1886.19,705.00,1099.20,0.0018
50,4,748.73,1769.48,5708.77,2008.87,704.35,1226.07,0.0015
50,4,784.08,2023.09,5922.44,1947.67,720.03,1231.65,0.0017
50,4,745.90,1488.59,5702.49,1899.85,754.99,1559.05,0.0022
50,4,766.85,1386.45,5600.03,2119.90,797.26,1296.41,0.0016
50,4,761.06,2112.21,5791.94,1707.02,648.85,1323.86,0.0022
50,4,826.82,2314.99,6390.13,1991.25,740.03,1343.85,0.0016
50,4,732.24,1667.80,5448.90,1958.09,719.21,1103.81,0.0016
50,4,769.26,1910.03,6237.59,2118.74,906.46,1302.36,0.0024
50,4,853.21,2860.89,6663.88,1829.53,782.83,1190.62,0.0019
50,4,794.56,2256.57,6030.08,1824.50,718.02,1230.99,0.0019
50,4,796.81,1968.04,6217.51,2124.19,748.36,1376.92,0.0013
50,4,560.68,322.91,4358.63,2082.21,813.09,1140.42,0.0018
50,4,616.09,1129.54,4685.44,1861.42,606.32,1088.16,0.0024
50,4,660.74,1492.58,5313.05,1887.87,772.59,1160.00,0.0020
50,4,697.40,1266.76,5564.07,2170.82,804.85,1321.63,0.0020
50,4,619.72,946.53,4809.44,1923.10,654.11,1285.70,0.0021
50,4,834.33,2185.60,6244.93,1884.22,754.96,1420.15,0.0014
50,4,815.33,1262.07,5769.46,2283.64,843.88,1379.86,0.0019
50,4,695.69,1415.25,5248.92,1825.69,770.43,1237.55,0.0022
50,4,647.48,929.02,4819.73,2078.18,794.14,1018.39,0.0029
50,4,779.17,2580.98,6168.16,1681.89,631.43,1273.85,0.0020
50,4,585.62,516.22,4419.68,1994.74,784.02,1124.70,0.0015
50,4,728.47,1452.75,5370.05,1924.22,733.51,1259.57,0.0018
50,4,659.38,1250.41,4990.27,1868.27,693.08,1178.51,0.0018
50,4,833.81,2530.39,6306.34,1790.62,712.75,1272.58,0.0018
50,4,687.49,1103.90,5356.49,2149.46,768.34,1334.79,0.0018
50,4,716.65,1517.03,5908.97,2301.16,915.75,1175.03,0.0016
50,4,747.28,1535.98,5549.77,1940.00,709.52,1364.26,0.0017
50,4,741.56,1685.10,5699.77,2089.26,726.51,1198.89,0.0015
50,4,774.25,2207.91,6160.77,1900.02,749.89,1302.96,0.0019
50,4,692.91,1509.11,5155.52,1812.99,667.34,1166.09,0.0017
50,4,655.23,1396.73,5221.10,1823.08,697.89,1303.40,0.0014
50,4,710.77,1452.95,5522.98,2083.50,820.45,1166.09,0.0019
50,4,674.48,837.60,5060.48,2159.39,790.56,1272.92,0.0021
50,4,777.65,2107.81,6053.01,1974.77,736.70,1233.72,0.0030
50,4,683.97,1143.38,5033.74,2099.75,730.78,1059.82,0.0017
50,4,672.79,1580.60,5300.73,1885.16,716.76,1118.21,0.0018
50,4,712.88,2176.21,6108.47,1866.99,720.58,1344.69,0.0026
50,4,660.09,1799.09,5269.41,1690.81,658.07,1121.44,0.0017
50,4,792.60,1382.37,5737.95,2109.42,855.66,1390.48,0.0022
50,4,788.06,1468.39,5652.49,2073.58,781.98,1328.55,0.0017
50,4,591.63,568.95,4280.40,1899.01,736.45,1075.98,0.0021
50,4,859.98,2540.47,6374.36,2034.03,704.49,1095.37,0.0015
50,4,670.78,1368.14,5152.55,2069.16,758.53,956.72,0.0022
50,4,612.60,706.34,4684.60,2079.04,800.67,1098.54,0.0015
50,4,909.13,3633.09,7274.62,1776.58,684.58,1180.37,0.0015
50,4,757.66,1583.04,5491.46,1958.29,793.46,1156.67,0.0015
50,4,725.04,1616.67,5139.31,1777.35,643.76,1101.54,0.0015
50,4,812.69,1921.27,5999.99,1860.41,692.15,1526.16,0.0024
50,4,713.34,1175.86,5514.90,2212.76,860.70,1265.58,0.0017
50,4,720.93,1734.37,5481.68,1836.36,747.83,1163.12,0.0016
50,4,728.72,1354.82,5371.95,1975.39,697.13,1344.61,0.0017
50,4,744.55,1674.07,6065.05,2217.81,918.80,1254.38,0.0027
50,4,815.64,2521.84,6345.95,1799.33,761.41,1263.36,0.0019
50,4,830.66,2597.41,6505.33,1941.76,756.28,1209.88,0.0017
50,4,743.46,2081.60,5755.06,1882.53,615.92,1175.00,0.0022
50,4,667.51,993.62,5003.46,1975.49,793.02,1241.33,0.0017
50,4,623.20,1052.71,5053.26,2065.75,781.69,1153.12,0.0019
50,4,644.31,884.31,5110.65,2092.45,800.35,1333.54,0.0019
50,4,773.80,1632.64,5612.01,1850.32,721.89,1407.16,0.0020
50,4,888.61,2608.12,7112.47,2273.12,877.21,1354.03,0.0018
50,4,791.37,1957.79,5934.66,1791.51,843.57,1341.79,0.0020
50,4,778.01,1834.27,5499.45,2003.31,675.71,986.15,0.0015
50,4,800.98,2182.06,6020.49,1978.36,660.21,1199.86,0.0022
50,4,691.17,1661.73,5127.74,1685.37,720.29,1060.34,0.0016
50,4,866.68,2574.59,6815.74,2030.46,797.56,1413.13,0.0015
50,4,679.97,1638.84,5469.84,1892.43,697.60,1240.97,0.0014
50,4,783.58,1922.80,5681.09,1904.49,756.36,1097.44,0.0017
50,4,913.04,2696.43,6895.97,2148.97,758.15,1292.42,0.0018
50,4,589.42,903.00,4590.62,1853.48,799.26,1034.89,0.0015
50,4,758.90,2021.65,5761.82,1841.34,630.50,1268.32,0.0017
50,4,805.52,1983.81,6084.78,2041.09,746.95,1312.93,0.0021
50,4,771.80,2377.37,6173.04,1801.61,707.32,1286.74,0.0013
50,4,732.46,1866.02,5570.30,1816.70,751.37,1136.21,0.0016
50,4,820.32,2783.45,6522.91,1772.17,627.05,1340.23,0.0018
50,4,817.44,2459.40,6824.37,2075.30,884.77,1404.90,0.0016
50,4,864.26,2659.67,6588.57,1877.13,778.54,1273.23,0.0018
50,4,759.43,1930.09,5933.71,1911.80,760.34,1331.48,0.0017
50,4,731.84,1315.84,5152.17,1914.97,709.58,1211.78,0.0019
75,4,804.23,1990.66,5845.58,1901.61,678.94,1274.36,0.0032
75,4,793.06,2177.14,6058.59,2024.71,678.57,1178.18,0.0022
75,4,886.17,2675.70,6660.03,1977.80,740.54,1266.00,0.0026
75,4,838.29,2558.57,6640.83,1990.14,680.51,1411.60,0.0020
75,4,816.09,1461.89,6080.61,2299.80,924.71,1394.20,0.0020
75,4,861.38,2536.98,6522.36,1935.35,698.36,1351.67,0.0026
75,4,868.68,2929.66,6779.23,1811.27,688.09,1350.22,0.0020
75,4,895.28,2808.54,7030.08,1901.57,678.23,1641.75,0.0024
75,4,776.34,1940.72,5785.41,1884.76,781.49,1178.45,0.0020
75,4,861.12,2002.50,6212.91,2057.70,817.42,1335.29,0.0019
75,4,756.91,2283.71,5791.20,1717.42,618.01,1172.06,0.0026
75,4,660.57,1293.61,4975.48,1874.80,642.38,1164.69,0.0027
75,4,876.91,2228.12,6659.27,2163.59,787.50,1480.06,0.0029
75,4,900.47,2274.45,6769.86,2172.09,852.72,1470.60,0.0023
75,4,890.00,2356.16,6208.69,1889.10,748.37,1215.06,0.0025
75,4,842.00,2205.31,6073.52,1989.50,684.37,1194.34,0.0019
75,4,625.46,856.17,4854.86,2090.66,814.52,1093.51,0.0019
75,4,792.94,1904.03,6217.43,2132.93,836.83,1343.64,0.0027
75,4,690.97,1614.37,5311.74,1921.87,705.02,1070.47,0.0021
75,4,786.66,2091.46,6133.62,1785.32,715.32,1541.52,0.0024
75,4,742.26,1704.37,5450.07,1867.11,683.36,1195.23,0.0018
75,4,914.06,3152.95,6952.74,1784.05,694.47,1321.27,0.0020
75,4,924.22,2812.51,6787.99,1903.73,755.36,1316.39,0.0021
75,4,778.93,1808.72,5970.57,1870.95,756.04,1534.86,0.0026
75,4,790.15,1928.67,6039.78,2012.13,745.28,1353.70,0.0022
75,4,890.33,2480.98,6559.00,1923.76,658.58,1495.68,0.0026
75,4,820.00,2086.39,6142.93,1917.53,680.66,1458.35,0.0023
75,4,808.59,2142.54,6047.12,1866.09,740.52,1297.97,0.0021
75,4,915.03,2627.62,7032.41,2083.30,859.94,1461.56,0.0020
75,4,876.59,3261.83,6891.10,1722.98,622.48,1283.82,0.0021
75,4,903.76,3551.98,7342.61,1683.61,612.27,1494.75,0.0023
75,4,919.77,2699.68,7072.15,2042.18,799.58,1530.70,0.0018
75,4,616.62,575.51,4614.44,2091.64,759.56,1187.72,0.0026
75,4,694.38,1182.97,5034.86,1990.65,674.22,1187.02,0.0028
75,4,721.68,1899.21,5772.67,1898.21,746.67,1228.58,0.0019
75,4,723.31,2268.25,6070.93,1694.37,672.80,1435.52,0.0018
75,4,751.82,1303.55,5599.76,2079.01,820.47,1396.73,0.0023
75,4,924.91,3009.91,7122.38,1838.35,706.19,1567.93,0.0034
75,4,769.88,1573.91,5838.73,2104.75,763.82,1396.25,0.0024
75,4,716.26,1757.05,5792.55,2022.38,720.54,1292.58,0.0021
75,4,641.88,1321.79,4938.11,1900.22,680.70,1035.40,0.0027
75,4,937.90,3151.28,7159.18,1844.55,767.73,1395.61,0.0023
75,4,570.59,553.29,4769.50,2185.36,861.97,1168.89,0.0024
75,4,822.78,2433.05,6697.65,2047.69,794.85,1422.05,0.0030
75,4,784.65,2189.99,6113.75,1941.03,695.47,1287.26,0.0024
75,4,894.79,3432.24,7379.27,1880.27,620.92,1445.84,0.0023
75,4,728.29,1836.00,5722.44,1842.36,659.02,1385.06,0.0026
75,4,745.67,1632.32,5639.49,1950.25,803.31,1253.61,0.0021
75,4,787.62,1801.97,5776.77,1869.91,668.85,1436.04,0.0019
75,4,828.74,2473.04,6408.43,1920.78,670.02,1344.59,0.0018
75,4,774.13,2213.23,6084.51,1897.85,739.76,1233.67,0.0032
75,4,800.25,2038.44,5996.02,1976.71,733.61,1247.26,0.0026
75,4,733.38,1856.52,5876.12,1901.05,734.60,1383.94,0.0024
75,4,717.98,2062.61,5708.50,1725.23,746.12,1174.55,0.0029
75,4,685.44,1093.30,5423.62,2222.46,788.68,1319.18,0.0022
75,4,972.96,3186.81,7304.23,1942.11,722.78,1452.53,0.0023
75,4,716.37,1849.14,5751.66,2049.65,727.01,1125.85,0.0026
75,4,727.59,1679.03,5562.25,2022.30,702.04,1158.88,0.0020
75,4,836.20,2264.30,6349.74,1954.92,740.68,1389.85,0.0024
75,4,681.17,1538.34,5194.88,1882.62,685.63,1088.30,0.0025
75,4,728.22,1784.36,6031.75,2018.67,755.82,1472.90,0.0023
75,4,758.51,1342.47,5492.27,2102.45,748.27,1299.09,0.0022
75,4,597.68,1009.59,4419.93,1609.46,608.20,1192.69,0.0026
75,4,1005.74,4060.40,7817.52,1796.82,676.91,1283.39,0.0019
75,4,740.43,1697.25,5619.93,2115.71,777.59,1029.37,0.0028
75,4,637.23,844.14,4895.32,2117.22,773.71,1160.25,0.0021
75,4,1134.29,4733.53,8568.45,1716.70,700.59,1417.62,0.0022
75,4,722.74,1729.90,5433.33,1863.38,715.85,1124.20,0.0020
75,4,847.01,2749.63,6348.57,1718.90,593.96,1286.08,0.0023
75,4,980.60,2464.65,6938.38,2062.54,716.20,1694.99,0.0025
75,4,761.38,871.57,5647.79,2540.96,881.70,1353.57,0.0023
75,4,826.32,2003.08,5905.84,1933.89,693.24,1275.63,0.0026
75,4,780.92,2403.03,6106.04,1744.06,583.87,1375.08,0.0020
75,4,891.68,1962.75,6405.97,2236.49,886.73,1320.00,0.0020
75,4,943.19,3008.53,7167.46,1983.37,759.83,1415.73,0.0027
75,4,914.31,3237.79,7197.86,1867.25,741.39,1351.43,0.0025
75,4,830.10,2645.61,6389.75,1858.02,609.18,1276.94,0.0021
75,4,816.80,1486.29,5913.99,2113.88,821.88,1491.94,0.0021
75,4,762.58,1882.73,6097.62,2077.80,803.09,1333.98,0.0021
75,4,712.38,1308.02,5413.77,1936.90,767.57,1401.28,0.0022
75,4,827.04,2146.77,6245.08,1802.92,795.87,1499.52,0.0022
75,4,1017.78,3672.03,8332.75,2201.15,954.13,1505.44,0.0020
75,4,793.85,1887.65,6279.83,2105.92,884.51,1401.75,0.0025
75,4,821.06,2673.09,6329.54,1857.49,708.32,1090.64,0.0025
75,4,765.49,2453.68,6111.26,1784.83,600.75,1272.00,0.0026
75,4,801.08,2083.00,6055.05,1981.45,778.00,1212.61,0.0021
75,4,913.06,2785.90,7232.86,2109.12,826.43,1511.41,0.0021
75,4,763.09,2194.65,6190.46,1776.23,720.17,1499.42,0.0027
75,4,773.68,2237.93,5869.91,1779.62,738.53,1113.83,0.0023
75,4,840.24,2981.58,6643.85,1778.55,593.29,1290.44,0.0026
75,4,636.02,1008.79,4930.79,2037.60,808.52,1075.87,0.0025
75,4,819.46,2577.40,6372.34,1819.83,620.28,1354.84,0.0027
75,4,999.41,3422.57,7738.41,1997.54,814.70,1503.60,0.0019
75,4,865.01,2490.60,6398.60,1818.91,745.82,1343.26,0.0021
75,4,864.33,2636.54,6647.46,1986.40,760.74,1263.78,0.0019
75,4,924.52,3652.61,7680.06,1808.61,723.23,1495.61,0.0021
75,4,971.57,2906.15,7592.27,2237.05,935.70,1513.37,0.0019
75,4,1029.26,3424.68,7586.52,1976.46,738.70,1446.67,0.0021
75,4,767.58,1661.24,5923.19,2077.08,815.55,1369.32,0.0018
75,4,747.58,1808.28,5802.85,1913.90,722.81,1357.85,0.0022
100,4,762.85,1913.53,5783.09,1961.49,651.13,1256.94,0.0023
100,4,842.75,2436.50,6254.14,1933.13,710.91,1173.60,0.0033
100,4,855.29,2400.13,6586.94,2191.08,712.86,1282.88,0.0025
100,4,906.73,3166.43,7268.78,1892.53,650.79,1559.02,0.0023
100,4,826.25,1947.64,6263.63,2090.45,809.28,1416.26,0.0024
100,4,972.53,3298.74,7254.93,1890.75,676.17,1389.27,0.0030
100,4,935.82,2856.16,6880.08,1967.89,731.71,1324.32,0.0020
100,4,989.52,2637.53,7312.05,2202.55,778.80,1693.17,0.0026
100,4,757.90,2048.53,5835.53,1855.28,776.60,1155.12,0.0034
100,4,836.91,2133.94,6493.36,2154.37,816.21,1388.84,0.0026
100,4,733.54,2440.29,5848.82,1560.07,611.50,1236.97,0.0027
100,4,811.00,2115.98,5764.67,1763.85,636.23,1248.61,0.0026
100,4,918.19,3128.22,7357.44,2005.28,742.53,1481.41,0.0025
100,4,838.38,1911.81,6239.62,2169.80,809.41,1348.60,0.0025
100,4,841.06,2871.01,6549.93,1781.07,621.08,1276.77,0.0032
100,4,830.35,2269.89,6156.71,2044.56,695.12,1147.13,0.0021
100,4,670.09,1612.46,5451.08,1915.08,732.85,1190.70,0.0025
100,4,817.51,1854.80,6255.20,2218.85,838.96,1342.59,0.0028
100,4,705.83,1744.03,5355.48,1854.17,621.88,1135.40,0.0023
100,4,862.51,2787.99,7111.69,1945.02,724.04,1654.64,0.0024
100,4,725.27,1650.07,5301.78,1826.93,645.76,1179.02,0.0035
100,4,884.65,3050.27,6949.53,1861.81,644.46,1392.99,0.0030
100,4,1013.69,3624.32,7582.25,1805.62,722.47,1429.84,0.0029
100,4,752.39,1287.12,5531.78,1951.85,783.61,1509.20,0.0031
100,4,776.08,1887.95,5992.03,2026.87,748.88,1328.34,0.0026
100,4,920.96,2820.14,6968.66,1846.35,713.18,1588.99,0.0032
100,4,875.17,2467.42,6594.63,1999.00,707.20,1421.00,0.0023
100,4,753.05,2130.70,6050.72,1913.00,766.79,1240.22,0.0024
100,4,883.95,2155.45,6561.28,2256.14,836.78,1312.90,0.0022
100,4,1017.01,2924.47,7241.70,2107.91,837.71,1371.61,0.0028
100,4,1028.12,3498.37,7741.77,1916.87,719.35,1607.19,0.0024
100,4,948.99,2851.67,7367.81,2086.41,866.05,1563.67,0.0025
100,4,619.87,970.15,4763.19,1846.37,734.71,1211.96,0.0022
100,4,765.23,2356.74,6013.46,1791.62,580.98,1284.11,0.0028
100,4,794.55,1900.89,5885.77,1985.87,801.68,1197.33,0.0027
100,4,833.92,2107.95,6258.16,1930.67,711.74,1507.79,0.0029
100,4,694.85,1541.15,5380.83,1798.93,661.00,1379.74,0.0023
100,4,941.82,2917.43,6874.01,1753.27,694.82,1508.49,0.0024
100,4,822.60,2151.96,6198.51,1890.93,719.32,1436.30,0.0020
100,4,730.98,1828.01,5957.72,2076.04,775.53,1278.13,0.0023
100,4,684.01,1529.66,5162.15,1850.12,683.37,1099.00,0.0031
100,4,1009.53,4300.73,8076.17,1565.51,663.80,1546.12,0.0023
100,4,652.63,628.28,5107.34,2381.23,892.15,1205.68,0.0025
100,4,864.01,2900.14,6914.24,1847.09,719.08,1447.92,0.0026
100,4,870.58,2541.99,6538.95,1931.65,728.39,1336.92,0.0028
100,4,909.78,3773.17,7809.36,1912.24,667.98,1455.97,0.0026
100,4,748.92,1990.22,6132.73,2036.44,702.75,1403.32,0.0029
100,4,724.29,1655.17,5937.19,2082.07,933.55,1266.39,0.0029
100,4,843.73,2056.92,6332.25,2126.95,704.99,1443.39,0.0023
100,4,821.45,2399.57,6433.74,1974.31,663.03,1396.84,0.0030
100,4,911.20,2814.28,6629.18,1751.53,773.99,1289.37,0.0023
100,4,863.19,2239.97,6273.67,2016.88,757.64,1259.17,0.0024
100,4,690.34,1227.00,5347.93,1981.42,729.53,1409.98,0.0026
100,4,731.92,2003.19,5736.64,1773.21,770.35,1189.89,0.0033
100,4,709.86,1354.11,5602.07,2076.21,762.48,1409.26,0.0026
100,4,987.13,3324.39,7390.99,1893.48,768.59,1404.53,0.0025
100,4,778.93,1629.25,5652.75,2160.97,712.58,1149.94,0.0036
100,4,739.87,2251.90,5766.08,1624.92,669.00,1220.25,0.0024
100,4,767.77,2138.83,5935.85,1760.19,671.53,1365.30,0.0032
100,4,737.34,2199.59,5979.23,1890.04,689.87,1199.74,0.0023
100,4,796.25,1961.83,6255.57,2059.34,774.07,1460.33,0.0033
100,4,702.77,1480.68,5388.30,1864.54,697.24,1345.84,0.0027
100,4,664.00,1197.82,5095.27,1947.86,677.98,1271.60,0.0030
100,4,1016.06,3403.77,7355.04,1897.79,688.95,1364.53,0.0030
100,4,767.41,1993.86,5684.27,1927.16,716.99,1046.25,0.0034
100,4,675.82,1143.75,5200.35,2069.01,832.84,1154.75,0.0025
100,4,1183.11,4936.89,9085.32,1948.44,714.90,1485.09,0.0034
100,4,750.93,1555.56,5619.95,2115.96,784.15,1164.27,0.0026
100,4,874.25,2923.04,6620.99,1729.14,637.02,1331.79,0.0034
100,4,922.60,2542.25,6751.25,1827.07,677.18,1704.75,0.0031
100,4,783.80,1806.55,6254.56,2262.03,831.61,1354.36,0.0030
100,4,904.81,2690.25,6866.57,2081.58,753.83,1340.91,0.0030
100,4,752.34,1745.48,5534.67,1837.05,650.62,1301.53,0.0025
100,4,843.28,2536.58,6792.34,2019.67,893.40,1342.69,0.0030
100,4,858.65,3209.21,7047.23,1693.00,685.90,1459.11,0.0027
100,4,967.32,3311.92,7456.42,2037.69,771.56,1335.24,0.0024
100,4,979.83,3235.37,7031.51,1690.64,646.64,1458.86,0.0032
100,4,757.36,1512.15,6002.91,2132.11,846.33,1512.32,0.0026
100,4,687.17,1626.03,5560.91,1898.27,771.92,1264.69,0.0025
100,4,631.96,1035.79,4920.00,1830.70,787.20,1266.31,0.0032
100,4,789.03,2119.78,6119.84,1968.40,626.25,1405.41,0.0028
100,4,1002.88,3166.68,7733.40,2203.18,876.43,1487.12,0.0038
100,4,909.34,2796.44,7017.63,1988.60,823.74,1408.85,0.0028
100,4,843.05,2420.69,6390.21,2140.50,689.73,1139.29,0.0029
100,4,895.43,2573.76,6488.43,1963.36,677.72,1273.58,0.0027
100,4,770.88,2239.95,6053.21,1930.64,692.68,1189.94,0.0024
100,4,993.61,3776.05,7991.04,1803.80,828.18,1583.01,0.0034
100,4,840.25,1964.65,6489.84,2174.30,817.85,1533.05,0.0025
100,4,847.05,2381.65,6222.34,1918.29,751.80,1170.60,0.0026
100,4,997.27,3521.84,7568.71,2009.63,665.62,1371.62,0.0021
100,4,657.23,926.19,4928.34,2131.00,774.33,1096.81,0.0035
100,4,923.41,2634.48,6836.17,1955.39,712.74,1533.56,0.0030
100,4,977.29,3707.05,7743.69,1828.07,702.47,1506.10,0.0040
100,4,855.96,3126.20,7011.16,1725.27,732.39,1427.30,0.0035
100,4,1012.58,3249.80,7481.68,2122.03,750.25,1359.60,0.0035
100,4,1081.95,4289.10,8424.20,1871.21,689.36,1574.52,0.0032
100,4,972.51,3253.51,7751.98,2126.01,870.03,1502.43,0.0022
100,4,1079.09,4518.33,8637.50,1918.62,655.18,1545.37,0.0032
100,4,825.80,2114.88,6297.75,1984.42,845.46,1352.98,0.0024
100,4,757.49,2071.86,5841.10,1825.35,692.73,1251.16,0.0027
125,4,855.05,2511.15,6523.14,2000.75,645.41,1365.84,0.0030
125,4,873.27,2424.21,6461.59,2057.39,767.00,1212.99,0.0025
125,4,875.52,3018.61,7186.85,2101.72,738.22,1328.30,0.0035
125,4,945.86,3165.94,7341.30,1967.22,650.87,1557.28,0.0050
125,4,751.63,1518.28,5744.74,2090.39,856.85,1279.21,0.0027
125,4,970.43,3601.49,7469.94,1795.72,678.00,1394.73,0.0040
125,4,942.31,2843.24,6916.31,1971.69,726.40,1374.97,0.0033
125,4,871.18,2767.68,6669.88,1765.24,632.49,1504.48,0.0025
125,4,749.04,1762.88,5690.25,1998.15,780.32,1148.91,0.0038
125,4,870.43,2143.29,6649.13,2253.35,868.11,1384.38,0.0027
125,4,719.61,2637.44,5756.51,1429.69,547.82,1141.57,0.0037
125,4,738.53,2212.55,5651.78,1604.88,579.27,1255.09,0.0028
125,4,923.92,2699.18,6886.36,1910.26,779.08,1497.84,0.0025
125,4,862.27,2724.70,6809.92,1790.00,848.75,1446.46,0.0027
125,4,847.08,2804.98,6346.71,1689.15,638.53,1214.04,0.0026
125,4,707.41,2597.08,6096.71,1755.57,590.60,1153.45,0.0034
125,4,783.87,1526.09,5709.34,2143.44,800.21,1239.60,0.0028
125,4,872.73,2421.42,6693.21,2145.51,730.66,1395.62,0.0026
125,4,834.11,2631.59,6310.32,1810.93,685.36,1182.44,0.0035
125,4,913.66,2832.27,6952.07,1686.17,770.87,1662.76,0.0033
125,4,697.87,1782.14,5476.09,1805.82,670.05,1218.07,0.0037
125,4,942.07,3356.82,7312.95,1949.88,636.83,1369.43,0.0036
125,4,924.23,3582.69,7228.59,1591.91,623.33,1430.66,0.0027
125,4,752.17,1678.90,5914.87,1885.46,786.70,1563.81,0.0036
125,4,891.70,1946.66,6167.22,2038.93,810.86,1370.76,0.0041
125,4,997.77,3481.06,7591.52,1852.03,695.11,1563.32,0.0030
125,4,970.75,3371.55,7643.46,1957.02,784.77,1530.13,0.0039
125,4,805.53,2395.79,6392.31,1957.75,727.50,1311.28,0.0040
125,4,865.36,2431.99,6981.69,2311.90,812.89,1424.91,0.0028
125,4,1027.00,3548.44,7641.06,1940.02,754.61,1397.99,0.0036
125,4,999.06,4117.65,8290.20,1919.98,713.91,1538.66,0.0034
125,4,903.72,2578.22,7300.07,2196.53,897.54,1627.78,0.0037
125,4,669.96,826.98,4951.38,2018.77,846.23,1259.40,0.0032
125,4,705.70,1796.49,5507.14,1870.41,635.38,1204.86,0.0028
125,4,779.09,2045.71,5899.47,1860.35,785.40,1208.02,0.0031
125,4,812.24,2069.74,6124.04,1916.00,716.51,1421.79,0.0023
125,4,698.69,1548.27,5409.36,1851.50,658.37,1351.22,0.0047
125,4,988.01,3076.73,7420.05,1929.58,789.11,1624.63,0.0024
125,4,841.15,2262.84,6450.51,2030.93,731.14,1425.60,0.0026
125,4,712.80,1716.63,5650.01,1899.67,731.40,1302.31,0.0028
125,4,620.93,1463.13,5009.57,1826.57,646.34,1073.53,0.0035
125,4,930.17,3539.88,7573.68,1829.90,748.20,1455.71,0.0029
125,4,596.15,524.01,4653.59,2207.37,770.44,1151.76,0.0034
125,4,944.34,2931.25,6913.04,1785.08,739.99,1456.73,0.0029
125,4,839.31,2271.62,6174.50,1859.71,686.03,1357.14,0.0035
125,4,946.93,3327.90,7406.44,1945.13,652.22,1481.19,0.0029
125,4,804.52,2002.26,6139.05,2005.88,711.48,1419.43,0.0032
125,4,835.11,2090.17,6303.32,2048.71,906.62,1257.81,0.0036
125,4,826.72,1780.05,5892.46,1951.61,710.79,1450.00,0.0033
125,4,852.36,2275.62,6433.96,2048.94,721.75,1387.65,0.0033
125,4,758.36,1865.29,5696.46,1924.84,686.04,1220.29,0.0034
125,4,894.82,2410.79,6552.15,2043.95,750.62,1346.78,0.0041
125,4,721.58,1606.66,5863.23,2093.03,766.26,1397.27,0.0035
125,4,807.20,1932.92,6047.10,2092.52,771.16,1250.50,0.0027
125,4,643.07,499.57,4923.04,2282.00,830.02,1311.45,0.0035
125,4,1011.85,3196.29,7300.43,1963.59,736.44,1404.11,0.0030
125,4,706.59,1366.31,5313.93,2113.21,721.56,1112.85,0.0027
125,4,773.96,1790.14,5683.92,1933.90,758.26,1201.63,0.0035
125,4,857.75,2364.23,6421.43,1974.62,674.00,1408.57,0.0036
125,4,772.12,2002.44,5884.40,1921.52,735.25,1225.18,0.0045
125,4,834.60,2296.17,6485.93,1946.76,760.33,1482.67,0.0030
125,4,687.19,1168.37,5226.86,2006.89,706.84,1344.77,0.0025
125,4,689.51,1073.79,4845.81,1820.41,709.70,1241.91,0.0037
125,4,1092.30,4353.03,8269.94,1845.40,716.65,1354.87,0.0034
125,4,685.97,1738.25,5395.29,1894.94,713.04,1049.06,0.0040
125,4,626.62,1072.44,4813.47,1851.24,754.71,1135.09,0.0029
125,4,1169.06,5254.18,9296.46,1872.98,696.83,1472.46,0.0030
125,4,746.30,1944.94,5845.62,2024.74,740.80,1135.14,0.0029
125,4,984.82,3600.57,7185.41,1599.07,603.60,1382.18,0.0029
125,4,936.75,2675.31,7014.98,1972.77,671.60,1695.30,0.0026
125,4,771.17,1527.63,5898.99,2268.38,779.12,1323.86,0.0029
125,4,909.83,2583.86,6584.68,1918.38,739.63,1342.81,0.0033
125,4,803.40,2137.14,6139.75,1920.84,656.20,1425.56,0.0037
125,4,786.20,2239.24,6526.21,2113.71,853.84,1319.43,0.0027
125,4,910.41,3244.97,7281.85,1868.54,715.89,1452.44,0.0032
125,4,922.59,3495.80,7549.25,1969.02,751.23,1333.21,0.0030
125,4,904.26,3278.64,7042.03,1700.58,607.17,1455.64,0.0029
125,4,819.32,1723.42,6126.20,2128.05,783.52,1491.22,0.0034
125,4,705.75,1999.49,5809.63,1810.98,724.53,1274.63,0.0029
125,4,709.11,1335.49,5305.86,1960.60,743.22,1266.55,0.0038
125,4,852.41,2672.84,6703.63,1837.68,697.58,1495.54,0.0027
125,4,998.17,3652.95,8058.13,2076.88,823.99,1504.32,0.0028
125,4,827.13,2542.72,6910.27,2117.38,805.05,1445.11,0.0040
125,4,815.45,2704.87,6309.29,1825.55,637.71,1141.16,0.0048
125,4,897.66,2603.25,6484.31,1922.62,674.64,1283.81,0.0032
125,4,876.58,2445.33,6366.00,1973.46,732.27,1214.94,0.0035
125,4,1016.48,3049.23,7829.20,2208.10,970.89,1600.98,0.0033
125,4,895.87,2602.49,6919.30,2021.15,735.18,1560.48,0.0030
125,4,734.68,1972.51,5583.95,1825.42,668.54,1117.48,0.0027
125,4,957.70,3326.15,7192.00,1891.07,618.80,1355.97,0.0024
125,4,661.07,1369.03,5204.83,2000.12,782.05,1053.62,0.0030
125,4,873.05,2689.53,6691.42,1849.91,698.46,1453.52,0.0034
125,4,1083.00,3521.72,8260.83,2247.33,885.29,1606.49,0.0030
125,4,914.19,3570.52,7530.13,1784.60,707.45,1467.55,0.0032
125,4,853.75,2289.83,6697.37,2306.37,839.08,1262.10,0.0040
125,4,1055.88,3257.25,7462.17,1925.07,751.71,1528.14,0.0036
125,4,1009.10,3141.15,7761.81,2267.83,804.33,1548.51,0.0030
125,4,1058.81,4509.01,8755.12,1903.47,791.07,1551.57,0.0034
125,4,891.68,2434.00,6688.79,2045.70,784.63,1424.46,0.0025
125,4,769.04,1935.77,6030.68,1991.36,727.62,1375.93,0.0041
150,4,822.79,2029.56,5881.08,1924.28,656.96,1270.28,0.0043
150,4,841.84,2646.66,6569.44,1960.33,714.00,1248.44,0.0033
150,4,917.45,3533.56,7451.35,1886.37,689.38,1342.05,0.0045
150,4,1023.41,3631.54,7929.17,1854.13,780.63,1662.87,0.0034
150,4,735.70,1846.42,6078.37,2066.41,839.43,1326.12,0.0036
150,4,993.28,3332.71,7385.37,1957.86,660.27,1434.54,0.0043
150,4,839.14,2691.60,6458.45,1825.01,645.22,1296.62,0.0028
150,4,946.68,2804.73,7081.74,1916.21,725.61,1635.18,0.0049
150,4,774.61,2231.04,5937.38,1794.20,731.55,1180.58,0.0043
150,4,827.52,2085.66,6098.97,1881.95,763.34,1368.01,0.0047
150,4,824.59,2665.63,6061.27,1583.24,614.96,1197.44,0.0038
150,4,775.48,2072.27,5654.92,1623.51,637.43,1321.70,0.0037
150,4,896.53,2610.60,6985.57,1981.48,836.72,1556.77,0.0036
150,4,837.57,2502.29,6897.99,2084.84,847.42,1463.44,0.0040
150,4,842.37,2695.84,6171.18,1679.64,590.24,1205.46,0.0040
150,4,825.24,2111.47,6056.45,2039.99,721.13,1183.86,0.0030
150,4,708.64,1257.61,5427.73,2154.43,829.70,1185.99,0.0035
150,4,819.81,1681.27,6048.86,2173.80,870.88,1322.91,0.0040
150,4,756.67,2125.54,5879.76,1940.14,663.56,1150.52,0.0033
150,4,967.51,3028.04,7194.44,1748.15,772.69,1645.56,0.0035
150,4,731.53,1907.96,5512.17,1753.92,646.30,1204.00,0.0037
150,4,1027.86,3788.19,7780.31,1892.57,704.21,1395.33,0.0039
150,4,785.11,2621.31,6508.55,1801.87,702.30,1383.07,0.0041
150,4,780.05,1623.37,5887.50,1913.55,723.12,1627.47,0.0041
150,4,806.16,1977.93,5979.54,1880.85,771.06,1349.70,0.0033
150,4,924.99,3601.35,7451.08,1680.66,604.05,1565.02,0.0042
150,4,973.20,3053.92,7397.24,1999.67,753.01,1590.64,0.0034
150,4,801.37,1859.36,6010.46,2097.10,782.97,1271.03,0.0043
150,4,908.06,2202.94,6739.90,2218.56,908.51,1409.89,0.0039
150,4,987.49,3383.01,7573.13,2024.09,779.94,1386.09,0.0033
150,4,1038.57,3914.36,7968.40,1779.86,702.39,1571.78,0.0031
150,4,942.04,3276.92,7753.97,2049.73,811.74,1615.58,0.0035
150,4,619.28,1139.01,4785.88,1771.52,667.22,1208.12,0.0038
150,4,750.43,2063.19,5579.42,1734.03,586.72,1195.48,0.0035
150,4,747.44,1661.59,5687.13,1964.18,844.11,1217.26,0.0031
150,4,876.55,2342.68,6700.51,2088.78,713.90,1555.16,0.0031
150,4,745.85,1791.11,5885.72,1957.43,728.02,1409.17,0.0035
150,4,951.66,3282.74,7510.46,1894.90,701.67,1631.15,0.0040
150,4,855.76,2629.15,7172.32,2220.02,746.59,1576.55,0.0050
150,4,813.30,2113.33,6259.52,2008.19,783.41,1354.59,0.0042
150,4,772.74,1667.10,5656.83,2127.08,713.93,1148.72,0.0040
150,4,1081.71,3960.03,8140.58,1841.25,753.45,1585.85,0.0035
150,4,643.55,672.50,5083.93,2270.98,900.27,1240.17,0.0048
150,4,925.23,2381.61,6711.58,2081.34,756.92,1491.71,0.0041
150,4,866.25,2717.22,6475.45,1757.69,616.23,1384.32,0.0040
150,4,913.05,3277.30,7090.14,1718.16,624.69,1469.99,0.0043
150,4,839.35,2333.96,6256.03,1805.25,657.92,1458.90,0.0036
150,4,714.47,1634.87,5531.43,1858.83,837.54,1200.18,0.0038
150,4,814.89,1717.41,5995.38,2089.62,723.73,1464.62,0.0041
150,4,839.66,1909.16,6014.92,1982.67,711.86,1411.22,0.0042
150,4,786.56,2097.56,6033.85,1985.08,666.18,1285.03,0.0041
150,4,834.76,2920.71,6794.87,1872.55,715.53,1286.08,0.0030
150,4,753.61,2481.60,6415.20,1822.15,669.87,1441.59,0.0034
150,4,711.77,2613.05,6087.33,1587.37,680.52,1206.39,0.0037
150,4,663.64,1694.66,5644.09,1951.58,689.63,1308.22,0.0037
150,4,983.95,3084.19,7200.65,1891.19,748.05,1477.23,0.0030
150,4,707.90,1681.52,5485.72,1946.23,727.64,1130.33,0.0032
150,4,778.11,2116.57,5930.98,1883.95,706.43,1224.03,0.0040
150,4,820.06,1991.99,5998.47,1977.36,713.39,1315.72,0.0036
150,4,776.30,2417.96,6015.23,1650.58,677.75,1268.93,0.0029
150,4,783.45,2359.69,6226.47,1749.57,695.36,1421.84,0.0031
150,4,797.51,1914.44,5996.97,1984.45,718.68,1379.40,0.0037
150,4,665.08,1249.36,4805.35,1628.99,688.96,1238.03,0.0049
150,4,1136.02,5050.96,8894.15,1844.03,659.95,1339.21,0.0038
150,4,685.38,1836.71,5543.37,1941.67,792.57,972.42,0.0042
150,4,689.50,1430.28,5250.25,1939.67,730.57,1149.72,0.0030
150,4,1220.86,5321.29,9201.65,1710.89,669.07,1500.40,0.0034
150,4,827.87,2250.11,6213.96,1998.36,744.30,1221.18,0.0037
150,4,890.92,3206.82,6812.51,1618.54,564.57,1422.58,0.0040
150,4,872.18,2796.37,6852.25,1730.27,621.48,1704.14,0.0051
150,4,778.06,1702.46,6028.36,2188.65,811.07,1326.19,0.0038
150,4,863.34,3199.86,7043.37,1796.91,685.87,1360.73,0.0040
150,4,876.21,2327.57,6272.61,1867.53,650.12,1427.39,0.0042
150,4,893.57,2755.05,7095.80,2032.87,903.69,1404.18,0.0034
150,4,984.89,3709.43,7793.11,1868.25,740.22,1475.21,0.0037
150,4,1015.38,3819.25,7892.08,1971.51,780.19,1321.13,0.0038
150,4,1009.21,3007.34,7162.07,2039.31,653.63,1461.79,0.0029
150,4,774.74,1783.77,6090.25,2080.69,762.06,1463.73,0.0038
150,4,788.36,1977.65,6221.28,2116.89,784.29,1342.45,0.0032
150,4,715.87,1419.24,5280.81,1842.31,708.10,1311.15,0.0032
150,4,895.07,2840.10,7116.48,2006.42,745.96,1523.99,0.0047
150,4,995.01,2926.71,7612.16,2247.62,958.16,1479.67,0.0036
150,4,860.68,2410.61,6753.63,2110.20,829.24,1403.57,0.0033
150,4,916.07,2708.34,6690.51,2086.34,735.34,1160.49,0.0039
150,4,951.11,3353.82,7265.31,1884.47,647.14,1379.88,0.0026
150,4,839.33,2458.51,6187.97,1773.29,708.60,1247.57,0.0028
150,4,926.58,3349.57,7666.85,1951.04,820.00,1546.24,0.0033
150,4,909.07,2564.95,7021.18,2050.07,809.97,1596.19,0.0040
150,4,838.28,2461.67,6324.88,1984.00,681.32,1197.89,0.0029
150,4,1101.48,4307.27,8539.75,2084.87,675.64,1471.97,0.0048
150,4,605.50,1047.04,4821.31,1979.63,732.01,1062.64,0.0044
150,4,829.37,2270.04,6486.78,2095.70,702.40,1418.64,0.0050
150,4,1069.13,4052.91,8241.23,1883.17,767.37,1537.77,0.0028
150,4,1052.06,3550.59,7695.14,1994.58,755.15,1394.82,0.0039
150,4,963.70,2972.29,7156.07,2105.11,765.09,1313.58,0.0037
150,4,1146.78,4179.67,8455.83,1957.19,715.04,1603.92,0.0037
150,4,1028.19,3133.50,7913.61,2334.68,882.66,1562.77,0.0042
150,4,912.86,3444.49,7614.11,1991.70,689.49,1488.42,0.0036
150,4,828.85,2629.05,6682.59,1899.45,750.75,1403.33,0.0030
150,4,891.93,2725.58,6675.85,1906.62,675.47,1368.18,0.0030
175,4,855.01,2291.02,6206.64,1973.34,616.28,1326.00,0.0043
175,4,826.32,2447.59,6259.78,1805.59,761.38,1245.22,0.0040
175,4,992.71,3510.20,7547.74,1918.94,742.70,1375.89,0.0042
175,4,1088.61,3863.09,8084.70,1832.66,738.10,1650.85,0.0039
175,4,792.02,1957.02,6397.21,2142.48,881.98,1415.74,0.0041
175,4,956.78,3312.65,7197.17,1731.55,671.78,1481.20,0.0033
175,4,1008.20,3157.77,7274.72,2065.71,665.43,1385.81,0.0034
175,4,1019.21,3032.59,7305.14,1895.34,697.62,1679.58,0.0052
175,4,888.74,2282.24,6536.65,2190.32,835.35,1228.73,0.0041
175,4,765.70,2427.71,6437.61,1916.04,717.86,1375.99,0.0044
175,4,753.79,2233.17,5750.76,1685.50,606.29,1225.79,0.0046
175,4,834.33,2540.21,6278.72,1699.82,656.39,1382.30,0.0048
175,4,917.69,2872.25,7358.80,2046.39,853.15,1587.01,0.0043
175,4,908.61,3014.70,7238.20,1919.50,821.21,1482.78,0.0051
175,4,798.32,2199.78,5895.60,1804.67,642.89,1248.27,0.0042
175,4,784.82,2119.40,6068.18,2027.46,730.26,1191.07,0.0042
175,4,688.27,1239.81,5259.78,2048.91,810.05,1161.01,0.0040
175,4,948.24,2615.70,6878.44,2010.74,828.40,1423.60,0.0061
175,4,822.10,2209.99,5932.60,1883.15,668.93,1170.53,0.0036
175,4,924.64,2737.13,7014.85,1845.11,765.50,1667.12,0.0045
175,4,708.09,1612.11,5410.26,1900.38,670.77,1227.00,0.0033
175,4,970.20,3080.57,7020.52,1843.82,685.77,1410.36,0.0042
175,4,1033.34,3917.57,7738.04,1688.07,716.64,1415.76,0.0045
175,4,777.62,1889.96,6161.33,1921.37,728.42,1621.58,0.0042
175,4,839.73,2383.45,6385.64,1882.31,721.50,1398.39,0.0040
175,4,934.64,3330.41,7336.48,1732.11,705.68,1568.29,0.0055
175,4,975.16,3131.44,7455.79,1939.54,790.20,1594.62,0.0046
175,4,865.12,2255.51,6474.29,2075.64,807.32,1335.82,0.0039
175,4,998.90,3623.53,7809.11,1994.65,723.53,1467.41,0.0049
175,4,982.02,3621.52,7665.74,1888.52,803.30,1352.40,0.0040
175,4,982.63,3743.36,7923.94,1878.91,718.84,1582.84,0.0042
175,4,959.11,3204.60,7795.95,2193.42,785.64,1612.29,0.0044
175,4,643.63,888.56,5003.71,2119.56,781.15,1214.43,0.0046
175,4,772.88,2132.03,5798.84,1798.53,598.99,1269.29,0.0036
175,4,817.86,2110.61,6202.13,2029.26,809.75,1252.50,0.0049
175,4,824.49,2127.72,6225.53,1866.45,746.75,1484.61,0.0057
175,4,720.40,1405.92,5560.84,2019.11,749.28,1386.54,0.0045
175,4,964.54,3196.44,7370.79,1862.46,726.11,1585.78,0.0049
175,4,924.61,2779.23,7112.60,2043.82,728.57,1560.98,0.0033
175,4,846.81,2417.27,6333.77,1880.06,764.79,1271.63,0.0035
175,4,683.83,1343.26,5225.88,2023.58,752.31,1106.74,0.0045
175,4,1031.25,2717.27,7192.22,2052.68,874.42,1547.83,0.0042
175,4,636.72,938.74,5224.70,2185.15,859.91,1240.90,0.0050
175,4,901.77,3166.64,7035.61,1647.71,732.14,1489.12,0.0041
175,4,842.81,1970.65,6216.15,2133.39,733.30,1378.82,0.0064
175,4,959.62,2967.00,7153.01,2029.16,680.90,1475.95,0.0043
175,4,819.01,2238.38,6338.42,1933.15,690.51,1476.37,0.0044
175,4,758.28,1739.86,6009.50,2075.56,918.51,1275.57,0.0059
175,4,882.45,2199.11,6575.63,2151.50,718.21,1506.81,0.0033
175,4,703.90,1833.82,5557.77,1836.82,630.28,1256.86,0.0043
175,4,771.24,2089.92,6023.51,1916.47,720.95,1296.18,0.0034
175,4,833.01,2653.04,6469.06,1824.21,708.57,1283.23,0.0055
175,4,840.99,1801.78,6185.48,2102.55,826.45,1454.71,0.0042
175,4,802.47,1595.24,5629.45,1948.30,811.43,1274.48,0.0049
175,4,742.26,1339.88,5533.35,2049.02,826.37,1318.08,0.0041
175,4,953.58,3024.45,7096.65,1877.74,767.20,1427.26,0.0044
175,4,727.16,1664.68,5680.12,2130.40,745.66,1139.38,0.0041
175,4,752.21,1805.25,5493.55,1815.10,692.99,1180.21,0.0037
175,4,823.01,2397.80,6037.32,1706.63,596.67,1336.22,0.0035
175,4,725.84,2247.61,5634.79,1570.95,594.94,1221.28,0.0046
175,4,811.42,2522.82,6941.81,2099.65,794.99,1524.35,0.0052
175,4,779.16,1586.66,5744.48,2070.19,742.85,1344.78,0.0038
175,4,649.75,1507.30,5195.61,1771.25,662.45,1254.61,0.0037
175,4,1072.06,4314.70,8058.97,1736.47,657.15,1350.65,0.0031
175,4,718.62,1241.21,5164.61,2062.34,835.08,1025.99,0.0050
175,4,626.97,1053.70,4849.76,1885.41,731.34,1179.30,0.0046
175,4,1261.25,5468.25,9639.97,1913.86,706.74,1551.13,0.0051
175,4,726.71,1790.49,5730.29,2049.59,701.61,1188.59,0.0044
175,4,893.02,3206.89,6742.21,1555.63,572.38,1407.31,0.0050
175,4,943.19,2652.04,6813.85,1823.57,679.60,1658.64,0.0040
175,4,757.71,1596.91,6079.78,2299.36,834.11,1349.39,0.0041
175,4,847.68,2628.92,6657.73,2010.74,723.28,1294.78,0.0042
175,4,842.02,2215.67,6051.11,1763.01,649.47,1422.95,0.0036
175,4,862.21,2538.14,6900.52,2159.89,843.92,1358.57,0.0047
175,4,982.53,3326.93,7346.28,1802.20,749.01,1468.15,0.0039
175,4,963.24,3183.02,7471.06,2094.52,840.23,1353.29,0.0041
175,4,990.81,3277.51,7250.83,1832.30,630.13,1510.89,0.0056
175,4,734.35,1824.60,5952.35,1943.41,735.97,1448.37,0.0045
175,4,865.57,2585.89,6725.66,2011.84,796.00,1331.92,0.0036
175,4,629.80,1191.52,5097.13,1861.11,760.37,1284.13,0.0038
175,4,896.34,3208.61,7366.86,1869.61,690.04,1598.60,0.0058
175,4,952.22,3408.06,7782.85,2044.63,827.18,1502.98,0.0037
175,4,924.88,2669.82,7128.17,2121.07,855.91,1481.37,0.0036
175,4,840.85,3081.21,6633.89,1769.94,629.42,1153.32,0.0033
175,4,921.27,3574.58,7287.45,1809.81,617.75,1285.31,0.0055
175,4,807.62,2177.81,5900.76,1761.86,764.80,1196.29,0.0041
175,4,1035.00,3399.94,7855.22,2068.86,870.29,1516.13,0.0046
175,4,880.42,2497.39,6633.03,1849.57,743.57,1542.49,0.0035
175,4,807.55,2518.06,6262.27,1846.36,709.28,1188.57,0.0041
175,4,1047.15,3661.96,7968.14,2135.14,755.93,1415.10,0.0044
175,4,648.12,999.91,4902.84,1982.36,829.95,1090.62,0.0053
175,4,870.92,2865.69,6819.00,1770.56,689.92,1492.83,0.0035
175,4,1075.26,4002.18,8338.69,1904.70,808.93,1622.87,0.0045
175,4,1001.48,3384.81,7645.51,2002.51,788.23,1469.95,0.0039
175,4,1020.30,3420.23,7486.86,2012.47,753.37,1300.79,0.0036
175,4,1136.11,3863.66,8200.99,2029.54,725.95,1581.84,0.0039
175,4,970.35,3133.52,7613.49,2085.39,880.03,1514.55,0.0035
175,4,1144.30,3984.09,8464.73,2012.47,841.06,1627.12,0.0057
175,4,846.94,2027.30,6317.56,2069.25,813.96,1407.05,0.0047
175,4,858.75,2485.47,6405.94,1852.15,694.30,1374.02,0.0042
200,4,843.15,2294.75,6366.04,1909.39,749.26,1412.64,0.0045
200,4,839.18,2174.38,6255.29,2074.71,743.66,1262.55,0.0048
200,4,1042.45,3685.28,7943.37,2134.70,715.53,1407.86,0.0042
200,4,1106.23,3351.02,7827.87,2037.78,786.18,1652.90,0.0039
200,4,812.35,1907.53,6310.27,2172.65,849.45,1380.65,0.0048
200,4,1032.50,3239.94,7431.79,2112.83,736.71,1342.30,0.0048
200,4,980.30,3672.56,7667.95,1892.39,683.08,1419.92,0.0043
200,4,893.98,2323.24,6716.98,2060.49,736.65,1596.61,0.0054
200,4,824.95,2291.25,6324.99,2039.99,753.44,1240.30,0.0039
200,4,838.88,2033.30,6292.04,2105.29,762.38,1391.07,0.0049
200,4,775.68,2012.39,5573.97,1739.35,627.71,1194.53,0.0049
200,4,779.27,2500.44,6176.07,1722.14,601.29,1352.20,0.0044
200,4,955.18,2956.36,7520.68,2114.29,861.81,1588.22,0.0048
200,4,831.44,2340.11,6582.42,2036.58,801.83,1403.89,0.0048
200,4,895.50,3043.09,6850.32,1892.12,654.65,1260.46,0.0040
200,4,820.29,2409.48,6217.83,1942.42,691.00,1174.93,0.0037
200,4,787.51,1640.46,5760.00,2036.27,805.06,1278.22,0.0055
200,4,876.32,2039.88,6753.00,2372.26,943.30,1397.55,0.0043
200,4,836.54,2516.99,6194.63,1858.51,622.05,1197.07,0.0047
200,4,903.25,2763.48,6912.74,1794.55,718.49,1636.22,0.0051
200,4,835.74,2430.10,6152.42,1845.60,624.30,1252.42,0.0035
200,4,955.32,3553.26,7665.69,1980.39,701.10,1430.94,0.0055
200,4,941.31,3020.75,6960.83,1892.95,690.64,1356.48,0.0053
200,4,858.62,1867.58,6169.43,1948.08,756.03,1597.73,0.0050
200,4,813.86,2747.09,6581.00,1789.91,665.84,1378.16,0.0043
200,4,1055.15,3527.28,7736.05,1901.27,657.75,1649.76,0.0054
200,4,899.50,3168.44,7216.35,1846.43,651.44,1550.04,0.0052
200,4,868.15,1991.50,6302.18,2230.41,809.72,1270.55,0.0044
200,4,889.62,2802.00,7002.94,1907.64,816.95,1476.36,0.0058
200,4,930.29,3291.10,7227.28,1889.78,716.50,1329.90,0.0047
200,4,1057.45,3752.62,7864.45,1807.93,726.61,1577.29,0.0048
200,4,945.50,3114.34,7584.26,2034.64,790.39,1644.89,0.0052
200,4,651.49,1111.63,5167.14,2063.53,768.39,1223.59,0.0052
200,4,834.77,2126.83,5919.03,1912.09,636.60,1243.51,0.0037
200,4,726.78,2118.37,5933.13,1863.16,743.30,1208.30,0.0052
200,4,801.80,2118.75,6175.89,1857.27,708.47,1491.40,0.0041
200,4,695.28,1517.16,5431.97,1837.29,677.03,1400.49,0.0083
200,4,1037.65,3285.45,7555.55,1876.39,786.98,1606.73,0.0044
200,4,940.16,2439.26,6955.49,2161.26,772.48,1582.48,0.0042
200,4,742.40,1779.37,5986.07,2171.47,770.10,1265.14,0.0054
200,4,754.83,1429.59,5484.68,2109.98,781.15,1163.96,0.0043
200,4,990.66,4356.22,8090.19,1615.90,641.13,1476.94,0.0052
200,4,676.17,925.64,5031.33,2174.36,786.71,1144.62,0.0046
200,4,916.32,3060.59,7292.48,1955.86,777.48,1498.55,0.0057
200,4,834.69,2698.64,6596.89,1944.42,641.58,1312.26,0.0046
200,4,925.60,2637.59,6609.09,1932.07,695.37,1344.06,0.0061
200,4,806.10,2123.38,6120.33,1908.00,682.14,1406.81,0.0036
200,4,767.62,2382.42,6522.29,1993.14,860.42,1286.31,0.0059
200,4,869.08,2422.06,6311.58,1813.32,616.78,1459.42,0.0046
200,4,837.64,2220.39,6219.89,1920.07,711.32,1368.11,0.0059
200,4,914.69,3202.49,6924.87,1726.27,630.09,1366.02,0.0050
200,4,830.61,2922.62,6802.06,1879.88,678.93,1320.63,0.0050
200,4,808.80,1745.28,5911.74,2004.79,764.39,1397.28,0.0066
200,4,716.36,1602.02,5573.29,1973.40,816.66,1181.21,0.0061
200,4,685.40,1124.74,5367.83,2121.95,744.32,1376.82,0.0047
200,4,963.77,3399.67,7459.82,1851.87,703.06,1505.22,0.0051
200,4,656.26,1982.96,5643.25,1881.37,677.53,1101.39,0.0049
200,4,782.00,2029.45,5950.36,1937.33,797.28,1186.31,0.0042
200,4,829.25,2845.89,6446.44,1668.16,586.34,1346.06,0.0053
200,4,837.62,2824.26,6441.22,1644.30,695.84,1276.82,0.0069
200,4,832.31,2198.64,6410.98,1952.56,794.17,1465.60,0.0045
200,4,756.47,1915.69,5977.19,1965.05,732.08,1364.38,0.0049
200,4,761.99,1702.15,5468.28,1782.62,643.23,1340.28,0.0040
200,4,1120.17,4159.35,8137.65,1953.51,676.40,1348.39,0.0061
200,4,737.84,2110.80,5809.08,1902.02,759.79,1036.47,0.0041
200,4,661.67,1185.98,5181.23,2051.62,750.59,1193.05,0.0055
200,4,1298.06,5252.93,9273.88,1910.33,665.67,1444.96,0.0048
200,4,720.61,2280.53,5955.63,1852.97,634.66,1187.47,0.0052
200,4,869.21,3632.35,6976.62,1425.19,531.60,1387.48,0.0052
200,4,942.92,2819.91,7157.72,1974.29,680.47,1683.05,0.0061
200,4,765.68,1820.24,6077.25,2121.07,788.11,1347.83,0.0057
200,4,841.51,2652.34,6515.72,1839.16,738.23,1285.99,0.0053
200,4,763.92,1908.09,5867.11,1883.87,652.90,1422.25,0.0044
200,4,890.98,3048.40,7466.97,2177.99,827.76,1412.82,0.0060
200,4,922.89,3420.17,7625.70,1910.09,790.89,1504.55,0.0040
200,4,971.55,3268.09,7433.77,2033.59,739.40,1392.69,0.0046
200,4,987.55,3391.49,7311.49,1814.36,635.41,1470.22,0.0048
200,4,802.00,1881.95,6005.48,1900.82,807.46,1415.24,0.0063
200,4,853.30,1810.10,6306.61,2264.50,837.72,1394.30,0.0050
200,4,784.54,1623.19,5804.50,1965.82,803.67,1411.82,0.0056
200,4,849.38,2068.54,6527.55,2144.51,786.00,1528.51,0.0063
200,4,1012.51,3576.77,8115.09,2177.37,872.60,1488.35,0.0039
200,4,901.12,2737.78,7049.17,1972.72,809.18,1529.49,0.0053
200,4,903.87,2611.60,6664.65,2152.03,737.58,1163.44,0.0052
200,4,904.63,3151.99,7168.32,1995.79,675.57,1344.97,0.0045
200,4,806.20,2295.41,6074.50,1776.06,741.52,1261.51,0.0051
200,4,935.19,3133.22,7588.91,2101.59,838.09,1516.00,0.0039
200,4,803.42,2101.84,6392.84,1985.52,778.98,1526.50,0.0076
200,4,815.01,2416.63,6195.42,1880.11,706.89,1191.79,0.0041
200,4,1041.76,3710.07,7787.57,1991.94,730.18,1355.38,0.0047
200,4,662.17,1462.73,5335.22,2014.63,779.39,1078.47,0.0056
200,4,878.74,2191.75,6500.48,2100.11,750.85,1457.77,0.0051
200,4,1017.93,3149.35,7699.98,2128.32,840.83,1581.48,0.0049
200,4,1037.79,4071.20,7957.07,1690.01,694.25,1501.61,0.0042
200,4,966.66,3377.83,7511.80,1940.14,785.07,1408.76,0.0051
200,4,1231.95,4626.34,8953.22,1884.05,760.18,1682.66,0.0041
200,4,1019.13,3325.06,7751.06,2118.29,821.01,1486.70,0.0048
200,4,1040.58,4180.22,8181.82,1760.88,728.65,1512.07,0.0062
200,4,806.08,2607.25,6441.66,1846.51,654.99,1332.91,0.0050
200,4,779.61,1824.52,5885.16,1968.05,714.69,1377.91,0.0057
225,4,846.53,2544.29,6415.05,1877.00,621.43,1372.32,0.0044
225,4,919.80,2798.21,6852.06,2054.78,735.90,1263.16,0.0057
225,4,1003.35,3601.05,7604.06,1962.07,693.48,1347.46,0.0047
225,4,977.42,3567.78,7703.14,1827.18,689.86,1618.31,0.0069
225,4,791.23,1788.09,6260.98,2165.60,927.06,1380.22,0.0059
225,4,1066.87,4040.29,7989.77,1869.54,651.99,1427.96,0.0055
225,4,930.94,3038.12,7112.83,1945.91,737.38,1391.41,0.0056
225,4,912.34,2293.11,6924.49,2258.52,748.16,1624.69,0.0042
225,4,738.47,1467.50,5384.90,1984.54,795.43,1137.42,0.0068
225,4,863.85,2617.02,6714.59,1901.87,830.67,1365.03,0.0052
225,4,758.94,2030.20,5589.93,1734.35,666.79,1158.58,0.0068
225,4,833.33,2526.80,6360.47,1851.13,617.66,1364.88,0.0045
225,4,932.79,2929.13,7227.51,1953.66,833.59,1511.13,0.0075
225,4,928.48,2940.71,7330.46,2075.85,817.50,1496.39,0.0049
225,4,900.23,3011.66,6887.65,1930.56,687.62,1257.82,0.0047
225,4,829.82,2368.08,6155.06,1918.62,666.78,1201.58,0.0060
225,4,761.44,1242.48,5298.45,2104.27,818.31,1133.40,0.0041
225,4,903.48,2965.76,7199.49,1963.02,812.20,1458.51,0.0043
225,4,829.40,2343.25,6217.88,1970.84,721.47,1182.32,0.0053
225,4,875.13,2591.75,6906.17,1939.98,745.24,1629.20,0.0057
225,4,731.67,1814.03,5476.57,1805.98,639.16,1217.40,0.0048
225,4,980.95,3460.92,7298.45,1774.40,657.95,1405.18,0.0050
225,4,1066.46,4180.31,7909.43,1643.86,634.29,1450.98,0.0060
225,4,826.49,1692.34,6068.92,1978.11,815.60,1582.87,0.0047
225,4,813.80,2430.35,6444.72,1895.28,693.17,1425.93,0.0054
225,4,992.65,3891.69,7789.95,1601.51,660.11,1636.64,0.0048
225,4,913.58,3242.37,7410.42,1879.30,732.92,1555.84,0.0050
225,4,861.90,2417.80,6579.92,2111.12,748.31,1302.69,0.0059
225,4,960.37,3150.65,7412.95,2058.27,737.57,1466.46,0.0046
225,4,1012.39,3432.02,7670.72,2088.76,820.56,1329.38,0.0051
225,4,1030.02,3775.12,7876.88,1815.16,683.94,1602.66,0.0048
225,4,975.92,3425.98,7903.16,1966.79,846.85,1663.53,0.0057
225,4,723.86,1441.09,5638.16,2140.37,778.05,1278.66,0.0059
225,4,705.86,1673.51,5617.50,2050.30,613.04,1280.64,0.0066
225,4,790.57,1941.99,5874.29,1954.30,773.30,1204.70,0.0062
225,4,871.44,2169.56,6690.73,2147.76,846.54,1526.88,0.0042
225,4,742.25,1778.93,5737.97,1794.05,720.48,1444.51,0.0055
225,4,1000.33,2912.70,7333.19,2038.88,772.17,1609.44,0.0047
225,4,842.00,2224.33,6717.37,2230.75,764.62,1497.67,0.0055
225,4,818.99,2470.68,6478.85,1977.83,711.54,1318.79,0.0056
225,4,708.77,1911.31,5575.55,1891.33,661.35,1111.56,0.0050
225,4,1063.23,4085.51,8067.40,1885.05,666.58,1430.27,0.0052
225,4,634.51,1221.63,4919.70,1841.51,736.00,1120.56,0.0058
225,4,914.45,2677.04,6973.42,1965.90,791.74,1538.74,0.0041
225,4,788.84,1482.15,5594.50,2041.02,731.28,1340.05,0.0061
225,4,955.61,2673.15,6939.95,2065.21,743.45,1458.13,0.0062
225,4,875.71,2499.77,6573.68,1903.44,683.53,1486.94,0.0063
225,4,711.34,1574.89,5627.97,1952.63,851.80,1248.65,0.0047
225,4,780.16,2255.57,6306.29,1840.06,676.62,1534.04,0.0058
225,4,777.30,1856.73,5742.85,1923.52,677.42,1285.18,0.0068
225,4,909.71,2679.96,6562.49,1885.33,678.57,1318.62,0.0046
225,4,891.62,2724.97,6883.02,2058.58,755.90,1343.57,0.0050
225,4,708.23,1812.51,5890.70,1909.11,726.26,1442.82,0.0060
225,4,745.92,1742.45,5774.86,2005.39,806.49,1220.54,0.0042
225,4,697.89,1405.52,5359.10,1904.63,748.37,1300.56,0.0059
225,4,1048.40,3562.60,7763.95,1911.31,778.31,1511.73,0.0052
225,4,756.26,2290.91,5983.37,1791.00,710.84,1190.63,0.0051
225,4,789.28,2161.07,6012.43,1928.37,690.33,1232.67,0.0071
225,4,845.34,2647.97,6661.07,1915.61,699.54,1397.94,0.0051
225,4,845.70,2896.31,6325.49,1583.99,647.35,1197.84,0.0050
225,4,785.82,1648.09,6001.63,2098.99,791.24,1463.31,0.0046
225,4,745.56,1768.83,5766.64,1945.23,715.75,1336.82,0.0061
225,4,757.09,1997.22,5653.44,1634.70,649.55,1371.97,0.0064
225,4,1156.47,4558.31,8532.84,1893.98,702.98,1377.57,0.0056
225,4,751.62,2054.57,5973.32,2068.57,806.25,1043.93,0.0056
225,4,672.06,1163.09,4956.28,1944.66,771.52,1077.01,0.0068
225,4,1248.93,5181.47,9190.54,1795.79,669.59,1543.69,0.0064
225,4,770.30,2275.68,5871.52,1726.64,733.26,1135.95,0.0074
225,4,904.17,3611.93,7199.96,1593.97,598.03,1396.03,0.0058
225,4,919.69,2933.86,7138.62,1830.40,631.44,1742.90,0.0044
225,4,766.06,1707.01,5830.49,2033.98,759.63,1329.87,0.0044
225,4,871.81,3143.24,7018.22,1874.67,709.22,1291.10,0.0060
225,4,794.68,2375.93,6159.07,1660.99,662.12,1460.03,0.0070
225,4,874.40,2562.01,6682.13,2012.99,800.74,1306.40,0.0041
225,4,1024.51,3763.50,7803.00,1801.66,721.02,1516.82,0.0043
225,4,922.29,3305.44,7150.27,1791.03,715.91,1337.88,0.0050
225,4,817.62,2293.95,5998.06,1863.68,580.48,1259.94,0.0049
225,4,768.47,1850.31,5893.82,1931.16,707.38,1404.96,0.0062
225,4,744.12,1654.37,5835.76,2076.99,775.47,1328.93,0.0060
225,4,750.85,1226.33,5523.20,2159.30,739.91,1397.65,0.0053
225,4,845.62,2202.10,6414.54,1930.27,732.94,1549.23,0.0051
225,4,1016.03,3184.49,7664.19,2184.31,878.62,1416.76,0.0052
225,4,865.88,2068.55,6647.16,2262.03,861.56,1455.03,0.0064
225,4,892.51,2752.86,6579.46,1974.78,685.56,1166.26,0.0055
225,4,959.33,3162.68,6924.09,1821.43,636.30,1303.69,0.0058
225,4,865.84,2648.14,6564.91,1901.85,711.63,1303.30,0.0058
225,4,940.23,3069.91,7560.94,2137.17,819.83,1534.03,0.0052
225,4,853.15,2560.86,6981.87,2022.32,800.91,1597.77,0.0053
225,4,863.86,2759.54,6353.51,1686.85,709.20,1197.92,0.0052
225,4,1020.50,4183.75,8210.90,1895.47,682.82,1448.85,0.0045
225,4,661.41,1262.31,4971.15,1857.76,788.07,1063.01,0.0046
225,4,855.74,2308.81,6514.09,1950.84,706.53,1547.92,0.0060
225,4,1051.76,3273.56,7968.08,2258.60,821.85,1614.07,0.0063
225,4,926.33,3886.22,7754.65,1683.84,693.34,1491.25,0.0052
225,4,952.28,3808.03,7852.51,1892.20,771.61,1380.67,0.0042
225,4,1180.19,4287.04,8518.57,1943.76,678.92,1608.85,0.0063
225,4,980.42,2991.40,7540.19,2238.06,855.71,1455.01,0.0043
225,4,1055.41,3824.79,8274.50,2085.48,798.11,1566.12,0.0046
225,4,834.85,2214.32,6324.24,1945.02,778.52,1386.38,0.0053
225,4,861.41,2503.02,6616.26,1993.81,707.78,1411.66,0.0048
250,4,846.11,2596.73,6417.45,1826.05,643.58,1351.09,0.0054
250,4,843.47,2032.92,6315.71,2301.58,759.73,1221.48,0.0055
250,4,990.11,3231.01,7460.25,2093.82,756.96,1378.47,0.0063
250,4,1048.99,4053.82,8198.54,1817.55,660.11,1667.06,0.0063
250,4,797.20,1550.32,6028.99,2249.86,841.37,1387.45,0.0070
250,4,934.49,3359.36,7256.27,1831.94,608.61,1456.35,0.0053
250,4,921.75,3531.94,7472.49,1804.41,700.81,1435.33,0.0055
250,4,993.47,3031.98,7480.21,1983.03,763.06,1702.15,0.0053
250,4,847.71,2599.34,6462.04,1865.74,762.13,1234.83,0.0051
250,4,847.65,2385.87,6426.55,1867.86,785.51,1387.31,0.0061
250,4,811.91,2361.24,5985.36,1780.05,675.22,1168.85,0.0053
250,4,811.86,2089.59,5923.97,1845.52,672.81,1316.05,0.0061
250,4,1024.93,3204.78,7591.90,2022.46,802.57,1562.09,0.0047
250,4,923.29,2504.07,6774.41,2048.13,779.94,1442.27,0.0063
250,4,867.67,3080.40,6779.32,1832.53,672.18,1194.21,0.0064
250,4,790.82,2601.73,6264.24,1834.39,679.13,1148.99,0.0053
250,4,740.75,1625.16,5626.72,2019.43,762.62,1219.50,0.0061
250,4,774.23,2426.03,6655.67,2041.77,771.36,1416.52,0.0056
250,4,743.93,2070.09,5815.90,1911.94,691.97,1141.91,0.0067
250,4,908.77,2829.67,7292.29,2000.33,732.59,1729.71,0.0067
250,4,770.57,1826.45,5602.67,1874.97,685.10,1216.16,0.0050
250,4,1004.60,3469.06,7662.27,2012.59,740.96,1439.67,0.0045
250,4,1063.83,3635.07,7638.52,1825.45,715.47,1462.53,0.0041
250,4,836.91,2285.66,6495.43,1863.48,757.82,1588.47,0.0049
250,4,873.85,2227.20,6407.19,2033.24,734.37,1412.38,0.0048
250,4,1043.25,3447.63,7451.97,1739.21,661.99,1603.14,0.0066
250,4,904.39,3101.22,7533.76,2110.76,762.36,1559.42,0.0051
250,4,714.98,1871.72,5871.29,1994.26,756.64,1248.66,0.0058
250,4,799.17,2193.20,6449.54,2031.73,772.09,1452.52,0.0074
250,4,998.26,3793.20,7737.52,1803.39,761.45,1379.49,0.0058
250,4,1034.65,3823.86,7903.90,1779.04,693.30,1607.70,0.0055
250,4,999.95,3046.36,7806.79,2236.35,842.17,1681.91,0.0058
250,4,705.62,1197.66,5245.65,2025.29,759.61,1263.08,0.0059
250,4,829.21,2197.94,6199.02,2042.51,660.27,1298.30,0.0046
250,4,771.81,2075.17,6046.16,1915.97,790.91,1264.11,0.0057
250,4,865.45,2606.51,6661.29,1828.13,654.71,1571.94,0.0047
250,4,774.26,1468.69,5840.23,2143.56,779.07,1448.91,0.0084
250,4,1000.56,3288.45,7677.44,2021.58,765.38,1602.04,0.0065
250,4,915.59,2888.38,7009.83,1917.33,714.95,1489.18,0.0056
250,4,782.28,2222.01,6426.35,2069.53,799.43,1335.37,0.0064
250,4,716.27,1319.42,5329.80,2159.60,751.98,1098.80,0.0062
250,4,957.16,3560.15,7701.18,1897.40,738.93,1504.70,0.0048
250,4,587.44,1064.11,5013.93,1938.73,791.23,1219.86,0.0073
250,4,817.47,2512.34,6482.14,1801.53,691.93,1476.34,0.0049
250,4,826.76,2109.96,6335.56,2147.44,741.18,1336.99,0.0058
250,4,926.94,3309.27,7152.57,1746.38,625.63,1471.29,0.0059
250,4,760.03,1286.03,5667.65,2192.30,805.19,1384.13,0.0060
250,4,796.52,1960.16,6041.85,2011.97,770.85,1298.88,0.0060
250,4,862.71,2304.58,6602.15,2052.99,723.71,1520.87,0.0054
250,4,796.09,1933.57,6028.13,2036.70,722.99,1334.87,0.0056
250,4,896.58,2187.72,6382.41,2051.86,773.00,1369.83,0.0058
250,4,931.96,3110.05,7147.24,1962.90,697.25,1377.03,0.0059
250,4,843.47,2015.54,6112.74,1809.68,742.55,1544.96,0.0046
250,4,788.07,1947.65,6010.02,2055.45,816.45,1190.47,0.0087
250,4,737.05,1650.66,5952.57,2104.81,837.62,1359.48,0.0060
250,4,956.64,3440.22,7141.11,1669.97,634.00,1396.92,0.0048
250,4,722.30,2037.14,5813.77,1931.91,671.15,1173.57,0.0063
250,4,800.99,2397.82,6148.00,1862.41,699.00,1188.78,0.0047
250,4,901.76,2368.78,6421.88,1925.79,700.14,1427.17,0.0050
250,4,798.03,1788.74,5893.34,2069.33,806.51,1228.76,0.0053
250,4,921.62,2228.66,6672.43,2058.66,856.99,1528.12,0.0061
250,4,738.44,1884.62,5642.12,1794.05,623.30,1340.15,0.0061
250,4,728.78,1769.61,5459.75,1679.06,672.39,1338.70,0.0048
250,4,1158.72,4408.45,8395.49,1952.70,719.49,1314.84,0.0078
250,4,696.89,2108.12,5730.73,1894.66,717.67,1010.28,0.0061
250,4,654.27,1362.94,5073.47,1832.74,727.38,1150.41,0.0071
250,4,1246.12,5597.41,9660.48,1802.11,680.44,1580.52,0.0049
250,4,743.97,2210.05,5966.94,1892.70,699.69,1164.50,0.0047
250,4,996.38,3446.20,7234.97,1728.19,668.53,1392.05,0.0054
250,4,947.01,2900.46,7170.79,1809.08,694.32,1766.93,0.0068
250,4,828.05,1888.30,6213.92,2128.25,840.09,1357.28,0.0067
250,4,873.56,2968.68,6878.94,1834.87,742.50,1332.90,0.0069
250,4,778.89,2184.63,5938.84,1747.59,661.15,1345.47,0.0052
250,4,1014.97,3226.25,7744.15,2177.57,877.27,1463.06,0.0053
250,4,1008.94,3868.80,7982.89,1885.69,716.92,1511.48,0.0061
250,4,913.87,3208.29,7187.64,1886.35,723.85,1369.16,0.0056
250,4,974.08,3171.09,7069.98,1819.81,620.50,1458.58,0.0042
250,4,762.64,1953.71,6085.37,1893.41,809.34,1428.91,0.0095
250,4,745.35,1845.57,5892.88,1971.89,775.49,1299.93,0.0050
250,4,701.81,1399.13,5542.10,2047.88,760.54,1334.55,0.0062
250,4,802.34,2168.97,6484.75,2132.35,710.69,1472.73,0.0073
250,4,1096.74,3497.73,8034.90,2132.81,868.14,1536.22,0.0064
250,4,884.04,2307.84,6596.24,2067.77,853.22,1367.41,0.0054
250,4,905.37,2988.41,6872.71,2021.11,657.49,1205.71,0.0061
250,4,930.17,2816.02,6793.30,1944.09,668.51,1364.69,0.0067
250,4,865.56,2581.94,6523.69,1957.97,720.47,1263.31,0.0063
250,4,1001.19,2960.79,7693.09,2189.92,943.05,1599.32,0.0059
250,4,848.95,2897.12,7096.05,1966.05,721.82,1511.06,0.0048
250,4,836.52,2176.72,5990.77,1957.13,691.30,1165.63,0.0062
250,4,1061.65,4064.27,8080.19,1947.77,665.35,1402.81,0.0066
250,4,585.18,1007.34,4811.61,1929.22,789.61,1085.44,0.0054
250,4,855.47,2726.98,6852.96,1960.54,676.79,1488.65,0.0084
250,4,1078.67,3579.92,8203.66,2158.02,890.45,1575.27,0.0058
250,4,908.24,3156.48,7176.57,1870.07,714.70,1435.32,0.0058
250,4,1046.61,4117.28,8056.56,1897.93,690.00,1351.34,0.0057
250,4,1060.37,4155.45,8139.93,1731.47,680.11,1572.91,0.0049
250,4,906.89,2907.94,7311.25,2118.06,825.20,1460.05,0.0067
250,4,1110.51,3611.12,8270.98,2189.80,906.61,1563.45,0.0083
250,4,892.38,2801.04,7079.47,2045.34,785.21,1447.89,0.0064
250,4,877.94,2706.91,6864.52,1990.43,708.15,1459.03,0.0067
275,4,858.50,2789.15,6365.15,1614.88,646.72,1314.40,0.0059
275,4,827.84,1990.64,5910.18,1965.45,735.22,1218.86,0.0073
275,4,981.17,3380.46,7684.67,2139.72,711.54,1452.95,0.0079
275,4,1018.88,3073.49,7461.55,2040.53,739.09,1608.44,0.0054
275,4,800.91,2158.67,6329.48,1906.15,863.11,1401.55,0.0068
275,4,1075.94,4454.66,8310.30,1760.22,620.22,1475.20,0.0057
275,4,910.85,2552.68,6708.79,2095.26,696.58,1364.27,0.0053
275,4,907.92,2604.85,6778.87,1896.15,703.75,1574.12,0.0059
275,4,763.88,2044.28,5820.49,1822.91,761.70,1191.60,0.0057
275,4,829.50,1964.45,6195.92,2080.56,800.59,1350.32,0.0081
275,4,844.70,2816.63,6318.25,1603.23,595.96,1302.43,0.0053
275,4,882.51,2912.18,6569.94,1708.03,609.73,1340.01,0.0057
275,4,948.80,2615.83,7360.86,2319.83,860.24,1564.97,0.0066
275,4,871.18,2319.84,6796.88,2184.62,844.99,1447.43,0.0070
275,4,832.81,2819.97,6432.13,1816.10,617.09,1178.97,0.0054
275,4,771.89,2272.34,6048.68,1971.12,662.82,1142.40,0.0059
275,4,643.82,1122.26,5224.14,2141.17,811.55,1149.17,0.0061
275,4,780.27,2701.42,6505.37,1719.06,694.46,1390.42,0.0057
275,4,776.11,2742.64,6268.04,1707.80,605.95,1211.65,0.0057
275,4,871.05,2638.13,6749.20,1731.41,739.34,1640.32,0.0052
275,4,727.35,1966.25,5452.95,1726.85,577.71,1182.14,0.0052
275,4,971.45,3834.18,7552.43,1721.96,630.53,1365.76,0.0056
275,4,1032.25,4067.24,7899.82,1709.28,679.75,1443.56,0.0053
275,4,800.33,1371.12,5857.91,2065.41,826.45,1594.93,0.0059
275,4,775.39,2126.07,6238.80,2037.23,687.29,1388.21,0.0056
275,4,859.16,3149.81,6917.33,1614.47,579.45,1573.60,0.0053
275,4,1023.34,3024.58,7564.04,2168.81,792.78,1577.86,0.0057
275,4,850.95,2916.95,6739.95,1828.36,675.32,1319.31,0.0051
275,4,956.96,3037.23,7475.44,2050.67,878.14,1509.40,0.0070
275,4,914.67,3464.47,7582.90,1977.80,791.98,1348.65,0.0058
275,4,1054.51,4351.68,8390.86,1723.47,674.47,1641.24,0.0057
275,4,991.02,3355.26,7713.94,1926.23,835.20,1597.25,0.0061
275,4,648.14,824.76,4873.11,2007.39,803.80,1237.16,0.0064
275,4,814.88,2675.98,6369.24,1857.44,552.42,1283.40,0.0053
275,4,839.64,2505.35,6454.14,1863.79,825.85,1259.15,0.0058
275,4,757.99,1723.71,5715.47,1845.26,746.46,1400.04,0.0051
275,4,717.01,1358.06,5480.05,2002.38,708.48,1411.13,0.0059
275,4,950.26,3460.17,7690.76,1876.56,756.10,1597.92,0.0057
275,4,896.64,2754.11,7106.63,2146.27,710.36,1495.89,0.0054
275,4,832.91,2256.74,6324.76,1989.85,779.59,1298.58,0.0058
275,4,665.61,1379.05,5051.60,1845.53,729.74,1097.28,0.0059
275,4,1034.97,3152.43,7219.40,1881.08,722.75,1463.13,0.0054
275,4,621.54,803.90,4714.03,1914.22,812.66,1183.26,0.0066
275,4,934.64,3313.57,7373.01,1779.12,796.23,1484.10,0.0051
275,4,797.74,1618.58,5632.57,1967.23,758.75,1288.01,0.0056
275,4,930.13,3479.26,7241.56,1730.11,643.42,1388.77,0.0053
275,4,776.99,1469.68,5686.54,2119.09,709.98,1387.80,0.0056
275,4,786.98,2048.05,6146.89,1982.40,891.43,1225.01,0.0063
275,4,882.53,2729.46,6833.63,1897.93,704.74,1501.50,0.0057
275,4,822.18,2456.51,6481.50,1953.52,687.42,1384.05,0.0055
275,4,879.03,2717.78,6609.16,1932.66,708.71,1250.01,0.0059
275,4,850.95,3053.77,6807.84,1779.46,648.11,1326.49,0.0063
275,4,782.82,1781.82,5851.24,1911.51,784.41,1373.50,0.0057
275,4,818.94,1970.13,6007.76,1942.87,834.35,1260.41,0.0059
275,4,751.25,1595.26,5839.29,2113.56,768.54,1361.92,0.0081
275,4,936.80,3352.99,7214.52,1720.45,680.52,1460.55,0.0062
275,4,669.75,1878.69,5562.71,1940.63,636.90,1106.49,0.0055
275,4,762.60,1960.08,5609.83,1779.38,724.53,1145.83,0.0052
275,4,981.88,2914.61,6976.80,1904.93,729.07,1428.19,0.0055
275,4,807.96,2933.86,6462.77,1641.82,601.22,1285.87,0.0059
275,4,920.89,2763.27,6938.54,1940.72,702.28,1532.27,0.0059
275,4,720.84,1777.59,5613.61,1797.73,738.38,1299.91,0.0057
275,4,771.35,1599.45,5295.47,1713.39,682.99,1299.63,0.0062
275,4,1083.05,4275.71,7934.56,1723.37,604.38,1331.11,0.0060
275,4,682.51,2053.80,5669.74,1904.92,736.79,974.24,0.0074
275,4,639.46,1429.07,5161.06,1856.09,730.24,1145.67,0.0056
275,4,1304.85,5924.76,9868.89,1694.27,695.64,1554.22,0.0054
275,4,717.03,1512.91,5441.89,2065.48,681.32,1182.18,0.0070
275,4,970.37,3676.68,7427.59,1758.48,590.67,1401.76,0.0050
275,4,951.94,3021.87,7278.18,1891.41,654.82,1710.09,0.0054
275,4,693.18,1327.98,5606.35,2166.16,803.61,1308.60,0.0077
275,4,834.93,2471.57,6592.11,2030.23,744.97,1345.34,0.0058
275,4,799.17,1786.98,5939.01,2021.76,689.42,1440.84,0.0074
275,4,958.87,2648.17,7205.38,2238.62,918.23,1400.36,0.0063
275,4,1047.88,3779.60,8015.18,1902.40,763.22,1569.97,0.0053
275,4,825.77,3071.91,6809.68,1749.15,682.19,1306.44,0.0056
275,4,916.84,2935.79,6978.34,1928.47,619.36,1494.71,0.0051
275,4,696.74,1257.19,5403.75,1983.17,754.58,1408.80,0.0054
275,4,780.94,1776.75,5746.92,1916.49,769.13,1284.55,0.0056
275,4,750.53,1514.44,5621.53,1935.55,752.59,1418.95,0.0053
275,4,906.36,2681.01,6877.72,1934.60,749.14,1512.97,0.0067
275,4,996.66,3053.00,7719.98,2294.15,890.06,1482.77,0.0071
275,4,896.86,2679.13,7033.80,2046.30,836.93,1471.44,0.0059
275,4,968.31,3030.91,7055.61,2090.35,759.54,1174.81,0.0058
275,4,1034.97,3417.99,7266.82,1837.69,684.89,1326.25,0.0058
275,4,834.32,2223.49,6229.67,2017.43,730.86,1257.88,0.0057
275,4,1077.16,3827.83,8421.58,2143.26,857.94,1592.56,0.0053
275,4,880.77,2266.91,6672.39,1973.34,863.39,1568.75,0.0067
275,4,786.12,2644.52,6152.04,1721.09,615.47,1170.95,0.0056
275,4,977.00,3722.76,7824.17,2037.95,647.15,1416.30,0.0070
275,4,627.42,1033.99,5010.00,2070.54,796.33,1109.14,0.0062
275,4,925.72,3084.70,7108.13,1887.26,635.68,1500.50,0.0063
275,4,1028.87,3732.14,8208.28,2097.35,794.70,1584.10,0.0064
275,4,962.08,3347.23,7347.39,1805.91,750.38,1443.87,0.0062
275,4,936.79,3019.66,7204.35,2135.48,732.83,1316.38,0.0055
275,4,1105.67,4496.60,8438.85,1692.15,669.78,1580.33,0.0061
275,4,948.02,2768.78,7366.68,2293.77,828.35,1475.79,0.0059
275,4,1068.26,4392.66,8519.98,1831.53,711.52,1584.27,0.0052
275,4,875.28,3096.35,7071.83,1795.74,777.99,1401.75,0.0058
275,4,965.50,3170.34,7284.27,1982.80,695.37,1435.77,0.0065
300,4,856.76,2610.91,6466.41,1925.72,639.62,1290.17,0.0066
300,4,772.73,1703.69,5867.80,2146.24,792.72,1225.14,0.0068
300,4,1058.94,3448.83,7811.74,2234.12,780.70,1348.08,0.0060
300,4,930.69,3621.90,7639.44,1741.68,672.01,1603.84,0.0062
300,4,810.57,1987.25,6569.34,2200.44,940.83,1440.81,0.0067
300,4,877.31,3319.32,7032.93,1690.23,597.97,1425.41,0.0064
300,4,923.52,3037.36,6863.77,1873.48,631.91,1321.01,0.0056
300,4,942.09,2881.51,7163.66,1922.38,723.37,1636.40,0.0070
300,4,845.06,2772.18,6540.73,1832.01,703.69,1232.85,0.0066
300,4,893.70,2456.79,6676.09,1962.31,841.62,1415.38,0.0062
300,4,889.07,2527.62,6249.96,1781.60,688.70,1252.03,0.0058
300,4,807.11,2374.22,5966.53,1740.74,611.62,1239.96,0.0072
300,4,929.84,2941.98,7316.04,2028.21,760.13,1585.71,0.0062
300,4,922.63,2678.61,7116.38,2166.76,837.01,1434.00,0.0062
300,4,830.29,2427.11,6102.72,1782.34,686.61,1206.66,0.0064
300,4,876.05,2282.64,6548.49,2324.31,740.36,1201.17,0.0063
300,4,703.80,1108.41,5085.29,2109.02,719.91,1147.94,0.0056
300,4,845.44,2348.96,6775.06,2171.31,855.91,1398.87,0.0066
300,4,797.57,2431.36,6150.47,1857.67,694.88,1166.56,0.0062
300,4,899.20,2514.50,6907.83,1940.74,752.20,1700.39,0.0062
300,4,686.18,1943.46,5323.60,1619.88,619.65,1140.61,0.0055
300,4,1006.19,3761.17,7756.68,1909.76,679.43,1406.32,0.0066
300,4,951.06,3568.38,7472.48,1825.08,681.54,1397.49,0.0062
300,4,795.89,1568.36,5943.58,2008.74,819.97,1546.51,0.0061
300,4,861.34,3005.74,7053.70,1898.39,691.74,1457.83,0.0062
300,4,1025.86,3224.50,7428.06,1836.48,689.68,1677.40,0.0056
300,4,882.37,2378.34,6631.23,2119.70,757.65,1375.54,0.0071
300,4,791.60,2318.81,6190.16,1849.11,730.89,1291.34,0.0059
300,4,951.13,2760.58,7406.06,2261.51,907.12,1476.85,0.0064
300,4,1037.15,3586.01,7672.87,1992.26,779.13,1315.47,0.0056
300,4,1015.10,3613.73,7783.97,1917.73,674.55,1577.97,0.0063
300,4,955.71,3206.37,7638.72,1974.92,832.65,1624.77,0.0057
300,4,673.95,1020.35,5178.05,2138.55,760.69,1258.46,0.0062
300,4,837.97,2289.66,6359.98,2103.17,655.02,1312.13,0.0059
300,4,868.30,2671.12,6598.90,1945.97,702.74,1279.07,0.0056
300,4,900.91,2349.90,6484.09,1908.66,736.62,1488.91,0.0063
300,4,706.16,1773.01,5823.97,2010.86,677.40,1362.70,0.0061
300,4,992.94,3407.93,7672.18,1924.40,725.22,1614.64,0.0059
300,4,988.54,3041.99,7336.78,1948.94,764.01,1581.84,0.0066
300,4,806.43,2117.69,6105.21,1948.98,781.46,1257.08,0.0067
300,4,684.42,1208.54,5172.95,2111.00,781.17,1072.23,0.0063
300,4,1021.08,3980.78,7781.29,1639.30,676.72,1484.50,0.0059
300,4,615.18,628.36,4771.66,2121.45,835.02,1186.83,0.0064
300,4,906.17,3045.59,7247.03,1910.31,730.84,1560.30,0.0067
300,4,871.22,2799.23,6822.52,1995.20,685.21,1342.89,0.0056
300,4,975.08,3521.16,7493.55,1831.65,648.30,1492.44,0.0053
300,4,789.91,1918.90,6164.80,2069.65,735.42,1440.83,0.0062
300,4,833.23,1668.83,6102.04,2241.58,891.57,1300.06,0.0071
300,4,812.34,1856.01,5917.40,2014.02,674.56,1372.82,0.0072
300,4,792.63,2494.66,6466.58,2001.39,649.60,1320.93,0.0082
300,4,875.47,2644.81,6739.28,2001.76,735.17,1357.54,0.0067
300,4,951.86,2574.08,6774.76,2067.00,774.72,1358.95,0.0062
300,4,733.07,1628.71,5647.29,1847.64,758.38,1412.57,0.0060
300,4,799.62,1931.46,5895.73,1951.32,748.65,1264.30,0.0061
300,4,658.48,1409.39,5412.47,1989.78,737.20,1276.10,0.0067
300,4,986.19,3702.14,7594.16,1754.06,664.58,1473.38,0.0063
300,4,748.88,1753.02,5750.27,2104.95,701.65,1190.65,0.0062
300,4,753.61,2403.28,6025.14,1744.63,659.21,1218.02,0.0057
300,4,845.04,3042.90,6852.37,1645.73,668.13,1495.61,0.0059
300,4,744.09,1924.53,5939.07,1971.81,722.75,1319.98,0.0062
300,4,849.69,2243.10,6492.66,1948.59,802.76,1498.20,0.0062
300,4,742.72,1602.18,5672.68,1991.54,731.52,1347.44,0.0055
300,4,762.59,1555.75,5309.35,1794.90,675.17,1283.53,0.0055
300,4,1070.75,4567.46,8229.98,1731.65,606.33,1324.54,0.0058
300,4,691.91,1431.39,5442.44,2230.86,779.11,1001.07,0.0073
300,4,641.85,1218.13,4775.39,1763.91,688.02,1105.34,0.0061
300,4,1233.95,5852.35,9788.57,1678.50,687.34,1570.39,0.0061
300,4,778.95,1761.86,5579.45,1982.42,708.54,1126.63,0.0064
300,4,964.70,3381.96,7082.35,1716.51,612.44,1371.44,0.0060
300,4,968.32,3305.75,7443.58,1771.83,648.94,1717.06,0.0056
300,4,822.10,1708.49,6114.91,2244.65,847.74,1314.03,0.0063
300,4,880.38,3063.60,6970.80,1851.67,686.36,1369.16,0.0057
300,4,755.32,1878.20,5980.21,1952.27,657.87,1491.87,0.0063
300,4,911.82,2901.13,7151.69,1986.98,860.48,1403.11,0.0065
300,4,994.20,3409.71,7720.52,1991.44,786.27,1533.10,0.0061
300,4,872.38,3158.59,7180.06,1948.08,737.08,1336.31,0.0069
300,4,880.99,2965.74,6875.56,1877.08,649.74,1382.99,0.0059
300,4,836.37,1796.56,6198.48,2100.87,786.85,1514.20,0.0065
300,4,714.87,1166.41,5745.50,2402.61,889.12,1287.36,0.0066
300,4,656.99,1058.57,5101.20,1988.10,753.43,1301.11,0.0062
300,4,867.45,2293.21,6628.81,2094.68,738.17,1502.74,0.0067
300,4,1055.37,3697.41,8209.19,2177.03,826.72,1508.02,0.0063
300,4,898.91,2488.75,7059.14,2277.34,827.09,1465.96,0.0069
300,4,954.73,3106.82,6839.73,1895.23,670.19,1167.49,0.0068
300,4,942.95,3152.70,6912.10,1798.60,682.97,1277.83,0.0057
300,4,806.72,2675.46,6520.72,1847.98,721.79,1275.51,0.0069
300,4,961.46,3117.91,7756.82,2208.60,901.18,1529.13,0.0066
300,4,912.12,2580.00,7058.91,2113.96,767.92,1597.03,0.0061
300,4,820.52,2454.07,6008.32,1774.06,651.52,1128.68,0.0060
300,4,901.57,4131.75,7687.43,1546.18,595.80,1413.70,0.0060
300,4,636.82,1064.65,5103.68,2065.59,857.21,1116.22,0.0059
300,4,826.21,2102.82,6386.24,2100.25,730.01,1453.16,0.0062
300,4,1047.59,4019.93,8156.66,1864.51,701.75,1570.47,0.0056
300,4,864.32,3314.51,7035.42,1643.49,655.20,1422.22,0.0059
300,4,978.48,3262.37,7532.99,2095.96,761.93,1412.73,0.0059
300,4,1049.31,4359.53,8416.27,1823.99,682.66,1550.09,0.0055
300,4,1012.27,2863.04,7247.28,2096.09,837.82,1450.32,0.0056
300,4,1132.01,4655.53,8913.23,1902.43,756.20,1599.08,0.0064
300,4,832.35,2490.87,6629.46,2029.23,745.04,1364.31,0.0058
300,4,869.03,2638.26,6666.24,1953.97,671.39,1402.62,0.0064
325,4,919.70,3171.55,7113.48,1924.20,591.02,1426.71,0.0054
325,4,799.16,2068.85,6104.17,1946.45,808.61,1280.26,0.0089
325,4,991.94,3477.11,7530.06,1996.92,710.88,1345.15,0.0062
325,4,1027.34,3600.93,7812.60,1897.68,655.09,1658.90,0.0080
325,4,824.30,2077.71,6615.99,2241.97,913.61,1382.70,0.0078
325,4,1047.54,3429.02,7482.90,1896.09,689.62,1468.16,0.0061
325,4,1036.54,3649.55,7543.25,1826.61,671.99,1395.10,0.0064
325,4,867.79,2791.60,7020.46,1919.47,710.93,1598.47,0.0061
325,4,743.75,2549.29,6160.94,1686.33,701.99,1223.33,0.0057
325,4,739.70,1931.30,5973.74,1996.42,756.27,1289.75,0.0072
325,4,862.06,2678.39,6327.12,1700.84,646.45,1301.45,0.0057
325,4,896.92,2929.84,6793.15,1862.97,659.16,1341.18,0.0061
325,4,928.09,3247.88,7204.90,1766.59,680.87,1509.56,0.0059
325,4,824.66,2688.35,6856.27,1945.63,803.14,1419.15,0.0072
325,4,828.01,2654.36,6160.76,1648.20,623.74,1234.47,0.0060
325,4,880.04,2914.79,6703.38,1930.71,657.39,1200.49,0.0069
325,4,705.22,1193.98,5182.54,2055.22,763.89,1169.46,0.0067
325,4,838.02,2589.07,6712.07,1929.01,780.19,1413.81,0.0065
325,4,761.12,1714.73,5692.24,2136.62,698.71,1142.17,0.0061
325,4,828.18,2423.28,6606.03,1792.19,743.61,1646.95,0.0071
325,4,732.30,2048.58,5581.19,1706.29,589.93,1236.39,0.0064
325,4,992.52,3238.04,7326.49,1971.30,727.01,1390.14,0.0058
325,4,1004.52,3420.45,7402.61,1822.93,731.90,1427.33,0.0062
325,4,803.45,1946.62,6046.03,1778.47,755.39,1565.54,0.0065
325,4,863.11,2417.67,6830.46,2161.83,815.14,1435.83,0.0067
325,4,1040.52,3083.12,7481.67,2006.65,766.08,1625.82,0.0066
325,4,951.26,3160.13,7564.87,2072.46,762.91,1569.36,0.0068
325,4,878.76,2560.06,6747.52,2051.24,797.39,1338.83,0.0062
325,4,975.00,3021.89,7388.77,2064.31,850.26,1452.31,0.0069
325,4,945.78,4283.77,7984.23,1622.11,666.28,1412.07,0.0063
325,4,1062.24,3954.73,7774.88,1628.63,640.71,1550.80,0.0066
325,4,1057.29,3558.04,8144.16,2089.43,822.92,1673.76,0.0063
325,4,630.58,796.55,4897.02,2111.44,696.29,1292.75,0.0059
325,4,696.97,1172.56,5152.27,2121.10,620.49,1238.12,0.0080
325,4,860.27,2535.18,6357.42,1840.13,696.00,1286.12,0.0066
325,4,767.24,2230.86,6280.63,1908.18,703.13,1438.46,0.0074
325,4,742.13,1467.69,5708.10,2114.99,742.90,1382.52,0.0066
325,4,1024.63,3256.16,7643.83,1906.16,811.97,1669.54,0.0063
325,4,900.91,1945.46,6619.50,2343.32,796.27,1534.44,0.0063
325,4,840.49,2556.17,6381.36,1745.32,728.10,1351.77,0.0066
325,4,716.40,1436.08,5363.97,2082.77,732.08,1113.03,0.0071
325,4,894.05,3099.85,7033.10,1755.64,698.40,1479.20,0.0064
325,4,611.59,731.80,4889.87,2127.08,810.57,1220.42,0.0067
325,4,920.67,2894.90,6977.16,1917.19,700.96,1464.12,0.0065
325,4,860.23,2603.83,6549.41,1864.39,675.99,1405.19,0.0064
325,4,876.54,3241.73,6991.70,1743.24,585.99,1420.74,0.0082
325,4,805.88,1738.55,6096.56,2134.52,730.38,1493.12,0.0148
325,4,907.52,2398.43,6667.69,2062.50,886.09,1320.68,0.0080
325,4,844.60,2255.41,6383.89,1964.24,655.05,1509.20,0.0061
325,4,756.71,2115.29,5953.53,1852.97,672.21,1313.06,0.0073
325,4,840.27,2891.96,6831.27,1888.13,715.57,1335.61,0.0063
325,4,993.70,3471.23,7434.64,1860.70,722.46,1380.25,0.0066
325,4,805.99,1827.01,6040.93,2011.95,766.95,1435.02,0.0072
325,4,812.37,2118.26,6203.32,1997.39,853.28,1234.39,0.0083
325,4,734.25,1349.38,5422.33,1964.01,776.80,1332.16,0.0085
325,4,1000.17,3280.96,7384.02,1914.35,739.24,1449.47,0.0065
325,4,751.35,1906.82,5806.34,2032.75,669.88,1196.90,0.0062
325,4,759.49,1773.14,5628.68,1860.78,783.52,1211.24,0.0061
325,4,848.62,2210.60,6225.57,1940.09,679.15,1395.72,0.0061
325,4,823.70,2549.70,6253.21,1777.62,673.77,1252.12,0.0056
325,4,885.24,2824.87,7091.88,1951.57,771.39,1544.05,0.0068
325,4,759.03,1535.26,5726.84,2148.09,702.28,1341.21,0.0063
325,4,707.66,1593.84,5190.32,1680.37,628.64,1287.48,0.0057
325,4,1076.49,4064.47,8092.89,1921.28,739.60,1367.54,0.0063
325,4,703.59,1669.71,5419.88,2034.33,743.07,972.78,0.0072
325,4,631.76,1118.51,4932.56,1920.81,742.42,1150.81,0.0073
325,4,1226.08,5442.71,9497.73,1852.07,659.99,1542.96,0.0061
325,4,799.66,2052.44,5771.25,1840.59,740.43,1137.78,0.0064
325,4,892.31,3435.53,7008.89,1585.98,584.30,1403.08,0.0068
325,4,989.74,2745.10,7100.83,1910.78,717.57,1727.39,0.0082
325,4,743.24,1202.92,5861.08,2455.28,905.68,1297.20,0.0072
325,4,973.72,3309.73,7313.43,1869.27,777.44,1356.99,0.0061
325,4,733.98,2196.53,6064.79,1807.89,632.07,1428.30,0.0068
325,4,895.47,2717.89,7048.59,2115.87,824.38,1390.45,0.0071
325,4,1035.42,4514.56,8381.90,1679.48,694.10,1493.75,0.0060
325,4,950.29,3103.91,7164.75,1934.95,762.43,1363.46,0.0065
325,4,1026.06,3393.12,7419.01,1926.97,631.41,1467.51,0.0065
325,4,804.86,1772.96,6255.44,2117.88,837.27,1527.33,0.0079
325,4,829.35,2439.17,6370.52,1865.74,735.30,1330.31,0.0065
325,4,722.97,1545.39,5604.67,1972.75,764.26,1322.28,0.0068
325,4,915.25,3012.78,7085.50,1944.18,659.88,1468.66,0.0063
325,4,983.64,3642.68,8073.13,2147.75,837.49,1445.20,0.0078
325,4,864.96,2609.35,6867.97,2029.31,797.30,1432.00,0.0066
325,4,899.33,2576.02,6554.17,2088.72,741.02,1148.41,0.0066
325,4,918.83,3321.15,7129.04,1801.29,607.18,1399.42,0.0061
325,4,827.23,2491.32,6320.25,1846.09,707.32,1275.53,0.0070
325,4,999.42,3330.91,7804.54,2006.69,892.94,1574.00,0.0064
325,4,872.52,2560.16,6802.11,1999.96,708.49,1533.50,0.0071
325,4,820.62,3008.12,6489.15,1678.93,652.00,1150.09,0.0060
325,4,1043.13,3755.43,7916.21,2033.04,685.49,1442.25,0.0060
325,4,621.42,1039.15,5045.04,2057.42,838.45,1110.02,0.0067
325,4,882.05,3416.80,7273.68,1712.32,603.81,1540.75,0.0058
325,4,942.05,3346.48,7719.41,1994.29,798.54,1580.10,0.0079
325,4,944.84,3131.41,7272.05,1905.95,752.87,1481.82,0.0061
325,4,894.25,2902.86,6908.01,1930.92,754.73,1319.49,0.0071
325,4,1165.49,3948.53,8317.84,2056.94,696.21,1616.15,0.0066
325,4,1024.02,3575.70,8087.63,2071.76,886.34,1553.82,0.0068
325,4,1026.11,4186.00,8408.49,1905.38,768.14,1548.96,0.0065
325,4,840.15,2502.29,6759.09,2076.15,783.61,1397.04,0.0072
325,4,919.80,2665.22,6846.97,1985.55,715.64,1480.55,0.0072
350,4,778.35,2288.88,5873.48,1678.35,612.19,1294.06,0.0065
350,4,834.85,2275.91,6044.15,1917.31,686.82,1164.10,0.0064
350,4,979.88,3240.85,7655.25,2252.51,759.28,1402.60,0.0073
350,4,1100.57,3749.62,7965.61,1866.37,704.29,1645.33,0.0060
350,4,818.97,2352.40,6573.91,2009.63,841.52,1370.35,0.0076
350,4,1070.84,4007.72,8045.44,1934.73,660.39,1442.59,0.0063
350,4,956.12,3153.86,7130.90,1908.49,677.47,1391.08,0.0076
350,4,904.54,3072.41,7258.86,1912.31,628.79,1645.35,0.0067
350,4,805.45,2142.69,6040.65,1955.00,758.16,1184.80,0.0063
350,4,854.20,2132.21,6705.50,2353.21,839.92,1380.16,0.0071
350,4,830.79,2528.62,6266.92,1840.02,660.47,1237.81,0.0062
350,4,823.00,2191.09,6091.87,1887.87,683.70,1329.21,0.0072
350,4,897.44,3031.34,7228.19,1959.32,745.34,1492.20,0.0068
350,4,848.18,2622.51,7071.06,2116.13,852.32,1480.11,0.0074
350,4,796.23,2778.07,6318.69,1693.32,628.06,1219.22,0.0066
350,4,822.46,2046.47,5893.61,1958.36,675.67,1213.12,0.0064
350,4,753.76,1496.46,5555.90,2057.86,778.86,1222.72,0.0067
350,4,976.16,2509.17,6972.47,2160.33,876.41,1426.57,0.0072
350,4,742.79,1735.00,5442.67,1836.12,738.52,1133.04,0.0074
350,4,872.44,2241.76,6645.44,1953.48,767.22,1682.98,0.0081
350,4,778.64,2024.25,5613.14,1727.12,658.39,1203.38,0.0064
350,4,912.91,3287.05,7118.35,1786.54,657.33,1387.43,0.0062
350,4,864.65,2769.57,6712.43,1913.99,707.64,1321.23,0.0066
350,4,812.16,2248.20,6550.79,1891.50,805.28,1605.81,0.0070
350,4,859.72,2344.43,6456.60,1970.20,734.46,1407.51,0.0078
350,4,1077.24,3475.82,7883.20,1938.61,777.02,1691.75,0.0068
350,4,929.08,3362.99,7599.82,1952.18,711.80,1572.85,0.0065
350,4,823.58,2280.04,6362.64,1957.04,818.55,1307.01,0.0071
350,4,1000.23,3376.30,7724.09,2088.74,737.96,1521.09,0.0072
350,4,886.11,3247.23,7261.91,1920.62,786.66,1307.40,0.0075
350,4,1096.67,3875.96,7904.52,1716.32,742.69,1569.55,0.0066
350,4,918.42,2951.01,7270.28,1998.45,726.24,1594.59,0.0068
350,4,689.95,1016.88,5121.99,2100.68,749.26,1255.17,0.0073
350,4,767.59,1838.70,5648.25,1938.99,628.52,1242.04,0.0067
350,4,769.15,2256.54,6115.84,1799.04,801.35,1258.91,0.0068
350,4,814.98,2555.85,6517.20,1765.87,698.18,1497.30,0.0065
350,4,768.78,1947.22,6065.85,1927.92,716.90,1473.81,0.0075
350,4,994.25,3477.06,7526.18,1727.39,734.15,1587.58,0.0065
350,4,836.77,2514.27,6693.53,1983.63,735.56,1460.07,0.0071
350,4,817.17,2008.22,6130.19,2048.53,797.37,1276.07,0.0067
350,4,775.68,1916.60,5724.85,1949.55,735.25,1123.44,0.0072
350,4,951.91,3169.58,7186.65,1803.29,718.18,1495.60,0.0066
350,4,670.30,974.29,5371.18,2312.56,854.99,1229.34,0.0072
350,4,905.07,3377.56,7215.65,1663.76,696.97,1477.36,0.0068
350,4,842.08,2289.23,6367.95,2051.39,708.71,1318.61,0.0066
350,4,876.98,3277.87,7250.75,1840.11,657.34,1475.42,0.0071
350,4,803.20,1850.24,6010.39,1947.44,746.07,1466.65,0.0075
350,4,822.29,2160.12,6556.63,2203.00,904.45,1289.06,0.0086
350,4,785.11,2304.21,6502.70,2008.57,705.29,1484.63,0.0072
350,4,820.62,2010.01,6005.16,1941.18,738.63,1315.34,0.0078
350,4,873.37,2326.69,6466.24,2024.21,747.34,1368.01,0.0075
350,4,917.80,3216.24,6933.93,1851.38,605.37,1260.94,0.0074
350,4,788.71,1781.43,6037.22,2057.73,767.32,1430.74,0.0073
350,4,756.86,1883.79,5980.06,2023.01,849.76,1223.49,0.0073
350,4,685.15,1494.38,5500.91,1932.96,748.24,1325.34,0.0076
350,4,933.33,3612.29,7599.40,1832.28,701.57,1453.26,0.0068
350,4,768.71,2353.50,5841.66,1680.99,638.94,1168.23,0.0063
350,4,788.89,2498.38,6118.42,1789.34,642.68,1188.01,0.0066
350,4,808.61,2366.15,6275.78,1772.56,708.90,1428.17,0.0063
350,4,822.43,2262.60,5946.51,1814.24,669.36,1200.31,0.0064
350,4,812.50,2100.34,6188.79,1931.98,736.81,1419.67,0.0073
350,4,727.69,1287.82,5617.78,2252.75,789.24,1287.97,0.0080
350,4,775.31,1537.11,5542.95,2017.41,714.42,1274.00,0.0062
350,4,1075.95,3963.12,7866.07,1932.29,715.56,1255.11,0.0064
350,4,655.19,1121.71,4968.63,2111.83,796.47,938.61,0.0088
350,4,707.25,1339.90,5228.06,1959.95,744.75,1183.46,0.0072
350,4,1194.99,5089.08,9156.51,1839.52,719.25,1508.66,0.0088
350,4,764.52,1587.93,5513.13,1994.05,766.50,1164.64,0.0076
350,4,1056.74,3998.07,7865.65,1752.86,653.10,1461.61,0.0064
350,4,982.23,3208.58,7395.08,1862.50,641.42,1682.57,0.0066
350,4,777.07,1261.54,5673.70,2250.68,832.70,1328.78,0.0071
350,4,856.29,2826.01,6747.68,1925.23,678.21,1318.24,0.0061
350,4,746.50,1563.67,5425.70,1828.65,658.63,1374.76,0.0069
350,4,828.47,2423.04,6745.70,2136.96,799.57,1386.13,0.0078
350,4,992.97,3837.03,7826.51,1731.69,752.32,1505.47,0.0068
350,4,961.68,2852.05,6853.48,1950.24,733.55,1317.64,0.0066
350,4,968.69,3161.18,7048.61,1788.45,614.27,1484.72,0.0065
350,4,816.32,2600.80,6674.81,1820.20,751.92,1501.89,0.0077
350,4,777.30,1933.00,6026.67,2112.62,717.84,1263.21,0.0067
350,4,637.33,995.50,5062.57,2061.24,745.33,1260.51,0.0074
350,4,853.20,2122.32,6391.72,1965.15,782.94,1521.30,0.0080
350,4,998.94,3116.72,7799.49,2327.17,864.35,1491.24,0.0073
350,4,806.80,2154.88,6601.69,2136.75,864.76,1445.30,0.0074
350,4,874.19,2614.01,6414.43,1979.48,712.13,1108.81,0.0068
350,4,969.98,2864.36,7030.05,2142.10,716.49,1307.10,0.0069
350,4,882.45,2476.27,6303.42,1864.69,755.34,1207.12,0.0073
350,4,1029.53,3349.92,7865.78,2046.97,855.45,1613.44,0.0077
350,4,866.55,2685.16,6962.82,1966.02,759.58,1552.06,0.0076
350,4,856.95,2463.05,6280.73,1885.10,776.36,1156.22,0.0065
350,4,998.64,3135.79,7507.21,2229.95,756.82,1384.65,0.0068
350,4,629.54,1020.78,5144.23,2137.93,886.05,1099.47,0.0074
350,4,904.16,2554.37,6715.01,1962.44,728.95,1469.26,0.0080
350,4,1054.69,3656.40,8216.38,2192.08,782.28,1585.61,0.0076
350,4,1025.32,3506.75,7490.22,1735.04,721.95,1526.48,0.0064
350,4,904.06,2851.15,7228.46,2214.37,810.07,1352.87,0.0068
350,4,1171.18,4784.66,8919.77,1829.15,670.79,1635.17,0.0068
350,4,981.43,3177.19,7679.13,2197.26,875.11,1429.56,0.0075
350,4,1123.01,3899.32,8467.39,2137.14,822.05,1608.87,0.0077
350,4,934.15,2446.32,7037.53,2203.95,909.17,1478.09,0.0076
350,4,922.91,2470.22,6648.84,1994.73,720.37,1463.53,0.0064
375,4,821.44,2155.55,6046.48,1942.37,668.14,1280.41,0.0074
375,4,764.16,2324.05,6060.93,1899.46,639.35,1198.07,0.0070
375,4,939.81,3128.44,7369.23,2105.77,773.72,1361.30,0.0079
375,4,1050.21,3859.83,7930.63,1784.92,653.89,1631.99,0.0069
375,4,789.45,1597.51,6035.34,2223.51,877.79,1336.53,0.0074
375,4,988.07,3320.86,7371.74,1978.72,749.51,1322.65,0.0066
375,4,950.77,3415.53,7269.19,1783.99,664.87,1404.80,0.0085
375,4,893.16,2278.78,6813.93,2128.01,770.16,1636.98,0.0079
375,4,867.22,2849.44,6619.26,1746.78,784.60,1238.44,0.0091
375,4,873.98,2408.13,6708.57,2063.98,826.76,1409.70,0.0082
375,4,824.29,2600.27,6107.73,1665.76,641.86,1199.85,0.0069
375,4,873.98,2951.71,6677.58,1762.37,632.17,1331.34,0.0088
375,4,908.53,3023.27,7144.18,1789.68,760.87,1570.36,0.0072
375,4,864.30,2547.69,6888.20,2005.07,878.12,1457.32,0.0079
375,4,839.34,2363.47,6182.17,1944.25,666.26,1208.18,0.0067
375,4,751.36,2007.24,5903.87,2029.57,687.53,1179.53,0.0068
375,4,637.39,1006.97,4980.41,2070.52,789.26,1113.66,0.0076
375,4,915.38,2620.42,7011.86,2057.46,896.97,1437.00,0.0096
375,4,882.41,2660.53,6269.84,1793.50,670.50,1145.31,0.0072
375,4,837.79,1971.15,6192.28,1840.57,786.09,1594.47,0.0068
375,4,824.01,2112.19,6066.78,2045.70,666.96,1241.94,0.0068
375,4,1030.36,3692.71,7700.29,1854.43,713.45,1439.71,0.0076
375,4,970.53,3408.38,7139.64,1678.66,641.45,1411.15,0.0085
375,4,877.38,2300.38,6532.67,1842.78,749.81,1639.70,0.0070
375,4,803.85,2740.54,6536.31,1745.45,676.75,1373.57,0.0089
375,4,1037.59,3739.40,7973.68,1848.31,683.88,1702.09,0.0077
375,4,924.28,2470.62,6846.55,2112.95,782.09,1480.89,0.0080
375,4,842.66,2361.15,6400.00,1979.92,780.36,1278.57,0.0068
375,4,923.70,2822.09,7370.51,2156.05,823.80,1568.56,0.0075
375,4,981.55,3487.23,7518.27,1896.88,798.87,1335.29,0.0075
375,4,1098.53,4038.18,8327.69,1975.50,716.44,1597.56,0.0069
375,4,1037.86,3511.40,7981.18,1977.09,859.60,1633.08,0.0081
375,4,668.81,1566.25,5198.93,1824.46,644.62,1163.59,0.0066
375,4,722.45,1794.24,5755.66,2077.42,653.41,1230.59,0.0074
375,4,836.50,2629.76,6545.25,1957.26,733.21,1225.02,0.0072
375,4,860.04,1900.72,6089.99,1925.08,802.68,1461.51,0.0071
375,4,697.43,1503.76,5428.13,1924.76,692.93,1306.67,0.0075
375,4,1042.71,3344.97,7859.77,2010.56,790.00,1714.24,0.0072
375,4,817.42,2554.27,6626.33,1862.28,685.50,1524.27,0.0075
375,4,758.67,2047.28,5967.15,1925.55,717.54,1276.78,0.0073
375,4,707.14,1547.43,5218.29,1880.20,712.84,1077.83,0.0078
375,4,1027.13,4129.22,8309.21,1838.59,770.90,1570.50,0.0084
375,4,642.53,633.83,5020.97,2336.13,829.92,1221.09,0.0073
375,4,862.93,2556.56,6559.50,1848.81,723.98,1430.15,0.0073
375,4,857.23,2032.94,6060.57,1999.74,717.41,1310.48,0.0070
375,4,864.23,3280.92,7233.32,1889.04,645.57,1417.79,0.0070
375,4,782.65,1911.55,5911.68,1861.34,692.40,1446.39,0.0070
375,4,796.90,1640.42,6010.06,2156.23,914.23,1299.19,0.0080
375,4,850.22,2221.80,6201.33,1905.26,695.13,1379.14,0.0072
375,4,780.32,1874.66,5672.25,1850.97,601.03,1345.60,0.0070
375,4,835.28,2376.59,6148.40,1790.50,718.51,1262.80,0.0072
375,4,918.89,2829.56,6876.27,1980.60,734.72,1331.39,0.0070
375,4,802.88,2209.61,6253.52,1910.33,684.31,1449.27,0.0074
375,4,787.72,1811.11,5942.09,2073.26,813.59,1244.13,0.0078
375,4,680.86,1374.37,5459.22,1963.47,778.89,1342.48,0.0075
375,4,1113.18,3792.67,8136.84,2046.79,788.91,1508.46,0.0068
375,4,751.91,1725.77,5698.80,2105.07,703.53,1164.44,0.0070
375,4,736.94,2018.09,5622.76,1776.01,687.02,1141.64,0.0074
375,4,945.54,2844.91,7071.69,2003.61,782.84,1440.33,0.0074
375,4,892.86,2748.59,6468.97,1730.12,706.56,1283.71,0.0070
375,4,808.26,2104.80,6524.69,2163.43,782.73,1473.73,0.0072
375,4,738.44,1887.51,5599.14,1719.81,691.46,1300.36,0.0070
375,4,628.44,1433.80,4848.81,1606.62,588.40,1219.99,0.0073
375,4,1058.87,4226.68,8149.51,1919.33,666.29,1337.21,0.0070
375,4,725.74,1633.80,5592.62,2169.08,754.32,1035.43,0.0084
375,4,674.82,1533.75,5457.21,1913.14,766.38,1243.94,0.0079
375,4,1221.54,5114.56,9181.17,1901.63,684.31,1480.68,0.0065
375,4,651.83,1534.05,5129.26,1756.61,688.55,1150.05,0.0072
375,4,1033.30,3389.73,7186.72,1805.46,603.51,1388.03,0.0065
375,4,1004.86,2801.30,7204.96,1946.48,714.17,1743.01,0.0068
375,4,761.89,1672.34,6116.37,2217.77,852.40,1373.87,0.0083
375,4,943.82,3254.82,7232.84,1899.62,726.48,1351.92,0.0075
375,4,695.53,1691.73,5665.23,1922.09,678.51,1372.90,0.0072
375,4,839.70,2854.40,7110.86,1998.79,825.15,1432.51,0.0083
375,4,1044.04,3643.12,7840.39,1891.00,782.44,1523.83,0.0071
375,4,959.91,3012.54,7242.78,2098.34,825.06,1306.84,0.0076
375,4,916.67,2760.48,6822.27,1983.40,682.82,1395.57,0.0086
375,4,809.49,2011.37,6181.95,1948.81,764.35,1457.42,0.0069
375,4,735.84,2109.08,6020.19,1889.36,707.49,1314.26,0.0073
375,4,654.18,1237.09,5239.08,1933.27,800.60,1268.12,0.0077
375,4,909.79,2339.69,6773.40,2157.72,760.19,1515.81,0.0076
375,4,1056.02,3889.74,8378.10,2143.49,831.62,1513.25,0.0092
375,4,884.21,2779.56,7121.28,2066.49,799.59,1475.63,0.0073
375,4,844.61,3068.71,6690.22,1823.18,656.19,1142.15,0.0076
375,4,982.93,3274.18,7177.12,1868.40,705.11,1329.43,0.0072
375,4,853.29,2729.89,6463.08,1741.19,675.12,1316.89,0.0068
375,4,1000.21,3226.89,7845.98,2116.19,891.77,1611.13,0.0084
375,4,1000.67,2936.46,7463.80,2117.38,810.45,1599.52,0.0076
375,4,833.93,2915.70,6560.13,1769.56,679.06,1195.82,0.0069
375,4,1017.17,3509.51,7669.94,2007.64,716.12,1436.67,0.0073
375,4,657.06,935.35,4944.70,2059.48,795.38,1154.49,0.0073
375,4,878.65,2507.06,6856.30,2156.28,724.69,1468.28,0.0068
375,4,1060.54,3373.18,8080.07,2208.87,862.29,1635.73,0.0086
375,4,968.40,2775.05,6817.99,1833.08,746.97,1462.89,0.0072
375,4,953.74,2756.66,7053.33,2051.72,856.41,1388.54,0.0079
375,4,1159.91,4514.10,8732.68,1886.48,712.06,1620.05,0.0071
375,4,967.27,3576.20,7740.29,1949.21,754.44,1460.44,0.0072
375,4,1125.91,4103.94,8452.26,2034.36,726.30,1587.66,0.0072
375,4,812.48,2241.21,6587.15,2071.94,865.03,1408.98,0.0079
375,4,917.39,2781.57,6797.23,1866.74,703.58,1445.35,0.0069
400,4,824.90,2335.53,6045.87,1739.06,648.31,1322.97,0.0080
400,4,781.36,2532.17,6260.13,1879.13,677.48,1171.35,0.0076
400,4,957.54,2837.64,7151.73,2180.74,756.34,1377.02,0.0084
400,4,1088.05,3735.25,8040.53,1907.44,741.88,1655.96,0.0078
400,4,743.63,1889.35,6373.44,2207.79,853.72,1422.57,0.0090
400,4,984.66,3706.08,7621.13,1793.57,660.99,1460.48,0.0081
400,4,920.08,2918.52,7100.76,2072.81,718.12,1391.31,0.0079
400,4,899.39,2525.04,7024.37,2105.58,759.49,1634.25,0.0086
400,4,829.20,3020.17,6761.88,1790.23,726.01,1225.47,0.0071
400,4,821.25,1973.85,6421.40,2197.27,851.51,1398.76,0.0091
400,4,812.42,2444.92,5790.64,1586.39,621.60,1137.72,0.0069
400,4,870.57,3172.43,6970.10,1818.24,618.04,1361.38,0.0083
400,4,994.15,2898.99,7443.49,2194.25,792.15,1558.10,0.0081
400,4,831.97,2286.58,6543.22,2014.21,809.01,1433.43,0.0089
400,4,853.33,2439.42,6388.45,2029.60,654.23,1265.20,0.0080
400,4,821.55,2593.63,6121.36,1704.78,605.03,1217.92,0.0071
400,4,737.01,1320.56,5509.93,2114.80,844.90,1229.66,0.0084
400,4,887.14,2048.89,6446.64,2151.25,872.65,1373.85,0.0086
400,4,850.42,2386.86,6321.71,2015.79,721.47,1197.59,0.0082
400,4,909.90,2612.88,6806.26,1852.30,698.92,1642.15,0.0071
400,4,727.93,1766.65,5564.58,1866.93,694.33,1236.66,0.0084
400,4,1034.43,3634.54,7625.18,1866.30,725.87,1398.48,0.0077
400,4,970.66,3462.29,7242.53,1693.28,668.12,1418.84,0.0075
400,4,778.44,1921.26,6256.44,1961.79,761.80,1611.59,0.0076
400,4,834.48,2030.29,6244.80,2087.02,751.37,1376.12,0.0076
400,4,963.90,3870.12,7846.99,1748.01,640.21,1588.65,0.0079
400,4,1007.27,3003.73,7224.94,1921.70,751.20,1548.30,0.0078
400,4,866.52,2538.12,6477.59,1931.24,684.86,1323.37,0.0077
400,4,870.65,2634.90,6983.12,2113.75,803.93,1430.54,0.0083
400,4,1033.44,3534.94,7677.11,1995.93,828.94,1317.30,0.0073
400,4,1124.35,3475.68,7955.86,2045.32,806.85,1628.01,0.0074
400,4,999.10,3094.97,7724.59,2157.22,905.49,1566.90,0.0082
400,4,712.49,1073.32,5197.76,2071.61,768.23,1284.59,0.0081
400,4,772.18,2360.83,6200.02,1942.09,640.00,1257.09,0.0077
400,4,813.23,2038.91,6186.94,2007.65,871.13,1269.24,0.0085
400,4,880.65,2580.72,6846.17,1978.30,779.88,1507.27,0.0077
400,4,735.71,1681.16,5835.48,1926.03,759.40,1468.89,0.0078
400,4,993.26,3146.20,7318.03,1783.72,731.43,1656.67,0.0068
400,4,826.20,2366.30,6627.87,2039.55,742.60,1479.42,0.0088
400,4,855.82,2772.27,6594.97,1794.94,749.10,1278.66,0.0082
400,4,647.81,1265.27,4985.92,1947.35,707.57,1065.73,0.0079
400,4,1067.94,3861.91,8048.40,1903.62,781.40,1501.47,0.0075
400,4,660.85,1478.38,5293.62,1824.71,726.58,1263.94,0.0087
400,4,952.49,2973.34,7245.60,1976.90,739.08,1556.28,0.0085
400,4,851.81,2504.88,6509.50,1951.86,650.69,1402.07,0.0086
400,4,832.91,3311.45,6965.59,1707.28,610.01,1336.85,0.0075
400,4,840.57,1664.93,6072.90,2165.58,776.10,1466.29,0.0080
400,4,812.08,2225.01,6371.70,2083.80,795.76,1267.12,0.0085
400,4,904.17,2581.35,6738.60,1954.38,663.67,1539.20,0.0074
400,4,847.13,2550.28,6496.17,1868.05,649.16,1428.68,0.0086
400,4,848.03,2459.89,6223.83,1823.48,636.92,1303.54,0.0082
400,4,816.02,2100.37,5980.55,1954.46,752.84,1172.88,0.0073
400,4,751.14,1561.91,5753.20,2030.35,765.53,1395.42,0.0083
400,4,744.57,1656.89,5623.80,1926.18,760.07,1280.67,0.0088
400,4,718.26,1329.45,5563.10,2159.80,775.82,1298.03,0.0091
400,4,1114.90,4265.24,8659.95,2018.50,840.95,1535.25,0.0080
400,4,755.86,2112.86,5974.73,2030.16,697.44,1134.27,0.0076
400,4,807.03,2049.10,5859.32,1855.54,695.01,1259.67,0.0075
400,4,829.78,2772.91,6572.13,1691.90,646.59,1460.73,0.0074
400,4,782.23,2356.83,6072.44,1793.97,651.07,1270.56,0.0074
400,4,879.67,2102.05,6706.41,2213.68,864.59,1526.10,0.0076
400,4,744.58,1826.05,5683.12,1786.55,682.03,1388.49,0.0085
400,4,734.78,1570.30,5435.12,1821.17,721.29,1322.36,0.0074
400,4,1180.70,4570.48,8519.06,1897.82,689.09,1361.67,0.0070
400,4,733.45,2062.13,5725.93,1915.00,699.01,1049.79,0.0079
400,4,751.79,1534.59,5642.45,2014.27,820.94,1272.65,0.0077
400,4,1306.71,5420.10,9571.67,1918.92,722.38,1510.26,0.0070
400,4,781.29,2101.56,6041.17,2032.80,693.11,1213.69,0.0079
400,4,1017.87,3655.27,7304.62,1649.79,563.82,1435.75,0.0069
400,4,929.42,3074.84,7135.99,1728.03,613.21,1719.90,0.0077
400,4,765.62,1906.38,6142.32,2127.86,763.97,1344.10,0.0077
400,4,830.57,2722.78,6476.42,1726.39,673.26,1353.99,0.0077
400,4,775.00,1804.96,5827.23,1890.52,667.90,1463.84,0.0073
400,4,827.86,2509.60,6848.91,2086.77,872.84,1379.69,0.0094
400,4,928.31,3025.38,7080.43,1885.32,741.68,1428.04,0.0086
400,4,932.11,2956.11,7254.37,2166.81,784.99,1346.46,0.0082
400,4,1008.27,3640.03,7701.98,1900.20,650.45,1511.29,0.0076
400,4,829.78,2272.41,6520.20,1964.26,775.84,1507.70,0.0087
400,4,690.66,1241.78,5444.77,2019.96,864.42,1318.60,0.0094
400,4,746.28,1491.98,5907.09,2150.84,835.44,1428.83,0.0102
400,4,859.52,2546.23,6824.81,2007.79,730.61,1540.19,0.0090
400,4,1092.62,4160.13,8667.77,2138.02,850.97,1518.64,0.0080
400,4,820.46,2050.50,6631.22,2256.43,840.09,1484.19,0.0087
400,4,809.03,2417.68,6137.44,1969.47,660.61,1089.68,0.0080
400,4,949.39,3059.64,7188.47,2107.84,713.64,1307.35,0.0076
400,4,799.04,2187.23,5901.42,1754.62,668.46,1291.10,0.0089
400,4,1057.06,3413.83,7923.81,2099.31,838.14,1572.52,0.0075
400,4,881.49,2139.63,6616.89,2095.14,805.56,1576.57,0.0084
400,4,852.15,2828.71,6676.08,1910.99,707.78,1228.59,0.0074
400,4,1049.26,3939.57,7987.26,1903.30,680.30,1464.09,0.0080
400,4,603.98,1077.63,4898.14,1983.10,770.32,1067.09,0.0083
400,4,914.17,2516.94,6704.11,1922.00,679.19,1585.98,0.0082
400,4,988.72,3487.89,7865.83,2039.78,804.57,1533.59,0.0083
400,4,969.31,3263.81,7141.71,1684.49,715.68,1477.72,0.0075
400,4,921.11,2849.49,7160.35,2111.57,783.42,1415.88,0.0081
400,4,1135.60,4929.35,8976.11,1738.32,658.48,1649.96,0.0074
400,4,1018.35,3378.32,7712.92,1996.96,818.24,1519.40,0.0095
400,4,1017.62,3483.16,7722.46,1932.09,740.75,1566.46,0.0087
400,4,877.30,2707.41,6834.78,1862.95,784.64,1479.78,0.0076
400,4,858.31,2341.26,6504.66,1999.47,742.85,1421.08,0.0072
