25,4,405.82,2354.10,3764.53,439.03,146.98,824.42,2.5250
25,4,446.76,2623.81,4109.70,485.43,157.95,842.51,2.4506
25,4,546.57,3232.33,4784.11,386.24,235.59,929.95,2.5595
25,4,468.91,2812.19,4257.61,371.75,197.89,875.78,2.5311
25,4,398.70,2479.85,4035.12,518.65,115.99,920.63,2.5108
25,4,500.92,3320.96,4735.30,313.85,210.34,890.15,2.5542
25,4,508.13,3086.43,4640.37,421.58,234.36,898.00,2.5478
25,4,545.64,3209.24,4839.19,327.85,220.97,1081.13,2.5749
25,4,472.32,3132.75,4632.92,369.07,231.03,900.07,2.5391
25,4,468.91,2997.72,4594.96,420.17,211.21,965.86,2.5225
25,4,465.35,2823.10,4341.18,397.36,204.23,916.48,2.5741
25,4,418.06,2702.00,4129.26,395.14,137.65,894.46,2.5007
25,4,548.99,3065.16,4674.64,328.27,250.08,1031.12,2.4967
25,4,452.57,3296.09,4762.02,279.08,177.58,1009.26,2.5284
25,4,463.37,2616.73,4026.50,417.57,196.79,795.42,2.4922
25,4,504.97,2786.67,4343.72,497.77,209.05,850.24,2.5087
25,4,433.34,2903.45,4384.90,377.58,172.42,931.44,2.5012
25,4,431.11,2861.79,4284.22,378.95,145.09,898.39,2.4904
25,4,442.84,2677.68,4035.47,376.51,187.69,793.59,2.4862
25,4,383.15,2389.51,3924.40,367.88,147.08,1019.92,2.5012
25,4,459.22,2305.77,3841.81,374.94,233.64,927.47,2.4938
25,4,505.79,2786.05,4215.55,339.60,219.28,870.62,2.4663
25,4,427.40,2800.54,4252.01,405.18,174.59,871.70,2.4968
25,4,484.10,2856.80,4636.35,361.41,229.10,1189.04,2.5032
25,4,451.37,2727.58,4239.94,368.64,186.43,957.29,2.4866
25,4,464.31,2700.95,4273.49,410.30,194.35,967.90,2.4862
25,4,530.34,2730.60,4465.48,466.23,227.37,1041.27,2.5008
25,4,442.29,2761.06,4326.04,397.42,219.94,947.63,2.4924
25,4,542.82,2956.90,4547.57,353.72,267.56,969.39,2.4943
25,4,526.12,3178.89,4734.83,504.30,218.59,833.05,2.4881
25,4,463.72,2621.79,4085.15,436.78,226.24,800.34,2.4696
25,4,465.53,2858.80,4333.92,342.94,191.48,940.70,2.4769
25,4,383.59,2371.41,3932.52,410.31,172.28,978.52,2.4943
25,4,422.08,2419.20,3866.20,387.95,167.49,891.55,2.4879
25,4,432.37,2618.20,4072.41,477.45,139.07,837.69,2.5133
25,4,480.52,2645.37,4171.01,420.19,164.03,941.42,2.5867
25,4,491.52,2697.34,4491.80,488.88,193.28,1112.30,2.6150
25,4,495.91,2940.90,4466.35,399.68,195.77,930.00,2.6296
25,4,490.90,2881.31,4455.50,374.38,190.72,1009.09,2.4892
25,4,500.19,3209.50,4771.72,391.18,194.86,976.18,2.4511
25,4,443.54,2635.48,4033.73,421.55,155.20,821.50,2.4481
25,4,497.54,2693.61,4142.64,347.89,225.61,875.52,2.4564
25,4,448.02,2790.65,4460.89,409.45,227.00,1033.78,2.4748
25,4,424.46,2478.13,3927.83,390.74,220.14,838.81,2.4390
25,4,491.49,2880.45,4427.34,369.60,196.76,980.53,2.4922
25,4,500.48,3085.05,4453.55,266.46,176.26,925.77,2.4660
25,4,416.22,2615.52,4211.99,351.48,173.06,1071.92,2.4420
25,4,465.23,2778.08,4301.62,397.02,207.18,919.33,2.4765
25,4,492.89,2694.76,4392.09,420.81,201.55,1074.98,2.5013
25,4,467.78,2860.47,4391.77,326.21,208.28,996.81,2.4896
25,4,451.13,2823.00,4179.18,314.64,185.28,856.25,2.4719
25,4,477.21,2698.42,4322.31,496.85,180.66,946.37,2.5025
25,4,473.24,2691.36,4440.76,400.22,248.08,1101.10,2.6871
25,4,486.89,3044.62,4519.45,346.37,211.29,917.17,2.5611
25,4,410.33,2502.05,4094.61,329.92,179.65,1083.00,2.4356
25,4,493.65,3096.99,4514.28,301.77,237.12,878.39,2.4344
25,4,478.04,2853.13,4392.85,379.19,235.74,924.79,2.4420
25,4,510.19,2930.68,4398.72,329.76,255.55,882.73,2.4401
25,4,461.42,2676.17,4208.14,461.47,163.96,906.53,2.4333
25,4,429.93,2604.99,4114.00,434.07,171.41,903.53,2.4383
25,4,465.61,2683.26,4267.64,383.41,205.95,995.02,2.4121
25,4,381.80,2578.00,4081.40,363.75,163.68,975.97,2.4492
25,4,410.43,2707.02,4262.92,371.04,160.62,1024.24,2.4333
25,4,438.32,3029.97,4207.97,262.35,192.98,722.66,2.4312
25,4,531.78,2892.91,4296.70,355.48,252.55,795.75,2.4875
25,4,416.68,2271.73,3728.82,383.55,209.59,863.95,2.4635
25,4,489.98,3338.89,4602.02,284.27,193.51,785.36,2.5494
25,4,460.85,2766.47,4225.29,385.26,190.04,883.52,2.4848
25,4,428.25,2737.57,4147.80,381.22,169.17,859.84,2.4348
25,4,522.22,3052.69,4694.39,350.39,213.80,1077.51,2.4399
25,4,422.69,2596.00,3983.53,298.32,187.17,902.03,2.4290
25,4,519.58,3162.45,4675.61,390.88,214.83,907.43,2.4512
25,4,484.33,2874.96,4436.30,352.63,210.07,998.64,2.4660
25,4,493.72,3093.00,4634.65,358.28,211.91,971.45,2.4357
25,4,454.83,2534.44,3952.94,433.59,174.94,809.97,2.4227
25,4,501.02,2823.75,4268.31,429.39,184.56,830.61,2.4388
25,4,489.60,2904.62,4413.38,392.61,199.21,916.93,2.4469
25,4,374.82,2635.32,4140.30,302.52,162.13,1040.33,2.4571
25,4,438.43,2424.46,3996.80,438.64,197.74,935.96,2.4626
25,4,432.29,2668.18,4304.77,342.99,194.74,1098.85,2.4694
25,4,496.78,2913.48,4499.37,301.18,214.74,1069.97,2.4400
25,4,463.09,2958.06,4439.28,429.67,178.62,872.92,2.4767
25,4,483.06,3039.43,4543.36,338.24,191.29,974.39,2.4533
25,4,476.50,3182.94,4459.12,342.84,173.40,759.94,2.4360
25,4,480.07,2769.23,4099.20,397.13,203.58,729.26,2.4407
25,4,493.22,2818.53,4365.91,342.44,225.33,979.60,2.5685
25,4,504.39,3171.66,4596.15,354.91,220.26,849.33,2.5533
25,4,473.27,2847.34,4418.42,289.02,208.23,1073.82,2.4597
25,4,467.36,2820.55,4186.36,364.51,212.60,788.69,2.4272
25,4,459.81,2905.60,4372.84,474.57,183.23,809.44,2.5087
25,4,409.18,2476.44,4027.94,451.33,226.87,873.30,2.5155
25,4,497.18,2577.10,4269.22,441.35,214.83,1035.94,2.4765
25,4,477.33,2528.34,4111.84,457.28,211.92,914.30,2.4853
25,4,455.15,3112.01,4436.04,239.29,204.90,879.84,2.4665
25,4,583.80,2734.42,4313.01,385.30,267.61,925.67,2.4802
25,4,488.06,2868.73,4279.42,343.23,183.53,883.93,2.4817
25,4,500.03,2833.12,4308.33,364.45,202.18,908.59,2.4520
25,4,465.85,2966.18,4361.90,389.40,195.04,811.28,2.4510
25,4,471.39,3051.21,4596.73,377.89,210.84,956.79,2.4743
25,4,485.32,2915.91,4422.03,395.05,169.32,941.75,2.4620
50,4,737.55,5092.47,7015.29,397.04,248.47,1277.30,2.6864
50,4,744.63,5117.51,6981.27,419.51,230.91,1213.34,2.6323
50,4,877.15,5235.07,7168.97,382.49,274.07,1277.35,2.6316
50,4,827.55,5481.38,7734.91,405.16,292.60,1555.77,2.6543
50,4,871.43,5718.98,7885.14,515.17,256.90,1394.09,2.6531
50,4,910.68,5781.57,7766.74,379.79,245.63,1359.75,2.6772
50,4,875.87,5431.10,7580.68,505.18,265.06,1379.34,2.6635
50,4,938.98,5745.00,8064.53,369.06,268.69,1681.77,2.6360
50,4,822.46,5301.20,7366.28,519.91,262.52,1282.66,2.6356
50,4,930.97,5861.13,8071.70,410.88,289.04,1510.66,2.6512
50,4,711.78,4968.99,6850.63,410.00,237.22,1234.42,2.7000
50,4,772.90,5017.92,6951.41,366.02,236.38,1331.09,2.7559
50,4,850.64,5571.04,7687.74,361.82,284.48,1470.38,2.6355
50,4,836.48,5542.09,7813.72,529.16,265.20,1477.27,2.6817
50,4,897.43,5841.88,7748.83,449.06,253.53,1204.35,2.6824
50,4,792.27,5506.27,7517.97,480.26,274.34,1257.10,2.6858
50,4,658.18,4803.22,6571.06,348.53,258.29,1161.02,2.7114
50,4,798.16,5148.61,7253.49,421.57,320.64,1362.67,2.7205
50,4,746.72,5323.12,7134.63,473.81,197.51,1140.19,2.6342
50,4,849.81,5127.12,7364.47,346.42,311.90,1579.02,2.6465
50,4,749.66,4700.96,6402.77,275.96,252.18,1173.67,2.6289
50,4,842.85,5240.78,7289.90,456.40,264.01,1328.71,2.6013
50,4,869.50,5412.79,7581.93,471.20,260.56,1437.38,2.6834
50,4,784.98,5078.74,7295.61,310.51,260.09,1646.27,2.6758
50,4,782.50,4821.96,6860.50,477.13,243.26,1318.15,2.7140
50,4,811.81,4913.42,7089.61,423.51,259.00,1493.69,2.6579
50,4,885.31,5350.51,7626.76,480.17,297.14,1498.93,2.6591
50,4,779.22,5033.78,7086.25,527.39,239.20,1285.89,2.6943
50,4,860.07,5219.48,7273.28,334.11,309.92,1409.77,2.6869
50,4,916.99,6390.78,8398.06,418.45,261.26,1327.58,2.6484
50,4,1033.24,6416.62,8706.77,317.17,387.00,1585.98,2.6715
50,4,955.34,5873.44,8254.70,420.59,336.18,1624.48,2.6489
50,4,549.82,3747.58,5714.42,516.20,167.91,1282.72,2.6448
50,4,694.31,4570.34,6373.09,380.91,248.23,1173.61,2.6693
50,4,805.45,5040.61,6918.54,442.64,258.56,1176.74,2.7285
50,4,797.69,5039.61,7258.47,487.36,247.69,1483.81,2.6937
50,4,760.14,4690.03,6782.94,336.60,283.00,1473.30,2.6417
50,4,871.83,5493.23,7614.95,354.53,271.34,1495.84,2.6407
50,4,839.08,5023.93,7113.00,325.79,266.38,1496.90,2.6247
50,4,748.09,5209.86,7179.70,420.85,268.30,1280.69,2.6980
50,4,754.28,5166.82,6964.77,343.82,256.67,1197.46,2.6485
50,4,945.02,5982.97,7979.39,334.87,298.05,1363.50,2.6353
50,4,673.16,4434.13,6450.60,451.38,287.35,1277.73,2.6502
50,4,799.06,5249.76,7292.75,403.42,239.79,1399.78,2.6475
50,4,750.75,4787.83,6641.12,379.72,238.17,1235.40,2.6859
50,4,970.64,6076.95,8259.86,445.93,284.06,1452.92,2.6191
50,4,697.24,4534.13,6729.01,478.42,253.38,1463.09,2.6721
50,4,802.26,5536.12,7462.99,364.41,286.59,1275.88,2.6417
50,4,758.07,5123.81,7152.83,378.20,217.24,1433.58,2.6076
50,4,787.12,4925.23,7056.79,560.23,232.30,1339.02,2.7182
50,4,823.50,5249.37,7253.00,405.40,287.09,1311.14,2.6360
50,4,741.98,4639.88,6611.44,414.74,250.39,1306.42,2.6694
50,4,692.50,4360.86,6642.36,553.76,250.81,1476.94,2.6613
50,4,820.91,5374.42,7417.14,422.26,264.56,1355.90,2.6495
50,4,669.99,4431.43,6366.39,392.49,272.82,1269.65,2.6433
50,4,895.06,5722.02,7912.31,466.40,308.15,1415.75,2.6452
50,4,789.31,5167.80,7101.60,468.45,273.63,1191.73,2.5995
50,4,752.60,5096.79,6953.79,392.76,234.57,1229.67,2.6666
50,4,769.34,4987.22,6803.57,330.05,195.27,1291.03,2.6484
50,4,711.68,4728.10,6762.50,517.06,242.15,1275.20,2.6024
50,4,838.26,5082.04,7293.94,422.10,288.32,1501.48,2.6214
50,4,692.87,4627.68,6550.41,348.82,228.16,1345.75,2.6235
50,4,685.80,4752.32,6756.90,381.93,265.57,1357.08,2.6738
50,4,937.05,5714.26,7595.14,404.82,294.86,1181.19,2.6473
50,4,715.24,5338.58,7084.94,451.10,260.63,1034.63,2.6707
50,4,669.89,4537.48,6376.97,388.93,245.22,1205.34,2.6141
50,4,1142.79,6932.76,9024.12,352.40,307.93,1431.03,2.5935
50,4,765.45,4802.47,6461.74,351.33,223.84,1084.10,2.6245
50,4,945.15,5618.82,7664.56,415.30,258.25,1372.19,2.6695
50,4,898.98,5158.32,7589.43,451.83,264.44,1714.83,2.6022
50,4,683.18,5209.74,7164.45,410.57,237.13,1307.01,2.6621
50,4,922.09,5561.36,7647.59,442.02,310.47,1333.74,2.6234
50,4,849.94,4937.28,7108.53,445.68,271.08,1454.48,2.6265
50,4,913.84,5440.79,7615.55,432.61,353.44,1388.70,2.6918
50,4,936.15,5942.27,8000.39,321.99,307.44,1428.70,2.6688
50,4,962.69,5776.45,7641.44,383.98,271.06,1209.95,2.6422
50,4,964.20,5689.42,7898.17,453.49,300.59,1454.67,2.6857
50,4,727.88,4830.28,6885.70,413.42,235.77,1406.23,2.6575
50,4,795.44,5006.78,7146.20,468.66,300.95,1369.81,2.6212
50,4,695.20,4808.23,6911.12,408.27,250.82,1443.80,2.5947
50,4,823.02,5367.82,7610.06,444.51,263.22,1534.52,2.6626
50,4,1040.71,6397.97,8391.81,305.97,301.67,1386.20,2.6507
50,4,869.67,5405.36,7646.13,454.07,303.85,1482.86,2.6280
50,4,839.85,5869.93,7775.54,399.54,286.55,1219.52,2.6126
50,4,880.68,5784.34,7799.12,424.91,253.10,1336.76,2.6447
50,4,840.54,5058.03,7182.64,560.95,275.66,1288.01,2.6664
50,4,984.19,6299.27,8608.17,364.16,320.93,1623.83,2.6594
50,4,784.66,5284.36,7479.20,427.90,260.50,1506.43,2.6544
50,4,838.47,5286.40,7145.49,422.54,256.82,1179.73,2.6697
50,4,894.37,6267.21,8318.95,432.43,243.14,1376.16,2.6031
50,4,641.94,4496.41,6284.34,437.28,223.52,1127.13,2.6132
50,4,850.55,5192.67,7337.89,417.13,259.83,1468.27,2.6419
50,4,945.70,5564.42,7792.32,409.37,329.57,1488.95,2.6485
50,4,739.01,5719.90,7773.33,396.42,242.81,1414.19,2.6405
50,4,892.32,5581.56,7724.69,490.58,332.04,1320.51,2.6460
50,4,895.52,5402.20,7405.66,377.20,250.83,1375.43,2.6488
50,4,964.22,5994.81,8320.23,558.42,287.92,1479.08,2.6288
50,4,971.67,5940.89,8139.33,358.11,347.87,1492.45,2.5910
50,4,864.16,5618.44,7677.16,449.93,246.93,1361.86,2.6525
50,4,815.29,4982.37,7049.24,409.32,273.15,1384.40,2.6402
75,4,943.29,6846.66,8895.62,423.40,227.44,1398.13,2.7116
75,4,998.75,6723.70,8907.78,591.67,253.89,1338.51,2.6936
75,4,1137.81,7536.92,9918.41,512.46,341.31,1527.73,2.7392
75,4,1194.45,7824.98,10187.62,372.31,314.70,1675.62,2.7077
75,4,985.33,6499.47,8628.60,354.02,302.43,1472.67,2.7251
75,4,1157.67,7894.06,10034.15,356.59,290.52,1492.99,2.7131
75,4,1167.10,7651.73,9990.39,400.78,347.42,1590.45,2.7309
75,4,1198.52,7326.10,9972.40,435.61,334.65,1876.04,2.7468
75,4,1023.93,6736.75,8680.87,362.27,268.79,1313.07,2.7193
75,4,1124.94,7143.11,9470.47,452.54,292.69,1582.13,2.6848
75,4,936.47,6588.87,8572.82,349.86,290.66,1343.43,2.7124
75,4,1020.89,6142.37,8291.05,367.82,335.70,1445.16,2.7084
75,4,1110.78,7467.56,9969.89,465.13,328.98,1708.22,2.7533
75,4,1036.93,7080.62,9381.00,385.87,323.90,1590.60,2.7093
75,4,1068.82,7541.81,9551.84,391.56,271.59,1346.88,2.6961
75,4,1036.04,6515.56,8757.79,593.53,286.19,1362.51,2.7725
75,4,908.36,6236.31,8179.78,354.04,294.92,1294.51,2.7179
75,4,1066.91,6792.03,9205.32,499.26,363.05,1550.98,2.7763
75,4,977.70,6951.06,8924.33,507.19,222.58,1243.51,2.7169
75,4,982.61,6255.97,8898.77,556.25,288.04,1798.50,2.7010
75,4,961.00,6250.76,8303.46,381.88,315.12,1355.71,2.7344
75,4,1142.85,6959.98,9085.39,390.35,311.90,1423.17,2.7257
75,4,1151.13,7732.27,10047.91,441.18,325.53,1548.93,2.7486
75,4,1053.28,6502.50,9017.82,426.04,291.60,1797.68,2.7846
75,4,1064.08,6760.58,8969.86,375.05,294.87,1539.36,2.7452
75,4,1164.43,7404.17,9885.42,363.97,364.46,1752.81,2.7509
75,4,1053.78,7069.62,9631.48,591.47,297.16,1673.23,2.7142
75,4,1007.73,6369.11,8565.29,416.36,340.09,1439.72,2.6758
75,4,962.03,7326.29,9359.93,275.75,276.78,1481.11,2.7037
75,4,1229.50,8116.93,10526.39,459.36,396.16,1553.94,2.7628
75,4,1177.28,7556.10,10051.22,464.33,341.22,1689.57,2.7500
75,4,1036.84,6789.49,9131.79,388.09,279.99,1674.22,2.7157
75,4,749.12,5215.28,7262.68,461.47,226.58,1359.36,2.7331
75,4,984.87,6451.19,8344.25,358.06,247.33,1287.67,2.7065
75,4,968.09,6840.86,8914.96,401.97,276.86,1395.28,2.7574
75,4,857.29,6783.39,9057.42,376.42,255.74,1641.87,2.7458
75,4,838.26,5967.55,8350.03,496.84,277.91,1607.73,2.7086
75,4,1096.89,7559.03,9888.97,329.01,303.86,1697.07,2.7281
75,4,1021.24,6477.40,8746.84,402.25,316.77,1550.42,2.7507
75,4,1024.70,6931.48,9182.13,410.95,307.81,1531.89,2.7339
75,4,834.52,5751.37,7724.19,517.05,197.25,1258.51,2.7560
75,4,1080.08,7902.02,10253.71,440.72,286.82,1624.15,2.7949
75,4,752.92,5934.03,8051.13,502.77,234.04,1380.30,2.7345
75,4,1135.11,7310.05,9619.82,436.25,278.45,1595.08,2.7598
75,4,1027.66,6803.66,8900.74,295.13,323.42,1478.53,2.7580
75,4,1165.39,7488.31,9807.41,408.63,310.57,1599.89,2.7503
75,4,974.09,6680.89,9075.75,434.80,289.99,1670.08,2.7409
75,4,1000.87,6959.47,9219.45,499.74,349.37,1410.87,2.8167
75,4,1089.53,6447.92,8820.19,423.86,277.19,1671.22,2.7604
75,4,986.73,7114.48,9379.78,446.30,290.26,1528.73,2.8262
75,4,1026.29,7143.18,9377.45,458.46,293.48,1482.33,2.7871
75,4,1044.58,6823.17,9006.86,473.56,299.48,1410.65,2.7291
75,4,931.99,6460.09,8852.87,453.11,283.91,1655.76,2.7578
75,4,880.19,6652.95,8626.33,339.81,259.66,1373.91,2.7898
75,4,925.84,6260.17,8521.41,464.11,308.63,1488.50,2.7450
75,4,1211.15,8167.45,10591.24,424.79,323.63,1675.37,2.7329
75,4,956.29,6607.75,8708.71,435.67,361.43,1303.86,2.6545
75,4,1000.83,6893.70,9013.48,409.24,332.07,1378.47,2.6841
75,4,1064.28,7089.11,9338.20,449.63,277.27,1522.19,2.7439
75,4,921.62,6448.89,8593.95,414.78,296.11,1434.16,2.6894
75,4,1030.06,6519.00,8957.10,498.81,317.20,1622.09,2.7531
75,4,861.74,6182.95,8311.24,407.11,236.51,1484.67,2.7131
75,4,820.22,5202.81,7385.40,530.73,244.27,1407.59,2.7229
75,4,1197.47,8400.88,10602.16,412.88,305.61,1482.78,2.8934
75,4,960.26,7103.72,9008.83,449.72,291.93,1163.45,2.7263
75,4,854.57,6278.06,8236.01,351.98,285.19,1320.78,2.7035
75,4,1181.77,8660.69,10993.91,468.80,287.56,1576.86,2.7584
75,4,1002.63,6811.60,8828.87,410.10,300.41,1306.76,2.7433
75,4,1065.53,6662.46,8882.44,440.00,260.37,1519.60,2.7593
75,4,1048.75,6711.52,9425.54,472.85,306.44,1934.73,2.7642
75,4,922.42,6270.93,8563.19,535.50,285.99,1470.78,2.7380
75,4,1018.48,6650.76,8744.78,427.85,305.90,1360.27,2.7539
75,4,928.77,6298.79,8621.15,548.58,229.93,1543.84,2.6600
75,4,1108.61,7555.66,9866.23,430.03,328.83,1551.71,2.6679
75,4,1082.18,7276.63,9535.00,314.20,309.09,1635.08,2.6998
75,4,1266.76,7963.52,10155.34,430.80,317.13,1443.90,2.7743
75,4,1117.33,7467.62,9776.03,467.33,270.55,1570.53,2.7569
75,4,977.90,6590.11,8858.11,366.46,303.15,1598.38,2.7729
75,4,1063.82,7270.32,9499.85,403.89,333.17,1492.47,2.7580
75,4,873.39,5888.41,8166.89,471.93,244.32,1562.23,2.6943
75,4,952.32,6511.81,8992.32,517.63,298.46,1664.43,2.7213
75,4,1294.81,8469.36,10808.73,340.80,380.61,1617.96,2.7149
75,4,1065.91,6897.70,9149.18,407.61,335.97,1507.91,2.7159
75,4,998.66,7597.05,9552.36,374.18,287.64,1293.49,2.7825
75,4,1051.05,6990.33,9197.42,483.88,276.74,1446.46,2.7821
75,4,1071.45,6968.26,9045.21,361.41,332.50,1383.03,2.7151
75,4,1113.80,7725.92,10046.93,366.84,319.18,1635.00,2.7302
75,4,1119.34,7019.48,9505.11,429.95,316.78,1738.89,2.7849
75,4,1024.22,6832.41,8806.81,401.05,288.23,1285.12,2.7149
75,4,1295.38,7994.93,10344.47,364.79,394.80,1589.95,2.7861
75,4,844.67,5998.76,8032.88,457.81,288.74,1287.58,2.7126
75,4,1028.08,6957.93,9243.03,458.53,279.48,1547.09,2.7631
75,4,1245.43,7851.70,10349.83,389.87,395.18,1713.08,2.6945
75,4,1139.34,7726.13,9998.61,418.74,271.96,1581.79,2.7283
75,4,1328.64,8204.76,10514.71,370.55,420.16,1519.24,2.7168
75,4,1242.50,7869.97,10242.39,388.64,288.69,1695.09,2.7241
75,4,1187.17,8312.88,10917.97,562.07,345.96,1697.06,2.7826
75,4,1230.16,8185.26,10618.89,405.14,351.99,1676.50,2.6798
75,4,981.12,6716.26,8787.49,346.84,261.84,1462.53,2.6905
75,4,959.19,6645.83,8852.34,397.68,298.06,1510.77,2.7263
100,4,1149.00,7819.34,10054.92,405.03,282.09,1548.46,2.8406
100,4,1066.96,7646.94,9904.93,554.36,273.08,1430.56,2.8437
100,4,1262.26,8658.92,10938.50,441.39,322.47,1515.72,2.8645
100,4,1290.14,8953.60,11497.15,409.11,307.71,1826.73,2.8701
100,4,1126.57,8185.17,10529.35,379.93,293.79,1670.47,2.8423
100,4,1397.37,9139.05,11497.31,419.22,307.82,1631.23,2.8639
100,4,1297.41,8418.67,10888.14,472.47,352.71,1644.28,2.8231
100,4,1274.85,8720.58,11384.27,397.45,292.31,1973.93,2.8795
100,4,994.39,7345.28,9419.66,462.26,242.51,1369.61,2.8271
100,4,1231.41,8470.17,10883.85,471.81,314.34,1627.52,2.9167
100,4,1012.25,7102.16,9238.80,519.95,269.01,1347.67,2.8558
100,4,1034.37,7655.29,9733.46,388.05,229.78,1460.35,2.8766
100,4,1269.84,8790.87,11287.79,430.44,345.00,1721.49,2.9252
100,4,1373.23,8623.61,11274.17,445.48,433.39,1771.69,2.8573
100,4,1271.28,8771.54,10934.99,428.62,303.20,1431.64,2.8647
100,4,1086.89,7415.83,9497.54,386.50,304.93,1390.28,2.8032
100,4,1029.18,7368.46,9412.54,398.53,305.48,1340.07,2.8680
100,4,1166.12,7873.43,10062.78,362.63,323.28,1503.45,2.8587
100,4,1115.84,7729.16,9669.33,373.42,256.46,1310.28,2.8351
100,4,1202.03,7984.82,10646.48,374.62,312.22,1974.83,2.8409
100,4,1042.81,7111.20,9273.60,490.39,301.14,1370.88,2.8235
100,4,1217.69,8066.37,10276.90,454.93,293.57,1462.02,2.8431
100,4,1180.74,8336.93,10593.95,456.86,267.56,1532.61,2.8667
100,4,1086.14,7309.46,9868.83,389.81,317.87,1851.69,2.8459
100,4,1151.46,7498.85,9865.96,488.55,298.07,1580.49,2.8684
100,4,1244.24,8532.11,10892.91,302.04,322.37,1736.39,2.7715
100,4,1313.09,8894.85,11597.85,461.75,370.15,1871.09,2.8366
100,4,1221.12,7707.53,10170.11,561.28,321.87,1579.42,2.8693
100,4,1178.06,8526.36,10783.43,388.46,316.46,1552.16,2.8812
100,4,1274.70,9308.39,11533.13,427.21,308.12,1489.40,2.8396
100,4,1396.20,9387.12,12069.20,421.33,372.57,1888.18,2.8629
100,4,1364.59,8642.16,11270.50,410.55,389.87,1827.93,2.9282
100,4,836.36,6181.37,8321.02,446.84,272.03,1420.78,2.8276
100,4,1117.10,7383.85,9578.10,532.25,259.87,1402.13,2.9497
100,4,1064.79,7644.10,9810.12,522.26,257.67,1386.09,2.8970
100,4,1111.26,7465.07,9850.33,389.83,290.64,1704.78,2.8660
100,4,1043.99,7261.38,9543.43,345.02,285.61,1651.42,2.8866
100,4,1427.74,9148.12,11694.76,388.36,352.85,1805.43,2.6232
100,4,1221.76,8085.85,10578.13,449.07,324.42,1718.79,2.5905
100,4,1133.38,7866.51,10126.49,501.35,313.52,1445.11,2.6278
100,4,964.98,7496.73,9560.02,439.39,276.49,1347.42,2.6685
100,4,1438.24,9495.78,11958.62,390.98,391.09,1680.76,2.6220
100,4,926.41,6857.87,8904.28,396.84,274.43,1375.13,2.5903
100,4,1220.22,8184.82,10488.26,432.69,277.66,1593.09,2.6326
100,4,1167.49,8026.72,10366.92,518.05,290.19,1531.95,2.7272
100,4,1328.21,9284.47,11700.54,330.55,316.97,1768.56,2.8185
100,4,1068.24,7350.94,9746.51,403.81,285.20,1706.56,2.7878
100,4,1064.35,7556.99,9753.04,477.06,296.65,1422.34,2.8347
100,4,1298.82,8248.12,10683.41,332.29,350.35,1752.64,2.8291
100,4,1038.27,7343.86,9457.64,390.79,241.74,1481.25,2.7980
100,4,1132.40,8065.38,10254.00,424.04,270.05,1494.52,2.7670
100,4,1096.94,7887.93,9948.52,351.68,294.00,1414.91,2.7644
100,4,1030.70,7323.97,9679.25,328.97,329.70,1696.62,2.7836
100,4,1086.35,7899.63,10044.18,411.90,254.11,1478.54,2.8081
100,4,1054.71,6815.65,9176.91,523.60,316.18,1521.49,2.8289
100,4,1306.01,9175.08,11728.88,557.24,268.80,1727.77,2.8308
100,4,1056.67,7468.39,9706.84,532.96,309.05,1396.45,2.8012
100,4,1109.79,7788.01,10023.24,455.49,326.02,1453.72,2.8347
100,4,1239.42,8318.02,10648.83,427.04,306.58,1597.19,2.8645
100,4,1133.67,7836.65,10112.30,453.50,344.73,1477.41,2.8340
100,4,1109.57,7738.21,10228.51,490.77,330.10,1669.42,2.8287
100,4,1138.26,7059.66,9535.05,535.91,334.30,1605.18,2.8146
100,4,933.64,6570.97,8752.97,421.64,237.76,1522.59,2.7863
100,4,1460.76,9724.98,12087.01,503.49,322.49,1536.04,2.7898
100,4,1207.72,8378.86,10307.30,329.10,373.37,1225.97,2.7988
100,4,1025.74,6898.13,9046.20,398.55,361.37,1388.16,2.7859
100,4,1433.58,10185.71,12457.94,363.39,291.86,1616.97,2.7830
100,4,1127.91,7879.22,9900.53,390.59,275.01,1355.71,2.8117
100,4,1264.04,9002.89,11406.93,535.55,281.29,1587.21,2.8015
100,4,1250.28,8140.77,10865.97,409.25,346.04,1969.91,2.8227
100,4,1119.49,7778.47,10053.72,389.33,330.47,1555.45,2.8459
100,4,1224.45,7934.77,10118.96,352.49,345.19,1486.51,2.7992
100,4,1253.70,8010.55,10433.74,408.08,317.15,1697.96,2.8217
100,4,1280.95,8588.37,10992.20,426.56,382.80,1594.47,2.8274
100,4,1399.99,9020.59,11520.81,434.61,357.40,1708.21,2.8260
100,4,1293.23,9309.33,11553.49,427.98,301.52,1514.66,2.8032
100,4,1229.96,8668.88,11101.94,489.95,268.44,1674.67,2.7865
100,4,1080.43,7355.24,9699.41,371.48,315.69,1656.99,2.8236
100,4,1043.53,7464.75,9538.35,359.74,287.99,1425.87,2.8473
100,4,1014.76,6689.22,9027.37,460.91,290.23,1587.02,2.8377
100,4,1249.07,8174.11,10774.33,512.81,300.54,1786.88,2.8271
100,4,1425.21,9143.91,11656.94,474.71,427.64,1610.68,2.8274
100,4,1185.29,7847.61,10260.20,475.46,352.72,1584.42,2.8138
100,4,1237.10,8804.05,10947.74,466.62,297.40,1379.67,2.8307
100,4,1196.26,8684.38,10963.87,506.49,248.86,1524.13,2.8825
100,4,1087.72,7844.49,10135.19,537.49,309.89,1443.32,2.8572
100,4,1187.62,8236.65,10679.29,461.31,360.98,1620.34,2.8166
100,4,1335.88,8714.39,11404.69,458.34,383.52,1848.45,2.8300
100,4,1137.18,7820.45,9945.93,410.09,339.86,1375.53,2.8353
100,4,1517.73,9708.66,12185.05,448.09,376.96,1651.34,2.8930
100,4,991.46,6796.13,8845.24,435.51,280.49,1333.11,2.7988
100,4,1281.72,8676.92,11143.44,394.35,334.34,1737.82,2.8738
100,4,1271.38,9092.93,11605.62,493.91,267.87,1750.90,2.8108
100,4,1286.81,8859.81,11265.32,418.37,311.09,1676.06,2.8476
100,4,1420.48,8999.89,11404.51,457.75,406.02,1540.86,2.9039
100,4,1469.11,9753.48,12323.64,457.13,345.96,1767.08,2.8667
100,4,1453.54,9787.38,12479.43,461.91,441.62,1788.53,2.8404
100,4,1414.14,9567.39,11975.58,378.78,339.55,1689.86,2.8066
100,4,1121.12,8443.81,10775.81,449.47,296.35,1586.18,2.8220
100,4,1168.31,8395.10,10815.53,524.31,308.74,1587.37,2.7973
125,4,1176.75,8228.62,10474.21,498.14,230.28,1517.18,2.9137
125,4,1313.24,9681.55,11924.87,363.59,361.92,1517.81,2.9053
125,4,1461.04,10333.31,12771.33,408.64,379.61,1649.77,2.9708
125,4,1557.89,10394.68,13219.18,440.78,394.50,1989.22,2.9769
125,4,1201.80,8912.78,11300.52,425.75,290.68,1671.30,2.9131
125,4,1506.67,10759.02,13310.39,449.24,360.40,1741.73,2.9859
125,4,1330.20,9282.64,11699.51,498.40,291.32,1627.15,2.9698
125,4,1340.05,9310.09,12021.98,415.39,340.21,1956.29,2.9951
125,4,1152.13,8097.55,10249.89,452.68,295.30,1404.35,2.9310
125,4,1401.31,9287.16,11750.10,478.83,319.24,1664.86,2.9747
125,4,1084.51,7536.05,9620.11,375.24,291.88,1416.94,2.9269
125,4,1248.39,8081.69,10416.93,484.89,315.17,1535.18,2.8704
125,4,1346.35,9758.93,12370.56,415.38,330.15,1866.11,2.9491
125,4,1444.37,9687.92,12375.37,439.89,437.18,1810.38,2.9478
125,4,1462.52,10142.45,12356.73,439.00,316.42,1458.85,2.9346
125,4,1261.90,8714.44,10924.79,466.75,309.07,1434.54,2.8991
125,4,1111.94,7970.02,10016.38,378.27,296.74,1371.35,2.9210
125,4,1345.47,9136.76,11721.66,497.65,402.85,1684.40,2.9786
125,4,1255.78,8813.67,11008.33,501.85,300.95,1391.86,2.9895
125,4,1313.35,8860.70,11701.50,464.11,376.69,1999.99,2.9488
125,4,1163.00,8024.29,10136.44,425.36,281.42,1405.37,2.9306
125,4,1308.46,9649.35,12030.59,456.02,312.26,1612.96,2.9568
125,4,1464.77,9898.19,12517.71,475.96,352.34,1791.21,3.0186
125,4,1153.18,8187.97,10904.33,485.65,303.23,1927.48,2.9095
125,4,1200.73,8730.99,11041.88,424.43,267.98,1618.48,2.9673
125,4,1505.69,9910.00,12508.68,439.52,362.87,1796.28,2.8962
125,4,1405.95,9697.41,12465.15,565.07,343.21,1859.46,2.9507
125,4,1343.26,8808.68,11108.60,423.22,340.71,1535.99,2.9113
125,4,1311.63,9172.07,11578.54,462.71,339.37,1604.39,2.9560
125,4,1389.50,9800.17,12123.25,410.60,330.71,1581.77,2.9219
125,4,1560.45,10258.47,13089.12,502.68,376.48,1951.49,2.9838
125,4,1373.87,10023.43,12654.85,365.64,358.13,1907.65,2.9730
125,4,1002.99,6806.53,9048.89,454.13,323.70,1464.54,2.8985
125,4,1174.30,7777.37,9952.25,492.58,313.53,1368.76,2.9545
125,4,1212.40,8771.33,10991.41,465.32,281.56,1473.20,2.8767
125,4,1059.08,8423.56,10852.49,366.18,299.30,1763.45,2.7247
125,4,1146.32,7731.90,10058.59,440.06,297.14,1589.49,2.8050
125,4,1566.83,10217.49,12979.12,569.64,333.79,1858.20,2.7450
125,4,1269.99,8904.10,11438.39,454.03,333.11,1747.14,2.7307
125,4,1293.51,8740.74,10948.11,357.02,346.36,1504.00,2.7592
125,4,971.37,7747.97,9703.63,414.53,250.61,1290.53,2.7162
125,4,1481.18,11138.73,13631.48,385.26,352.01,1755.48,2.7278
125,4,968.99,6630.58,8565.70,354.26,251.65,1329.19,2.7127
125,4,1421.90,9746.45,12191.92,449.14,317.38,1678.94,2.7516
125,4,1293.18,8491.75,10658.28,390.25,276.91,1499.37,2.7277
125,4,1451.08,9311.10,11819.29,475.22,294.35,1738.61,2.7799
125,4,1120.57,8060.10,10633.79,523.68,287.52,1762.50,2.7480
125,4,1242.88,8597.84,10933.61,486.11,341.96,1507.69,2.7719
125,4,1292.49,8705.07,11169.74,403.06,317.56,1744.05,2.7299
125,4,1237.48,8904.60,11222.47,444.19,335.76,1537.92,2.7644
125,4,1218.09,9169.44,11576.81,487.50,304.24,1615.64,2.7254
125,4,1219.13,8811.60,11060.36,478.67,276.02,1494.07,2.7393
125,4,1120.57,8004.50,10364.71,407.03,277.99,1675.20,2.7034
125,4,1163.59,8675.82,10951.28,437.77,318.29,1519.41,2.7118
125,4,1007.35,7427.28,9476.90,324.77,280.16,1444.69,2.7568
125,4,1507.96,10208.60,12766.98,406.41,384.47,1767.50,2.7455
125,4,1077.15,7722.19,9864.49,472.22,308.77,1361.31,2.6897
125,4,1243.82,8712.12,10937.70,453.41,323.98,1448.19,2.7300
125,4,1291.08,9261.99,11627.15,419.86,297.81,1647.49,2.7731
125,4,1229.80,8540.60,10850.56,480.66,333.40,1495.91,2.7485
125,4,1275.73,8813.81,11482.31,563.51,336.05,1768.93,2.8116
125,4,1078.48,7768.61,10096.44,460.73,277.00,1590.10,2.7034
125,4,1155.87,7687.16,9980.14,424.24,303.76,1564.98,2.7431
125,4,1474.09,10868.94,13100.65,379.28,345.76,1506.67,2.7478
125,4,1258.26,9271.62,11253.96,358.87,332.19,1291.28,2.7491
125,4,1012.79,7205.99,9379.71,467.50,322.25,1383.96,2.7172
125,4,1594.70,11791.99,14286.38,418.26,348.26,1727.86,2.7908
125,4,1304.58,9149.07,11223.07,354.52,311.83,1407.64,2.7461
125,4,1252.99,9035.22,11355.91,455.19,270.65,1594.86,2.7464
125,4,1404.24,8587.46,11270.50,440.89,309.91,1932.24,2.7302
125,4,1257.61,8308.13,10582.80,427.01,313.44,1534.21,2.7065
125,4,1248.51,9692.93,11921.57,375.09,299.01,1554.53,2.6825
125,4,1324.26,9211.09,11674.85,370.71,346.93,1746.12,2.8138
125,4,1322.11,10073.82,12588.53,475.36,360.45,1678.90,2.7188
125,4,1509.97,10250.52,12713.06,424.58,337.52,1700.43,2.7294
125,4,1547.50,10887.71,13264.20,443.98,336.15,1596.36,2.8017
125,4,1417.23,9729.09,12220.99,458.83,299.12,1733.96,2.7653
125,4,1278.71,8503.45,10887.22,360.24,332.06,1691.46,2.6803
125,4,1171.99,8237.60,10354.78,354.09,271.81,1491.28,2.7072
125,4,1121.92,7775.37,10074.88,384.89,309.65,1604.97,2.7482
125,4,1452.58,9585.31,12193.13,432.63,362.17,1813.03,2.7242
125,4,1565.90,10184.14,12648.01,407.95,348.69,1707.22,2.7610
125,4,1327.20,9431.29,11998.91,547.76,331.27,1688.59,2.7629
125,4,1381.98,9978.91,12048.08,393.98,271.29,1403.90,2.7294
125,4,1475.20,9844.77,12347.68,531.43,342.05,1629.42,2.7565
125,4,1271.97,8289.50,10555.42,493.62,279.04,1493.26,2.7091
125,4,1500.90,10447.41,13080.73,380.96,399.79,1852.56,2.7536
125,4,1366.95,8927.82,11484.01,463.94,313.26,1779.00,2.7179
125,4,1246.14,8290.15,10414.72,397.23,374.79,1352.55,2.7720
125,4,1611.54,11064.75,13590.35,397.80,361.46,1766.33,2.7779
125,4,1065.35,7683.08,9920.35,499.80,343.40,1394.06,2.7119
125,4,1389.75,9128.98,11725.43,489.27,330.12,1777.06,2.7180
125,4,1655.87,10918.27,13530.92,381.58,412.55,1818.54,2.8507
125,4,1485.72,10129.82,12696.70,459.19,378.79,1728.90,2.7951
125,4,1547.42,10234.71,12628.58,492.44,326.81,1574.61,2.7518
125,4,1551.10,10888.22,13394.14,365.57,318.85,1821.50,2.7337
125,4,1601.04,10473.71,13188.19,441.12,406.51,1866.85,2.9635
125,4,1574.71,10941.88,13469.48,407.36,331.49,1788.75,2.9813
125,4,1267.42,8773.16,11224.74,514.14,287.96,1649.49,3.0149
125,4,1310.32,9467.58,11875.24,416.16,379.38,1612.12,2.9429
150,4,1492.82,9743.40,12114.12,458.43,300.06,1612.22,3.0988
150,4,1292.37,9401.29,11635.21,456.32,318.52,1459.09,3.0994
150,4,1606.24,10851.53,13409.78,542.25,400.01,1615.99,3.0892
150,4,1566.78,10882.16,13677.79,478.80,331.97,1984.86,3.0604
150,4,1308.69,9993.32,12565.94,451.26,368.64,1752.72,3.1012
150,4,1723.84,12445.43,15010.35,399.21,367.59,1798.11,3.1172
150,4,1471.04,10223.05,12722.47,455.79,365.88,1677.75,3.0593
150,4,1538.20,10357.26,13095.33,339.50,387.56,2011.01,3.1176
150,4,1221.73,9386.31,11702.43,484.02,319.52,1512.58,3.0129
150,4,1462.60,9752.27,12310.96,463.02,399.01,1696.67,3.0851
150,4,1052.57,7992.65,10266.34,573.75,224.12,1475.81,3.0746
150,4,1193.34,9244.39,11637.42,512.37,257.48,1623.19,3.0687
150,4,1651.19,10506.34,13162.57,443.36,373.23,1839.65,3.0478
150,4,1484.40,10293.99,12818.99,351.91,424.47,1748.61,3.0577
150,4,1449.21,10631.55,12815.37,495.18,267.75,1420.88,3.1179
150,4,1280.09,8897.36,11085.62,513.47,277.22,1397.57,3.0105
150,4,1198.60,9074.08,11417.28,485.27,341.66,1516.27,3.0970
150,4,1559.77,10303.33,12888.54,469.71,403.96,1711.55,3.0083
150,4,1507.16,10253.03,12427.41,364.01,393.58,1416.79,3.1057
150,4,1421.91,9586.99,12401.52,428.17,388.79,1997.58,3.0542
150,4,1221.71,8616.71,10733.33,387.80,293.70,1435.12,3.0772
150,4,1582.53,10626.80,13020.31,430.20,395.64,1567.68,3.0033
150,4,1477.48,10580.76,13004.20,429.04,276.70,1717.70,3.0456
150,4,1434.85,8970.16,11768.60,532.20,343.21,1923.03,3.0249
150,4,1443.66,9842.69,12309.27,462.47,335.05,1669.06,3.0504
150,4,1411.80,9558.86,11982.52,325.76,349.51,1748.39,2.9999
150,4,1500.84,10798.08,13573.88,489.21,356.70,1929.89,3.0708
150,4,1399.25,9822.73,12399.48,591.75,376.40,1608.59,3.1464
150,4,1398.64,10138.37,12504.46,434.81,334.78,1596.51,3.1670
150,4,1622.10,11732.70,14131.63,373.29,393.15,1632.48,3.1392
150,4,1749.20,11561.32,14384.79,435.67,423.31,1964.48,3.1061
150,4,1502.66,10536.47,13324.50,497.63,351.24,1939.17,3.1791
150,4,1159.56,7653.98,9757.73,277.25,353.45,1473.04,3.0475
150,4,1383.48,9462.98,11754.88,452.23,301.23,1538.44,3.0023
150,4,1196.80,9705.79,11834.09,366.02,306.68,1455.60,3.0945
150,4,1319.29,9653.07,12282.28,390.55,392.32,1846.33,3.1189
150,4,1230.31,8850.85,11396.54,487.82,313.70,1744.17,3.0950
150,4,1651.51,11674.37,14369.10,434.78,362.91,1897.03,3.1170
150,4,1529.37,10646.57,13292.01,373.96,359.43,1912.05,3.1021
150,4,1271.94,9522.12,11869.43,420.69,344.08,1582.53,3.1349
150,4,1214.82,8357.86,10328.92,314.06,301.75,1355.25,3.0508
150,4,1830.83,11945.94,14544.44,388.08,436.97,1773.45,3.0656
150,4,1195.17,7928.63,10190.27,448.70,341.59,1471.35,3.0965
150,4,1517.20,10873.03,13369.88,414.21,324.35,1758.29,3.1187
150,4,1401.67,9731.10,12056.43,407.32,311.37,1606.64,3.1393
150,4,1580.86,11047.85,13677.37,453.39,344.41,1831.71,3.0851
150,4,1314.79,8929.28,11499.11,424.37,347.81,1797.64,3.1068
150,4,1384.76,9484.25,11767.47,414.40,381.22,1487.61,3.1456
150,4,1322.80,9159.90,11829.77,529.50,273.94,1866.43,3.0654
150,4,1381.12,9648.85,11882.21,339.79,343.13,1550.43,3.0033
150,4,1310.83,9985.92,12297.86,390.38,306.33,1615.22,3.0305
150,4,1457.17,9803.91,12280.68,516.61,336.53,1623.63,3.0967
150,4,1227.67,8619.84,11237.13,572.21,315.34,1729.74,3.1333
150,4,1233.91,8567.42,10691.80,382.99,314.90,1426.49,3.0514
150,4,1191.12,8805.09,11274.41,428.26,327.30,1713.76,3.0505
150,4,1532.55,10867.20,13408.08,443.10,365.07,1732.70,3.1823
150,4,1316.94,8895.47,11208.81,509.79,377.05,1426.50,3.1465
150,4,1274.08,8925.33,11169.98,509.83,255.71,1479.10,3.0903
150,4,1402.67,10008.15,12483.05,448.46,359.98,1666.46,3.0985
150,4,1355.85,9636.93,11992.59,449.94,353.59,1552.13,3.0478
150,4,1357.93,9737.16,12284.62,324.86,414.89,1807.72,3.1333
150,4,1101.52,7690.49,9908.63,469.77,282.08,1466.28,3.0487
150,4,1119.97,7988.49,10214.41,388.74,307.73,1529.46,3.0241
150,4,1742.52,12148.18,14513.27,393.45,388.99,1582.65,3.1443
150,4,1298.11,9373.92,11265.57,364.90,290.89,1235.87,3.0655
150,4,1106.49,8198.92,10303.96,427.82,296.78,1380.43,3.0247
150,4,1862.85,13215.06,15827.75,443.18,361.93,1807.58,3.0837
150,4,1481.75,9474.58,11858.48,529.77,370.24,1483.89,3.1461
150,4,1482.51,10671.46,13085.07,377.65,349.36,1686.60,3.0622
150,4,1498.52,9438.96,12188.72,442.10,323.41,1984.26,3.0323
150,4,1235.97,9129.61,11481.26,413.43,343.20,1595.02,3.0230
150,4,1426.79,10085.17,12372.38,395.95,315.97,1575.30,2.9411
150,4,1384.42,9396.14,11927.89,427.26,336.89,1767.60,2.9410
150,4,1543.13,10967.19,13466.56,432.13,376.40,1690.84,2.8075
150,4,1474.72,10728.77,13228.32,423.09,307.37,1769.10,2.8855
150,4,1731.50,12030.78,14532.42,443.18,380.95,1677.51,2.8706
150,4,1647.18,11076.63,13601.22,363.28,379.98,1781.33,2.8819
150,4,1182.33,8439.49,10773.63,440.67,246.33,1647.15,2.8066
150,4,1393.43,9588.88,11929.63,402.56,349.81,1588.37,2.8512
150,4,1183.80,8495.39,10816.11,337.77,300.22,1682.73,2.8512
150,4,1490.94,9896.98,12421.15,365.90,375.79,1782.49,2.8914
150,4,1617.79,11018.62,13690.73,493.42,379.80,1798.90,2.8919
150,4,1579.93,10803.29,13358.04,422.98,384.56,1747.22,2.8374
150,4,1598.73,10792.21,13074.05,395.18,414.75,1471.91,2.8895
150,4,1449.88,10213.37,12609.81,527.68,275.63,1593.13,2.9393
150,4,1352.26,9580.07,11971.01,463.48,368.69,1558.78,2.8517
150,4,1710.04,11234.92,13974.93,409.89,480.23,1849.89,2.9307
150,4,1487.29,10080.98,12699.59,352.14,380.87,1885.60,2.8640
150,4,1371.33,9445.67,11656.65,426.60,348.24,1436.14,2.8404
150,4,1689.05,11508.28,14149.98,512.27,373.29,1756.13,2.9402
150,4,1019.52,8222.01,10194.65,336.55,287.79,1348.29,2.8213
150,4,1522.21,10397.27,13029.35,457.56,329.84,1844.69,2.8967
150,4,1679.59,11672.53,14419.67,461.81,395.49,1889.85,2.9084
150,4,1522.25,10338.46,12714.05,384.37,343.41,1647.81,2.8482
150,4,1601.10,11136.50,13628.03,517.85,387.62,1586.06,2.8917
150,4,1708.43,11574.72,14130.59,365.37,347.29,1843.21,2.8684
150,4,1496.94,10255.47,12858.92,402.72,407.09,1793.64,2.8738
150,4,1566.01,11650.06,14204.34,372.85,354.44,1826.99,2.9716
150,4,1385.62,10471.21,12769.11,296.40,299.96,1701.53,2.8978
150,4,1311.97,9361.27,11628.08,367.79,339.37,1559.64,2.8490
175,4,1399.39,9881.31,12184.91,418.89,307.58,1577.13,3.3315
175,4,1334.46,10267.87,12575.73,425.06,317.40,1565.39,3.3130
175,4,1625.10,12097.77,14617.95,360.27,444.68,1715.23,3.2595
175,4,1798.93,12323.40,15260.73,438.02,411.18,2088.13,3.2495
175,4,1347.11,10363.13,12861.80,436.37,328.61,1733.69,3.2672
175,4,1772.86,12990.51,15569.00,497.96,298.19,1782.34,3.2719
175,4,1625.09,11349.45,13988.38,469.23,420.46,1749.24,3.2733
175,4,1559.11,11056.47,13841.48,424.94,339.91,2020.16,3.2765
175,4,1257.12,9407.89,11506.77,367.42,335.99,1395.46,3.1685
175,4,1497.31,10094.16,12624.17,493.40,351.81,1684.79,3.1834
175,4,1321.18,9382.35,11482.35,305.94,327.86,1466.21,3.2887
175,4,1484.72,10215.01,12607.01,444.23,326.28,1621.50,3.2577
175,4,1592.29,11510.80,14295.88,490.44,370.71,1923.94,3.2117
175,4,1526.23,10916.12,13645.40,463.24,433.91,1832.13,3.2790
175,4,1578.61,11303.48,13418.47,358.21,282.45,1474.33,3.2250
175,4,1375.67,10020.73,12327.51,449.27,374.93,1482.58,3.2777
175,4,1363.49,9639.50,11948.01,505.76,331.08,1471.67,3.2396
175,4,1594.11,10777.12,13416.70,507.17,409.15,1723.27,3.2242
175,4,1441.94,10461.87,12614.13,396.55,365.35,1390.36,3.2753
175,4,1509.54,10303.47,13113.21,524.97,293.22,1991.55,3.2873
175,4,1393.35,9270.08,11402.31,344.08,342.36,1445.78,3.2933
175,4,1763.23,11758.47,14207.95,365.82,365.41,1718.25,3.2060
175,4,1760.85,11781.98,14370.04,388.26,394.29,1805.51,3.3844
175,4,1497.43,9986.42,12837.73,452.08,386.83,2012.40,3.2856
175,4,1466.50,10454.63,12971.53,416.93,344.81,1755.16,3.3253
175,4,1635.85,10949.56,13595.49,481.50,330.87,1833.55,3.2810
175,4,1688.25,10815.18,13557.04,448.67,409.50,1883.68,3.2959
175,4,1411.69,10357.49,12700.03,430.95,321.74,1589.86,3.2808
175,4,1668.55,12071.70,14738.19,455.95,417.70,1792.84,3.3474
175,4,1631.61,12023.93,14358.11,382.30,353.75,1598.13,3.2375
175,4,1800.61,11665.52,14377.53,424.56,376.17,1911.27,3.2139
175,4,1679.74,11437.99,14226.69,427.28,410.42,1951.00,3.2662
175,4,1147.91,8147.39,10530.40,503.16,354.43,1525.42,3.3029
175,4,1444.93,10276.05,12677.06,448.86,395.76,1556.39,3.1938
175,4,1338.96,10323.21,12525.71,421.68,275.78,1505.04,3.2698
175,4,1412.46,9454.25,12099.73,509.86,361.58,1774.05,3.3293
175,4,1335.29,9155.69,11619.24,354.42,381.66,1727.47,3.2941
175,4,1750.86,12606.22,15364.11,430.57,366.38,1960.93,3.2137
175,4,1604.04,11296.76,13981.63,441.84,360.21,1882.82,3.3214
175,4,1550.80,10629.00,13077.90,413.74,434.87,1600.28,3.2305
175,4,1189.61,8151.65,10207.43,482.33,300.62,1272.83,3.2072
175,4,1775.94,12207.36,14889.01,557.76,361.49,1762.40,3.2596
175,4,1103.18,8224.96,10486.91,494.41,345.22,1422.32,3.1826
175,4,1623.10,11019.76,13598.66,532.02,271.13,1775.75,3.3032
175,4,1539.40,10905.24,13258.82,424.22,330.34,1599.02,3.3234
175,4,1624.75,11344.51,13852.20,402.32,352.93,1752.44,3.2617
175,4,1389.34,9255.37,11888.68,536.77,284.81,1811.74,3.2562
175,4,1399.41,9989.47,12287.87,468.64,349.97,1479.79,3.2623
175,4,1409.99,10190.70,12669.23,426.10,282.10,1770.33,3.2942
175,4,1514.50,10339.54,12717.51,398.49,389.08,1590.40,3.2760
175,4,1477.22,10578.69,12979.03,418.59,313.66,1668.10,3.2803
175,4,1638.11,10961.81,13403.04,407.35,390.16,1643.72,3.2568
175,4,1290.20,9076.08,11670.75,469.83,371.43,1753.41,3.2719
175,4,1316.94,9785.11,12081.22,441.69,311.19,1543.24,3.1839
175,4,1269.05,9412.83,11949.79,548.81,326.90,1661.25,3.1629
175,4,1666.55,11318.22,14014.31,480.32,399.28,1816.49,3.3616
175,4,1295.45,9332.30,11530.18,448.05,402.32,1347.50,3.2404
175,4,1312.32,10044.36,12187.25,378.34,280.52,1484.02,3.2608
175,4,1485.64,11113.61,13519.27,366.08,341.76,1697.83,3.2793
175,4,1261.55,9336.49,11626.57,448.18,300.73,1541.16,3.1889
175,4,1578.57,10139.76,12743.95,395.82,410.31,1798.06,3.2726
175,4,1124.03,9326.50,11632.23,422.81,260.36,1622.56,3.1763
175,4,1221.87,8394.94,10706.35,450.28,294.27,1566.86,3.1710
175,4,1780.00,12189.62,14528.45,422.36,318.70,1597.77,3.2539
175,4,1332.55,9857.94,11936.89,516.39,299.78,1262.77,3.1667
175,4,1099.21,8094.23,10276.19,475.41,296.28,1410.27,3.1797
175,4,1896.61,13607.50,16049.35,330.97,390.22,1720.66,3.2970
175,4,1309.12,9430.30,11646.59,470.03,306.33,1439.94,3.3354
175,4,1545.20,11459.99,13893.09,371.26,342.93,1718.91,3.2899
175,4,1611.54,10416.34,13249.34,484.67,357.33,1991.01,3.2837
175,4,1423.67,9673.15,12139.57,469.03,395.21,1602.18,3.2287
175,4,1507.62,10655.62,13102.74,496.47,357.74,1592.91,3.2166
175,4,1455.12,10310.46,12872.61,411.92,338.01,1812.22,3.2337
175,4,1641.40,11773.24,14447.80,462.08,420.59,1791.88,3.2238
175,4,1673.47,11912.02,14431.46,355.24,355.40,1808.80,3.2633
175,4,1988.52,13312.67,15843.58,386.22,462.94,1681.74,3.3556
175,4,1694.74,11441.61,14033.88,418.83,361.34,1812.10,3.3530
175,4,1456.84,10031.58,12507.04,386.69,324.18,1764.60,3.2920
175,4,1559.09,10519.60,12983.09,476.60,362.05,1624.85,3.3327
175,4,1234.64,8975.25,11524.35,498.50,327.80,1722.80,3.3279
175,4,1506.02,10958.10,13647.78,524.05,332.16,1833.46,3.3859
175,4,1720.11,12364.03,15003.42,396.27,414.12,1828.99,3.2018
175,4,1749.60,11709.21,14462.34,496.42,439.10,1817.60,3.2147
175,4,1677.38,11621.83,13959.04,501.68,392.91,1442.62,3.2860
175,4,1682.41,11423.47,13933.50,429.94,394.12,1685.98,3.2478
175,4,1534.83,10484.78,12948.54,509.04,394.75,1559.97,3.2785
175,4,1683.04,11849.05,14614.64,446.04,406.95,1912.59,3.4949
175,4,1489.87,9850.34,12451.28,463.64,353.26,1784.03,3.2652
175,4,1359.38,9808.73,11913.82,392.88,326.50,1385.71,3.2610
175,4,1775.49,12555.86,15169.23,472.66,404.91,1735.80,3.1985
175,4,1084.39,8597.55,10642.95,462.51,277.09,1305.81,3.1236
175,4,1703.57,11078.07,13769.06,472.99,392.98,1825.03,3.3585
175,4,1885.83,12673.43,15370.37,382.77,406.52,1907.65,3.3069
175,4,1870.97,12349.63,14967.87,418.53,369.86,1829.85,3.3431
175,4,1802.33,12628.39,15211.09,463.40,411.87,1707.43,3.3182
175,4,1888.48,13003.41,15635.05,437.85,333.10,1860.69,3.2446
175,4,1671.70,12068.91,14804.42,447.86,425.65,1862.00,3.3948
175,4,1861.70,12894.24,15462.90,313.87,386.71,1868.08,3.4907
175,4,1659.72,11322.84,13845.83,367.26,418.12,1737.62,3.2871
175,4,1505.09,10796.63,13163.48,379.02,364.40,1623.44,3.1938
200,4,1624.49,11192.10,13576.31,420.09,335.16,1628.96,3.4118
200,4,1640.14,11609.80,14041.72,501.88,350.57,1579.47,3.4084
200,4,1716.16,12363.36,14937.17,512.31,354.23,1707.27,3.4578
200,4,1942.20,13639.91,16511.40,418.81,399.03,2053.65,3.6763
200,4,1523.01,11109.63,13722.70,465.54,405.69,1741.85,3.3653
200,4,1844.59,13156.11,15559.44,334.64,299.36,1769.33,3.4032
200,4,1757.29,11998.27,14632.41,459.44,448.28,1726.41,3.3558
200,4,1704.68,11887.32,14957.18,483.99,401.89,2183.98,3.4518
200,4,1515.88,11141.30,13534.01,537.06,304.57,1551.08,3.4158
200,4,1560.80,10624.01,13235.47,567.95,343.69,1699.82,3.4475
200,4,1429.05,10211.58,12579.59,476.32,334.73,1556.96,3.2776
200,4,1396.08,10402.15,12659.63,433.90,312.37,1511.21,3.4229
200,4,1707.28,12450.70,15284.99,446.09,406.41,1981.79,3.5489
200,4,1621.24,11898.32,14687.16,524.86,423.36,1840.62,3.6430
200,4,1624.91,11902.10,14053.06,445.81,238.60,1466.55,3.4247
200,4,1402.29,10240.88,12532.35,470.36,344.35,1476.77,3.4825
200,4,1257.93,9619.00,11710.50,349.16,340.27,1402.08,3.3535
200,4,1727.24,11894.26,14609.16,516.12,431.69,1767.08,3.6130
200,4,1594.79,11577.06,13824.16,442.43,340.82,1463.84,3.4926
200,4,1479.80,10566.46,13490.01,520.66,356.12,2046.77,3.4347
200,4,1366.34,9943.60,12291.35,523.98,306.29,1517.48,3.3776
200,4,1818.36,12672.03,15203.94,410.00,398.76,1723.16,3.4107
200,4,1769.90,12377.39,15190.88,634.62,397.50,1781.38,3.4684
200,4,1460.74,10626.15,13426.69,469.45,344.84,1986.25,3.4077
200,4,1555.40,10765.44,13224.79,358.59,361.02,1739.73,3.4823
200,4,1660.07,12193.85,14842.40,408.09,333.42,1907.05,3.3895
200,4,1688.10,11510.93,14242.07,461.16,361.99,1907.98,3.3735
200,4,1606.75,10882.61,13426.21,485.21,425.76,1632.62,3.4399
200,4,1726.97,12614.42,15286.55,481.68,420.70,1769.75,3.5632
200,4,1890.25,12999.96,15486.30,411.74,396.74,1677.85,3.6328
200,4,1792.22,12351.18,15117.33,472.57,377.30,1916.28,3.4544
200,4,1881.22,12483.34,15345.37,467.33,436.22,1958.49,3.4309
200,4,1167.29,8590.44,10822.64,410.90,304.80,1516.50,3.4003
200,4,1584.21,10607.98,12995.04,446.88,389.33,1550.85,3.3131
200,4,1501.72,11052.74,13367.18,464.77,351.21,1498.45,3.5398
200,4,1470.64,10131.73,12783.83,484.55,382.45,1785.10,3.5413
200,4,1421.40,9577.33,12093.55,478.34,368.20,1669.68,3.3865
200,4,1941.27,13110.28,15852.63,406.48,388.27,1947.59,3.3907
200,4,1656.43,11859.14,14754.40,578.58,377.17,1939.51,3.6222
200,4,1599.32,11196.90,13564.18,371.96,391.73,1603.59,3.5179
200,4,1409.34,9755.65,11955.85,431.39,353.18,1415.63,3.4738
200,4,1905.53,13842.57,16542.50,455.23,384.68,1860.02,3.3932
200,4,1264.25,9019.77,11311.66,456.26,320.00,1515.62,3.4483
200,4,1854.79,12536.48,15135.57,497.24,299.11,1802.75,3.4853
200,4,1562.83,11708.21,14150.14,428.48,351.20,1662.25,3.6268
200,4,1646.77,12044.83,14546.45,384.83,294.87,1821.92,3.4981
200,4,1422.46,10157.28,12686.75,440.94,322.81,1765.72,3.4585
200,4,1471.95,10744.72,13150.02,482.37,379.12,1543.81,3.4616
200,4,1607.71,11410.67,14151.99,491.07,390.71,1859.54,3.4484
200,4,1380.07,11262.59,13577.85,377.76,296.39,1641.10,3.5269
200,4,1470.56,10756.93,13239.52,491.19,342.95,1648.45,3.3962
200,4,1658.40,11728.69,14230.39,465.74,405.64,1630.32,3.4445
200,4,1450.42,10184.34,12726.72,345.89,415.45,1781.05,3.4603
200,4,1471.87,10259.65,12633.53,401.40,378.00,1594.47,3.4077
200,4,1280.15,9134.07,11531.21,512.39,278.34,1606.41,3.4342
200,4,1790.47,11875.70,14627.23,536.65,379.48,1835.42,3.5132
200,4,1309.48,9742.46,11951.87,427.34,365.00,1417.06,3.3450
200,4,1438.33,10355.12,12636.38,406.26,358.53,1516.48,3.4705
200,4,1778.36,11875.87,14320.18,347.26,373.96,1723.09,3.7857
200,4,1484.79,10188.74,12530.98,440.59,366.72,1534.93,3.3794
200,4,1656.13,10866.33,13485.11,357.64,411.47,1849.67,3.4887
200,4,1380.10,9783.46,12202.47,380.48,351.60,1686.93,3.3130
200,4,1171.05,8643.58,10988.67,452.90,263.81,1628.38,3.3886
200,4,1848.77,13230.37,15675.07,468.74,337.66,1638.30,3.5585
200,4,1519.72,11103.51,13229.27,464.28,341.89,1319.58,3.3787
200,4,1262.59,9625.81,11788.20,345.01,364.72,1452.66,3.3142
200,4,2084.08,15327.89,17981.86,367.04,392.30,1894.63,3.4564
200,4,1408.27,10623.33,12752.46,352.68,327.11,1449.34,3.4105
200,4,1670.59,11976.78,14452.64,441.24,307.39,1727.24,3.4781
200,4,1534.72,11009.35,13802.52,396.94,315.70,2080.53,3.4500
200,4,1462.73,10736.84,13168.19,448.90,330.18,1652.27,3.3729
200,4,1488.87,10714.21,13193.18,573.27,271.76,1633.94,3.4436
200,4,1629.78,10747.64,13506.40,574.56,345.42,1838.78,3.3969
200,4,1756.75,12497.42,15156.11,475.59,408.01,1775.09,3.3566
200,4,1945.57,13056.89,15859.27,437.89,469.52,1894.98,3.3680
200,4,1993.04,13831.73,16541.12,593.16,400.09,1716.14,3.5469
200,4,1769.76,12167.43,14726.78,355.13,397.43,1806.79,3.4652
200,4,1440.84,10774.20,13316.40,393.40,353.75,1795.05,3.3889
200,4,1636.58,11555.35,14112.41,485.89,380.94,1690.23,3.4509
200,4,1320.28,9387.26,11873.20,426.38,356.03,1703.53,3.3308
200,4,1625.65,11331.03,13872.76,367.85,361.47,1812.41,3.4554
200,4,1926.87,13194.24,15856.98,431.57,423.98,1807.19,3.3977
200,4,1786.74,12246.02,14986.49,480.49,412.85,1847.12,3.3218
200,4,1618.91,12374.83,14577.13,391.80,324.11,1486.39,3.4313
200,4,1799.75,11956.56,14433.97,423.10,362.06,1692.26,3.4180
200,4,1396.47,10907.33,13180.59,488.77,303.83,1480.65,3.3586
200,4,1841.02,12890.50,15751.80,495.43,400.03,1965.84,3.4199
200,4,1623.03,11306.71,13904.70,400.65,348.75,1848.59,3.3945
200,4,1537.06,10675.40,12816.29,334.61,371.42,1434.86,3.5461
200,4,1952.27,13937.78,16663.27,522.54,359.89,1843.06,3.3500
200,4,1104.99,8844.21,10892.49,437.86,289.05,1321.36,3.3780
200,4,1735.23,11697.24,14430.12,429.00,425.75,1878.13,3.4165
200,4,1910.14,12853.46,15601.28,460.59,447.00,1840.24,3.4665
200,4,1933.02,12683.01,15169.75,334.11,368.89,1783.74,3.4333
200,4,1949.49,13465.63,16161.31,476.75,468.93,1750.00,3.4479
200,4,2119.44,14267.53,17188.09,460.15,487.82,1972.59,3.4367
200,4,1892.16,12953.45,15675.90,390.24,442.93,1889.27,3.4276
200,4,2040.81,13852.75,16593.10,351.32,451.47,1937.56,3.4312
200,4,1726.35,12114.93,14692.47,386.11,414.20,1777.23,3.6423
200,4,1709.76,12010.02,14604.15,426.45,417.25,1750.43,3.4369
225,4,1614.65,11199.03,13573.39,484.87,299.02,1590.47,3.6150
225,4,1666.81,12049.40,14463.27,440.14,447.06,1526.67,3.6243
225,4,1776.82,12875.68,15527.07,504.36,377.46,1769.56,3.6728
225,4,1921.14,14110.08,17108.99,469.42,433.74,2095.75,3.6809
225,4,1681.12,12212.13,14967.73,452.99,446.87,1855.73,3.4953
225,4,2094.92,14563.71,17215.51,409.49,393.12,1849.19,3.6914
225,4,1747.08,12820.08,15458.55,476.48,398.90,1763.09,3.5833
225,4,1781.39,12709.52,15734.51,441.34,429.81,2153.84,3.7861
225,4,1613.97,11685.97,14032.50,358.37,424.08,1564.07,3.6660
225,4,1748.68,11892.88,14817.02,695.84,411.57,1816.74,3.5546
225,4,1403.79,10037.40,12364.64,484.32,320.58,1522.34,3.6798
225,4,1613.15,11278.82,13807.99,536.35,330.12,1662.70,3.4875
225,4,1812.65,13000.13,15882.42,484.35,432.53,1965.40,3.7158
225,4,1752.61,12513.49,15229.38,406.89,449.28,1859.73,3.4868
225,4,1833.30,13390.65,15596.15,327.75,341.59,1536.16,3.7806
225,4,1558.54,11299.49,13623.98,433.62,377.90,1512.98,3.6018
225,4,1519.09,10761.89,13227.66,479.37,447.52,1538.88,3.5419
225,4,1857.37,12736.85,15455.47,413.54,489.04,1816.04,3.4693
225,4,1659.77,11763.60,14055.23,433.77,409.00,1448.86,3.5611
225,4,1592.62,11441.32,14515.95,565.81,387.81,2121.01,3.6479
225,4,1450.62,10489.13,12764.32,476.97,318.96,1479.27,3.5236
225,4,1933.58,13014.42,15742.91,647.34,323.63,1757.53,3.5824
225,4,1932.77,13235.97,16036.21,526.08,471.69,1802.47,3.7011
225,4,1544.17,11232.76,14091.81,436.08,386.13,2036.84,3.5411
225,4,1472.49,11244.73,13746.25,447.85,327.84,1725.82,3.5084
225,4,1723.32,12330.25,14779.77,301.63,343.18,1804.70,3.4282
225,4,1781.09,12925.94,15824.85,496.84,427.60,1974.46,3.4482
225,4,1595.73,11477.49,14006.53,483.52,363.71,1681.81,3.6165
225,4,1841.81,13280.04,16056.20,502.03,457.93,1816.20,3.6361
225,4,1887.58,13662.66,16139.25,403.66,426.99,1645.93,3.6023
225,4,2118.64,14037.19,16893.81,400.24,451.61,2004.77,3.5569
225,4,1772.41,12132.10,14841.98,417.83,383.51,1908.54,3.5466
225,4,1307.05,8800.46,11211.56,479.97,389.47,1541.67,3.4975
225,4,1616.83,11714.23,14159.35,479.02,357.26,1608.85,3.5647
225,4,1535.45,11020.75,13210.89,396.54,314.36,1479.25,3.5600
225,4,1540.16,10854.43,13428.45,384.63,340.23,1849.15,3.5618
225,4,1386.24,10125.92,12834.45,532.49,367.37,1808.67,3.5530
225,4,2030.45,14099.54,17076.09,592.97,374.77,2008.81,3.5739
225,4,1700.24,12607.18,15461.54,560.03,332.59,1961.75,3.5613
225,4,1654.25,11651.77,14287.31,584.16,425.76,1625.63,3.5218
225,4,1368.96,10077.50,12323.29,431.57,375.59,1438.63,3.5707
225,4,2172.43,15114.57,17928.95,462.82,463.59,1887.97,3.6174
225,4,1247.13,9207.87,11391.84,423.29,318.13,1442.56,3.4151
225,4,1813.54,12441.71,15025.56,482.41,368.34,1733.10,3.4722
225,4,1708.32,12489.44,14918.05,360.03,329.76,1738.82,3.6362
225,4,1896.20,13335.18,15937.79,332.18,380.01,1890.42,3.5641
225,4,1506.87,10360.88,12848.85,375.90,332.35,1779.72,3.4824
225,4,1607.63,11700.85,14145.11,405.61,449.09,1589.56,3.5105
225,4,1651.63,11070.83,13876.44,574.99,353.59,1877.03,3.5026
225,4,1477.92,10427.23,12981.82,680.83,265.29,1608.47,3.6181
225,4,1538.73,10807.58,13212.55,496.53,326.13,1582.31,3.6795
225,4,1745.23,12091.84,14634.49,454.71,415.51,1672.44,3.5219
225,4,1465.42,10978.92,13590.17,453.30,357.40,1800.54,3.7288
225,4,1426.59,10374.38,12703.53,500.55,321.68,1506.91,3.5336
225,4,1381.31,10298.49,12799.39,456.86,348.53,1695.51,3.6035
225,4,1913.40,13219.35,15825.45,347.80,423.90,1834.39,3.7109
225,4,1412.34,10235.35,12417.09,424.79,354.91,1402.04,3.5415
225,4,1414.60,11001.34,13154.86,387.21,296.08,1470.24,3.6017
225,4,1734.42,12350.62,14884.75,458.88,312.90,1762.34,3.5532
225,4,1485.46,11146.36,13635.42,539.26,353.02,1596.78,3.4006
225,4,1660.65,11802.73,14423.86,375.79,409.55,1835.79,3.5227
225,4,1328.87,9565.91,12094.90,571.12,281.70,1676.17,3.4012
225,4,1314.45,9350.90,11775.77,483.42,296.03,1645.41,3.4679
225,4,1974.04,14401.07,16799.77,415.46,338.64,1644.60,3.5510
225,4,1349.93,10769.14,12811.52,446.57,322.18,1273.63,3.6451
225,4,1176.98,9627.56,11856.10,474.53,306.46,1447.56,3.3985
225,4,2226.55,15345.31,18006.96,395.75,428.81,1837.09,3.7498
225,4,1577.93,11882.55,14175.33,484.28,312.17,1496.33,3.5494
225,4,1734.18,12022.72,14524.41,486.96,305.63,1709.09,3.4530
225,4,1721.86,12071.16,14940.56,412.43,389.19,2067.79,3.4837
225,4,1544.67,11733.31,14211.60,476.81,347.55,1653.93,3.4329
225,4,1766.18,12329.83,14764.54,365.06,418.76,1650.90,3.5582
225,4,1655.90,11257.27,13919.02,468.71,361.78,1831.25,3.4649
225,4,1820.05,12712.11,15435.67,524.42,441.49,1757.65,3.5477
225,4,1899.33,13042.20,15871.65,502.33,407.89,1919.23,3.6888
225,4,1941.18,14315.71,16799.94,352.56,403.97,1727.70,3.5101
225,4,1798.57,12092.18,14579.50,404.21,320.13,1762.98,3.5894
225,4,1419.21,10183.78,12732.01,489.23,314.05,1744.96,3.6315
225,4,1631.24,11567.27,14030.13,416.29,404.79,1641.79,3.5276
225,4,1339.56,9840.88,12377.14,463.35,329.08,1743.83,3.5257
225,4,1763.18,11907.88,14777.47,498.29,423.64,1947.66,3.4329
225,4,1750.84,13289.05,16031.38,583.22,418.08,1741.02,3.5742
225,4,1893.37,12843.55,15654.91,506.49,484.19,1820.70,3.6525
225,4,1773.43,12782.34,15093.76,416.33,412.25,1482.85,3.6172
225,4,1824.62,12549.14,15009.99,423.47,351.71,1685.67,3.5291
225,4,1476.02,11439.12,13824.13,451.50,350.21,1583.29,3.5046
225,4,1968.36,13756.52,16543.98,413.79,382.02,1991.65,3.6441
225,4,1796.24,11811.98,14509.71,428.41,381.26,1888.07,3.5333
225,4,1607.32,11244.90,13453.81,375.45,387.33,1446.14,3.5613
225,4,2122.38,14461.24,17214.52,562.55,353.08,1837.64,3.4758
225,4,1185.74,9031.89,11398.64,674.49,274.21,1418.05,3.5878
225,4,1791.14,12411.43,15111.21,533.19,358.94,1807.66,3.5491
225,4,1954.66,13972.34,16810.03,452.38,441.67,1943.64,3.5005
225,4,2020.02,13882.74,16526.99,454.05,386.52,1803.68,3.6120
225,4,2070.87,14130.66,16953.10,562.12,503.76,1756.56,3.4170
225,4,1997.48,14252.79,16864.95,327.73,378.45,1905.98,3.5699
225,4,1915.93,13097.50,15944.89,432.92,498.87,1915.59,3.6198
225,4,1852.52,13546.43,16163.36,439.16,355.76,1822.02,3.5184
225,4,1620.22,12220.41,14851.16,570.35,325.51,1734.88,3.6715
225,4,1783.65,12478.12,15150.27,433.63,444.80,1793.73,3.5361
250,4,1576.86,11234.24,13614.42,477.81,295.85,1606.52,3.7069
250,4,1633.86,12093.29,14491.93,451.78,379.92,1566.94,3.6808
250,4,1877.79,13029.55,15570.31,449.55,421.40,1669.82,3.7013
250,4,2180.27,14592.36,17663.65,473.90,474.00,2123.38,3.6958
250,4,1781.65,12699.09,15549.63,504.32,473.41,1872.81,3.8495
250,4,2105.44,15220.36,17854.99,371.32,389.41,1873.90,4.0507
250,4,1830.00,12842.53,15453.90,423.80,384.65,1802.93,3.7364
250,4,1883.15,13247.86,16311.53,438.71,442.10,2182.86,3.6330
250,4,1555.60,11686.06,14055.09,421.36,366.67,1581.00,3.5968
250,4,1902.02,12830.96,15449.58,391.40,431.53,1795.69,3.7037
250,4,1334.98,10018.72,12219.14,423.44,267.85,1509.13,3.4519
250,4,1637.83,12023.51,14410.35,414.05,336.77,1636.02,3.6663
250,4,1961.85,13921.05,16920.62,528.72,455.69,2015.17,3.8067
250,4,1745.88,12764.37,15385.52,361.78,438.90,1820.46,3.6290
250,4,1922.58,13082.82,15468.16,501.01,361.67,1522.66,3.7260
250,4,1598.35,11668.93,13990.30,451.14,339.17,1531.05,3.7836
250,4,1550.29,11111.93,13513.30,512.90,370.88,1517.59,3.6248
250,4,1711.77,12821.02,15553.69,543.04,391.88,1797.75,3.6630
250,4,1798.92,12874.47,15215.15,418.61,393.46,1528.60,3.6590
250,4,1760.63,12237.59,15299.79,482.20,426.61,2153.38,3.6696
250,4,1437.72,10902.14,13233.01,500.16,303.42,1527.29,3.6332
250,4,1946.48,14047.92,16512.22,377.06,365.13,1722.10,3.8463
250,4,1927.33,13985.17,16685.17,434.21,419.55,1846.25,3.7392
250,4,1640.42,11408.42,14165.77,364.71,339.51,2053.13,3.7568
250,4,1508.50,11627.23,14197.09,506.31,316.90,1746.66,3.8233
250,4,1857.01,13161.44,15855.26,409.96,347.87,1935.99,3.5729
250,4,1801.77,13394.55,16275.31,527.67,390.40,1962.68,3.7187
250,4,1722.82,12024.18,14567.65,456.70,438.23,1648.53,3.7498
250,4,1929.78,13246.29,16016.95,491.06,461.76,1817.83,3.6439
250,4,2002.21,13866.89,16473.44,513.24,404.21,1689.10,3.8113
250,4,2133.03,15067.04,18025.39,444.22,439.60,2074.53,3.8699
250,4,1808.19,13205.30,16081.38,449.10,408.02,2018.96,3.6928
250,4,1433.84,9707.82,12214.36,534.54,369.68,1602.32,3.6793
250,4,1752.80,12170.80,14588.52,439.73,381.51,1596.48,3.6802
250,4,1623.23,12232.53,14439.87,361.09,301.86,1544.40,3.7388
250,4,1619.34,11426.52,14103.85,401.87,427.80,1847.65,3.7280
250,4,1541.59,11338.77,14071.12,494.10,400.85,1837.40,3.7052
250,4,2168.45,15169.54,18041.31,411.61,418.72,2041.44,3.7333
250,4,1735.10,12033.23,14824.08,503.71,352.38,1934.77,3.7218
250,4,1673.52,12073.74,14573.00,441.73,397.86,1659.67,3.7516
250,4,1487.91,10465.03,12797.92,533.87,365.54,1433.48,3.7496
250,4,2098.25,15189.47,17979.97,525.66,371.79,1893.05,3.8103
250,4,1372.79,9944.87,12307.37,491.26,354.07,1517.16,3.6397
250,4,1736.50,13380.70,15754.08,428.89,258.88,1685.61,3.7682
250,4,1768.39,12592.39,15132.46,461.71,347.61,1730.75,3.7603
250,4,1895.33,13467.31,16127.24,428.06,378.23,1853.63,3.8002
250,4,1551.37,11024.60,13790.13,583.86,335.58,1846.09,3.6968
250,4,1645.44,12044.64,14635.89,587.50,414.74,1589.01,3.7022
250,4,1737.85,11903.17,14753.27,536.78,388.98,1924.34,3.5711
250,4,1453.06,12258.90,14597.08,381.89,329.78,1626.51,3.7043
250,4,1674.96,12364.75,14919.75,473.01,369.99,1712.00,3.7165
250,4,1722.79,12498.48,14960.50,456.11,396.76,1609.17,3.5773
250,4,1605.31,10761.67,13550.12,538.38,412.66,1837.40,3.6636
250,4,1606.64,11816.76,14192.42,357.44,406.82,1611.40,3.7529
250,4,1355.25,10208.18,12654.38,410.27,328.43,1707.50,3.6325
250,4,1961.40,13388.20,16174.36,526.79,371.16,1888.22,3.8346
250,4,1484.61,11185.02,13420.13,408.36,375.71,1451.04,3.6075
250,4,1601.02,11799.16,14172.73,477.75,364.82,1531.00,3.7569
250,4,1743.10,12965.76,15451.29,398.76,336.65,1750.12,3.9892
250,4,1484.94,10892.27,13247.25,459.79,314.90,1580.30,3.8889
250,4,1706.23,12340.55,14972.73,385.91,365.56,1880.71,3.8277
250,4,1514.20,10892.22,13525.05,519.28,367.92,1745.63,3.8411
250,4,1321.06,9309.50,11672.67,426.70,288.34,1648.14,3.5737
250,4,2189.40,15445.11,18006.78,384.76,450.01,1726.90,3.6509
250,4,1734.75,12231.79,14306.45,381.26,352.27,1341.13,3.6216
250,4,1330.77,9857.67,12057.49,396.59,323.46,1479.77,3.5779
250,4,2113.50,16485.46,19099.71,378.43,358.96,1876.85,3.8523
250,4,1654.66,11947.02,14253.87,412.11,410.34,1484.41,3.7106
250,4,1816.97,12942.02,15394.11,372.17,354.89,1725.03,3.8117
250,4,1936.50,13013.39,16068.20,469.11,433.13,2152.57,3.7999
250,4,1554.48,11254.89,13771.82,515.80,375.60,1625.53,3.6390
250,4,1749.42,12615.86,15003.67,361.63,363.95,1662.23,3.7864
250,4,1751.96,11913.25,14579.17,442.28,374.52,1849.12,3.7591
250,4,1923.41,13464.15,16293.55,618.23,443.01,1768.15,3.7879
250,4,2046.48,14535.43,17253.92,407.22,431.17,1880.10,3.7757
250,4,2004.01,14616.32,17218.62,423.98,425.63,1752.70,3.8761
250,4,1845.89,12991.93,15614.38,476.13,354.54,1791.78,3.6491
250,4,1546.40,11303.24,13817.94,410.80,315.43,1788.48,3.6290
250,4,1592.99,12260.85,14648.63,397.04,327.09,1663.64,3.6548
250,4,1510.27,10994.63,13598.39,390.03,383.11,1830.62,3.7250
250,4,1727.47,11848.02,14614.90,467.79,335.23,1963.86,3.6503
250,4,2000.89,14372.01,17142.39,479.26,487.22,1803.90,3.8215
250,4,1912.52,13902.64,16722.26,449.66,464.97,1905.00,3.7678
250,4,1816.58,12939.24,15176.46,350.16,376.26,1510.81,3.7861
250,4,1814.48,13388.05,15953.09,451.73,370.49,1742.82,3.7061
250,4,1631.28,12155.37,14556.02,363.01,407.71,1629.93,3.6512
250,4,1888.35,13613.07,16419.49,466.51,398.76,1941.15,3.6764
250,4,1847.32,13037.70,15854.61,509.23,401.00,1906.67,3.6391
250,4,1463.00,11087.61,13193.04,337.56,324.10,1443.77,3.6620
250,4,2076.73,14666.49,17396.15,437.52,446.98,1845.15,3.7203
250,4,1304.57,9973.69,12167.50,464.12,337.49,1392.20,3.6952
250,4,1855.50,13514.24,16369.92,521.57,405.64,1928.47,3.7915
250,4,1901.96,13851.55,16574.91,390.23,354.27,1978.86,3.8017
250,4,1856.22,13900.97,16300.60,321.72,349.72,1728.19,3.7029
250,4,2172.18,14233.87,16930.89,498.96,472.97,1725.08,3.8241
250,4,2067.67,14667.04,17536.77,593.91,314.35,1961.47,3.6206
250,4,1857.08,13139.33,15785.06,440.98,424.10,1780.65,3.8312
250,4,2072.77,15022.37,17787.11,458.78,378.22,1927.75,3.9976
250,4,1928.38,13147.67,15756.47,442.95,397.77,1768.08,4.0551
250,4,1821.71,13140.28,15743.33,437.75,394.18,1771.13,3.7670
275,4,1740.17,12420.03,14853.54,396.66,355.61,1681.24,4.4335
275,4,1736.26,12869.66,15446.50,604.04,379.69,1593.10,4.3202
275,4,2053.77,14494.24,17166.14,460.16,430.83,1780.91,4.7261
275,4,2179.00,15224.80,18264.73,501.02,414.22,2124.69,4.5057
275,4,1817.72,12744.49,15483.79,447.05,465.70,1826.55,4.3146
275,4,2208.72,15049.56,17832.83,483.61,428.31,1871.35,4.5717
275,4,1994.01,13640.52,16393.43,432.87,469.52,1850.53,4.3220
275,4,2055.83,13596.22,16797.44,533.46,464.99,2202.77,4.2552
275,4,1700.28,12818.68,15243.27,405.88,427.96,1590.75,4.2864
275,4,1921.05,13410.42,16175.53,508.83,434.49,1821.80,4.3956
275,4,1656.87,11397.90,13771.58,407.87,414.22,1551.59,4.1421
275,4,1793.95,12276.04,14678.85,342.42,397.09,1663.29,4.3164
275,4,1980.63,13813.98,16666.31,493.69,393.90,1964.74,4.5278
275,4,1932.26,13375.68,16161.08,391.06,474.94,1919.39,4.3477
275,4,1805.87,13711.95,15859.21,387.68,284.66,1474.91,4.3309
275,4,1609.93,12006.07,14280.88,397.87,363.43,1513.51,4.4088
275,4,1567.91,11744.32,14129.71,408.63,435.41,1541.34,4.3519
275,4,1902.62,13501.17,16292.29,474.93,477.55,1838.64,4.4939
275,4,1847.27,13536.07,15951.86,441.94,426.51,1547.33,4.3535
275,4,1861.57,12944.39,15938.27,421.37,430.92,2141.57,4.4211
275,4,1421.55,10679.32,12910.35,454.51,284.54,1491.97,4.2015
275,4,2083.84,15091.31,17772.94,407.14,441.56,1832.92,4.4534
275,4,2133.76,15313.47,18110.50,445.25,469.27,1882.51,4.7423
275,4,1739.55,12030.71,14939.47,456.54,383.42,2068.80,4.3779
275,4,1623.18,12249.24,15008.25,626.65,321.97,1810.39,4.2120
275,4,1976.68,14306.99,16987.82,315.94,409.69,1955.20,4.1950
275,4,1922.84,13575.67,16499.54,499.41,457.05,1967.41,4.2200
275,4,1820.99,13120.16,15801.72,462.93,480.37,1738.25,4.3360
275,4,2047.10,14233.57,16891.42,324.45,463.98,1869.42,4.4172
275,4,2041.78,14190.96,16794.53,453.07,466.01,1684.49,4.4297
275,4,2211.04,15464.36,18385.22,392.72,462.72,2065.42,4.4970
275,4,1971.43,14167.25,17022.14,441.01,393.18,2020.70,4.3158
275,4,1322.01,9658.22,12018.66,406.37,372.34,1581.73,4.3257
275,4,1741.25,12245.15,14626.18,429.66,359.31,1592.06,4.3346
275,4,1658.67,11967.11,14217.82,360.34,346.65,1543.72,4.3747
275,4,1570.22,11145.51,13925.37,613.76,353.28,1812.81,4.2250
275,4,1618.05,11540.42,14108.07,375.62,367.38,1824.65,4.4089
275,4,2217.08,15294.10,18152.45,359.13,418.79,2080.43,4.4275
275,4,1897.84,13610.33,16373.27,397.83,393.82,1971.29,4.1459
275,4,1666.87,12675.00,15163.49,436.76,402.39,1649.34,4.3043
275,4,1464.74,10632.94,12875.53,434.49,357.10,1451.00,4.2091
275,4,2212.52,16049.81,18728.33,379.81,416.43,1882.28,4.3694
275,4,1424.93,9949.37,12321.39,455.97,410.31,1505.74,4.2182
275,4,1943.77,14190.40,16673.79,370.61,322.57,1790.21,4.3865
275,4,1640.86,12429.29,14903.90,437.70,370.72,1666.19,4.3579
275,4,1904.20,13923.25,16674.26,494.63,346.60,1909.77,4.5764
275,4,1647.84,11838.33,14425.47,376.49,364.68,1845.97,4.3517
275,4,1701.91,12697.65,15078.99,438.90,347.67,1594.77,4.3690
275,4,1779.93,12537.64,15365.41,462.27,412.88,1952.62,4.1995
275,4,1689.39,12725.23,15048.96,327.26,356.94,1639.53,4.2753
275,4,1590.01,12582.78,15089.00,484.33,314.35,1707.53,4.3525
275,4,1817.49,12537.94,15021.01,436.94,360.74,1685.38,4.3390
275,4,1555.69,10837.38,13384.37,454.88,351.41,1740.70,4.3738
275,4,1502.98,12400.31,14786.45,358.34,368.78,1659.01,4.3697
275,4,1570.01,11045.59,13610.03,437.23,418.57,1708.64,4.1908
275,4,1944.51,14103.30,16886.41,485.12,426.57,1871.42,4.5220
275,4,1585.50,11235.33,13627.90,473.50,421.30,1497.76,4.2311
275,4,1539.13,11584.10,13856.67,492.19,315.90,1464.49,4.2043
275,4,1969.77,13420.59,16091.66,474.79,406.18,1790.11,4.4073
275,4,1574.67,11436.39,13802.01,441.49,355.01,1569.12,4.2132
275,4,1779.60,12547.28,15350.15,484.02,409.80,1909.05,4.4046
275,4,1555.67,11193.73,13580.28,327.87,376.92,1681.75,4.2141
275,4,1447.07,9828.20,12298.85,466.50,349.80,1654.34,4.3034
275,4,2312.03,15935.29,18516.02,406.06,463.26,1711.41,4.4662
275,4,1694.55,12229.72,14392.38,458.04,390.93,1313.69,4.1965
275,4,1461.83,10861.38,13268.31,471.26,394.76,1540.91,4.2687
275,4,2478.35,17204.24,20079.04,491.39,442.57,1940.84,4.4023
275,4,1639.55,12330.64,14645.37,494.70,336.58,1483.45,4.4042
275,4,1962.42,13429.80,15949.30,352.46,368.12,1798.91,4.2916
275,4,1912.15,13436.58,16419.45,450.00,395.61,2137.26,4.3525
275,4,1649.81,11690.87,14239.48,460.41,377.50,1710.70,4.3196
275,4,1684.61,12851.16,15301.02,449.56,344.43,1655.88,4.2910
275,4,1572.97,11602.03,14280.27,531.68,308.87,1837.69,4.8057
275,4,1989.24,13844.04,16749.07,577.88,499.32,1827.83,4.2999
275,4,1967.37,15327.39,18076.11,389.56,438.66,1920.50,4.3454
275,4,2211.05,15301.00,17980.57,454.01,430.02,1795.54,4.3079
275,4,1948.36,13813.84,16570.28,464.92,408.44,1883.09,4.3705
275,4,1737.26,11881.94,14584.72,467.35,375.69,1859.74,4.1922
275,4,1768.44,12851.04,15365.68,416.85,395.41,1702.38,4.1786
275,4,1476.48,10942.35,13598.53,488.68,368.29,1799.21,4.3647
275,4,1882.02,13269.68,16150.95,496.34,403.52,1981.42,4.4769
275,4,2101.30,15090.63,17716.54,358.06,454.85,1812.99,4.3550
275,4,1973.49,13774.21,16592.81,478.16,441.44,1899.00,4.3759
275,4,2020.31,14510.27,16942.22,394.13,469.00,1568.83,4.4186
275,4,2048.55,14079.21,16835.94,591.79,408.07,1756.88,4.4606
275,4,1656.80,12120.91,14519.81,415.05,363.96,1619.89,4.2805
275,4,2073.93,14680.90,17511.85,444.18,405.41,1981.37,4.4772
275,4,1770.76,12557.74,15185.68,457.06,336.09,1834.80,4.3144
275,4,1533.60,11611.29,13717.77,399.37,322.95,1384.17,4.5079
275,4,2096.78,15070.89,17817.12,531.69,367.40,1847.13,4.2503
275,4,1409.40,10310.52,12570.12,460.14,379.16,1420.29,4.3290
275,4,1989.66,13800.73,16548.70,419.88,412.53,1915.56,4.3382
275,4,2087.78,14798.93,17642.50,436.23,431.67,1975.67,4.4699
275,4,2156.05,15090.56,17901.13,483.85,418.78,1907.93,4.4745
275,4,2197.71,15723.60,18445.92,467.36,484.67,1770.30,4.3294
275,4,2302.13,16274.50,19151.80,418.50,402.70,2056.11,4.5547
275,4,2092.00,14868.80,17601.60,402.55,432.26,1897.99,4.4970
275,4,2149.67,15157.20,18005.68,550.54,374.98,1922.98,4.5607
275,4,1880.53,13822.09,16328.88,395.11,353.71,1757.97,4.4781
275,4,1880.72,13485.68,16180.58,432.06,417.86,1844.99,4.3449
300,4,1739.46,12855.31,15245.57,395.04,289.54,1705.69,4.5221
300,4,1673.04,13334.86,15683.39,417.11,347.09,1584.33,4.4686
300,4,2079.68,15167.27,17852.77,456.22,441.92,1787.35,4.8641
300,4,2198.10,15872.67,19038.94,520.57,480.49,2165.22,4.7520
300,4,1875.77,13435.05,16229.29,507.21,403.90,1883.13,4.4996
300,4,2113.40,15909.41,18610.36,412.67,422.62,1865.66,4.6748
300,4,1966.26,14041.36,16838.15,614.49,362.76,1819.54,4.6127
300,4,1969.36,14193.44,17341.00,458.72,468.02,2220.83,4.6255
300,4,1711.03,12999.86,15531.45,571.37,357.47,1602.75,4.5361
300,4,2055.42,13910.52,16531.66,388.29,414.64,1818.20,4.3827
300,4,1678.35,12207.43,14632.13,524.45,329.07,1571.17,4.5187
300,4,1677.95,12857.78,15259.49,430.61,312.43,1658.68,4.4549
300,4,2030.96,14576.44,17608.43,527.04,480.15,2024.81,4.6541
300,4,1927.30,13756.02,16542.78,433.89,444.80,1908.07,4.6242
300,4,1989.93,15113.76,17401.51,416.94,327.83,1542.98,4.6848
300,4,1769.51,12840.48,15208.59,397.69,408.68,1561.75,4.5231
300,4,1688.77,12064.31,14443.32,456.62,398.28,1524.11,4.4316
300,4,1967.19,14348.25,17051.70,425.63,441.74,1836.09,4.5218
300,4,1864.29,13337.83,15716.16,432.81,396.92,1548.61,4.5747
300,4,1846.24,13040.05,16035.95,428.65,430.62,2136.64,4.4711
300,4,1508.81,11168.39,13438.31,332.44,333.72,1603.76,4.4549
300,4,2076.55,14389.32,17042.08,476.96,404.21,1771.59,4.4643
300,4,2133.38,15448.68,18358.04,541.79,449.91,1917.65,4.7454
300,4,1825.58,13047.63,16116.65,507.52,452.25,2109.25,4.6614
300,4,1808.27,13049.89,15712.94,447.74,393.45,1821.86,4.4996
300,4,2020.43,14167.35,16817.32,299.37,392.10,1958.51,4.4841
300,4,1921.22,13857.18,16620.79,384.05,416.94,1962.62,4.4322
300,4,1822.01,12688.48,15317.26,486.32,446.24,1696.22,4.4868
300,4,2109.44,14597.74,17186.38,390.78,428.03,1769.83,4.5051
300,4,1881.11,15184.96,17668.48,406.56,394.29,1682.67,4.5861
300,4,2238.90,15906.43,18767.00,363.55,473.80,2023.22,4.6511
300,4,2091.15,14908.60,17995.19,470.38,494.24,2121.97,4.6330
300,4,1416.82,10156.46,12575.07,413.73,419.25,1585.63,4.3637
300,4,1826.72,12906.79,15386.98,437.79,410.88,1631.53,4.3039
300,4,1651.79,11845.63,14097.44,445.75,349.18,1456.88,4.4613
300,4,1672.20,11997.66,14709.89,450.15,400.46,1861.62,4.4874
300,4,1686.78,11863.23,14484.74,438.54,369.64,1813.33,4.5050
300,4,2366.76,15690.63,18764.03,452.17,493.72,2127.51,4.5690
300,4,1937.55,13880.11,16707.33,456.90,379.64,1990.68,4.7205
300,4,1862.98,13424.91,15937.43,386.05,457.03,1669.43,4.7732
300,4,1575.16,11529.39,13922.15,503.92,401.55,1487.28,4.4459
300,4,2357.42,16313.26,19021.85,402.36,448.93,1857.30,4.5156
300,4,1509.11,10659.41,13087.87,511.08,392.68,1524.70,4.4389
300,4,1997.74,13950.38,16537.39,353.94,404.16,1828.91,4.6544
300,4,1909.41,13533.95,16169.63,534.85,354.05,1746.78,4.6872
300,4,2040.35,14398.44,17156.72,509.74,367.84,1880.70,4.5311
300,4,1406.77,10433.08,12973.44,553.91,238.74,1747.71,4.3714
300,4,1815.26,13714.98,16149.47,426.49,397.92,1610.06,4.4710
300,4,1941.23,12871.11,15653.09,492.04,380.13,1909.81,4.5076
300,4,1748.40,13129.90,15573.33,426.42,348.30,1668.70,4.3636
300,4,1967.92,13263.10,15995.91,549.50,471.60,1711.70,4.6141
300,4,2063.89,14013.48,16735.69,549.88,462.07,1710.27,4.4874
300,4,1629.70,11807.77,14554.97,485.26,433.22,1828.72,4.3433
300,4,1659.94,12262.46,14723.99,440.24,398.10,1623.20,4.6428
300,4,1590.52,11597.80,14216.07,442.55,415.59,1760.13,4.5374
300,4,1956.75,14938.41,17549.19,387.55,334.19,1889.04,4.8839
300,4,1532.13,11039.13,13359.31,563.74,319.74,1436.70,4.4502
300,4,1650.31,12463.50,14746.71,410.22,355.55,1517.44,4.5401
300,4,2002.32,13770.46,16496.64,492.72,395.63,1837.83,4.9138
300,4,1707.08,12174.19,14652.31,528.98,343.82,1605.32,4.4978
300,4,1871.96,12885.73,15721.73,465.53,430.52,1939.95,4.7355
300,4,1526.08,11762.75,14279.62,343.30,441.56,1732.02,4.5082
300,4,1358.90,9958.37,12239.94,475.38,260.87,1545.32,4.3919
300,4,2274.55,16291.42,18831.39,409.66,414.95,1715.35,4.6910
300,4,1812.38,12801.64,14872.49,341.96,392.11,1336.78,4.5450
300,4,1463.83,10794.43,13105.71,462.31,356.00,1492.98,4.2884
300,4,2355.43,17746.31,20545.20,479.58,412.81,1906.50,4.4840
300,4,1724.07,12849.18,15164.18,397.30,413.57,1504.13,4.4907
300,4,2061.88,14825.28,17416.01,384.13,414.03,1792.58,4.6279
300,4,1909.18,13528.62,16448.86,384.02,369.47,2166.75,4.6024
300,4,1716.38,12147.91,14735.27,482.53,403.75,1701.08,4.5892
300,4,1946.79,13929.73,16571.13,476.24,420.56,1744.60,4.6356
300,4,1697.67,11668.79,14434.46,511.08,397.37,1857.23,4.3504
300,4,1931.35,13910.02,16706.96,542.53,424.67,1829.74,4.3227
300,4,2173.38,15403.91,18286.53,526.09,442.81,1913.71,4.5750
300,4,2330.60,15966.14,18751.78,477.11,508.97,1799.57,4.6572
300,4,1814.04,13760.18,16352.24,474.15,272.05,1845.86,4.5682
300,4,1634.11,11525.52,14016.31,431.91,335.95,1722.93,4.4054
300,4,1768.56,12948.15,15355.46,375.62,393.78,1637.91,4.5198
300,4,1540.20,11437.69,14145.40,487.39,387.42,1832.89,4.4591
300,4,1818.02,13678.27,16604.80,515.61,430.33,1980.59,4.4950
300,4,2271.80,15907.71,18723.07,481.30,458.15,1875.91,4.4164
300,4,2007.90,14851.06,17682.74,427.37,484.21,1920.11,4.4202
300,4,1976.38,14242.95,16578.67,407.62,443.03,1485.07,4.3882
300,4,2073.88,14208.43,16865.82,561.56,336.96,1758.88,4.7549
300,4,1662.62,12500.63,14938.47,410.80,408.75,1618.29,4.4567
300,4,2098.28,15115.68,18093.73,503.93,471.95,2002.18,4.6331
300,4,1870.76,13677.50,16515.70,535.12,355.23,1947.84,4.6426
300,4,1693.91,12340.99,14601.70,494.09,316.96,1449.66,4.5061
300,4,2185.55,15068.84,17874.56,561.28,401.10,1843.34,4.4333
300,4,1463.65,10646.67,13031.82,489.43,464.79,1430.94,4.7158
300,4,1977.52,14721.25,17643.68,512.88,415.74,1993.80,4.5924
300,4,2113.08,15130.25,17884.82,487.61,382.29,1884.66,4.7539
300,4,2070.33,15302.07,18038.62,486.26,396.86,1853.42,4.6701
300,4,2292.12,16343.84,19102.55,457.26,504.87,1796.58,4.6455
300,4,2391.46,16919.41,19756.49,376.48,447.41,2013.20,4.8396
300,4,2194.15,14664.17,17625.62,541.99,482.75,1936.71,4.7303
300,4,2047.76,15903.28,18679.68,455.59,360.80,1960.00,4.6535
300,4,1859.36,13444.13,15888.13,349.75,391.15,1703.10,4.5635
300,4,1799.29,13685.17,16342.39,532.60,346.21,1778.41,4.4097
325,4,1846.52,13487.61,15883.66,402.36,335.52,1658.17,4.8790
325,4,1903.61,13753.73,16190.44,438.83,374.31,1623.57,4.7691
325,4,1927.72,14144.86,16732.17,542.52,399.05,1645.75,4.8689
325,4,2175.32,16094.51,19207.23,490.27,438.50,2183.95,4.9869
325,4,1854.27,13483.38,16374.12,619.92,404.34,1866.48,4.9863
325,4,2335.89,16626.38,19368.28,385.96,436.03,1919.90,5.0653
325,4,1806.74,13617.28,16267.56,481.07,399.35,1769.87,4.6247
325,4,2063.04,14393.18,17405.34,443.87,421.06,2147.23,4.6930
325,4,1788.79,13328.37,15716.93,366.79,429.26,1592.50,4.7298
325,4,2050.37,14345.88,17227.38,523.12,502.34,1856.05,4.6441
325,4,1535.26,11406.04,13810.25,604.17,249.88,1550.16,4.4270
325,4,1904.55,13973.18,16466.90,335.60,404.48,1753.65,4.7343
325,4,2068.68,14845.94,17797.27,496.96,419.49,2034.88,4.9838
325,4,1789.64,14376.17,17107.78,421.03,396.82,1913.76,5.0078
325,4,2146.08,15491.33,17782.45,311.12,395.40,1584.60,4.8451
325,4,1786.33,13325.40,15710.11,429.40,396.06,1559.25,4.7803
325,4,1609.73,12305.89,14764.06,573.25,331.37,1553.54,4.8830
325,4,1972.72,13955.56,16742.69,479.35,423.50,1884.28,4.8696
325,4,1973.53,14052.02,16471.28,459.20,405.72,1554.34,4.9051
325,4,1801.33,13165.86,16250.71,520.98,391.75,2172.13,4.7055
325,4,1610.07,11643.83,14042.81,515.26,353.75,1529.97,4.6827
325,4,2270.38,15998.05,18746.03,447.50,458.66,1841.82,4.5874
325,4,2259.05,16120.44,19020.05,476.73,500.77,1922.11,4.7282
325,4,1947.92,13436.46,16501.79,445.50,425.61,2194.22,4.7694
325,4,1873.46,13911.39,16629.96,454.94,426.80,1836.83,4.8691
325,4,2131.52,15186.56,18108.14,506.52,400.78,2014.28,4.5946
325,4,1962.65,14488.17,17345.87,449.57,397.53,2010.61,4.8140
325,4,1921.95,14056.92,16808.67,555.57,456.25,1739.93,4.7513
325,4,2034.60,14199.48,16863.02,442.28,432.18,1789.08,4.9437
325,4,2028.08,15802.28,18316.18,367.00,436.91,1709.99,4.8866
325,4,1943.75,14774.59,17523.93,495.17,350.02,1904.15,4.5322
325,4,2125.97,14960.02,17966.46,530.16,433.07,2043.22,4.9579
325,4,1492.53,10447.74,12945.10,464.55,423.89,1608.92,4.5578
325,4,1877.75,13134.75,15663.31,448.85,409.82,1669.89,4.7215
325,4,1659.91,12752.07,15114.89,489.64,323.16,1550.03,4.6852
325,4,1605.39,12464.81,15163.52,480.06,365.92,1852.73,4.7708
325,4,1718.63,12096.36,14814.32,470.61,392.98,1854.37,4.6267
325,4,2356.11,16195.51,19153.43,448.77,394.55,2114.60,4.6528
325,4,2025.35,13562.26,16394.06,449.33,444.46,1938.01,4.7519
325,4,1847.13,13341.15,15867.46,469.85,399.10,1657.36,4.7385
325,4,1616.93,11813.63,14283.08,623.35,341.76,1504.33,4.7741
325,4,2384.24,17210.43,19995.82,382.52,498.14,1904.73,4.6330
325,4,1437.18,10660.29,12948.81,424.98,343.12,1520.42,4.3605
325,4,2110.74,15299.31,17998.52,422.86,379.43,1896.91,4.7734
325,4,1936.25,13532.12,16097.69,430.27,403.48,1731.82,4.8396
325,4,2082.00,14992.99,17763.82,489.21,370.65,1910.97,4.9411
325,4,1789.55,12459.87,15245.96,515.69,393.78,1876.62,4.6162
325,4,1902.82,13979.78,16622.95,583.15,424.55,1635.47,4.6780
325,4,1939.82,13752.36,16566.64,437.69,443.27,1933.32,4.7740
325,4,1743.66,13534.91,15927.10,365.06,362.12,1665.02,4.9839
325,4,1803.05,12531.87,14956.13,447.47,389.72,1587.06,4.7725
325,4,2106.30,14761.53,17444.77,512.58,454.42,1716.24,4.8117
325,4,1585.61,11838.59,14571.88,555.17,366.33,1811.79,4.7068
325,4,1740.13,12881.35,15419.76,407.86,489.68,1640.86,4.7254
325,4,1673.37,11772.23,14185.71,264.74,395.96,1752.78,4.7268
325,4,1897.33,15023.89,17772.30,495.89,355.55,1896.96,5.3735
325,4,1624.42,12416.12,14702.10,384.43,400.23,1501.32,4.4769
325,4,1710.54,12925.72,15225.54,423.80,356.39,1519.63,4.6428
325,4,2027.25,14813.38,17550.97,512.88,374.06,1850.64,4.9949
325,4,1783.34,12643.78,15110.84,461.45,376.51,1629.09,4.7576
325,4,1874.16,13300.91,16075.71,410.54,434.39,1929.88,4.6879
325,4,1682.81,12371.89,15040.53,461.84,413.05,1793.74,4.7281
325,4,1564.78,10544.34,13129.14,520.97,375.71,1688.12,4.6116
325,4,2299.77,16728.65,19296.24,456.92,425.99,1684.69,4.9903
325,4,1876.03,13339.64,15642.03,489.36,441.04,1371.98,4.7735
325,4,1407.22,10993.57,13337.03,465.25,354.84,1523.37,4.6677
325,4,2507.99,18161.61,20898.57,419.38,396.48,1921.11,5.0145
325,4,1753.71,12814.20,15037.78,423.72,332.28,1467.58,4.5990
325,4,2218.86,15331.33,17968.29,344.45,467.80,1824.70,4.8343
325,4,1913.60,14166.94,17210.57,534.57,314.25,2194.80,4.7750
325,4,1689.76,12511.78,15055.70,478.10,392.34,1673.48,4.7068
325,4,1954.62,14351.64,16903.89,379.88,442.75,1729.62,4.7362
325,4,1720.61,12741.42,15471.96,508.78,365.42,1856.34,4.6450
325,4,1967.73,14734.42,17483.83,455.59,471.28,1822.54,4.7764
325,4,2179.34,15978.07,18764.93,408.74,443.52,1934.61,4.6739
325,4,2275.46,16614.95,19306.61,455.60,470.77,1765.28,4.8083
325,4,2016.73,13954.88,16508.99,386.28,389.88,1777.95,4.9472
325,4,1892.24,13304.97,16019.28,410.28,389.23,1914.80,4.5411
325,4,1950.11,14194.60,16819.71,424.39,464.83,1735.88,4.8185
325,4,1633.18,11871.79,14634.46,521.03,402.69,1838.95,4.6726
325,4,1926.19,13719.33,16456.22,447.50,418.53,1870.86,4.4893
325,4,2238.83,16342.95,19184.50,500.91,458.54,1882.10,4.7294
325,4,2062.08,14824.00,17529.64,423.66,440.73,1841.25,4.6650
325,4,2054.35,14922.19,17375.96,452.58,464.42,1536.77,4.7442
325,4,2139.16,15159.49,17768.97,448.59,458.33,1702.55,4.6830
325,4,1793.12,13052.02,15651.48,562.27,387.10,1650.09,4.6057
325,4,2146.25,15185.21,18042.62,414.19,464.58,1978.64,4.6555
325,4,2094.79,14748.58,17607.99,421.81,448.95,1988.65,4.8132
325,4,1728.57,12732.27,15007.19,459.34,320.28,1495.30,4.9161
325,4,2379.03,17104.01,19981.07,462.30,461.67,1953.09,4.5712
325,4,1463.00,11219.57,13583.59,491.46,400.79,1471.76,4.6603
325,4,2204.60,15049.32,18053.92,521.25,473.61,2009.74,4.8820
325,4,2183.32,15587.19,18467.32,430.09,443.50,2006.53,4.6948
325,4,2275.56,16447.21,19243.73,451.98,424.18,1920.37,5.0360
325,4,2238.74,16315.78,19080.28,468.14,489.37,1806.99,4.7352
325,4,2668.67,17890.92,20914.69,464.75,471.24,2087.77,4.7255
325,4,2161.60,15537.25,18388.65,400.45,483.84,1967.11,4.9278
325,4,2229.75,16606.70,19239.60,328.22,347.72,1956.96,5.0020
325,4,2108.96,15471.29,18166.74,424.14,437.12,1834.19,4.7986
325,4,1939.45,13838.86,16381.91,350.14,444.69,1748.22,4.6751
350,4,1852.56,13289.11,15626.51,356.68,292.81,1687.91,4.8325
350,4,1856.03,13669.40,16155.22,496.54,379.38,1609.89,4.7741
350,4,2187.54,16244.24,18870.87,364.88,477.57,1784.17,4.9441
350,4,2383.83,16945.38,20118.29,567.24,436.57,2169.10,5.0203
350,4,1907.23,13724.28,16528.85,522.54,407.02,1875.01,4.9239
350,4,2166.01,16321.21,18955.15,411.04,383.15,1839.75,5.3738
350,4,1881.89,14245.21,16868.81,437.60,360.07,1825.93,4.5519
350,4,2139.43,15103.01,18277.08,481.49,462.53,2230.06,5.1009
350,4,1868.34,13930.50,16420.50,419.37,443.28,1627.34,4.7588
350,4,2106.38,15108.53,17986.93,510.51,492.01,1875.88,4.8827
350,4,1700.99,12360.45,14659.03,477.55,314.77,1506.26,4.6879
350,4,1928.09,14346.75,16937.64,459.10,369.16,1762.64,4.8867
350,4,2128.74,15448.46,18386.99,477.59,466.81,1994.13,4.9503
350,4,2045.51,14552.41,17469.41,544.09,440.62,1932.28,4.8945
350,4,2160.53,15780.22,18023.14,353.12,294.12,1595.69,5.0827
350,4,1529.54,12128.38,14490.99,578.73,284.44,1499.43,4.9544
350,4,1804.14,12807.13,15198.93,403.94,425.60,1562.26,4.7595
350,4,2016.61,14738.35,17552.77,473.29,470.52,1870.61,5.1569
350,4,2029.75,14579.14,17039.54,435.98,448.38,1576.03,4.8142
350,4,1947.56,13448.11,16417.60,417.84,450.23,2101.42,4.7244
350,4,1708.12,12257.63,14678.04,472.85,381.82,1565.74,4.6722
350,4,2068.77,15721.62,18310.04,454.38,356.33,1777.71,4.9382
350,4,2297.05,15910.50,18744.96,452.42,475.65,1906.40,4.9609
350,4,1919.85,13442.66,16544.99,495.71,415.65,2190.97,4.9142
350,4,1765.51,13695.76,16334.87,464.25,352.69,1822.17,5.0488
350,4,1970.43,15563.12,18321.29,449.15,326.13,1982.89,4.8308
350,4,2038.24,14737.55,17595.33,496.17,432.26,1929.34,4.9332
350,4,1918.60,14382.10,17148.82,511.76,462.59,1792.36,4.9666
350,4,2066.37,15116.55,17905.86,470.60,423.02,1895.69,5.0442
350,4,2228.70,16003.93,18800.06,532.72,500.86,1762.54,5.1082
350,4,2237.07,16211.52,19169.51,539.17,394.18,2024.64,4.9862
350,4,2098.69,15244.92,18215.12,459.88,445.22,2065.11,4.9282
350,4,1488.52,10894.73,13259.13,397.92,386.25,1580.22,4.7362
350,4,1963.79,13807.95,16319.72,416.52,404.40,1690.85,4.6769
350,4,1811.37,13236.07,15671.87,547.38,370.24,1518.19,4.6260
350,4,1814.34,13066.39,15874.86,522.24,389.91,1896.33,4.9835
350,4,1770.17,12869.41,15611.35,417.03,427.95,1896.96,4.8272
350,4,2438.61,16867.37,19985.06,604.59,412.12,2100.99,4.7427
350,4,1923.70,14039.88,16878.83,450.65,359.85,2028.44,4.8877
350,4,1931.49,13551.65,16095.62,458.56,453.70,1631.70,4.8115
350,4,1659.63,11998.44,14390.31,534.69,349.64,1507.55,4.9518
350,4,2364.86,17756.75,20530.83,422.86,429.63,1921.60,5.1547
350,4,1547.37,11450.39,13841.90,403.24,394.55,1593.73,4.7082
350,4,2153.22,15614.35,18399.36,505.52,395.55,1883.95,5.3424
350,4,1889.91,13653.80,16276.66,513.36,335.64,1773.86,5.0109
350,4,2171.94,15543.18,18315.99,452.24,407.20,1913.37,4.8451
350,4,1790.27,12394.74,15066.61,407.99,393.66,1870.23,4.9354
350,4,1903.45,14492.79,16953.66,417.88,418.97,1624.02,4.8372
350,4,2056.69,14017.50,16954.28,585.94,413.60,1937.24,4.8439
350,4,1521.85,12491.92,14703.87,398.42,253.71,1559.81,4.8975
350,4,1856.78,13011.64,15465.10,418.90,408.26,1626.31,4.7904
350,4,2149.46,14981.60,17552.85,374.41,463.91,1732.93,4.7624
350,4,1734.21,12004.71,14619.41,439.05,422.07,1753.57,5.0054
350,4,1670.60,12949.24,15392.25,442.55,364.38,1636.08,4.6483
350,4,1756.86,12468.31,15215.93,501.17,447.12,1799.33,4.8009
350,4,2191.00,15171.98,18067.21,508.35,450.00,1936.89,5.0345
350,4,1670.35,12649.16,15040.45,482.16,414.70,1494.43,4.6280
350,4,1892.59,14227.12,16703.57,433.16,427.88,1615.41,4.7460
350,4,1993.26,14677.53,17241.45,473.07,306.70,1784.15,4.9069
350,4,1841.18,13289.50,15667.65,411.68,345.64,1620.83,4.7653
350,4,1972.77,14229.89,17005.01,400.51,463.94,1910.67,4.9476
350,4,1735.86,12733.39,15306.78,376.36,403.36,1793.67,4.7727
350,4,1560.55,11179.70,13630.15,422.63,363.53,1664.29,4.8199
350,4,2190.49,16609.11,19108.23,371.66,384.89,1742.57,4.9622
350,4,1823.69,13465.06,15626.29,412.62,373.92,1374.68,4.9624
350,4,1315.73,10680.62,12879.55,471.62,349.22,1378.08,4.5156
350,4,2374.03,17750.02,20556.04,536.23,366.92,1902.86,4.8807
350,4,1754.10,12704.68,14817.83,422.91,286.08,1404.16,4.7106
350,4,2065.84,14278.05,16974.78,542.84,315.55,1838.35,4.9358
350,4,2126.33,15219.79,18282.90,403.77,412.27,2247.07,4.9872
350,4,1751.04,12588.71,15225.06,571.40,394.84,1670.12,4.6533
350,4,1852.92,14396.00,16839.08,447.07,306.95,1689.06,4.7991
350,4,1828.54,13113.52,15835.00,472.85,357.10,1891.54,4.8176
350,4,1989.53,14780.75,17561.92,508.38,479.51,1793.28,4.7627
350,4,2253.19,16649.05,19376.04,360.61,402.71,1963.68,5.0214
350,4,2319.23,16694.43,19297.57,352.40,497.83,1752.92,5.0284
350,4,2133.21,15010.47,17645.82,377.45,378.69,1879.20,4.9112
350,4,1908.92,13469.33,16234.96,432.85,439.34,1893.43,4.8391
350,4,1867.73,13721.90,16407.34,565.67,415.66,1704.11,4.7703
350,4,1637.49,11827.66,14595.52,523.40,406.59,1837.88,4.7392
350,4,2091.29,14469.01,17421.46,467.97,447.78,2036.71,4.7518
350,4,2375.98,16738.97,19608.37,499.80,480.53,1889.07,4.7314
350,4,2157.28,15727.61,18678.61,497.84,478.08,1975.09,4.8920
350,4,2066.90,14847.00,17244.32,438.46,433.14,1525.72,4.7067
350,4,2271.77,15681.87,18531.82,501.11,512.45,1836.39,4.9983
350,4,1913.31,13494.76,15963.18,495.27,376.57,1596.57,4.6386
350,4,2139.94,16201.58,19119.36,435.51,495.99,1986.27,4.8899
350,4,2184.17,15088.86,17845.49,397.62,356.14,2002.87,5.0326
350,4,1923.76,13931.11,16167.80,292.92,421.52,1522.24,5.0914
350,4,2478.17,16644.68,19584.33,567.20,450.11,1922.34,4.9642
350,4,1416.73,11336.66,13660.78,454.10,383.42,1486.61,4.5337
350,4,2204.06,15370.16,18246.71,468.49,454.23,1953.82,5.1443
350,4,2106.24,16619.87,19462.64,447.79,418.92,1976.06,5.1777
350,4,2466.23,17051.15,19895.14,411.68,494.83,1937.48,4.8550
350,4,2403.41,16857.56,19617.99,489.97,480.88,1789.59,4.8035
350,4,2407.42,17375.81,20189.56,453.09,372.79,1987.87,5.0081
350,4,2227.39,15932.61,18909.93,515.10,512.24,1949.98,5.0610
350,4,2310.86,16635.97,19395.97,376.02,402.28,1981.70,4.8458
350,4,1993.01,14806.97,17415.37,372.60,456.65,1779.15,5.0188
350,4,2004.03,14861.97,17479.57,412.70,412.70,1792.20,4.8785
375,4,2010.35,14441.05,16867.57,401.86,345.97,1678.69,4.9207
375,4,1981.12,14286.21,16727.76,417.92,374.48,1649.15,4.8780
375,4,2067.03,15580.51,18113.72,459.93,374.82,1698.45,5.4271
375,4,2439.45,17146.52,20220.37,419.39,491.94,2162.52,5.3004
375,4,2123.50,14773.56,17815.12,550.57,549.32,1941.67,5.0836
375,4,2525.01,17513.43,20319.64,432.50,445.29,1928.43,5.4052
375,4,2098.04,15050.81,17729.12,399.42,428.75,1850.14,5.1987
375,4,2305.94,15966.87,19153.53,456.59,467.69,2262.38,5.0887
375,4,1888.21,13944.36,16455.51,464.70,413.08,1633.37,5.0056
375,4,2177.24,15553.09,18408.33,510.89,465.33,1879.03,4.9704
375,4,1728.09,12918.88,15205.13,390.21,304.19,1591.85,4.8492
375,4,1899.05,13946.03,16521.47,526.96,324.64,1723.85,5.0643
375,4,2048.76,15709.94,18666.60,456.00,448.17,2052.49,4.9044
375,4,2086.51,14746.85,17661.42,532.92,464.88,1916.77,5.0012
375,4,2125.50,15106.46,17381.99,439.13,290.89,1545.50,5.6010
375,4,1836.55,13860.76,16313.35,549.89,360.72,1541.98,5.0922
375,4,1744.27,13088.54,15459.16,428.20,389.63,1552.79,5.0423
375,4,2131.20,15313.95,18196.49,471.41,512.58,1898.54,5.1682
375,4,1994.17,14412.10,16885.81,455.96,428.11,1589.63,5.1628
375,4,1986.66,13925.36,17090.76,488.49,453.62,2223.29,5.3236
375,4,1577.42,12387.01,14661.14,422.05,318.01,1534.06,5.0644
375,4,2093.02,17035.84,19574.06,340.83,354.60,1842.78,4.7961
375,4,2448.68,16944.56,19932.19,480.04,534.65,1972.95,5.1169
375,4,1859.08,13306.88,16247.62,433.04,415.36,2092.34,5.1294
375,4,2102.46,14171.44,16844.50,431.94,392.95,1848.16,5.2024
375,4,2058.21,14980.03,17726.00,467.77,330.76,1947.44,5.1809
375,4,2236.70,15847.69,18798.37,433.07,449.31,2068.30,5.2324
375,4,2063.96,15263.43,18093.46,485.44,522.77,1821.82,5.0863
375,4,2286.92,16370.73,19233.23,485.08,481.41,1896.01,5.3719
375,4,2297.40,16568.08,19365.02,502.05,494.13,1800.75,4.9689
375,4,2373.91,16975.45,19877.46,407.05,460.38,2034.58,5.1287
375,4,2026.26,15309.39,18083.85,369.32,406.99,1998.16,5.1147
375,4,1513.38,11029.77,13457.62,446.99,361.60,1619.27,4.8824
375,4,1941.16,13787.44,16282.23,452.45,380.03,1662.31,5.0316
375,4,1908.84,14553.87,16884.31,355.85,363.86,1610.74,5.2233
375,4,1862.86,13562.55,16332.02,406.18,436.36,1926.92,4.9980
375,4,1841.55,12967.70,15702.13,394.87,440.47,1899.10,4.9983
375,4,2531.88,17053.39,19977.26,387.09,440.74,2096.04,4.8844
375,4,1959.66,14357.41,17250.78,500.48,413.02,1979.87,5.1890
375,4,2019.01,14513.88,17232.68,533.84,466.82,1718.15,5.2040
375,4,1690.45,12225.44,14563.07,453.95,406.90,1476.78,4.7518
375,4,2531.21,18145.79,21097.08,555.28,425.22,1970.79,5.3226
375,4,1620.86,11795.13,14211.55,410.15,404.97,1601.29,4.6784
375,4,2282.08,15929.72,18761.87,461.32,420.08,1950.75,4.8536
375,4,2049.92,14578.77,17204.11,458.52,434.08,1732.74,5.0187
375,4,2196.27,15804.30,18454.16,354.64,374.42,1920.79,5.2497
375,4,1910.35,12846.09,15663.62,461.29,442.58,1913.66,4.8123
375,4,1943.08,14172.08,16773.72,481.04,503.20,1617.41,5.0788
375,4,2128.80,15031.11,18029.16,536.83,424.20,2037.02,4.9081
375,4,1674.14,13599.68,15913.39,360.89,304.54,1648.29,4.9736
375,4,1954.98,13802.28,16449.85,519.84,385.27,1742.45,5.1292
375,4,2180.50,15564.27,18086.91,372.72,421.68,1728.25,4.9761
375,4,1734.88,13194.81,15915.05,462.33,371.77,1886.13,4.8679
375,4,1796.37,13526.16,15991.70,411.96,433.02,1620.56,5.1620
375,4,1702.21,12018.22,14723.12,465.52,417.09,1822.28,4.9022
375,4,2194.58,15828.18,18674.13,498.94,428.75,1918.28,5.4702
375,4,1734.66,12791.86,15196.81,438.25,434.26,1532.43,4.8930
375,4,1947.96,13888.54,16449.34,478.11,437.31,1645.38,5.2765
375,4,2186.23,15235.78,18055.60,578.15,382.39,1859.28,5.2584
375,4,1714.88,13254.25,15682.89,512.72,305.12,1610.80,4.9258
375,4,1835.92,13593.41,16368.00,515.06,416.92,1842.62,5.1225
375,4,1747.73,12821.69,15442.53,392.98,448.34,1779.52,4.9486
375,4,1528.46,11463.89,13807.76,358.42,298.68,1686.77,4.9893
375,4,2373.50,17421.95,20100.34,502.12,404.73,1771.54,5.3284
375,4,1972.37,13661.24,15952.15,420.40,483.83,1386.68,5.3480
375,4,1491.39,11779.81,14052.48,469.37,321.98,1481.33,5.1310
375,4,2540.27,18349.19,21021.98,338.26,422.64,1911.88,5.3044
375,4,1993.00,14204.02,16499.58,350.57,388.91,1556.08,5.1532
375,4,2149.69,14941.19,17671.28,518.39,376.03,1835.66,5.2706
375,4,2196.15,15182.40,18111.62,311.31,447.60,2170.32,5.1939
375,4,1761.27,13226.78,15844.22,497.13,367.74,1752.56,4.9175
375,4,1994.47,14697.90,17195.41,448.20,341.74,1707.57,5.0520
375,4,1946.71,13235.65,15918.36,460.27,397.23,1825.22,5.3066
375,4,2211.13,16177.03,18983.24,385.76,574.72,1845.73,5.1728
375,4,2198.38,15989.36,18632.08,366.87,428.32,1847.52,4.9902
375,4,2451.58,17558.90,20282.09,497.15,424.17,1801.88,5.1258
375,4,2157.75,16031.98,18719.93,427.52,365.81,1894.62,4.9981
375,4,2009.67,13665.88,16530.18,493.23,452.88,1918.19,4.7686
375,4,1911.81,14617.56,17258.98,428.22,464.24,1748.96,4.9647
375,4,1615.18,11920.85,14642.18,527.30,375.59,1818.44,5.1056
375,4,2099.23,14963.70,17831.55,487.42,403.13,1977.31,5.0578
375,4,2379.27,16997.07,19852.03,458.11,526.79,1870.07,5.0333
375,4,2192.36,15653.52,18636.45,554.50,471.39,1957.04,4.9623
375,4,2194.90,15905.22,18479.02,521.43,468.78,1583.60,4.8903
375,4,2215.94,15860.61,18477.94,398.63,414.65,1804.05,5.2072
375,4,1884.42,13278.44,15820.62,548.07,387.27,1606.83,4.8083
375,4,2247.16,16039.67,19039.28,531.94,484.89,1982.78,5.2974
375,4,2225.93,15405.86,18301.63,443.99,437.71,2014.07,5.1436
375,4,1801.45,13152.34,15417.99,399.99,349.26,1516.40,5.0655
375,4,2462.22,17458.35,20410.45,553.94,438.43,1959.72,5.0567
375,4,1384.90,10105.47,12354.64,488.28,322.12,1438.76,4.8641
375,4,2343.43,16431.57,19324.26,418.28,456.21,2018.20,5.0559
375,4,2307.59,16993.74,19934.33,483.63,423.87,2033.09,5.1012
375,4,2411.78,16675.62,19605.04,528.13,422.47,1978.81,5.4048
375,4,2312.54,16729.51,19420.57,448.28,459.21,1783.57,5.2790
375,4,2622.21,18659.09,21468.56,344.73,377.37,2087.38,5.2294
375,4,2321.97,16899.53,19943.53,525.31,525.79,1992.89,5.1050
375,4,2261.92,16854.05,19569.36,376.25,411.01,1928.05,5.3175
375,4,2116.32,15664.38,18394.66,470.48,443.69,1816.10,5.0788
375,4,1832.24,13641.31,15983.36,297.31,354.03,1690.71,4.9877
400,4,1954.98,14854.20,17268.15,353.60,362.37,1697.99,5.5170
400,4,2035.11,15081.45,17693.63,516.42,431.35,1664.41,5.4205
400,4,2326.27,16717.70,19560.82,522.25,503.84,1817.04,5.4779
400,4,2437.96,17230.10,20454.45,565.70,444.99,2213.67,5.5062
400,4,2067.65,15128.56,18009.60,492.01,466.02,1923.02,5.1582
400,4,2551.93,17790.32,20559.57,411.52,443.55,1914.17,5.8725
400,4,2075.39,15369.61,18238.37,556.64,446.19,1865.93,5.5548
400,4,2257.18,15963.44,19232.24,515.35,488.30,2265.15,5.7541
400,4,1856.05,14457.04,16973.75,467.80,389.25,1659.67,5.2303
400,4,2100.49,15440.05,18326.01,545.08,467.46,1873.42,5.4704
400,4,1775.59,13085.11,15534.48,478.30,388.31,1582.76,5.3850
400,4,2065.39,14892.22,17428.36,455.06,390.57,1690.51,5.4092
400,4,2221.17,16485.94,19612.86,518.79,491.96,2116.16,5.2872
400,4,2165.52,15536.97,18394.83,408.45,514.77,1934.64,5.7717
400,4,2222.73,16025.07,18255.84,324.79,362.48,1543.50,5.7939
400,4,1826.74,13360.18,15726.81,508.43,308.84,1549.35,5.2285
400,4,1766.08,13010.50,15385.88,463.66,353.51,1558.21,5.2561
400,4,2064.11,14477.95,17258.74,515.97,472.15,1792.68,5.6294
400,4,2062.08,14898.39,17321.94,447.14,385.09,1591.32,5.2174
400,4,2049.05,14647.33,17826.97,491.62,464.43,2223.60,5.3393
400,4,1696.64,12960.70,15367.02,442.31,352.55,1611.46,5.4876
400,4,2218.49,16785.11,19340.63,388.96,376.99,1789.57,5.1992
400,4,2448.07,17275.86,20173.25,498.19,462.51,1936.69,5.9275
400,4,2062.88,14560.31,17652.43,468.59,453.53,2170.00,5.4010
400,4,2009.02,14628.61,17380.44,528.48,403.65,1819.69,5.5145
400,4,2232.84,16117.46,18906.48,371.72,438.79,1978.51,5.2676
400,4,2200.32,15940.78,18977.65,562.13,428.72,2046.03,5.6052
400,4,2102.46,15114.30,17983.61,618.03,488.14,1763.14,5.6823
400,4,2398.35,17195.63,20097.20,420.56,554.54,1926.48,5.6900
400,4,2348.68,16784.79,19454.16,487.91,466.02,1715.45,5.9025
400,4,2470.71,17522.82,20457.28,391.68,447.69,2095.08,5.4109
400,4,2109.06,16474.13,19541.02,505.26,431.72,2129.91,5.2693
400,4,1466.06,10599.00,13162.82,614.44,325.78,1623.60,5.1665
400,4,1989.32,14220.04,16843.70,538.83,399.31,1685.52,5.5015
400,4,1779.33,13981.41,16366.41,444.93,384.92,1555.15,5.5197
400,4,1917.00,13579.76,16458.50,516.74,436.61,1925.39,5.2790
400,4,1877.41,12969.64,15796.39,493.93,436.39,1896.43,5.5330
400,4,2566.47,17857.89,20879.06,446.62,454.64,2119.91,5.3188
400,4,2008.94,14771.10,17582.16,431.78,441.25,1938.02,5.3675
400,4,2028.29,14767.14,17505.23,547.85,464.83,1725.42,5.6811
400,4,1709.48,12441.88,14819.87,528.22,365.04,1484.73,5.1862
400,4,2453.14,18902.56,21820.45,591.37,373.38,1953.14,5.4794
400,4,1463.94,11074.35,13455.04,494.59,376.67,1509.43,5.2686
400,4,2173.05,16148.00,18745.82,426.99,321.75,1849.08,5.4618
400,4,2053.36,14605.11,17179.62,495.69,358.93,1719.90,5.7293
400,4,2138.38,16350.00,19132.56,456.34,355.70,1970.52,5.8452
400,4,1811.93,12300.40,14902.65,433.06,359.97,1809.22,5.1508
400,4,1975.71,15176.22,17690.45,441.18,414.90,1658.15,5.5102
400,4,2083.09,15071.24,17863.50,424.46,386.70,1981.10,5.4089
400,4,1843.83,14793.05,17196.59,385.47,312.59,1705.48,5.3034
400,4,1935.23,14239.90,16756.42,366.16,402.93,1747.43,5.5607
400,4,2203.25,15467.03,18122.17,477.71,422.19,1755.24,5.5836
400,4,1980.74,13504.32,16351.89,438.76,519.34,1889.47,5.4188
400,4,1810.84,12818.73,15198.19,392.49,426.58,1560.39,5.4096
400,4,1597.90,12537.25,15170.08,504.29,370.33,1758.21,5.4579
400,4,2198.08,15856.77,18508.76,383.96,406.19,1861.84,5.5902
400,4,1801.24,13435.33,15813.22,406.74,440.44,1530.72,5.1601
400,4,1918.34,14256.83,16729.08,466.33,403.26,1602.67,5.4495
400,4,2095.02,15132.13,17785.48,472.05,389.60,1791.70,5.6745
400,4,1871.34,13705.09,16142.09,502.81,302.85,1631.34,5.3716
400,4,2014.10,14630.29,17445.49,414.79,420.38,1980.04,5.2143
400,4,1794.92,12777.54,15501.12,512.31,447.48,1763.79,5.1833
400,4,1550.04,10724.21,13053.38,365.14,359.79,1604.23,5.1322
400,4,2558.36,18404.76,21066.15,412.16,495.64,1753.59,4.9393
400,4,1871.29,13790.03,16026.48,499.22,368.44,1368.80,5.3741
400,4,1622.29,12245.72,14595.27,428.51,372.44,1548.61,5.1666
400,4,2658.13,19049.26,21833.30,436.62,368.38,1979.04,5.7284
400,4,1952.15,14320.70,16552.72,342.41,364.32,1525.29,5.4361
400,4,2179.87,16070.38,18762.75,535.74,330.09,1826.54,5.3173
400,4,2212.38,15553.77,18659.20,435.30,437.86,2232.28,5.4923
400,4,1876.06,13522.89,16211.34,486.30,460.99,1741.17,5.2302
400,4,1947.71,14613.91,17074.75,389.07,400.63,1671.14,5.3434
400,4,1925.49,13558.37,16301.98,480.00,406.54,1857.07,5.3279
400,4,2137.93,15420.27,18178.18,452.97,464.60,1840.33,5.1265
400,4,2486.88,17313.26,20121.61,352.01,498.41,1957.93,5.6358
400,4,2504.59,18209.87,21026.69,474.70,493.73,1848.39,5.6158
400,4,2206.77,15943.59,18732.40,568.25,326.64,1893.93,5.5613
400,4,1956.90,13771.92,16602.70,410.06,459.11,1961.62,5.3663
400,4,2008.56,14277.66,16835.70,401.45,410.83,1745.76,5.2134
400,4,1728.37,12476.49,15264.35,514.36,403.16,1870.34,5.3562
400,4,2031.85,14462.17,17196.45,453.79,366.35,1914.13,5.1539
400,4,2417.35,16834.06,19636.86,504.76,476.36,1821.67,5.6131
400,4,2384.36,17020.01,19914.87,444.59,478.28,1971.99,5.4159
400,4,2235.55,15968.67,18586.08,596.64,447.60,1573.18,5.4060
400,4,2293.14,15732.25,18498.24,483.17,456.32,1826.50,5.6042
400,4,1891.80,14183.14,16578.39,421.28,377.80,1596.17,5.5662
400,4,2264.44,17091.37,20114.40,517.93,475.61,2029.48,5.5703
400,4,2089.18,15166.78,18027.22,514.31,382.09,1964.04,5.4645
400,4,1856.35,13973.68,16307.57,442.25,389.50,1502.14,5.6053
400,4,2546.02,17869.91,20753.36,500.48,445.75,1937.22,5.5442
400,4,1553.45,12130.14,14403.65,377.33,412.01,1484.18,5.2557
400,4,2157.60,15472.44,18328.76,480.22,381.39,1994.71,5.4885
400,4,2466.77,17530.66,20487.68,403.25,489.07,2064.69,5.8662
400,4,2430.81,16844.78,19745.86,488.76,440.88,1971.44,5.8540
400,4,2616.35,17926.59,20776.18,472.99,549.85,1826.75,5.5070
400,4,2701.02,18541.71,21540.83,442.25,494.23,2062.64,4.9637
400,4,2400.62,16986.46,19792.04,356.71,470.59,1978.28,5.5795
400,4,2278.17,16897.57,19696.27,485.20,420.84,1892.66,5.2378
400,4,2260.05,16215.66,19013.78,478.96,467.76,1851.41,5.5627
400,4,2035.32,15085.77,17725.21,421.17,356.83,1861.43,5.2134
