300,1,220.62,2896.73,3895.24,413.14,237.07,348.302012,0.047462
300,1,257.79,4228.69,5049.16,298.10,138.38,383.991680,0.027568
300,1,208.78,3433.95,4381.30,348.07,186.56,412.713579,0.026813
300,1,273.61,3730.33,4818.28,329.18,220.69,538.085862,0.022657
300,1,200.99,3192.13,4105.82,360.60,228.70,324.401723,0.022363
300,1,164.46,3314.73,4092.50,154.34,110.65,512.776602,0.028867
300,1,142.83,2325.79,3125.49,321.69,198.17,279.841860,0.028696
300,1,250.28,4428.42,5628.37,446.08,246.71,507.166574,0.020102
300,1,93.13,1655.26,2396.72,320.50,177.38,243.575936,0.018292
300,1,236.99,4396.33,5165.03,185.82,91.05,491.837282,0.022139
300,1,205.32,2547.37,3296.81,319.39,108.69,321.364724,0.020121
300,1,163.29,3739.09,4509.80,236.67,213.85,320.193423,0.020390
300,1,251.68,4380.76,5251.26,222.65,128.10,519.742719,0.017043
300,1,185.61,3543.56,4541.82,408.98,208.88,380.394864,0.018437
300,1,190.80,3599.96,4374.56,205.33,112.52,456.744099,0.021745
300,1,194.81,2688.84,3580.61,344.38,213.95,333.441591,0.025264
300,1,178.79,3000.87,3748.85,238.41,163.25,346.322044,0.026236
300,1,216.68,3680.54,4640.44,302.61,192.36,464.927798,0.020049
300,1,128.17,1931.58,2671.66,270.84,178.12,291.127947,0.020822
300,1,214.30,3494.57,4535.65,369.76,206.51,464.813771,0.019939
300,1,131.72,2247.40,2907.65,246.42,133.75,280.079865,0.030704
300,1,142.22,2423.78,3064.10,196.01,141.85,302.455185,0.018635
300,1,193.90,3818.44,4764.03,333.26,225.36,386.965329,0.019145
300,1,226.94,3949.10,4996.89,349.17,183.03,515.586978,0.019893
300,1,176.77,3410.92,4314.15,232.96,185.93,484.336045,0.018960
300,1,155.47,2858.79,3613.18,242.17,154.08,358.138848,0.018338
300,1,195.65,3347.80,4330.54,378.32,200.14,404.283920,0.019166
300,1,199.20,3412.67,4388.87,300.25,179.01,496.940183,0.016828
300,1,198.37,3169.76,4151.88,252.46,168.96,560.701270,0.016891
300,1,204.22,3615.23,4415.79,237.55,124.82,438.193193,0.016502
300,1,183.56,3163.34,4099.81,332.07,247.59,356.800492,0.018277
300,1,253.57,4510.41,5466.39,237.93,174.03,544.007283,0.016808
300,1,192.65,3171.17,4050.97,346.85,180.54,352.414879,0.017201
300,1,146.49,2250.94,2978.29,297.02,169.30,261.027994,0.017670
300,1,156.76,3949.08,4613.12,102.95,159.52,401.571181,0.016638
300,1,230.59,4107.23,5127.08,328.62,202.35,488.869318,0.017850
300,1,253.44,5255.69,6193.88,251.45,149.81,536.938300,0.016717
300,1,154.39,2899.18,3633.89,212.05,147.92,374.751206,0.017324
300,1,174.01,2890.18,3817.96,301.70,181.59,444.490536,0.018141
300,1,176.16,2549.44,3313.68,284.91,105.56,373.782858,0.016185
300,1,115.56,2790.50,3318.39,69.51,122.00,336.388524,0.018088
300,1,181.98,3437.77,4425.76,396.84,230.59,360.560846,0.020448
300,1,147.92,2315.70,3129.20,315.83,201.38,296.295561,0.017645
300,1,191.15,4360.89,5145.54,158.94,113.58,512.139947,0.016056
300,1,263.84,5418.38,6329.71,220.65,160.81,529.867122,0.016987
300,1,255.20,4580.49,5601.91,361.27,175.09,485.047045,0.017436
300,1,145.96,2594.81,3579.33,464.98,229.84,289.704201,0.018684
300,1,157.50,3231.69,4009.56,300.04,215.05,262.776056,0.017256
300,1,128.06,2479.29,3137.25,127.86,131.39,398.716387,0.016383
300,1,158.85,2645.16,3388.35,223.07,109.01,411.112200,0.015547
300,1,165.21,2927.56,3798.88,263.87,152.34,455.099897,0.016564
300,1,186.21,4722.05,5364.82,49.06,77.69,516.031075,0.015215
300,1,260.66,3740.92,4722.60,338.02,173.84,469.820844,0.017298
300,1,185.91,3845.34,4528.56,207.13,114.11,361.981808,0.016350
300,1,136.25,2628.73,3425.49,310.76,204.46,281.541553,0.020635
300,1,308.67,5133.73,6173.91,330.47,168.38,541.323067,0.023446
300,1,198.84,2819.63,3702.05,412.08,194.10,276.238432,0.019453
300,1,237.22,3184.00,4138.94,405.95,191.35,357.640476,0.019402
300,1,194.41,4882.35,5678.07,127.02,150.04,518.659369,0.018440
300,1,147.46,3126.51,3773.46,161.98,137.89,347.082296,0.016549
300,1,241.47,4573.40,5452.88,251.29,141.75,486.448210,0.016852
300,1,101.26,1737.62,2367.89,192.99,167.58,269.710416,0.016421
300,1,131.85,2606.59,3181.80,104.23,100.88,370.097965,0.017457
300,1,176.13,4259.87,5040.59,195.69,227.93,357.095344,0.020447
300,1,176.38,3194.15,3894.65,253.44,138.62,308.437282,0.017362
300,1,184.81,3589.82,4166.23,182.37,94.54,299.494935,0.016145
300,1,177.54,3221.60,4278.56,366.85,287.03,403.073944,0.021792
300,1,145.18,2772.26,3544.28,291.17,137.96,342.893862,0.018965
300,1,176.83,3059.78,3977.46,371.35,193.53,352.804751,0.018128
300,1,232.84,4016.10,5076.97,335.25,228.97,496.648069,0.031509
300,1,119.66,2621.78,3267.62,166.03,149.21,330.592846,0.017059
300,1,174.37,2764.62,3630.51,364.16,197.55,304.173067,0.017243
300,1,246.52,5088.92,5913.65,227.00,147.40,450.328635,0.017922
300,1,162.22,2774.68,3606.48,264.52,224.20,343.074454,0.018866
300,1,184.03,4133.97,4945.00,205.21,149.35,456.464475,0.016835
300,1,144.82,2319.68,3220.85,338.61,204.27,358.295836,0.017521
300,1,251.21,5415.48,6373.68,266.36,200.21,491.624480,0.018849
300,1,121.19,2699.58,3373.76,205.52,172.42,296.254608,0.021437
300,1,178.31,3920.97,4698.63,204.90,156.14,416.624889,0.018157
300,1,165.45,3444.23,4287.79,285.66,165.87,392.023047,0.017098
300,1,160.14,2744.86,3517.93,244.78,159.30,368.982909,0.017870
300,1,230.01,3449.72,4311.63,315.27,180.89,365.747468,0.017690
300,1,173.38,3701.61,4517.80,286.82,191.85,337.519297,0.017627
300,1,131.93,2797.12,3445.56,245.97,146.89,255.581446,0.017076
300,1,198.72,3302.09,4251.82,323.82,185.85,440.064941,0.019594
300,1,137.98,2246.31,2807.02,140.14,114.78,305.789473,0.017256
300,1,198.10,4255.19,5205.43,266.49,233.69,450.051750,0.018749
300,1,257.38,3487.12,4460.54,380.62,161.04,431.757912,0.016317
300,1,208.47,3872.06,4691.27,285.84,171.89,361.473165,0.023772
300,1,133.79,2865.32,3454.68,161.19,119.35,308.820528,0.016947
300,1,182.89,2949.73,3701.92,267.64,147.70,336.854572,0.016271
300,1,215.57,3861.24,4866.37,327.36,177.37,500.395721,0.018050
300,1,192.18,4170.80,4993.66,174.04,211.00,437.813814,0.018081
300,1,192.17,4617.08,5382.53,118.48,182.71,464.262536,0.018482
300,1,186.00,3336.85,3996.36,182.21,104.04,373.255930,0.017592
300,1,194.76,2412.39,3362.77,416.53,215.54,318.307076,0.017953
300,1,186.48,3417.95,4422.95,272.89,236.69,495.417373,0.018082
300,1,201.31,4209.36,4995.13,156.88,177.96,450.928395,0.021877
300,1,218.28,3492.51,4405.64,285.98,169.37,457.778492,0.016359
300,1,239.34,2950.20,3807.17,316.68,150.04,390.250882,0.020541
300,2,380.22,5331.53,6759.51,406.43,228.17,793.381691,0.023134
300,2,389.97,4140.45,5734.91,647.51,329.24,617.713946,0.023709
300,2,488.41,5132.66,6843.63,633.58,274.08,803.316847,0.020703
300,2,437.75,5306.77,7351.52,767.35,395.68,881.718542,0.023556
300,2,372.03,6309.67,8061.57,607.42,371.50,772.980640,0.025331
300,2,305.62,5651.94,7149.15,301.55,330.28,865.387944,0.025020
300,2,394.74,4571.34,6050.75,494.80,296.07,688.533143,0.025166
300,2,504.84,6706.51,8467.44,465.83,322.64,972.459855,0.023515
300,2,282.37,3738.80,4952.84,380.42,231.20,602.419026,0.020826
300,2,387.19,5661.18,7243.52,603.25,292.89,686.202407,0.022897
300,2,436.85,3691.15,5259.98,687.86,341.31,539.654577,0.023492
300,2,359.26,4486.70,5882.12,395.97,246.67,752.785394,0.021212
300,2,356.12,6704.89,8324.47,460.81,394.77,763.999135,0.024415
300,2,470.03,5381.56,7313.37,753.13,364.31,814.371369,0.023715
300,2,454.74,5817.15,7327.24,474.99,260.86,774.233968,0.021247
300,2,387.82,4934.71,6346.12,453.24,275.16,683.013642,0.022887
300,2,268.26,5398.52,6623.74,268.73,226.80,729.684785,0.021728
300,2,491.81,5928.51,7759.05,596.60,367.69,866.248655,0.022812
300,2,288.06,5720.61,7037.58,281.17,275.67,760.131386,0.021662
300,2,374.30,6667.07,8400.64,467.90,362.72,902.945013,0.024134
300,2,411.80,4149.45,5703.43,610.23,322.70,621.061027,0.022820
300,2,379.31,5061.54,6443.30,456.93,265.33,659.495250,0.023092
300,2,401.42,5375.85,7087.23,542.15,313.76,855.481204,0.021350
300,2,335.08,5707.73,7343.44,417.32,309.59,908.807144,0.023502
300,2,352.19,4717.66,6508.18,574.90,311.45,904.164937,0.022556
300,2,337.96,5191.88,6713.16,517.68,303.72,699.876886,0.024098
300,2,402.14,5857.96,7629.72,554.47,401.16,816.132719,0.023632
300,2,474.35,5976.75,7583.93,465.08,272.00,870.094803,0.021649
300,2,334.94,5206.00,6729.85,446.71,270.63,806.512832,0.023442
300,2,439.76,5062.31,6681.99,602.83,283.25,733.598565,0.022063
300,2,477.96,6356.34,8179.91,616.00,384.98,822.593431,0.024954
300,2,403.02,5392.30,7256.48,561.82,417.84,884.503923,0.025403
300,2,349.85,5036.77,6387.83,430.38,227.35,693.328379,0.020333
300,2,467.86,4076.34,5610.30,583.01,263.85,687.113286,0.023898
300,2,308.35,4061.69,5535.22,467.35,292.28,713.897866,0.024442
300,2,469.12,6960.88,8873.71,691.08,383.11,838.644323,0.023682
300,2,494.46,6954.11,8573.67,416.85,278.77,923.936417,0.022226
300,2,421.86,6338.36,7949.41,428.36,313.34,869.340217,0.024319
300,2,384.16,5486.95,7253.33,543.80,357.86,864.707817,0.023645
300,2,369.80,5332.16,6824.19,539.94,305.19,646.914154,0.022304
300,2,322.25,4000.98,5325.28,451.00,301.72,571.584228,0.025192
300,2,413.05,6517.53,8181.52,493.55,361.35,809.107521,0.023539
300,2,387.79,5344.85,6735.00,432.97,241.93,715.252402,0.023241
300,2,402.93,5508.32,7134.59,485.48,379.98,760.807429,0.025532
300,2,494.05,6453.23,7982.29,391.86,223.54,913.655664,0.021571
300,2,502.62,7565.02,9232.45,472.23,341.25,853.957479,0.024566
300,2,403.32,4845.52,6651.43,687.64,359.54,758.736049,0.023525
300,2,335.88,6051.58,7479.98,443.11,280.18,705.102992,0.022245
300,2,329.02,3772.88,5289.66,529.25,312.16,675.370337,0.024670
300,2,346.91,4014.26,5356.64,410.09,218.47,713.823863,0.022137
300,2,409.31,5473.49,6903.46,511.83,246.39,671.750317,0.022460
300,2,464.32,5629.55,7107.91,473.62,264.45,740.285439,0.023255
300,2,374.43,5453.88,7021.87,427.25,268.51,872.229546,0.021551
300,2,345.49,5868.97,7116.92,310.24,235.63,702.074105,0.021559
300,2,426.67,4377.28,6091.42,657.99,279.64,776.507569,0.021663
300,2,588.83,6109.92,7754.58,528.65,240.29,875.711956,0.021469
300,2,333.77,3635.46,5280.14,702.22,364.18,578.269966,0.024663
300,2,316.45,4704.01,6312.08,555.10,342.79,710.178236,0.025138
300,2,339.07,5170.49,6546.12,360.38,282.90,732.351033,0.029116
300,2,388.71,4592.38,6236.80,685.60,327.70,631.111953,0.022784
300,2,311.96,4918.05,6665.37,635.16,363.04,749.111194,0.024074
300,2,414.10,4721.62,6461.90,710.79,360.51,668.985077,0.026194
300,2,369.84,5458.04,6773.38,328.37,207.56,779.410226,0.024310
300,2,445.67,5596.73,7138.84,549.47,284.00,708.645616,0.027945
300,2,312.86,4494.51,5653.07,413.81,230.79,513.957631,0.021252
300,2,376.54,5219.13,6620.88,469.06,357.29,575.401352,0.024485
300,2,498.27,6283.23,7796.44,432.15,235.08,845.980866,0.022454
300,2,364.82,3307.44,4783.17,643.31,248.95,583.466399,0.022186
300,2,487.39,5853.39,7402.23,496.82,265.92,786.100882,0.022279
300,2,526.55,7564.40,9721.02,757.29,462.01,937.326914,0.024067
300,2,374.63,5562.55,7114.63,502.79,333.58,715.717004,0.022533
300,2,306.53,4963.91,6393.81,432.11,289.24,708.555942,0.021328
300,2,383.18,6990.14,8433.20,337.56,261.10,844.388640,0.031366
300,2,433.01,6007.99,7635.46,602.16,299.16,726.144356,0.028334
300,2,354.72,5137.23,6823.84,622.85,418.58,645.173963,0.029385
300,2,348.02,4487.19,5911.06,356.61,229.07,838.191980,0.022282
300,2,461.72,6616.35,8472.91,606.23,381.78,868.548416,0.025607
300,2,416.10,5864.37,7490.88,604.20,336.48,685.838664,0.024332
300,2,336.67,4787.18,6152.44,380.19,258.42,726.649236,0.020616
300,2,522.58,6229.69,7841.90,554.18,294.62,763.395158,0.023488
300,2,338.06,5296.89,6990.57,666.18,377.18,650.316606,0.027217
300,2,481.83,5903.83,7537.25,577.84,294.21,761.378138,0.024193
300,2,338.76,5296.16,7004.92,572.99,376.23,759.547333,0.023103
300,2,288.40,4894.66,6078.71,305.29,293.17,585.586065,0.021449
300,2,487.91,6624.04,8350.84,584.51,317.63,824.671859,0.024344
300,2,264.23,3361.03,4967.18,619.94,362.20,624.008133,0.025085
300,2,561.62,6660.11,8659.49,680.80,345.50,973.083730,0.023267
300,2,421.30,4795.61,6573.99,595.41,361.49,821.470756,0.022576
300,2,360.01,5533.04,6906.41,430.70,253.93,688.737846,0.020479
300,2,254.38,3737.47,5064.66,480.01,264.70,582.489130,0.023155
300,2,399.53,4684.03,6237.76,589.29,311.17,653.262328,0.023556
300,2,458.11,6018.58,7969.69,594.78,364.93,991.409939,0.022334
300,2,381.89,5588.23,7183.74,501.59,285.16,808.754387,0.024702
300,2,348.15,6710.54,8234.43,347.04,353.23,823.617177,0.023736
300,2,401.95,5001.66,6594.74,582.54,360.79,649.749035,0.026545
300,2,507.01,5652.03,7529.09,778.97,343.97,754.118806,0.024307
300,2,570.24,5882.40,7665.48,575.97,239.13,967.986416,0.023144
300,2,304.75,5826.85,7318.94,414.48,243.18,834.442446,0.022068
300,2,415.02,5083.62,7023.76,694.98,437.81,807.347293,0.023690
300,2,404.27,4633.86,6352.73,632.12,384.16,702.583405,0.023460
300,3,585.26,6063.71,8286.71,896.84,381.16,945.005313,0.028909
300,3,555.08,5478.06,7801.73,947.81,457.41,918.444824,0.028201
300,3,588.65,7725.07,10395.13,908.33,589.06,1172.676195,0.030995
300,3,666.80,8495.94,10853.61,638.69,400.06,1318.922965,0.028766
300,3,602.59,6622.89,8898.28,884.38,435.14,955.871446,0.029492
300,3,512.46,7426.44,9657.89,537.99,403.83,1289.630788,0.028717
300,3,686.85,7404.41,9866.00,912.01,503.60,1045.981404,0.029809
300,3,750.55,9235.89,11736.76,727.04,378.60,1395.229738,0.025418
300,3,574.20,8795.77,10606.35,505.08,290.19,1015.307140,0.027426
300,3,668.01,7184.54,9498.55,801.79,405.09,1107.124231,0.032105
300,3,663.10,5437.18,8040.89,1226.49,448.32,928.894534,0.029001
300,3,597.91,8563.37,10924.35,819.85,507.66,1033.468717,0.029616
300,3,688.47,8134.60,10795.04,945.67,512.31,1202.463566,0.031519
300,3,781.70,9129.83,11597.28,738.75,404.60,1324.103240,0.026964
300,3,590.02,5812.01,7940.86,750.98,369.81,1008.050833,0.030981
300,3,502.00,6223.10,8533.85,783.50,455.17,1072.088439,0.028418
300,3,552.82,5992.77,7939.39,620.11,394.65,931.867039,0.027639
300,3,704.77,7402.67,10136.82,953.29,482.55,1298.306966,0.031157
300,3,524.37,5140.92,7125.75,616.34,337.20,1031.289063,0.027266
300,3,732.70,7186.00,9846.85,838.56,410.81,1411.479422,0.029239
300,3,554.87,6402.74,8170.04,470.80,259.38,1037.112382,0.023781
300,3,584.65,6279.52,8399.97,681.52,403.94,1034.991215,0.028424
300,3,685.47,8814.00,11018.33,642.06,333.74,1228.540455,0.029571
300,3,625.40,8536.45,10902.18,503.11,342.40,1520.220209,0.027345
300,3,552.01,6532.94,8714.15,673.34,341.03,1166.842530,0.027993
300,3,500.42,5888.18,8107.37,699.42,364.27,1155.502068,0.028388
300,3,602.88,6280.88,8757.55,740.35,442.22,1294.096735,0.028201
300,3,721.75,6623.22,9448.75,1150.38,549.41,1125.733305,0.028572
300,3,622.27,6334.56,8739.94,906.09,391.55,1107.748654,0.026770
300,3,631.62,6219.19,8642.17,873.99,378.66,1170.339100,0.027253
300,3,563.14,7990.77,10392.15,726.92,494.68,1179.781618,0.029304
300,3,770.49,8835.45,11307.99,773.60,473.79,1225.154662,0.030246
300,3,630.24,7595.72,9676.52,673.73,404.88,1002.188858,0.028127
300,3,506.51,7131.36,9295.39,776.40,459.65,927.989786,0.029134
300,3,575.42,5926.11,8066.88,733.61,400.02,1007.133305,0.027026
300,3,839.89,8366.32,11080.22,992.05,463.36,1258.490177,0.035924
300,3,423.46,5531.28,7730.52,642.54,401.16,1155.548467,0.030989
300,3,570.21,7689.29,10639.55,983.14,637.75,1329.366564,0.032884
300,3,644.85,7273.73,9814.93,796.07,510.59,1234.544465,0.030139
300,3,522.52,7620.07,9558.09,523.99,345.64,1068.389828,0.028627
300,3,504.27,7175.38,8874.50,410.92,334.23,953.967153,0.027049
300,3,626.67,6703.44,8857.89,588.11,348.71,1217.619566,0.026190
300,3,468.50,5645.75,7651.00,659.06,424.32,921.867423,0.028562
300,3,671.34,8272.28,10360.79,588.81,352.80,1146.904745,0.027101
300,3,723.13,7007.57,9318.31,777.80,381.90,1151.038566,0.026625
300,3,629.75,8541.89,11065.99,828.44,602.86,1092.801972,0.034060
300,3,728.43,7498.76,10317.61,1088.20,527.57,1203.084430,0.030130
300,3,557.03,4880.90,7287.14,1071.16,434.39,900.691819,0.030350
300,3,692.93,8430.94,10561.47,558.92,410.11,1161.495466,0.029334
300,3,617.10,6625.49,8962.67,909.47,449.41,978.300326,0.029488
300,3,679.97,7203.27,9276.33,707.29,381.57,984.205804,0.030255
300,3,511.57,5391.86,7350.54,637.42,312.93,1008.333151,0.028233
300,3,574.77,7788.29,10115.55,678.01,468.13,1181.115503,0.032234
300,3,581.96,5745.19,7719.06,695.29,325.05,953.530754,0.028410
300,3,611.08,6672.55,8906.05,749.25,358.24,1126.010192,0.027189
300,3,626.71,8755.31,11099.92,665.90,445.30,1233.419163,0.030485
300,3,453.12,5081.36,7041.76,716.86,399.48,844.060525,0.028699
300,3,614.31,7889.34,9778.79,575.15,301.96,1012.330964,0.024964
300,3,608.03,6527.43,8740.99,641.87,397.75,1173.942069,0.027582
300,3,453.33,5632.84,7600.45,667.87,421.62,878.125539,0.028869
300,3,819.28,8497.82,11158.96,1018.71,497.52,1144.905472,0.028806
300,3,503.00,5404.54,7689.51,797.41,404.27,1083.293918,0.030726
300,3,558.25,6185.49,7997.83,521.77,305.24,985.330453,0.027897
300,3,542.80,7625.92,9710.86,609.44,383.18,1092.322204,0.027305
300,3,410.69,5915.93,7823.57,698.56,338.96,870.128218,0.026813
300,3,595.76,5103.28,7552.11,1109.53,457.30,882.006550,0.031589
300,3,605.44,6675.70,9132.11,768.67,428.59,1259.153149,0.031439
300,3,692.30,7521.26,9639.70,734.90,361.43,1022.108381,0.027428
300,3,645.92,6232.41,8729.98,903.48,488.34,1105.741150,0.043743
300,3,677.94,9211.77,11803.67,842.76,482.85,1266.295865,0.033029
300,3,664.62,7922.35,10365.99,840.97,513.27,1089.401879,0.031760
300,3,686.30,7720.21,10066.02,853.05,421.87,1070.894506,0.029294
300,3,635.01,7091.57,9409.27,701.50,467.96,1148.244518,0.030284
300,3,455.92,6389.17,8595.22,601.11,399.22,1205.717509,0.027865
300,3,632.67,6797.93,9305.92,888.69,492.50,1126.803636,0.030555
300,3,641.63,7844.39,10034.04,728.92,354.08,1106.644673,0.031490
300,3,633.74,7119.18,9365.33,641.21,397.81,1207.128344,0.028673
300,3,556.03,7030.28,9309.33,710.61,428.80,1139.645175,0.030885
300,3,661.43,6542.25,8819.71,728.39,360.99,1188.080935,0.027123
300,3,598.42,7043.98,9663.73,997.77,494.58,1127.399005,0.033424
300,3,643.75,7204.94,9535.12,795.83,415.13,1119.218370,0.032356
300,3,604.47,6514.36,8864.32,660.11,580.41,1109.444271,0.034770
300,3,652.96,8470.77,10638.86,684.08,382.02,1101.988456,0.028534
300,3,594.30,6038.53,8167.06,746.47,476.76,905.308226,0.034649
300,3,496.84,6195.43,8717.48,898.11,500.36,1123.578953,0.028947
300,3,588.03,5944.68,8170.41,918.35,449.08,858.299168,0.029839
300,3,720.17,7147.59,9638.06,792.57,378.07,1319.837440,0.026830
300,3,635.78,7834.67,10511.86,976.98,611.20,1089.005711,0.033970
300,3,645.35,6538.22,8629.45,748.74,407.31,935.183708,0.026623
300,3,473.34,5618.80,7764.31,629.15,402.59,1113.770090,0.029034
300,3,491.94,6162.52,8302.48,767.62,420.62,951.717712,0.029589
300,3,606.86,8106.53,10618.83,756.61,495.93,1259.758898,0.032293
300,3,611.17,7031.15,9437.09,846.89,485.10,1073.941244,0.032455
300,3,468.01,7698.72,9643.77,531.62,321.65,1091.771328,0.027072
300,3,592.35,8128.15,10416.62,682.84,499.99,1105.641231,0.030837
300,3,591.10,6425.57,8746.29,686.56,361.23,1272.921497,0.027923
300,3,559.56,6470.06,9059.05,785.89,467.87,1335.232595,0.028712
300,3,724.87,8372.82,10647.95,722.09,463.38,1089.654574,0.030870
300,3,656.12,6067.54,8602.41,915.77,401.04,1218.052850,0.028809
300,3,610.87,7235.17,9355.07,708.44,407.61,1003.844089,0.028203
300,4,751.12,8414.43,11159.95,950.63,471.78,1323.107738,0.033983
300,4,690.90,7927.46,10604.85,898.32,543.26,1235.816029,0.038556
300,4,783.54,9562.59,12593.64,961.70,667.22,1402.135422,0.038537
300,4,760.39,9914.30,12759.74,710.40,516.31,1618.734441,0.034050
300,4,875.73,7140.92,10725.04,1572.10,676.24,1335.784270,0.041555
300,4,633.02,10457.46,12942.93,512.68,510.75,1462.046641,0.037627
300,4,855.53,8098.37,11159.07,1169.87,484.44,1406.399154,0.036329
300,4,669.28,8479.22,11519.57,744.16,611.41,1684.775792,0.040559
300,4,612.51,8126.51,10513.32,688.23,474.74,1223.838833,0.034028
300,4,799.66,9187.78,12347.49,1073.91,648.61,1437.184687,0.039101
300,4,536.39,5887.80,8230.02,733.30,408.42,1200.515327,0.031599
300,4,602.12,8316.39,11063.46,793.52,554.61,1398.944695,0.036025
300,4,803.45,8872.82,12248.44,1146.83,672.50,1556.288387,0.040193
300,4,900.14,7755.86,11198.18,1349.66,610.41,1482.242873,0.039995
300,4,619.99,9151.26,11745.53,886.57,479.57,1228.122642,0.034630
300,4,723.11,8104.84,10604.13,805.62,441.04,1252.630737,0.034513
300,4,640.83,6780.25,9519.40,1059.39,515.61,1164.157858,0.036368
300,4,856.62,7880.93,11370.18,1404.88,646.91,1437.465634,0.041829
300,4,705.64,8290.82,10674.61,721.63,428.06,1234.096097,0.035150
300,4,761.71,7667.87,10851.32,940.71,558.29,1684.444384,0.040066
300,4,724.48,7607.30,10105.03,790.92,438.62,1268.194171,0.033734
300,4,844.26,8761.23,11719.64,1072.12,480.36,1405.928462,0.032870
300,4,737.06,9231.80,11714.06,569.34,468.82,1444.090381,0.033267
300,4,726.85,7436.76,10757.27,1127.81,645.23,1547.463222,0.035577
300,4,733.37,7468.28,10544.14,1124.33,509.14,1442.398078,0.034560
300,4,654.34,9620.74,12479.70,637.57,583.06,1638.327591,0.035287
300,4,934.37,8869.51,11942.47,1005.45,489.34,1578.167750,0.035035
300,4,827.66,7988.12,11068.28,1224.14,547.19,1308.823511,0.036643
300,4,1023.73,8382.28,11942.70,1452.99,612.58,1494.851657,0.038568
300,4,961.48,9497.59,12532.50,1129.75,609.88,1295.276907,0.035485
300,4,889.77,9060.05,11987.85,866.37,451.99,1609.447878,0.035964
300,4,852.39,9568.33,12916.78,1065.26,636.39,1646.796637,0.039233
300,4,649.14,5814.13,8678.13,1068.04,533.49,1262.468214,0.038208
300,4,798.29,8282.42,10960.77,906.29,478.58,1293.482806,0.036607
300,4,786.22,8619.26,11450.61,977.95,592.01,1261.383363,0.035987
300,4,737.63,7714.30,10969.58,1208.19,610.20,1436.889839,0.035009
300,4,661.67,7348.36,9906.73,669.24,467.37,1421.762767,0.036079
300,4,645.01,9566.44,12580.15,826.85,574.55,1612.302931,0.033409
300,4,509.56,8099.21,11082.66,838.96,625.52,1518.962374,0.036762
300,4,934.08,8781.44,11500.42,882.78,526.12,1310.071555,0.038682
300,4,641.39,6188.89,9205.58,1315.34,642.30,1059.054194,0.037512
300,4,893.87,9406.32,12538.65,1029.03,564.74,1538.547873,0.035779
300,4,765.40,6053.01,9347.32,1430.29,637.07,1226.945534,0.040810
300,4,903.66,9161.78,12335.57,1094.12,562.26,1517.407173,0.039316
300,4,821.53,7995.68,10680.23,866.76,398.20,1419.582372,0.036863
300,4,734.39,7818.53,11060.51,1234.08,570.93,1436.962464,0.036320
300,4,744.69,7397.54,10247.97,932.59,455.74,1462.105610,0.035726
300,4,847.81,7482.70,10738.21,1339.16,697.15,1219.196968,0.048943
300,4,778.19,8235.29,10848.88,645.18,422.78,1545.631532,0.041833
300,4,658.72,7165.16,9897.47,912.95,472.48,1346.872741,0.039577
300,4,687.76,8598.10,11523.30,980.31,584.01,1360.870097,0.037747
300,4,827.92,8738.19,11721.17,1088.92,554.46,1339.594796,0.035182
300,4,720.06,6281.08,9180.85,1002.76,510.92,1386.084602,0.036060
300,4,669.28,7064.67,9861.92,1043.98,551.32,1201.951943,0.040355
300,4,850.46,6718.47,9976.59,1312.63,601.70,1343.790756,0.039853
300,4,910.78,9677.78,12535.35,844.39,490.77,1522.412740,0.034161
300,4,696.46,7172.89,9791.50,985.55,468.91,1164.151501,0.034701
300,4,631.01,7131.32,9600.53,858.44,489.70,1121.067854,0.033298
300,4,814.35,8505.29,11331.12,932.62,468.81,1424.400079,0.032346
300,4,743.78,7935.04,10413.62,752.36,485.64,1240.585501,0.032156
300,4,893.23,7616.97,10924.43,1224.12,575.68,1507.673482,0.034624
300,4,707.32,6064.49,9029.42,1172.25,465.02,1327.642787,0.034095
300,4,558.98,6299.35,8716.51,684.96,419.86,1312.335661,0.033973
300,4,672.38,9251.17,11897.93,799.58,494.31,1352.878432,0.034594
300,4,714.59,6838.68,9837.83,1351.82,609.51,1037.809326,0.036822
300,4,614.42,5940.66,8795.17,1023.40,615.13,1215.987684,0.041681
300,4,1082.63,11643.34,14837.77,1145.09,485.05,1564.289384,0.033894
300,4,816.27,7711.88,10476.96,1072.41,517.42,1175.252375,0.038387
300,4,645.81,9237.82,11526.19,497.99,408.94,1381.442586,0.033419
300,4,769.82,8670.02,11666.89,838.79,467.53,1690.546618,0.032674
300,4,769.90,7382.85,10495.96,1171.59,584.14,1357.370159,0.038468
300,4,844.74,8424.49,11033.20,814.78,471.04,1322.891853,0.034083
300,4,802.93,7981.84,10629.49,795.15,421.02,1431.489139,0.034861
300,4,858.05,8086.03,11381.86,1186.03,703.50,1406.302400,0.039889
300,4,757.45,9227.98,11900.55,641.32,433.61,1597.635805,0.031910
300,4,715.28,8672.58,11773.10,1146.11,646.11,1308.306314,0.038811
300,4,752.57,9158.45,11765.21,777.69,385.02,1444.056921,0.031378
300,4,782.31,7958.42,10795.86,838.81,535.34,1463.293343,0.038106
300,4,734.35,8115.05,10852.28,916.96,526.10,1294.169949,0.036149
300,4,598.62,6797.24,9597.35,915.56,532.52,1352.035883,0.038275
300,4,858.27,8130.90,11481.27,1206.51,619.84,1524.010542,0.039455
300,4,801.75,9571.47,13035.32,1192.08,748.45,1523.325966,0.042971
300,4,891.15,8265.58,11776.60,1436.69,625.20,1449.135761,0.039038
300,4,773.12,8903.34,11861.99,1205.11,594.40,1159.132255,0.036215
300,4,946.25,9288.38,12169.07,1059.77,438.42,1382.498601,0.031503
300,4,735.83,7480.30,10099.68,868.41,506.23,1244.740295,0.035754
300,4,941.44,9987.98,13347.56,1054.59,697.66,1607.331206,0.037498
300,4,702.30,7499.34,10864.71,1112.91,721.61,1530.840514,0.036869
300,4,633.76,7521.36,10129.13,935.92,476.72,1195.126973,0.031452
300,4,908.65,10001.90,13063.56,1084.95,501.12,1475.590374,0.034583
300,4,699.13,5680.76,8936.69,1475.11,640.82,1140.006975,0.036040
300,4,690.35,9955.38,12787.71,738.17,518.73,1575.431057,0.037720
300,4,1032.81,9466.26,12964.62,1264.86,638.16,1595.336395,0.039120
300,4,775.71,10384.28,13027.61,710.60,503.73,1429.008405,0.036627
300,4,774.04,9326.68,12060.80,812.97,559.84,1361.304349,0.037867
300,4,1109.38,10386.78,13532.83,1015.27,458.49,1672.280309,0.035573
300,4,825.73,9017.26,12399.08,1152.43,715.61,1513.772578,0.040211
300,4,895.20,9328.32,12557.54,1088.81,549.59,1590.824498,0.034069
300,4,879.89,8201.21,11477.77,1240.08,620.82,1415.653397,0.037784
300,4,806.72,8058.00,10938.15,1011.95,453.85,1414.346488,0.032396
300,5,1025.19,8239.39,11483.98,1345.06,488.79,1410.732928,0.039330
300,5,842.19,8251.21,11589.17,1191.95,611.75,1534.256693,0.043836
300,5,801.20,8732.65,12041.55,896.06,563.73,1849.116472,0.039938
300,5,1157.28,10529.72,14215.20,1194.53,573.39,1917.558324,0.039734
300,5,976.74,8270.84,12399.90,1636.03,765.94,1727.085067,0.044723
300,5,809.69,8742.21,12333.37,1127.02,729.03,1735.105493,0.048726
300,5,745.08,10042.01,13179.21,757.18,532.00,1848.023925,0.040704
300,5,935.31,9856.17,13273.18,991.33,564.21,1861.466479,0.038405
300,5,849.76,9073.42,12007.35,935.79,599.02,1399.127021,0.042808
300,5,793.69,8248.71,11853.48,1129.48,682.43,1792.852451,0.046078
300,5,902.58,7862.78,11499.98,1404.51,724.71,1507.985459,0.044768
300,5,573.23,7705.59,10482.41,694.39,613.55,1468.877179,0.041782
300,5,1134.64,11603.14,16024.80,1606.81,828.39,1986.458301,0.050228
300,5,1037.41,9389.32,13321.88,1473.81,707.27,1751.489658,0.045344
300,5,787.63,7941.98,11316.04,1141.78,690.75,1541.527342,0.042489
300,5,732.42,8610.49,11783.83,1024.41,585.50,1563.419677,0.041060
300,5,844.21,8004.24,11482.05,1240.70,652.88,1584.220359,0.044073
300,5,1129.02,10018.33,14307.31,1646.80,798.10,1844.077362,0.046353
300,5,803.80,8847.40,12355.04,1309.40,766.82,1431.413896,0.046666
300,5,819.46,9139.52,12755.93,1022.29,722.92,1871.199095,0.058711
300,5,956.97,8274.87,11674.25,1301.07,608.30,1490.009968,0.045130
300,5,904.53,7980.54,11703.54,1408.47,678.45,1636.073382,0.043294
300,5,1032.63,10456.90,14307.87,1369.77,730.81,1750.381155,0.045224
300,5,1180.45,12207.82,16422.71,1505.26,751.59,1958.031849,0.046324
300,5,895.67,8963.18,12720.75,1374.02,715.35,1668.197872,0.043339
300,5,1013.88,11946.98,15436.09,1028.36,584.34,1876.407526,0.041947
300,5,802.58,8175.04,12197.75,1238.22,915.80,1868.674896,0.049400
300,5,942.94,10158.95,13908.57,1330.93,699.03,1719.648674,0.044684
300,5,903.69,9971.50,13771.97,1237.94,817.21,1745.321420,0.045270
300,5,1088.64,10371.84,14347.93,1528.77,816.00,1631.324082,0.046780
300,5,1007.43,9004.41,13078.88,1490.30,689.02,1895.139573,0.043655
300,5,1053.47,8563.04,12989.01,1608.59,824.35,1993.021351,0.052078
300,5,827.55,6910.87,10422.77,1366.47,612.63,1532.809119,0.046109
300,5,734.38,6500.80,10018.11,1399.72,716.25,1401.331971,0.046333
300,5,897.91,10145.20,13561.69,1206.79,651.66,1558.031442,0.042636
300,5,820.31,7430.88,11185.41,1425.58,678.70,1650.232116,0.040732
300,5,869.16,9922.01,13428.73,1047.70,636.17,1822.856807,0.041848
300,5,766.37,8582.11,11958.47,959.72,552.22,1864.415491,0.041708
300,5,953.50,9252.37,13361.05,1476.84,767.96,1863.881838,0.044930
300,5,970.34,9845.12,13450.61,1353.29,670.80,1581.408324,0.045988
300,5,842.09,8508.64,11550.68,1055.37,610.40,1376.263772,0.043207
300,5,937.20,9478.50,12936.07,1132.13,608.15,1717.295608,0.045109
300,5,813.69,7187.02,10532.28,1214.07,713.43,1417.760415,0.046141
300,5,954.88,8593.86,12411.86,1453.69,810.98,1553.332863,0.048705
300,5,711.43,8592.94,11328.31,625.20,503.70,1606.462506,0.036630
300,5,1012.21,10157.48,14143.29,1532.98,812.82,1640.008399,0.048430
300,5,620.21,7903.68,10872.55,761.54,558.82,1648.511569,0.042027
300,5,1017.30,9538.55,13317.65,1355.86,763.86,1659.364868,0.049389
300,5,980.53,8434.59,12203.69,1330.32,648.48,1790.291275,0.046536
300,5,817.10,8029.13,11345.50,1198.78,590.83,1526.750177,0.043418
300,5,773.35,7861.50,11475.62,1227.61,855.34,1531.167866,0.047012
300,5,767.11,8463.09,11521.92,895.61,648.59,1514.625972,0.044066
300,5,786.69,7095.36,10957.16,1439.67,785.94,1636.187442,0.045277
300,5,865.88,7699.60,11428.48,1573.46,773.14,1382.269449,0.053248
300,5,1031.05,8561.74,12478.15,1496.90,633.61,1785.887938,0.042614
300,5,1112.54,8917.80,12570.09,1339.01,613.71,1699.566850,0.043907
300,5,666.31,6658.81,10042.05,1226.94,766.21,1390.080551,0.046279
300,5,1151.83,9437.71,13633.06,1764.96,798.04,1632.343238,0.045480
300,5,990.57,9516.96,12950.49,1132.15,585.47,1715.909345,0.039985
300,5,641.46,6929.77,9934.70,930.34,547.60,1526.986988,0.039188
300,5,922.18,8190.53,11939.27,1372.48,635.67,1740.588148,0.043374
300,5,992.53,10053.03,13484.89,1172.66,606.19,1653.002271,0.042181
300,5,882.79,8228.73,12020.28,1492.20,695.49,1603.856819,0.047336
300,5,732.39,8637.38,11435.51,742.07,513.70,1542.361274,0.048063
300,5,872.28,7032.46,10764.81,1694.93,711.81,1325.615828,0.045834
300,5,740.70,7390.49,10522.60,1096.69,674.82,1360.591752,0.049550
300,5,885.45,9558.41,13157.27,1160.89,737.96,1700.000878,0.042385
300,5,841.04,7567.00,11022.59,1341.52,675.02,1439.051260,0.044803
300,5,845.38,9295.91,13104.58,1240.96,830.86,1736.847217,0.046723
300,5,1186.13,10986.58,14973.42,1418.53,787.10,1781.205069,0.045470
300,5,827.10,7501.31,11032.41,1291.46,660.39,1579.254520,0.046742
300,5,759.19,7258.17,10864.44,1382.92,695.77,1527.582680,0.043758
300,5,982.53,8934.82,12359.69,1059.82,571.52,1793.527384,0.043553
300,5,840.08,9721.87,13598.47,1343.38,837.20,1696.007452,0.047971
300,5,1175.68,12400.82,16892.94,1693.87,851.12,1947.141192,0.045186
300,5,1134.36,8980.32,13158.95,1758.37,792.73,1627.529882,0.048021
300,5,798.92,8882.03,12537.23,1221.91,806.97,1626.332412,0.047508
300,5,1104.37,11317.73,14920.74,1163.28,720.31,1719.416078,0.049527
300,5,1123.74,11360.08,14868.33,1177.23,626.36,1704.652559,0.038947
300,5,1095.09,10356.30,14112.03,1356.85,617.77,1781.107612,0.042353
300,5,1068.03,10494.93,14011.44,999.80,649.63,1867.077188,0.044145
300,5,778.25,7838.09,11356.86,1006.25,679.67,1832.837973,0.056090
300,5,867.79,10570.44,14274.63,1085.91,793.64,1824.634883,0.051842
300,5,1005.90,8699.13,11923.70,1024.19,480.19,1720.190609,0.039545
300,5,1032.79,10821.05,14065.66,1043.20,602.25,1599.155578,0.041172
300,5,816.86,8444.26,11763.46,1041.68,753.98,1523.541632,0.047567
300,5,1137.13,11500.86,15576.76,1534.75,748.87,1792.274323,0.042995
300,5,854.55,8824.37,12463.30,1021.51,825.24,1792.179024,0.047692
300,5,859.12,7394.81,10433.88,1157.21,563.02,1318.833762,0.041583
300,5,1006.30,8824.83,12575.39,1316.47,640.48,1793.613844,0.049325
300,5,743.45,6818.57,10533.65,1655.35,736.24,1323.499101,0.049642
300,5,992.26,8805.29,12849.58,1631.48,751.12,1661.686621,0.045824
300,5,1106.26,10444.51,14376.98,1357.85,800.93,1773.687032,0.051090
300,5,1200.12,12075.00,15968.61,1323.35,814.26,1756.006315,0.050622
300,5,772.10,7980.56,11962.42,1476.98,842.70,1662.169769,0.050077
300,5,793.72,8388.09,12070.45,1021.11,659.49,2001.762698,0.042479
300,5,1148.88,9967.28,14655.07,1818.71,854.07,2015.012142,0.044434
300,5,788.29,7301.48,10967.49,1297.84,624.29,1743.879399,0.039219
300,5,856.26,10331.71,13889.29,1155.99,728.64,1672.945921,0.044177
300,5,928.87,8598.42,12267.91,1476.47,654.83,1538.197949,0.041120
300,6,1010.32,7748.42,11749.61,1775.82,766.08,1459.289463,0.052920
300,6,725.98,9466.27,12562.59,826.93,639.08,1630.314997,0.053533
300,6,984.25,11522.07,14937.50,913.23,534.16,1968.039691,0.040513
300,6,958.65,10138.13,14144.63,1096.69,742.10,2167.705850,0.050886
300,6,955.15,7516.53,11558.60,1446.73,604.62,1990.724324,0.045054
300,6,1183.28,12076.28,16077.24,1342.01,760.77,1898.172462,0.051010
300,6,1174.01,11794.17,16215.80,1591.34,864.03,1966.256596,0.054050
300,6,1088.33,10149.59,14227.02,1429.78,727.90,1919.757413,0.049887
300,6,1084.29,9434.76,13428.41,1612.36,667.32,1713.967007,0.049890
300,6,1270.12,11421.74,15747.67,1651.46,791.88,1882.580171,0.055013
300,6,1033.24,8290.25,12471.50,1533.38,739.65,1908.218726,0.054790
300,6,1132.65,9658.87,14131.15,1755.49,911.87,1804.931937,0.056756
300,6,1107.35,10698.00,15633.53,1716.50,1034.63,2184.397880,0.058602
300,6,1108.56,10563.30,14909.67,1736.09,745.37,1864.908697,0.048882
300,6,664.48,9449.19,12475.33,724.50,719.05,1582.589172,0.052316
300,6,810.74,6882.30,10777.51,1634.13,747.08,1514.004509,0.054712
300,6,938.52,8576.71,12341.49,1436.53,716.13,1612.127311,0.046862
300,6,1309.57,10544.30,15488.66,2015.02,841.81,2087.538365,0.052058
300,6,807.07,7704.15,11897.90,1699.16,952.86,1541.731770,0.059125
300,6,1286.75,10942.01,15535.36,1648.31,804.80,2140.234179,0.054069
300,6,1023.75,8206.69,12251.52,1717.95,763.47,1563.417222,0.049508
300,6,872.03,9401.48,12893.35,1023.43,732.34,1736.102926,0.049094
300,6,1126.65,9199.29,13930.29,1797.46,793.70,2139.841130,0.050066
300,6,1383.55,11910.36,17216.40,2144.67,952.32,2209.052298,0.052049
300,6,1228.97,11983.74,16070.40,1523.31,688.65,1874.694050,0.046067
300,6,915.37,8704.04,12487.10,1060.22,627.79,2095.055446,0.050763
300,6,1165.12,11002.95,15290.94,1396.39,824.91,2066.695328,0.054863
300,6,941.29,8747.81,13729.30,2084.63,966.08,1930.778206,0.054105
300,6,794.86,8068.03,11988.86,1284.31,810.75,1825.772785,0.058625
300,6,1227.53,9728.50,14574.12,1939.56,935.87,1970.192719,0.055466
300,6,1032.90,9269.40,13738.07,1682.95,759.71,2026.011927,0.051111
300,6,1155.24,12297.94,16639.01,1265.41,847.31,2228.356850,0.057365
300,6,896.64,7218.53,11178.00,1462.92,713.67,1782.866654,0.051164
300,6,791.24,8621.78,12315.09,1120.10,628.52,1944.686203,0.045665
300,6,876.61,8702.84,12920.40,1578.42,884.60,1754.547533,0.050558
300,6,990.09,8829.41,12914.08,1446.06,738.62,1899.985211,0.049231
300,6,1198.28,10342.73,15169.77,1911.65,824.00,2091.387578,0.051380
300,6,1028.66,10779.41,14899.26,1298.67,640.20,2180.979431,0.053444
300,6,1182.68,7571.51,12988.37,2366.00,1017.16,2033.688129,0.069375
300,6,1195.90,10848.71,14782.98,1310.48,752.56,1871.221151,0.057017
300,6,1009.33,10133.73,13921.49,1354.52,763.11,1670.119692,0.047869
300,6,1101.34,9255.76,13675.11,1605.43,889.09,1924.825213,0.086435
300,6,872.81,8686.74,12144.62,1141.69,703.43,1612.760302,0.054279
300,6,1329.74,11068.81,15796.93,1834.24,972.93,1920.943584,0.058422
300,6,1238.07,12290.77,16763.81,1685.44,1009.64,1777.966853,0.054647
300,6,1121.88,9467.90,14313.22,1895.79,921.29,2028.243055,0.056620
300,6,1062.43,8845.61,13028.85,1443.98,778.00,1961.262768,0.051098
300,6,1256.88,11719.77,16065.52,1659.97,772.96,1912.816953,0.051400
300,6,1015.88,9241.80,13588.24,1518.07,773.53,2054.829345,0.050586
300,6,1000.99,10091.62,14530.72,1763.46,845.52,1830.116785,0.049021
300,6,1177.86,9906.60,13946.34,1485.93,713.19,1840.622376,0.050137
300,6,902.30,8711.56,12670.93,1300.57,872.78,1786.026392,0.057596
300,6,1177.45,10408.93,14906.74,1718.40,842.93,1936.487657,0.050228
300,6,980.14,10022.14,13839.70,1259.70,744.96,1812.888293,0.051951
300,6,1010.62,8420.37,12779.92,1796.32,780.69,1782.538485,0.050048
300,6,1170.50,10185.99,14469.03,1505.13,748.21,2029.706657,0.054332
300,6,877.27,8072.37,11824.69,1385.84,692.68,1673.796732,0.049227
300,6,742.73,6759.01,10444.40,1297.88,714.65,1672.856901,0.056364
300,6,931.94,7887.73,12270.64,1587.63,934.57,1860.708530,0.059019
300,6,966.14,8200.56,12374.47,1528.43,745.52,1899.956254,0.049719
300,6,977.43,7393.38,12085.85,1989.88,909.88,1792.717871,0.051418
300,6,1178.14,10050.55,14374.54,1736.09,810.21,1777.689191,0.057066
300,6,923.29,7803.52,11632.60,1306.53,705.74,1816.813369,0.051077
300,6,1128.26,11233.78,15352.39,1429.55,839.37,1849.683386,0.056207
300,6,947.63,7615.02,11466.65,1627.06,766.91,1457.659611,0.054181
300,6,906.66,7833.08,11616.44,1418.43,702.46,1662.463154,0.050966
300,6,1017.92,10393.62,14533.64,1483.30,870.59,1786.131890,0.052587
300,6,1112.15,10255.16,15012.20,2102.64,979.18,1675.215221,0.056011
300,6,800.07,8640.19,12744.40,1379.83,784.89,1939.488183,0.049148
300,6,841.77,11153.55,14887.15,855.85,738.91,2138.837566,0.051249
300,6,979.72,8817.66,13082.61,1450.62,828.99,1985.335682,0.056292
300,6,1036.16,8693.22,12857.64,1665.09,731.37,1767.958177,0.047487
300,6,1260.29,10872.05,15518.55,1892.00,885.69,1868.812739,0.057376
300,6,1069.85,8946.30,13822.62,1916.81,1058.00,1901.512276,0.056343
300,6,1359.86,11090.87,16428.94,2062.85,1054.58,2220.633629,0.055730
300,6,1177.52,9590.41,14193.16,1793.04,931.55,1878.156799,0.053036
300,6,1161.65,7666.33,13026.45,2405.37,1051.57,1903.179110,0.053814
300,6,1270.33,11781.81,16089.22,1418.30,793.67,2095.440502,0.052570
300,6,969.11,9803.42,13740.38,1413.22,640.79,1882.956492,0.050814
300,6,1114.28,11360.72,15531.49,1325.79,819.81,2025.177995,0.053714
300,6,990.14,12564.75,16042.29,795.31,649.62,2032.624243,0.049649
300,6,1275.49,12018.42,16558.41,1511.13,997.58,2031.281046,0.055667
300,6,1041.16,10691.55,15262.71,1577.68,911.62,2081.858826,0.051744
300,6,1022.84,9738.84,13593.85,1413.56,643.46,1797.991640,0.048505
300,6,1192.70,10407.91,14382.59,1383.62,746.35,1844.708343,0.052798
300,6,860.86,7974.63,11957.49,1523.56,826.88,1632.417635,0.051351
300,6,1073.75,10427.15,14725.32,1390.28,748.69,2159.208035,0.053686
300,6,1146.71,11736.93,15944.78,1456.99,734.29,2016.569236,0.052578
300,6,961.11,8148.81,11972.70,1573.79,719.33,1530.759921,0.052660
300,6,1030.89,10432.85,14466.19,1351.54,761.67,1920.127122,0.051387
300,6,1020.86,7806.34,12435.97,1980.61,985.24,1663.778005,0.055197
300,6,1144.87,9487.02,14179.03,1793.00,879.32,2019.689532,0.067934
300,6,1215.50,11989.91,16652.18,1738.71,834.72,2088.838044,0.050959
300,6,977.20,11269.46,15010.40,988.53,719.87,2032.542546,0.052548
300,6,1110.45,9550.47,14409.13,1786.96,1057.99,2013.707393,0.063955
300,6,1129.30,11889.85,15862.53,1207.79,702.73,2062.156634,0.051152
300,6,1310.58,12867.38,17019.69,1338.63,710.91,2102.774923,0.051127
300,6,908.19,9844.07,13597.97,1209.79,680.93,1863.170990,0.050162
300,6,1007.08,10130.14,14463.75,1444.02,825.20,2064.396007,0.049600
300,6,950.15,8841.81,13091.83,1619.14,893.63,1737.243266,0.052397
300,7,1399.21,12411.21,16931.46,1838.08,939.74,1742.432522,0.062143
300,7,1134.95,9752.26,14280.44,1722.96,907.48,1897.742747,0.060056
300,7,1102.02,11451.90,16016.16,1449.71,810.77,2303.781712,0.054327
300,7,1182.07,9349.58,14455.80,1845.62,926.49,2334.113554,0.059573
300,7,1356.73,9834.90,15664.61,2446.52,1100.83,2282.364109,0.069581
300,7,935.59,8783.39,13171.05,1402.88,919.91,2064.878643,0.064976
300,7,1358.90,14006.34,18594.54,1618.49,901.99,2067.714664,0.058515
300,7,1055.61,7976.29,13611.53,2195.31,1301.61,2138.321135,0.069136
300,7,881.68,7610.44,11503.91,1666.88,677.33,1549.266186,0.049110
300,7,1104.08,9443.91,14268.31,1730.62,887.18,2206.600812,0.057619
300,7,948.91,6550.21,11390.89,2154.73,996.70,1689.251793,0.065078
300,7,1261.69,10072.57,15637.55,2216.51,1157.03,2191.431351,0.072000
300,7,1563.73,14028.30,19315.21,1763.69,1020.49,2502.731763,0.059894
300,7,1015.62,9237.96,13704.31,1653.75,792.02,2020.586240,0.057795
300,7,855.72,9422.28,13359.80,1304.16,855.79,1777.575764,0.059852
300,7,1090.63,11142.62,15353.95,1502.74,799.52,1909.061213,0.056613
300,7,1151.50,9985.29,14990.45,2027.16,1019.67,1958.327131,0.060767
300,7,1352.09,10657.02,15827.57,1884.22,970.71,2315.618202,0.063368
300,7,1038.02,7894.72,13219.70,2257.71,1363.26,1704.010005,0.076028
300,7,1070.39,8900.25,13468.07,1514.02,866.52,2187.280882,0.061079
300,7,1148.74,11572.71,15632.72,1527.60,771.50,1760.906808,0.055977
300,7,1018.23,7648.38,12508.22,2059.48,1002.27,1798.091774,0.059806
300,7,1207.14,7747.10,13234.72,2389.64,1068.05,2029.933038,0.067773
300,7,1457.96,14224.91,19422.87,1733.37,915.31,2549.287410,0.056258
300,7,1081.30,9160.40,13986.54,1865.92,987.77,1972.456290,0.061077
300,7,1223.25,9451.18,14987.96,2249.34,1094.69,2192.748602,0.066609
300,7,1164.99,9894.99,14785.95,1693.09,964.52,2233.357706,0.068736
300,7,1011.81,12156.20,16602.24,1395.44,913.47,2137.130007,0.057561
300,7,1173.08,10623.62,15411.52,1742.89,877.16,2167.850561,0.061425
300,7,1004.56,10192.49,14153.90,1100.11,608.77,2252.537288,0.051189
300,7,1188.64,11273.39,15899.71,1612.54,802.14,2211.644428,0.053372
300,7,1398.85,14475.36,19180.08,1554.10,875.72,2274.906382,0.062396
300,7,1151.19,9282.43,13941.65,1922.64,963.43,1773.158156,0.062411
300,7,1317.03,9636.55,15609.06,2619.24,1249.55,2103.720690,0.064867
300,7,941.91,6624.29,11234.99,1932.51,900.16,1778.032848,0.058338
300,7,1059.50,8904.29,13352.54,1721.82,775.10,1951.331442,0.055970
300,7,1172.30,9191.67,14685.81,2062.37,1215.41,2216.362632,0.073489
300,7,952.41,9038.63,13383.48,1276.64,840.50,2227.705692,0.052951
300,7,1305.97,10426.75,16658.30,2670.92,1214.22,2346.410628,0.081852
300,7,1038.86,8316.51,13350.52,2031.11,1136.26,1866.639907,0.080153
300,7,990.34,8895.41,14022.22,2238.99,1121.93,1765.884517,0.073022
300,7,1317.57,11764.86,16229.75,1635.30,887.14,1942.440885,0.061335
300,7,1186.74,11336.11,15744.33,1652.84,897.87,1857.517001,0.059256
300,7,962.93,7135.75,11887.17,1882.32,915.92,1953.172586,0.062176
300,7,1056.59,8008.15,13115.30,2056.38,1003.46,2047.310458,0.062880
300,7,1338.61,11254.36,16689.32,2185.49,1167.26,2082.218323,0.071461
300,7,1270.77,13251.20,17499.52,1269.97,678.49,2299.857009,0.051250
300,7,1135.13,9432.89,14000.52,1640.60,874.91,2052.117286,0.058500
300,7,1063.16,11036.77,15763.89,1462.75,973.66,2290.707403,0.069763
300,7,1151.03,8415.38,14144.36,2634.18,1131.72,1963.075531,0.063974
300,7,1018.06,8562.97,13308.21,1747.23,945.81,2052.201430,0.060573
300,7,870.36,6740.88,11374.09,1833.97,1045.56,1753.674422,0.068354
300,7,903.57,8666.62,12211.29,830.20,512.86,2201.597210,0.047525
300,7,1413.51,14490.63,18429.69,1154.22,701.55,2083.285150,0.054339
300,7,1340.46,12514.56,17439.77,1828.81,892.52,2203.872269,0.053562
300,7,1129.35,8082.99,12942.35,1884.69,915.83,2058.849275,0.066120
300,7,1246.76,10091.87,15052.64,2001.32,1007.89,1951.549998,0.064766
300,7,1197.87,11192.43,15554.05,1680.36,843.31,1837.954985,0.059766
300,7,977.35,9456.98,13768.45,1539.07,822.43,1949.961107,0.056482
300,7,1088.77,9251.75,13855.71,1828.72,907.41,1867.822520,0.061067
300,7,1503.30,10950.51,15927.16,1990.33,805.84,2180.476218,0.054221
300,7,1258.38,9115.73,14590.78,2380.07,1046.03,2048.961612,0.061017
300,7,1001.69,9981.57,14198.72,1486.55,883.28,1847.320520,0.057850
300,7,1063.34,8064.80,13054.85,1961.10,1056.39,1972.549561,0.067204
300,7,1093.55,12102.25,15981.68,1390.60,786.52,1702.310016,0.055961
300,7,1043.83,8668.68,12932.16,1609.28,867.38,1786.821729,0.062481
300,7,1044.77,10716.97,15267.44,1700.58,886.35,1963.539059,0.052749
300,7,1354.77,11224.93,16360.89,2108.35,983.06,2044.540292,0.064210
300,7,1079.81,9721.80,14339.14,1749.83,902.47,1965.031944,0.060555
300,7,1227.69,10188.95,15107.13,1667.14,869.99,2381.046780,0.060741
300,7,1410.01,11890.89,16903.84,1839.84,858.82,2314.293619,0.057069
300,7,1044.12,9112.42,13749.16,1795.32,913.36,1928.071295,0.058497
300,7,1122.20,8863.48,13818.36,1828.50,816.20,2310.173071,0.057665
300,7,1031.96,10261.21,15334.27,1989.81,1116.98,1966.263130,0.063126
300,7,1245.55,11072.09,16023.89,1710.63,892.16,2349.014493,0.056273
300,7,1167.67,10757.28,15604.26,1714.55,965.34,2167.084572,0.059123
300,7,1103.70,10102.97,14841.65,1775.47,947.69,2015.526121,0.062490
300,7,1301.18,13366.07,17992.62,1322.86,973.48,2330.207828,0.056860
300,7,1038.83,7147.12,11916.34,1831.33,953.62,1984.259504,0.073173
300,7,1199.89,9909.10,14516.48,1541.24,775.84,2290.293672,0.059361
300,7,1050.97,9330.63,14895.81,2144.20,1165.88,2255.101332,0.069738
300,7,1346.65,10902.34,16588.93,2434.58,1065.45,2186.554727,0.059490
300,7,1069.61,8792.86,13886.43,2034.98,988.41,2070.174997,0.066282
300,7,873.94,10280.10,14487.91,1458.96,908.36,1840.486335,0.059138
300,7,1360.37,11029.02,16594.83,2158.31,1179.61,2227.894125,0.066083
300,7,904.01,7849.10,12690.47,1816.67,1205.72,1818.985363,0.086203
300,7,1073.80,8103.32,12874.03,1835.06,828.33,2107.317160,0.058816
300,7,1116.28,9129.00,14138.09,1689.80,878.51,2440.776845,0.055329
300,7,981.83,7481.06,11491.36,1690.76,741.71,1577.831855,0.055914
300,7,930.51,10286.85,15012.51,1611.28,1003.84,2110.541661,0.063531
300,7,1034.67,7989.54,12937.22,2175.01,923.66,1849.014352,0.060502
300,7,1024.20,8846.69,14184.95,2134.44,1118.80,2085.019486,0.067274
300,7,1027.75,8361.35,13671.32,2055.33,1023.50,2231.141423,0.066148
300,7,1239.07,11003.67,15685.55,1645.23,914.66,2121.988815,0.060085
300,7,1620.42,13441.82,19070.39,2170.89,1051.17,2406.513825,0.067415
300,7,950.42,10094.82,14162.31,1049.20,754.69,2263.612761,0.054687
300,7,910.92,10590.25,15349.44,1570.47,879.36,2309.362892,0.051370
300,7,772.04,9117.55,12725.48,909.07,798.99,1899.872827,0.057452
300,7,959.67,9357.20,13876.93,1499.96,938.63,2081.137436,0.062613
300,7,1139.13,8846.12,13834.92,2033.21,999.87,1955.715246,0.062289
300,8,927.97,5870.65,11651.31,2804.99,1174.46,1801.217719,0.073563
300,8,1157.35,10216.16,14710.58,1594.19,867.33,2032.905001,0.066958
300,8,1173.52,10523.97,15635.01,1918.24,926.28,2266.524424,0.058859
300,8,1314.39,11682.27,16605.11,1683.17,868.87,2370.797401,0.070857
300,8,1068.58,9603.32,14546.07,1644.21,944.23,2354.313290,0.063929
300,8,1313.65,9661.55,15286.12,2257.36,1191.78,2175.435954,0.075608
300,8,1360.43,13291.28,18180.45,1603.80,969.36,2316.013697,0.063377
300,8,1148.83,7805.72,13735.24,2425.27,1251.59,2252.666618,0.080994
300,8,1094.79,9293.65,13899.05,1893.00,901.81,1810.579373,0.061566
300,8,1286.73,7687.14,14198.33,2930.05,1386.11,2195.022518,0.078510
300,8,1061.99,7197.50,12584.92,2527.15,1064.35,1795.925877,0.070676
300,8,1199.00,11234.38,16135.24,1720.26,991.64,2188.951636,0.069618
300,8,1200.46,8973.63,14317.32,1811.14,926.31,2606.234009,0.071251
300,8,1273.13,11044.91,16372.80,1998.24,967.76,2361.887512,0.061261
300,8,1030.50,10791.61,15046.11,1488.68,837.90,1927.924269,0.064566
300,8,978.59,9245.05,13650.78,1619.91,890.98,1894.840458,0.065378
300,8,1368.59,11997.41,16947.58,1975.86,913.06,2061.241818,0.059837
300,8,1066.78,8461.31,12784.42,1277.49,724.76,2320.870560,0.061580
300,8,992.55,9933.53,14162.46,1222.60,881.83,2124.517053,0.065910
300,8,1232.37,10253.62,15338.50,1759.92,893.03,2431.930845,0.070514
300,8,1084.46,9749.12,14755.03,1760.97,1107.55,2137.390325,0.067414
300,8,1170.97,11016.71,16190.46,1963.52,1112.65,2097.576988,0.068885
300,8,1391.35,11411.46,17203.66,2429.47,1239.42,2123.306949,0.076239
300,8,1078.20,8318.75,13211.88,1751.84,949.51,2191.787557,0.066363
300,8,1560.80,14187.93,19186.16,1855.67,870.64,2271.926541,0.059448
300,8,1110.57,9186.91,14146.53,1811.29,894.49,2253.836008,0.060766
300,8,1208.25,12256.56,17363.75,1817.76,948.61,2340.828292,0.065898
300,8,1174.10,11003.76,17535.33,2835.50,1344.31,2351.760598,0.074897
300,8,1662.33,10987.83,17389.64,2914.14,1190.87,2296.803861,0.072256
300,8,1030.68,8187.46,13234.62,1904.31,1003.20,2139.655985,0.084533
300,8,1500.08,12980.50,17781.90,1767.17,843.24,2190.990744,0.061609
300,8,1538.43,11503.71,17797.56,2613.23,1198.72,2481.907595,0.071389
300,8,1268.73,10748.31,15736.86,1912.97,994.25,2081.335521,0.066668
300,8,1207.17,9440.23,15191.67,2536.70,1259.49,1955.243775,0.076297
300,8,950.13,8044.71,12484.04,1594.46,935.27,1909.597909,0.070399
300,8,1046.65,7644.87,13176.98,2261.50,1137.68,2132.936027,0.064632
300,8,1212.26,11622.41,16826.03,1965.89,984.26,2253.468962,0.071184
300,8,1258.04,11284.45,16389.31,1767.51,935.82,2401.526567,0.063961
300,8,964.79,7565.56,13923.61,2659.60,1434.20,2264.257644,0.081278
300,8,1240.48,9450.60,14835.90,2205.03,1081.83,2098.435331,0.078193
300,8,1055.84,9541.01,14369.37,1926.93,938.45,1962.983728,0.066106
300,8,1432.06,10960.33,16976.25,2682.55,1295.77,2037.590749,0.069144
300,8,1052.32,8838.82,13757.17,1734.85,940.93,2242.569748,0.065459
300,8,1240.84,9432.75,14856.41,2127.77,1085.32,2210.566653,0.077136
300,8,1156.83,9204.36,14715.37,2029.08,1193.41,2288.507655,0.106416
300,8,1316.00,11609.64,16278.47,1746.46,837.32,2085.054442,0.073158
300,8,1237.80,9855.15,15050.65,1868.54,1009.43,2317.524054,0.078743
300,8,1168.15,8445.98,13420.12,1955.72,961.49,2056.920784,0.072185
300,8,1479.39,13074.07,18618.31,1826.19,1142.04,2576.009491,0.077832
300,8,1330.63,9073.83,15274.77,2717.47,1231.73,2251.739329,0.075183
300,8,1032.84,7261.75,11807.09,1826.05,808.34,1910.952299,0.057236
300,8,1282.35,10211.44,15988.31,2524.44,1114.73,2137.703182,0.076870
300,8,1237.70,9698.05,15562.46,2418.90,1084.18,2361.322893,0.068797
300,8,1262.26,9952.20,14852.07,1791.14,917.32,2191.415880,0.069031
300,8,1209.84,10244.35,15730.95,2039.81,1037.04,2409.749109,0.066478
300,8,1461.70,11805.11,17519.85,2300.34,1287.14,2127.256262,0.078971
300,8,1458.02,11604.51,16799.84,2077.56,951.44,2166.329476,0.059933
300,8,1058.24,9349.14,13919.05,1696.60,1015.97,1857.340004,0.065978
300,8,1177.05,10910.12,15378.53,1406.12,940.23,2122.057240,0.069203
300,8,1136.61,9323.14,14234.20,1890.79,1011.72,2008.559034,0.071679
300,8,1118.15,8744.45,14750.67,2515.88,1154.97,2335.377389,0.074453
300,8,1216.02,11498.81,16505.22,1893.06,1047.16,2066.198710,0.072311
300,8,1215.57,11805.51,16950.52,1919.83,1136.66,2088.519285,0.072957
300,8,1364.37,10184.87,15379.06,2036.76,1025.57,2131.850044,0.065482
300,8,1091.24,9720.23,13915.73,1427.15,800.78,1967.573733,0.062638
300,8,1219.12,10847.18,15556.63,1806.78,960.77,1941.905623,0.066915
300,8,1012.27,8441.09,13208.63,1813.30,956.65,1997.580121,0.067105
300,8,1333.51,9473.39,15142.27,2565.27,1229.18,1874.428322,0.084963
300,8,1095.24,7687.24,13357.93,2552.81,1190.36,1927.513304,0.070387
300,8,1156.01,10452.09,15380.22,1683.98,1001.81,2242.345800,0.084606
300,8,1076.37,9232.55,15063.66,2132.32,1268.46,2430.334886,0.077992
300,8,1163.18,7057.44,13187.39,2913.92,1251.60,1964.429335,0.072411
300,8,1308.61,12914.91,18232.64,1863.73,1116.97,2337.037000,0.070043
300,8,1058.18,7972.42,13158.61,1980.79,1050.03,2155.374527,0.069662
300,8,1417.33,11155.86,16856.38,2120.48,1260.91,2319.130434,0.072924
300,8,1520.99,12943.86,18916.47,2618.10,1126.96,2227.538491,0.070138
300,8,707.74,8461.14,12548.58,1139.73,891.74,2055.965046,0.072861
300,8,1448.19,12434.63,17431.62,1738.97,946.56,2311.466050,0.079580
300,8,1194.19,10335.21,15809.14,2050.03,1142.56,2281.342798,0.091469
300,8,1829.74,14301.32,19845.91,2042.24,1160.52,2341.833538,0.082877
300,8,1266.58,10773.11,16469.99,2308.66,1194.47,2193.754856,0.083806
300,8,1253.40,8574.54,14701.11,2323.26,1283.79,2519.524711,0.073647
300,8,1205.42,11835.01,16276.89,1430.67,817.57,2193.631819,0.060344
300,8,1063.72,8515.99,13724.78,2196.48,1082.57,1929.738040,0.070625
300,8,1366.00,11291.28,16893.61,2045.90,1175.01,2381.408572,0.068706
300,8,1190.33,8171.11,13903.41,2625.54,1175.19,1931.574724,0.077589
300,8,1309.27,11540.64,16956.96,1924.23,1150.77,2341.319308,0.072808
300,8,1172.34,11519.83,16385.60,1596.50,935.28,2333.990810,0.057258
300,8,1127.87,8389.86,14111.75,2481.76,1333.93,1906.203058,0.075864
300,8,1183.44,11150.22,16214.12,1728.81,926.34,2408.745429,0.062874
300,8,1117.03,9618.02,14770.00,2153.47,1088.97,1909.538902,0.071178
300,8,1290.71,11210.32,16187.52,1866.62,955.08,2155.494405,0.064914
300,8,1546.34,12230.42,18015.34,2280.45,1111.48,2392.997593,0.076644
300,8,999.45,9107.48,13993.74,1679.76,1046.92,2159.580842,0.070404
300,8,1336.68,9897.79,16035.33,2480.57,1165.34,2491.634316,0.075210
300,8,1018.06,9013.91,13277.21,1222.49,748.34,2292.468360,0.061451
300,8,1196.77,8809.11,14493.68,2395.64,1099.60,2189.325326,0.062318
300,8,1218.10,11998.90,16757.24,1616.23,977.19,2164.915905,0.064972
300,8,1089.93,10337.82,15001.93,1619.56,974.90,2069.643807,0.070954
300,8,1129.30,9879.16,14451.27,1731.15,918.09,1922.857414,0.068935
300,9,1082.80,7960.05,13532.17,2320.68,1125.86,2125.571181,0.079146
300,9,1316.17,8657.39,14523.12,2577.68,1223.14,2064.910463,0.079955
300,9,1316.57,11487.17,17242.30,2430.38,1230.97,2093.771254,0.073730
300,9,1485.80,10799.12,16703.36,2439.11,1126.51,2338.623518,0.070575
300,9,1394.36,15351.76,20301.36,1509.81,922.07,2517.719182,0.063745
300,9,1111.95,7715.43,14052.70,2499.68,1457.01,2380.574979,0.094641
300,9,1281.30,10426.90,16144.47,2171.33,1160.37,2385.867225,0.081462
300,9,1442.19,14557.45,20392.18,2137.26,1177.18,2520.297123,0.077343
300,9,1234.06,8501.15,13789.88,2342.32,1080.33,1866.077609,0.069907
300,9,1257.68,7875.03,14629.61,3183.29,1384.91,2186.369768,0.099522
300,9,1327.81,9661.75,15437.92,2743.90,1169.91,1862.365451,0.075170
300,9,1011.86,7883.75,12494.14,1552.60,905.99,2151.806287,0.073510
300,9,1609.61,12485.02,18596.38,2254.68,1165.37,2691.312856,0.081375
300,9,1712.24,13655.56,19518.89,2506.32,1128.23,2228.782895,0.071349
300,9,1266.24,8541.40,14548.86,2469.21,1346.92,2191.317132,0.082333
300,9,937.27,5849.94,12036.29,2825.38,1306.96,2054.015181,0.087506
300,9,1103.56,7530.50,13071.94,2199.78,1116.71,2224.943315,0.080193
300,9,1290.21,10263.19,16154.53,2492.90,1198.72,2199.732473,0.079626
300,9,1285.87,10607.26,16869.62,2518.74,1421.42,2322.198819,0.091760
300,9,1128.93,7977.63,13456.64,2257.56,1009.93,2211.518805,0.067413
300,9,1066.76,7220.79,12726.80,2390.59,1264.96,1850.456704,0.084381
300,9,1196.92,7932.15,14489.77,3040.03,1299.01,2218.585509,0.074398
300,9,1481.55,10535.72,16351.53,2339.94,1175.74,2300.124821,0.079530
300,9,1443.70,11398.10,17643.39,2517.59,1312.21,2415.487183,0.087877
300,9,1310.32,9164.84,15158.06,2413.82,1208.43,2370.972286,0.079354
300,9,1591.43,11831.33,18059.21,2608.76,1286.86,2332.256093,0.082659
300,9,1328.84,13005.86,18767.45,1991.00,1017.11,2753.484436,0.069077
300,9,1127.38,9582.67,15157.48,2340.69,1132.97,2101.150447,0.073709
300,9,1611.53,11480.67,18053.69,2724.68,1229.92,2618.414112,0.080211
300,9,1309.99,10565.85,16784.15,2660.50,1245.32,2312.480198,0.073975
300,9,1336.81,10858.84,16445.32,2189.85,1145.79,2250.835792,0.076734
300,9,1600.45,13973.64,19661.07,1901.95,1089.51,2695.970193,0.079055
300,9,1143.72,8876.82,14585.53,2226.26,1135.22,2347.233125,0.079178
300,9,1188.42,8169.90,14750.02,3002.24,1403.01,2174.861759,0.084447
300,9,1084.57,7349.57,13083.25,2515.90,1162.50,2055.280485,0.082141
300,9,1432.16,9638.77,15959.69,2903.34,1183.69,2233.884558,0.069972
300,9,1693.83,13883.91,19717.68,2183.25,1151.58,2498.935697,0.079562
300,9,1649.35,12483.13,18481.38,2236.45,1160.89,2600.914488,0.076250
300,9,1329.27,7910.72,14767.16,3075.79,1372.36,2408.283206,0.081662
300,9,1692.67,14008.56,19747.49,2312.28,1083.15,2343.506944,0.078316
300,9,1207.53,10129.37,14979.02,1796.10,955.54,2098.010926,0.070838
300,9,1335.90,7800.89,13974.48,2771.46,1135.78,2266.355333,0.074668
300,9,1067.35,6971.39,12695.35,2491.06,1168.23,2064.668007,0.081096
300,9,1429.03,9380.49,15806.90,2900.93,1518.17,2007.320371,0.091930
300,9,928.47,4933.87,11670.90,3219.88,1459.40,2057.737669,0.088776
300,9,1332.41,11074.21,16615.68,2257.77,1062.56,2221.150804,0.084594
300,9,1226.36,10022.29,15252.69,1837.96,981.50,2410.933236,0.073616
300,9,1325.38,9297.34,14762.46,2149.43,1065.46,2250.238816,0.073594
300,9,1241.57,9322.15,15281.61,2263.19,1194.59,2501.683902,0.078167
300,9,1306.26,9858.23,15896.38,2402.73,1186.69,2448.729294,0.085894
300,9,1041.52,7833.83,13677.69,2442.26,1181.19,2220.408995,0.077858
300,9,1511.00,10038.29,17236.78,3425.39,1445.41,2327.692596,0.085120
300,9,1078.54,12409.47,17000.92,1336.80,806.54,2448.115317,0.065453
300,9,1405.57,11959.44,17742.38,2273.58,1204.37,2304.985482,0.078056
300,9,1228.43,8506.37,15627.58,3259.13,1534.50,2327.572735,0.086920
300,9,1590.46,11976.37,18213.04,2477.54,1243.73,2515.401792,0.077596
300,9,1440.55,11527.21,17094.09,2324.51,1065.52,2176.851821,0.069995
300,9,1176.52,9513.79,15004.15,2202.59,1214.63,2073.147276,0.087499
300,9,1174.68,8969.32,14462.14,2158.25,1107.70,2226.877139,0.080322
300,9,1280.82,8940.49,14658.38,2541.58,1290.46,1885.839607,0.080516
300,9,1243.10,10295.15,16444.04,2380.11,1264.52,2504.269861,0.071298
300,9,1145.45,9396.43,14588.63,2014.08,1073.72,2104.403700,0.074896
300,9,1152.84,9910.26,15482.59,2122.92,1165.06,2284.345873,0.082039
300,9,1018.54,8621.34,13748.35,1824.06,1056.62,2246.322713,0.079533
300,9,1253.60,9882.16,15431.92,2213.54,1193.87,2142.347757,0.088166
300,9,1215.60,9643.41,14965.49,2099.05,1000.40,2222.641086,0.067610
300,9,1526.99,13631.72,19016.58,1955.56,1098.44,2330.854363,0.076686
300,9,1092.55,6756.69,13356.97,2945.57,1543.16,2111.545128,0.091421
300,9,1337.36,10835.74,16365.48,2301.26,1096.64,2131.839256,0.073008
300,9,1435.35,9488.39,16102.21,2849.15,1269.27,2495.401805,0.080617
300,9,1474.67,12038.17,18571.60,2568.54,1290.71,2674.183507,0.085020
300,9,1326.34,9907.87,16386.81,2747.89,1367.54,2363.520830,0.075955
300,9,1494.43,11493.07,17810.91,2739.96,1332.69,2245.191379,0.080866
300,9,1211.45,9399.36,14820.41,1932.48,985.11,2503.453579,0.065876
300,9,1500.61,11995.12,17483.06,1981.66,1113.62,2392.657054,0.070395
300,9,1348.64,9753.63,16043.82,2775.96,1188.17,2326.059901,0.078763
300,9,1056.91,7661.15,13723.92,2569.39,1246.21,2247.178372,0.084564
300,9,1351.08,13111.80,18315.16,1699.17,1101.46,2402.730245,0.081578
300,9,1107.55,12030.14,17214.49,1566.87,1219.46,2398.016797,0.081814
300,9,1297.88,12279.55,17323.70,1637.12,867.14,2539.884421,0.067695
300,9,1413.62,9581.85,16340.97,3047.97,1336.15,2375.002849,0.084525
300,9,1393.72,11411.93,16944.70,2040.54,1164.89,2327.340631,0.083949
300,9,1142.47,12099.90,16871.47,1336.48,961.35,2473.737648,0.071775
300,9,1361.41,11028.37,16933.57,2441.57,1310.89,2152.747671,0.098582
300,9,1341.74,8105.46,15094.40,3158.48,1437.10,2393.357672,0.081971
300,9,1266.64,10960.94,15834.58,1737.99,1066.73,2068.916843,0.077486
300,9,1328.83,11830.92,17869.69,2263.03,1244.33,2531.418106,0.078531
300,9,1294.81,11618.35,17287.94,2125.88,1207.23,2336.478600,0.084265
300,9,1334.15,10952.34,16916.23,2829.84,1232.63,1901.426999,0.076035
300,9,1343.61,10725.75,16726.12,2485.83,1124.60,2389.942588,0.073276
300,9,1427.83,11881.94,17548.23,2487.79,1126.60,2051.901722,0.070182
300,9,1165.34,9334.00,15468.46,2429.84,1314.65,2389.971942,0.084506
300,9,1539.41,13901.89,19156.01,1727.55,1049.74,2476.830565,0.075484
300,9,1254.76,11710.82,17426.70,2085.86,1354.10,2275.921798,0.090703
300,9,1495.80,13652.68,19893.68,2475.13,1346.59,2419.290651,0.083850
300,9,952.49,8556.51,12981.52,1325.13,844.58,2255.296099,0.066260
300,9,1294.72,11990.53,18020.52,2372.36,1144.97,2512.663910,0.070584
300,9,1227.40,8319.73,14878.63,2831.92,1407.75,2319.229876,0.083104
300,9,1340.94,10348.36,15905.42,2117.26,1148.57,2291.219327,0.080434
300,9,1039.92,8120.42,13360.40,2134.02,1086.48,2019.473881,0.079648
300,10,1135.06,5952.04,12611.47,3190.37,1339.41,2129.643759,0.088936
300,10,1124.76,6115.00,13111.50,3425.15,1408.86,2162.490539,0.086180
300,10,1447.76,9455.46,16008.83,2984.28,1237.53,2331.564439,0.081127
300,10,1318.65,11930.42,17304.09,1743.12,1084.62,2545.932552,0.076129
300,10,1484.21,11950.49,18030.86,2503.50,1235.64,2341.225370,0.078972
300,10,1111.40,6927.78,13781.32,2846.86,1548.04,2458.646533,0.103352
300,10,1255.22,7307.77,14607.55,3316.35,1533.65,2449.768309,0.093319
300,10,1099.77,8520.13,14391.96,2347.70,1085.41,2438.715442,0.086602
300,10,1027.81,6032.42,12817.02,3127.84,1577.01,2079.750438,0.095558
300,10,1292.34,7700.32,14467.96,3134.88,1423.93,2208.829222,0.089675
300,10,1435.03,10726.79,17123.18,2811.21,1312.00,2273.164752,0.086399
300,10,1225.37,9698.70,15425.62,2170.15,1330.32,2226.442084,0.091411
300,10,1356.22,11976.81,17577.75,2003.59,908.48,2688.875471,0.071941
300,10,1165.60,7093.54,14088.73,3248.44,1518.55,2228.200443,0.090363
300,10,1321.20,10110.63,16073.64,2443.66,1362.78,2156.580018,0.093002
300,10,1224.86,9665.98,15504.73,2294.59,1153.27,2390.896211,0.082367
300,10,1145.55,9188.36,15499.32,2880.63,1276.43,2153.897717,0.095150
300,10,1756.44,11946.60,19419.39,3536.08,1463.16,2473.547093,0.099358
300,10,1326.67,11503.28,17055.13,1825.73,1095.68,2630.437555,0.095368
300,10,1172.87,8076.01,14187.60,2585.40,1123.95,2402.243789,0.076896
300,10,1332.07,9020.61,15971.62,3143.59,1468.29,2339.136431,0.094244
300,10,1281.98,8541.92,14905.67,2734.50,1333.41,2295.842799,0.096580
300,10,1411.67,11305.11,17301.68,2397.35,1172.83,2426.383874,0.092452
300,10,1350.94,9377.73,16051.52,2772.58,1378.99,2522.210757,0.124008
300,10,1482.66,10402.31,17014.01,2869.76,1388.63,2353.314867,0.088613
300,10,1318.00,8271.13,14834.27,2744.37,1260.30,2558.467182,0.086721
300,10,1214.30,6133.07,13425.87,3270.98,1435.19,2586.632645,0.091976
300,10,1607.76,11798.40,18149.17,2548.72,1281.31,2520.739063,0.085168
300,10,1772.89,14626.05,21321.52,2661.86,1310.50,2723.105711,0.082890
300,10,1487.95,12548.45,18345.42,2189.58,1168.92,2438.472773,0.080841
300,10,1436.79,11730.00,17455.52,2091.69,1129.41,2504.419671,0.073032
300,10,1318.93,9316.95,15977.06,2481.06,1339.69,2839.351603,0.091282
300,10,1263.57,9459.68,15610.94,2582.08,1248.46,2320.722130,0.087471
300,10,1218.19,7094.39,13164.92,2573.03,1215.33,2282.179854,0.086365
300,10,1091.26,8081.93,13743.91,2263.63,1273.59,2124.754047,0.089795
300,10,1543.86,10712.47,17865.94,3295.89,1469.56,2388.023750,0.085210
300,10,1151.40,8854.13,15331.32,2700.29,1362.92,2413.985014,0.090050
300,10,1309.46,11261.50,16808.90,2007.59,1072.66,2467.156217,0.074842
300,10,1511.62,11554.81,18238.21,2763.18,1325.54,2594.684612,0.086849
300,10,1317.65,8774.24,15045.29,2621.56,1311.32,2338.167074,0.096431
300,10,1333.76,9002.23,15333.10,2875.67,1243.29,2211.917847,0.081286
300,10,1407.53,8582.31,15107.01,2814.86,1245.45,2464.395511,0.080851
300,10,1134.70,6993.08,13582.04,2996.00,1287.68,2305.279683,0.086451
300,10,1323.13,10245.90,15854.99,2113.57,1064.78,2430.745940,0.078240
300,10,1131.28,6738.40,13336.94,3075.47,1356.64,2166.426650,0.087201
300,10,1522.93,10226.30,17012.46,2919.47,1299.93,2566.766483,0.086274
300,10,1228.05,9088.12,15116.38,2319.81,1222.98,2485.474707,0.087155
300,10,1391.95,12098.39,17514.28,1951.10,1223.70,2241.088341,0.085869
300,10,1449.69,11345.33,18149.67,2575.01,1456.43,2772.905715,0.101042
300,10,1670.36,12382.45,19060.73,2783.54,1279.65,2615.100691,0.082488
300,10,1391.13,9954.27,15881.03,2519.72,1159.57,2247.473470,0.085965
300,10,1180.91,7703.97,14195.42,2808.21,1283.32,2399.919369,0.097269
300,10,1296.49,9961.09,15528.24,2029.81,1187.52,2349.824462,0.089540
300,10,1333.11,10979.49,16737.22,2348.31,1142.02,2267.399275,0.086730
300,10,1389.21,10754.06,16877.57,2509.57,1276.46,2337.472942,0.090136
300,10,2021.35,15454.94,22445.39,2843.90,1216.92,2929.637547,0.079591
300,10,1332.48,11116.93,17137.66,2135.03,1237.15,2648.541496,0.087072
300,10,1576.15,14119.51,20223.37,2343.36,1186.35,2574.147621,0.082126
300,10,1162.91,10755.37,16036.14,1794.81,1090.82,2395.139762,0.081796
300,10,1426.32,11426.94,17211.10,2367.02,1128.13,2288.999541,0.081417
300,10,1332.25,8330.59,14592.58,2679.19,1289.35,2293.457597,0.081156
300,10,1053.50,7809.50,13246.81,2048.20,1041.80,2347.318778,0.078080
300,10,1121.77,9277.85,14283.59,1701.88,1025.38,2278.480327,0.081052
300,10,1415.28,11381.27,16779.95,2192.28,1036.97,2169.430467,0.084369
300,10,1276.42,7646.92,14882.81,3584.65,1518.90,2132.338583,0.094209
300,10,1211.67,7981.12,14103.61,2659.68,1183.80,2279.002684,0.083182
300,10,1237.79,10737.88,15829.99,1697.67,929.17,2465.266990,0.073165
300,10,1380.66,9824.02,16066.66,2639.99,1371.65,2231.007042,0.087295
300,10,1201.16,10434.82,16273.14,2126.44,1241.07,2470.808829,0.077621
300,10,1472.21,12129.03,18431.63,2491.54,1132.64,2678.410834,0.077456
300,10,1356.30,9603.95,15741.67,2288.24,1196.29,2653.190424,0.083521
300,10,1193.38,8976.26,15054.34,2621.85,1258.69,2197.537838,0.083526
300,10,1478.86,12284.41,18485.58,2413.08,1316.11,2471.981862,0.088276
300,10,1518.28,12478.23,18295.48,2347.78,1168.62,2300.849085,0.081830
300,10,1545.94,9576.87,17044.89,3436.33,1422.88,2608.810009,0.089064
300,10,1171.71,7637.41,13620.69,2374.74,1227.11,2381.421634,0.089447
300,10,1352.73,10408.89,16183.00,2449.98,1145.36,2178.770016,0.082736
300,10,917.55,7178.04,12784.18,2255.10,1205.66,2145.372017,0.084705
300,10,1487.11,12068.37,18752.61,2582.11,1453.66,2648.465359,0.088852
300,10,1398.12,9283.83,16512.41,3328.81,1573.58,2326.193816,0.090556
300,10,1181.54,7593.92,14169.47,2902.45,1359.00,2314.099254,0.090859
300,10,1544.06,11349.54,17277.83,2263.64,1250.49,2414.163266,0.092250
300,10,1432.02,10738.60,17169.71,2738.73,1354.07,2338.313295,0.085688
300,10,952.46,7894.84,13443.71,2080.94,1350.02,2117.908265,0.097632
300,10,1159.73,8117.88,14367.44,2637.28,1245.28,2366.998371,0.079312
300,10,1203.13,9240.42,15026.46,2326.86,1188.63,2270.551048,0.091894
300,10,1706.07,13431.80,20370.32,2785.94,1385.76,2766.824522,0.095131
300,10,1364.25,10937.48,17020.06,2451.48,1274.93,2356.168549,0.084927
300,10,1450.18,10507.54,16917.92,2916.09,1309.18,2185.103810,0.076927
300,10,1199.98,8588.76,15317.99,2938.73,1458.79,2331.706699,0.092156
300,10,1339.24,10781.19,17073.41,2588.88,1367.71,2335.629974,0.091042
300,10,1434.08,11662.12,17896.15,2445.16,1263.24,2525.627284,0.088203
300,10,1503.64,9865.80,17240.30,3124.04,1556.55,2693.908573,0.093547
300,10,1345.31,8564.59,14994.57,2676.15,1364.27,2389.560129,0.083934
300,10,1748.35,13491.70,20172.92,2679.02,1448.43,2553.761691,0.090400
300,10,1366.53,11165.84,16432.04,2018.10,1038.29,2209.805649,0.078348
300,10,1352.65,10826.36,16858.80,2322.88,1114.81,2594.761360,0.080152
300,10,1295.40,10948.74,16735.74,2192.86,1267.05,2327.090934,0.089447
300,10,1354.09,9273.96,16236.79,3216.50,1506.24,2240.086784,0.099989
300,10,1479.67,9857.34,15830.60,2588.89,1225.49,2158.878926,0.080995
300,11,1117.46,6259.55,12468.81,2757.88,1197.15,2254.226810,0.082214
300,11,1355.55,9600.09,16196.17,2962.01,1520.10,2113.962935,0.100833
300,11,1340.57,9092.80,15805.88,2834.49,1274.67,2603.913228,0.092118
300,11,1581.40,11030.42,18101.19,2912.55,1569.37,2588.850504,0.102683
300,11,1272.07,9081.14,15579.61,2762.77,1346.80,2388.900683,0.088961
300,11,1280.72,8845.61,14845.24,2348.09,1198.45,2453.084817,0.092686
300,11,1422.29,11388.23,18506.81,3036.23,1480.05,2602.300475,0.097344
300,11,1532.58,9499.25,16866.50,3369.16,1547.76,2450.325986,0.106288
300,11,1206.96,7925.13,14613.14,2939.62,1633.74,2114.653797,0.106286
300,11,1372.01,9822.22,16196.87,2708.12,1363.75,2302.782232,0.095087
300,11,1606.12,10676.19,17977.38,3268.25,1426.79,2606.148166,0.097010
300,11,1724.35,13269.54,20294.58,2833.36,1640.97,2550.711474,0.106693
300,11,1712.24,11679.85,18850.95,2779.85,1429.01,2962.247351,0.097803
300,11,1188.88,6391.56,14089.94,3533.67,1457.61,2707.112146,0.088770
300,11,1240.52,9328.45,16004.53,2901.19,1424.12,2350.769359,0.094881
300,11,1424.66,9804.42,16290.39,2779.70,1281.66,2424.611669,0.089730
300,11,1113.79,8692.30,14507.74,2149.02,1204.00,2462.422070,0.093090
300,11,1443.46,10888.46,17124.98,2475.02,1177.36,2584.140966,0.105806
300,11,1569.76,11083.49,17532.22,2550.75,1151.35,2746.622828,0.088647
300,11,1282.66,8553.91,14623.87,2453.08,1338.73,2278.149012,0.094383
300,11,1160.16,8566.96,14491.71,2344.54,1280.74,2299.465124,0.085061
300,11,1287.82,8431.23,15116.22,2991.23,1367.42,2326.344098,0.095045
300,11,1428.94,10386.39,16726.79,2548.47,1354.62,2437.308353,0.097527
300,11,1607.92,8904.18,17049.12,3731.49,1647.40,2766.050021,0.099428
300,11,1325.11,9984.30,16297.89,2549.32,1256.49,2507.783085,0.095433
300,11,1527.88,9595.96,16370.20,2781.53,1356.81,2635.893976,0.093978
300,11,1561.88,11634.78,18551.10,2881.40,1396.84,2638.077692,0.094768
300,11,1646.93,11226.08,18899.37,3576.49,1587.36,2509.443700,0.092431
300,11,1771.05,10681.10,17871.94,3092.48,1356.05,2742.306416,0.093031
300,11,1558.02,9589.67,17065.14,3419.86,1577.28,2478.325314,0.093910
300,11,1390.15,9869.94,16855.32,2920.01,1328.81,2736.566665,0.087334
300,11,1588.40,11275.79,18386.30,2985.01,1519.48,2606.020517,0.096593
300,11,1301.88,10655.08,16931.70,2359.58,1397.79,2519.248705,0.099041
300,11,1456.98,8231.67,15457.16,3532.16,1466.69,2226.645355,0.089606
300,11,1335.86,10137.92,16298.95,2456.66,1267.33,2437.033928,0.093204
300,11,1176.37,9667.48,14756.96,1774.76,915.00,2399.723357,0.069578
300,11,1737.83,12298.12,19381.42,2910.21,1431.75,2741.339517,0.104772
300,11,1659.83,12646.89,19619.71,2977.23,1620.37,2375.220812,0.104013
300,11,1198.31,7285.27,14258.15,2892.64,1470.03,2610.210741,0.097344
300,11,1492.92,11732.28,18126.07,2420.07,1298.04,2675.663312,0.097956
300,11,1310.35,9916.47,15761.16,2377.50,1203.12,2264.071371,0.088802
300,11,1367.00,7625.67,14607.04,3017.52,1457.62,2506.230811,0.093587
300,11,1258.33,8826.65,15532.61,3094.80,1308.01,2303.151435,0.092172
300,11,1300.13,8317.09,15231.77,2898.38,1378.49,2637.802552,0.089250
300,11,1357.57,7550.22,15091.41,3748.37,1695.93,2096.883257,0.100617
300,11,1498.77,9997.41,16437.02,2909.44,1392.82,2137.344228,0.093284
300,11,1449.02,10214.41,17019.54,2851.08,1394.93,2559.107572,0.090792
300,11,1505.54,13705.58,19190.18,1881.95,1146.02,2456.629821,0.086917
300,11,1333.43,12618.34,18432.75,1812.86,1275.62,2725.932472,0.096900
300,11,1413.53,13366.37,19070.58,2065.58,1195.73,2442.893085,0.101460
300,11,1476.58,10728.21,16651.15,2435.44,1232.74,2254.766219,0.090022
300,11,1498.99,11862.52,18698.12,3047.55,1403.84,2384.224711,0.104559
300,11,1598.82,11737.52,18402.10,2778.69,1395.08,2490.807556,0.100752
300,11,1626.81,10943.56,18380.43,3417.94,1540.48,2478.439000,0.097313
300,11,1282.05,8628.51,15447.49,2845.93,1412.33,2560.712170,0.095566
300,11,1667.13,10309.10,17680.72,3430.55,1485.64,2455.431072,0.096281
300,11,1308.39,9260.97,16042.88,2746.38,1539.00,2496.529932,0.103068
300,11,1585.29,11540.02,18432.84,2730.64,1484.88,2677.298462,0.100609
300,11,1238.65,9631.80,15311.15,2058.06,1201.95,2419.337963,0.088031
300,11,1301.77,11328.39,17085.71,2051.80,1160.95,2544.567624,0.082950
300,11,1773.93,11251.24,19629.49,4015.38,1701.86,2661.017177,0.104909
300,11,1451.74,11854.66,18051.72,2481.73,1348.81,2366.518044,0.098464
300,11,1206.55,7973.54,14443.71,2800.61,1443.49,2226.072182,0.100334
300,11,1115.71,11833.32,16862.18,1640.80,1079.15,2308.909600,0.084131
300,11,1451.80,9998.02,16759.30,2948.74,1455.27,2357.259830,0.095364
300,11,1180.20,7391.62,13706.83,2802.38,1390.76,2122.066325,0.100172
300,11,1423.43,9640.17,16854.57,3292.80,1367.66,2553.937897,0.092227
300,11,1180.40,9322.66,15463.32,2403.89,1191.93,2544.843754,0.083344
300,11,1282.29,10319.53,16172.90,2159.10,1167.68,2526.596583,0.081849
300,11,1605.74,11590.94,18398.19,2961.14,1387.13,2458.969816,0.092613
300,11,1341.41,11668.36,17968.78,2353.73,1387.03,2559.668191,0.089467
300,11,1432.13,10473.62,16413.23,2455.55,1219.25,2264.811546,0.094895
300,11,1600.46,8977.67,16160.42,3302.71,1355.22,2524.829889,0.085915
300,11,1365.69,9716.60,16576.57,2798.80,1561.97,2499.199889,0.096919
300,11,1188.34,9454.09,15728.12,2542.58,1121.78,2609.660143,0.080167
300,11,1226.29,7478.45,13744.58,2651.94,1335.06,2279.116784,0.093460
300,11,1606.30,10562.12,17618.07,2965.25,1583.34,2507.363751,0.113868
300,11,1344.67,10117.69,16838.97,2741.95,1502.05,2477.278135,0.098701
300,11,1282.79,8012.66,15184.88,2847.15,1399.28,2925.789914,0.097838
300,11,1199.46,7995.06,14323.89,2519.02,1148.97,2660.843570,0.081248
300,11,1419.88,9081.47,16643.11,3476.93,1672.10,2412.597166,0.125940
300,11,1224.98,8180.64,15109.80,2752.77,1441.76,2734.630809,0.104760
300,11,1349.91,9949.50,16755.13,2998.13,1390.40,2417.105027,0.099051
300,11,1208.65,10034.15,15955.74,2293.59,1335.34,2292.655984,0.095576
300,11,1360.69,8209.10,15041.09,2865.21,1363.49,2603.299214,0.092512
300,11,1366.56,9437.46,16166.19,3051.54,1453.94,2223.247766,0.093332
300,11,1576.95,11810.13,18145.31,2355.24,1188.54,2791.393460,0.087949
300,11,1408.94,10320.25,17537.27,2990.89,1492.29,2733.834582,0.086026
300,11,1265.65,9314.62,15502.10,2526.26,1315.41,2345.806140,0.088705
300,11,1565.69,10833.27,17954.71,3105.55,1493.30,2522.597074,0.098939
300,11,1361.48,12077.84,18209.71,2305.12,1150.41,2676.342781,0.083949
300,11,1421.15,9641.61,16227.87,2800.48,1378.90,2406.881927,0.098200
300,11,1756.05,13067.88,20391.70,2992.01,1471.43,2860.377099,0.104005
300,11,1356.35,10873.92,17536.12,2522.78,1448.24,2691.191187,0.103273
300,11,2020.23,15783.04,23050.41,2805.33,1474.96,2987.089664,0.098874
300,11,1296.23,8983.40,15583.02,2773.40,1371.52,2454.706487,0.097304
300,11,1079.40,10118.93,14925.88,1424.53,910.81,2471.609152,0.079153
300,11,1332.43,8573.10,15491.54,3154.74,1433.39,2330.304960,0.095151
300,11,1593.60,12274.63,18880.33,2620.88,1392.01,2592.810031,0.094631
300,11,1219.24,8590.34,14800.12,2638.73,1201.37,2369.670883,0.085391
300,12,1412.95,7790.12,15719.22,4023.48,1600.23,2305.394583,0.102716
300,12,1525.78,12231.05,18184.90,2353.26,1368.71,2231.876326,0.099973
300,12,1231.56,7194.02,14391.82,3138.45,1557.14,2502.206333,0.103189
300,12,1852.67,13265.01,20490.75,3016.57,1460.70,2748.465489,0.099765
300,12,1463.35,9302.24,17174.48,3402.83,1737.38,2732.032346,0.116857
300,12,1264.56,9435.44,15868.16,2467.58,1477.36,2487.776127,0.112614
300,12,1436.86,8756.92,17192.03,3769.65,1998.97,2666.498477,0.126139
300,12,1647.65,11994.90,18488.64,2751.54,1351.39,2390.813239,0.094906
300,12,1317.94,6525.90,13925.57,3424.98,1513.92,2460.777629,0.099872
300,12,1354.19,9783.55,16502.34,2693.44,1640.48,2384.881337,0.120642
300,12,1721.70,10148.85,19043.34,4331.81,1995.36,2567.326112,0.125623
300,12,1666.49,9823.44,17846.23,3539.83,1852.89,2630.071232,0.111838
300,12,1519.61,10198.51,17683.42,3049.42,1755.53,2679.961671,0.125871
300,12,1779.78,9896.52,18360.94,4170.52,1609.96,2683.929109,0.100409
300,12,1298.11,9953.42,16052.13,2452.46,1211.71,2434.534734,0.094989
300,12,1360.16,9836.26,16827.67,2877.69,1474.48,2639.248095,0.102481
300,12,1263.58,7327.44,14699.09,3458.35,1546.81,2366.492259,0.103758
300,12,1712.20,10561.33,18200.61,3412.57,1593.79,2632.918294,0.105102
300,12,1266.11,8189.75,15449.17,3255.01,1517.57,2486.842776,0.107330
300,12,1318.83,8625.70,16017.22,3098.05,1557.72,2735.756999,0.104041
300,12,1294.94,7521.98,15176.72,3806.83,1689.09,2158.820061,0.103396
300,12,1554.48,9625.28,17561.49,3755.68,1658.00,2522.534800,0.110440
300,12,1362.07,9483.38,16135.77,2870.99,1229.87,2551.530589,0.090722
300,12,1834.93,10059.92,19851.69,4963.63,2031.82,2796.325259,0.117185
300,12,1436.89,9458.78,16433.30,2999.56,1430.55,2544.415719,0.106137
300,12,1246.36,8467.72,15084.38,2630.32,1501.35,2484.979409,0.110802
300,12,1254.57,10910.90,16914.87,2031.76,1199.39,2772.820827,0.089241
300,12,1499.27,10745.60,17942.33,3015.47,1398.80,2782.456062,0.100097
300,12,1332.12,8485.69,15755.42,2855.01,1601.71,2813.021504,0.110276
300,12,1804.36,11443.17,19455.87,3886.32,1596.04,2530.339431,0.097192
300,12,1567.04,9476.59,16719.81,3295.01,1401.32,2546.888252,0.100363
300,12,1809.57,11514.68,20143.06,4161.99,1670.97,2795.422012,0.098188
300,12,1313.92,8810.40,16019.80,2846.93,1678.71,2683.761278,0.114578
300,12,1239.89,5883.89,14235.92,4258.34,1869.31,2224.373577,0.106762
300,12,1222.40,7857.07,14813.57,2981.93,1441.11,2533.466318,0.099042
300,12,1539.81,9438.99,17683.91,3732.79,1677.17,2834.959319,0.102382
300,12,1713.55,13552.66,21661.76,3285.39,1855.11,2968.593186,0.112942
300,12,1274.67,8814.99,15881.13,2782.37,1651.27,2632.506529,0.120236
300,12,1436.09,9418.30,16651.67,3039.36,1505.92,2688.094795,0.108672
300,12,1879.73,12537.76,20385.79,3401.17,1701.47,2745.383745,0.110876
300,12,1048.72,7849.55,13824.66,2340.72,1330.39,2303.997235,0.110877
300,12,1389.77,10062.42,17014.16,2937.78,1610.38,2403.573849,0.108348
300,12,1447.72,10547.78,17150.97,2694.06,1484.16,2424.964871,0.108113
300,12,1461.68,12336.17,18728.86,2373.85,1534.04,2484.804679,0.103478
300,12,1214.31,6771.68,14409.62,3555.22,1613.44,2469.282989,0.104846
300,12,1661.86,10925.14,18598.16,3665.00,1526.24,2481.780491,0.097476
300,12,1278.22,9032.97,15539.46,2488.65,1407.65,2610.192959,0.097634
300,12,1260.11,10511.13,16856.81,2497.92,1487.57,2360.196707,0.102055
300,12,1669.52,10546.66,17669.53,2851.37,1389.61,2881.896021,0.100355
300,12,1366.98,9258.39,16462.75,3097.24,1492.57,2614.543389,0.112912
300,12,1373.46,10615.18,17511.31,2761.15,1539.13,2595.856967,0.108291
300,12,1533.84,11362.57,18937.29,2980.19,1766.39,2828.141245,0.108438
300,12,1471.30,8948.17,16761.75,3614.49,1531.98,2667.112487,0.102163
300,12,1352.82,8896.28,15659.65,2799.31,1321.73,2642.327279,0.097292
300,12,1410.26,7799.76,14835.69,3062.98,1428.35,2544.604527,0.101545
300,12,1396.71,7461.82,14822.79,3252.55,1441.33,2667.082956,0.097163
300,12,1367.35,12160.63,18387.98,2328.34,1175.33,2723.675204,0.085823
300,12,1519.77,10878.94,18316.66,3072.23,1495.59,2869.898225,0.103930
300,12,1325.14,9445.74,16101.96,2786.25,1374.30,2495.663260,0.097452
300,12,1242.74,7621.31,14834.47,3087.26,1633.13,2492.777314,0.111766
300,12,1782.11,10874.08,19444.85,4277.31,1660.67,2632.792519,0.102555
300,12,1289.48,7906.60,15330.77,3462.09,1602.83,2359.243014,0.107622
300,12,1171.26,7999.94,14323.90,2580.71,1436.26,2306.991151,0.104930
300,12,1173.57,10556.10,16230.46,1884.13,1272.73,2517.489124,0.091465
300,12,1484.15,9906.94,17135.61,3294.98,1520.55,2413.139064,0.106799
300,12,1673.00,14942.52,20575.66,1896.93,1268.39,2467.812161,0.092822
300,12,1769.16,14662.87,20579.39,2146.89,1123.21,2646.417563,0.101624
300,12,1434.53,8920.93,16248.18,3389.00,1619.72,2318.527011,0.104629
300,12,1472.60,9337.27,16569.40,3233.65,1474.20,2524.282988,0.101160
300,12,1882.39,14927.60,22036.34,2870.05,1531.77,2706.920860,0.111607
300,12,1441.23,12624.04,19265.67,2412.88,1488.85,2739.909276,0.100193
300,12,1231.76,8292.38,14352.80,2435.12,1220.23,2405.075726,0.089500
300,12,1293.85,10573.71,16461.60,2135.63,1252.89,2499.362834,0.095412
300,12,1487.26,13061.27,19466.61,2362.90,1393.00,2649.433480,0.092968
300,12,1385.89,8935.79,15945.86,2768.32,1308.73,2933.017171,0.094864
300,12,1744.34,10964.01,18779.92,3489.06,1667.94,2658.903738,0.111736
300,12,1250.41,6473.11,14306.81,3611.76,1588.51,2633.426178,0.100202
300,12,1516.17,10252.30,16987.91,2671.36,1402.50,2661.747005,0.105662
300,12,1539.11,9143.74,16561.99,2990.15,1416.48,3011.624589,0.103972
300,12,1394.13,10611.87,17060.35,2804.55,1361.22,2282.707388,0.096674
300,12,1522.86,12548.93,19198.46,2630.60,1497.25,2521.674640,0.107302
300,12,1441.68,11859.56,18538.02,2537.18,1520.44,2620.838658,0.097954
300,12,1346.70,10478.37,16918.51,2637.72,1333.75,2468.665902,0.094476
300,12,1361.89,10270.87,16283.13,2403.86,1303.68,2304.719397,0.095785
300,12,1314.36,9334.84,15784.73,2369.57,1473.43,2606.892200,0.107270
300,12,1170.43,7502.96,14380.76,2723.87,1421.10,2732.832633,0.103880
300,12,1597.20,11664.47,18985.73,2750.44,1599.19,2971.633103,0.105799
300,12,1400.88,9155.07,16286.52,2970.64,1505.77,2655.041108,0.106723
300,12,1522.33,9812.86,17443.20,3679.86,1626.79,2323.691305,0.099559
300,12,1614.80,9136.59,17344.80,3843.28,1812.68,2552.250064,0.118862
300,12,1400.66,9790.82,16612.71,2722.87,1509.19,2589.834009,0.101084
300,12,1393.72,10098.34,16923.39,2730.95,1280.98,2813.124712,0.098492
300,12,1776.15,12757.89,20002.28,3084.14,1506.59,2653.662155,0.104277
300,12,1382.64,10408.13,16826.51,2544.90,1457.21,2416.276386,0.105138
300,12,1553.80,10890.24,18256.14,2985.41,1554.07,2826.409139,0.102487
300,12,1229.76,8268.43,14785.60,2725.85,1351.52,2439.791797,0.115149
300,12,1374.16,10739.45,16684.19,2180.49,1145.08,2619.168521,0.090224
300,12,1313.61,7900.87,15422.76,3277.90,1523.63,2720.363434,0.101471
300,12,1165.23,9605.93,16427.92,2627.92,1449.20,2744.867946,0.097260
300,12,1638.12,11703.01,18939.10,3320.19,1593.72,2322.185847,0.104094
