300,1,396.69,3109.13,3967.95,296.80,203.10,358.919733
300,1,809.27,5128.28,6331.80,389.43,221.62,592.460457
300,1,759.04,5006.09,6372.64,478.76,240.66,647.128619
300,1,519.86,3563.73,4305.13,242.78,168.07,330.546218
300,1,488.32,3436.39,4426.27,287.95,229.20,472.727997
300,1,926.58,5358.26,6662.93,375.28,228.60,700.799930
300,1,588.07,4461.11,5679.62,381.14,221.58,615.778787
300,1,787.59,4750.09,6131.81,496.22,263.71,621.787864
300,1,549.93,3782.64,4998.02,539.86,217.98,457.534157
300,1,459.16,3762.89,4736.03,299.63,192.62,480.882109
300,1,867.69,5227.23,6296.91,301.20,218.59,549.890612
300,1,627.22,4406.91,5279.69,294.12,165.96,412.698509
300,1,811.41,5262.67,6478.21,374.73,223.41,617.410327
300,1,774.34,5636.38,6759.05,297.37,215.13,610.180903
300,1,652.38,4030.36,4913.04,356.53,143.05,383.095559
300,1,802.55,5414.77,6742.57,460.67,195.88,671.255942
300,1,1035.57,7188.82,8488.64,381.21,252.69,665.923978
300,1,944.04,5952.18,7213.97,348.59,199.23,713.971401
300,1,992.35,6623.86,7781.88,298.80,190.83,668.384316
300,1,773.31,5305.00,6602.56,381.74,260.07,655.747805
300,1,1102.46,7061.55,8398.97,448.19,223.09,666.145294
300,1,635.30,4572.62,5804.37,457.65,242.72,531.377909
300,1,854.50,5474.81,6679.43,368.29,235.10,601.228663
300,1,919.18,5271.63,6763.95,549.53,263.89,678.906837
300,1,694.00,4538.25,5831.88,446.59,210.25,636.774503
300,1,450.48,3141.57,4048.97,374.32,160.48,372.591281
300,1,573.89,3731.89,5055.04,486.98,227.59,608.576101
300,1,943.60,6266.48,7745.00,530.12,176.74,771.654428
300,1,546.60,3561.03,4622.17,426.94,219.97,414.234101
300,1,827.88,5198.72,6369.11,368.42,186.98,614.997319
300,1,1072.90,6781.40,7999.19,347.55,248.00,622.243574
300,1,559.58,3806.39,4603.87,285.05,192.29,320.141619
300,1,1103.61,6292.24,7828.04,543.66,289.63,702.509488
300,1,560.65,3455.57,4502.78,364.89,256.88,425.443416
300,1,550.77,4078.89,5065.45,290.42,216.22,479.917625
300,1,579.48,3914.74,4702.36,232.98,207.15,347.499623
300,1,849.66,5134.99,6340.61,350.86,255.78,598.986919
300,1,615.26,4280.16,5225.90,285.26,188.16,472.327390
300,1,766.82,4717.43,5928.75,479.69,174.22,557.411833
300,1,794.92,4391.23,5678.04,542.10,205.33,539.386418
300,1,907.57,5950.93,6965.52,356.72,161.86,496.009285
300,1,405.04,2482.66,3423.17,418.41,200.01,322.090168
300,1,881.67,5847.82,7209.14,399.22,268.72,693.383347
300,1,471.46,3045.63,4039.57,442.38,197.00,354.555924
300,1,659.04,3788.26,4897.59,438.05,264.74,406.535793
300,1,793.01,5239.56,6579.47,388.27,264.72,686.918113
300,1,617.06,3783.31,4830.64,382.19,242.17,422.964230
300,1,979.60,6338.36,7601.52,332.27,305.74,625.153393
300,1,644.19,4142.36,5401.10,471.72,245.02,542.010456
300,1,614.95,3989.49,4794.71,251.82,166.96,386.441804
300,1,829.34,5063.37,6624.37,703.52,229.35,628.125256
300,1,905.89,5545.57,6632.93,329.15,210.86,547.348846
300,1,385.34,2983.20,3934.37,395.28,197.23,358.666082
300,1,1037.84,6417.20,7737.42,355.65,317.07,647.510150
300,1,919.04,6164.82,7431.50,326.85,274.91,664.925911
300,1,871.09,6200.35,7241.96,289.97,245.89,505.758312
300,1,882.93,5951.30,7157.05,290.99,232.94,681.826262
300,1,864.02,5971.94,7213.89,380.37,182.80,678.788588
300,1,980.17,5978.72,7027.46,265.98,207.68,575.089790
300,1,435.53,3488.61,4376.66,292.75,243.17,352.128236
300,1,882.09,5723.70,6851.21,370.71,215.37,541.430633
300,1,578.16,3704.48,4846.35,468.10,178.96,494.805807
300,1,929.22,5565.40,6731.77,438.26,219.53,508.580748
300,1,569.60,4075.37,5038.77,318.66,213.95,430.795997
300,1,777.99,5375.71,6476.01,357.32,147.77,595.220458
300,1,888.95,5381.47,6684.98,458.20,244.86,600.446564
300,1,935.95,6265.71,7619.31,474.68,235.87,643.059956
300,1,696.24,5179.06,6455.79,473.40,220.57,582.741134
300,1,564.18,3253.40,4471.27,604.96,243.07,369.851726
300,1,709.87,5133.85,6575.63,484.96,259.25,697.576902
300,1,703.02,4492.99,5571.51,406.35,186.95,485.219551
300,1,563.29,4216.13,5250.42,451.32,204.42,378.547522
300,1,899.25,5912.10,7340.79,521.04,317.38,590.262321
300,1,534.59,3613.39,4525.91,322.86,182.67,406.997863
300,1,463.17,2685.93,3805.10,555.02,234.25,329.891247
300,1,789.99,5069.64,6397.56,458.39,224.04,645.488514
300,1,922.72,5971.26,7082.11,273.50,252.70,584.646242
300,1,865.08,5028.84,6273.18,424.26,226.02,594.058997
300,1,722.71,5247.21,6457.40,496.74,238.73,474.730048
300,1,577.93,3816.35,5046.79,441.75,240.25,548.444593
300,1,721.79,4425.72,5480.87,350.16,220.19,484.815288
300,1,565.41,3463.20,4688.38,535.37,224.47,465.337760
300,1,477.37,3442.53,4299.44,314.29,189.92,352.708504
300,1,705.48,4327.05,5549.12,505.75,260.09,456.236659
300,1,544.72,3496.70,4515.11,454.58,211.11,352.720895
300,1,649.00,4151.16,5284.63,342.29,187.28,603.896006
300,1,685.50,4631.81,5720.26,411.66,191.07,485.733037
300,1,461.50,2870.73,3916.57,400.16,185.25,460.421610
300,1,912.16,5761.31,6911.28,347.57,274.64,527.752902
300,1,578.27,3842.16,4954.95,390.42,213.65,508.712068
300,1,687.22,5116.48,6202.50,370.72,204.73,510.571014
300,1,1097.68,6314.51,7472.71,222.46,255.83,679.909536
300,1,491.25,2754.75,4084.10,663.43,235.41,430.501552
300,1,818.71,5168.45,6259.10,374.06,253.80,462.779952
300,1,680.79,4102.77,4876.54,254.63,163.16,355.986754
300,1,851.96,5956.04,7154.85,333.72,263.42,601.672355
300,1,624.44,4066.66,4732.93,192.58,145.68,328.005028
300,1,576.00,3766.11,4603.85,306.61,154.92,376.204307
300,1,952.57,5704.70,6927.52,406.40,198.57,617.851689
300,1,967.52,6224.93,7542.34,457.60,223.80,636.017676
300,2,721.29,5665.35,7138.95,334.19,287.87,851.543099
300,2,776.68,5809.58,7531.61,563.73,351.25,807.043045
300,2,1332.10,8864.84,10948.15,620.31,412.42,1050.576659
300,2,774.37,5683.69,7001.72,321.38,308.95,687.694102
300,2,1448.21,9448.23,11913.15,748.86,525.51,1190.554487
300,2,1134.75,7675.29,9831.43,787.68,413.91,954.557164
300,2,705.83,6504.96,8268.21,402.98,339.69,1020.574286
300,2,1117.52,7955.95,10156.92,743.29,395.35,1062.322201
300,2,1028.14,7308.81,9312.34,632.20,436.68,934.656796
300,2,903.71,6017.35,7890.49,592.43,314.74,965.969612
300,2,539.14,4919.95,6341.26,374.65,311.98,734.677730
300,2,1035.36,6866.34,8865.62,815.30,395.95,788.035751
300,2,706.46,5240.72,6968.37,600.72,320.16,806.786073
300,2,825.93,6746.22,8474.42,547.58,346.10,834.524955
300,2,705.59,4633.29,6130.57,537.71,297.30,662.268128
300,2,914.73,7505.71,9294.02,542.76,359.65,885.903196
300,2,1417.25,10267.41,12624.05,755.56,398.67,1202.411181
300,2,489.57,4839.79,6187.56,280.96,254.49,812.316125
300,2,1040.06,7494.96,9052.95,393.92,309.73,854.340230
300,2,1218.39,8510.17,10596.50,629.01,381.29,1076.034075
300,2,1324.91,8523.98,11002.44,917.64,455.74,1105.082446
300,2,796.19,6330.40,8108.02,478.85,335.85,962.914368
300,2,639.06,5606.81,7016.77,272.00,280.27,857.688844
300,2,1218.98,8343.14,10443.62,750.30,400.81,949.372350
300,2,973.53,7062.94,9011.16,657.50,374.04,916.680353
300,2,435.66,4646.44,5904.91,289.46,299.33,669.680642
300,2,1257.98,9096.87,11099.18,457.66,409.13,1135.524957
300,2,756.15,6147.84,7944.18,560.08,351.18,885.087277
300,2,1242.87,8053.78,10396.63,908.10,427.80,1006.953960
300,2,802.01,6082.60,8079.00,695.22,392.21,908.973001
300,2,798.16,6698.81,8389.24,494.69,285.98,909.750545
300,2,1261.43,8457.92,10634.17,801.43,453.49,921.330588
300,2,988.66,6537.00,8688.53,706.16,369.76,1075.610615
300,2,817.99,6913.61,8803.05,576.79,390.09,922.556376
300,2,1449.24,8734.90,11396.47,1051.56,515.92,1094.088526
300,2,708.67,6221.53,7629.09,410.97,309.17,687.423320
300,2,844.85,6593.03,8386.50,520.06,390.80,882.608064
300,2,980.63,6889.66,8284.16,261.91,273.60,859.005047
300,2,1157.84,7500.38,9523.05,731.17,423.87,867.629579
300,2,984.44,6494.45,8382.92,712.39,365.08,810.999688
300,2,1155.00,7173.07,9160.83,799.90,355.01,832.849561
300,2,809.85,6035.17,7716.43,577.91,348.67,754.677399
300,2,1226.01,9806.66,11997.42,507.50,530.07,1153.187796
300,2,870.66,6521.23,8264.29,593.12,333.17,816.765270
300,2,961.45,6181.85,7826.67,531.53,311.28,802.005157
300,2,1221.82,7948.40,10444.04,906.25,478.89,1110.505507
300,2,717.97,5153.55,6895.77,659.62,316.69,765.920176
300,2,930.33,7490.66,9256.00,326.40,370.40,1068.538744
300,2,1169.21,8521.33,10469.46,515.92,418.45,1013.764983
300,2,717.77,5767.42,7160.86,400.16,282.15,711.131525
300,2,1192.38,8108.43,9830.93,448.10,297.68,976.718993
300,2,955.31,6844.83,8664.37,588.51,408.78,822.257312
300,2,1207.75,8522.59,10271.93,504.97,410.54,833.830215
300,2,975.68,6410.04,8441.80,678.87,301.85,1051.042782
300,2,917.90,7644.47,9480.54,389.91,373.43,1072.733672
300,2,1143.67,8173.91,9960.44,478.37,346.66,961.512402
300,2,1007.54,7717.00,9677.98,595.84,408.60,956.531308
300,2,1196.48,8533.69,10795.62,801.04,456.48,1004.412277
300,2,739.32,5707.40,7199.15,434.15,313.12,744.478214
300,2,597.04,5870.61,7209.04,222.08,297.73,818.619628
300,2,950.50,6960.50,9100.12,683.49,436.45,1019.679863
300,2,784.49,6349.30,8158.65,621.66,404.43,783.257977
300,2,701.48,5749.13,7324.71,503.41,346.96,725.199629
300,2,1030.48,7371.93,9246.34,579.78,379.10,915.535817
300,2,1526.84,9867.22,12076.15,813.50,484.18,911.255207
300,2,1061.57,7874.39,10283.87,900.73,469.64,1039.109887
300,2,1298.23,9475.78,11453.60,519.71,417.92,1040.194125
300,2,980.50,7182.67,9186.76,509.30,378.85,1115.942873
300,2,915.38,6106.54,7858.83,688.28,345.19,718.809763
300,2,1255.71,8506.43,10819.28,617.96,435.57,1259.321127
300,2,1038.40,6183.21,8088.41,727.48,379.66,798.052512
300,2,916.02,6836.36,8666.46,613.12,356.64,860.341303
300,2,827.73,7218.36,9053.42,422.60,384.24,1028.230235
300,2,824.20,5493.99,7235.34,600.17,373.22,767.961668
300,2,861.30,5991.70,7961.20,713.65,425.85,829.998714
300,2,893.73,6499.45,8726.48,793.36,427.31,1006.356002
300,2,1335.30,9243.17,11584.86,777.86,442.90,1120.931059
300,2,995.25,7703.31,9529.91,542.27,423.98,860.346199
300,2,965.81,7206.30,9288.61,737.30,375.66,969.356972
300,2,884.03,5984.78,7959.05,621.38,365.42,987.475440
300,2,716.26,6004.28,7960.91,694.11,407.56,854.953728
300,2,661.49,5250.08,6942.09,541.72,319.36,830.929123
300,2,876.90,5912.42,7716.77,675.51,346.06,782.791018
300,2,870.29,6362.16,8001.34,520.70,297.26,821.217345
300,2,1097.93,7658.02,9235.48,448.09,335.24,794.130320
300,2,1259.80,8419.70,10295.23,507.65,435.53,932.359085
300,2,974.55,7077.63,8946.08,621.13,380.12,867.198227
300,2,701.46,5726.51,7323.90,454.58,335.19,807.616073
300,2,1461.85,9326.18,11726.19,820.87,431.65,1147.487739
300,2,955.09,6685.12,8686.93,643.08,417.35,941.386159
300,2,1339.82,8288.21,10719.83,821.90,505.63,1104.087062
300,2,1369.13,8377.57,10922.37,903.45,484.85,1156.500408
300,2,1373.34,9178.83,11296.81,711.33,464.19,942.470223
300,2,886.25,6411.66,8562.16,808.57,402.97,938.964747
300,2,887.18,5028.72,6849.29,773.80,338.75,708.017041
300,2,1118.93,7838.27,10149.32,730.32,449.32,1131.411873
300,2,929.75,6450.49,8144.78,581.71,346.63,765.946812
300,2,731.81,5906.77,7666.37,733.55,355.59,670.456026
300,2,1020.05,7971.39,9679.01,390.96,391.46,925.202380
300,2,1213.01,8157.07,10369.67,675.84,426.60,1110.153317
300,3,1178.31,8728.47,11505.44,999.03,531.13,1246.823179
300,3,936.92,8304.52,10734.29,613.76,503.31,1312.701073
300,3,1179.78,9276.89,12233.83,891.59,530.24,1535.100087
300,3,1028.98,8462.89,10508.51,590.23,440.47,1014.928330
300,3,1110.34,9715.44,12364.08,589.30,500.65,1558.692727
300,3,1386.47,9936.18,12894.48,976.98,547.86,1433.450399
300,3,1827.88,12581.19,15731.79,901.11,584.04,1665.451037
300,3,1398.79,11480.04,14189.20,679.08,602.95,1427.124368
300,3,1458.57,10072.73,12884.25,972.91,492.34,1346.282225
300,3,1107.72,8546.86,11032.69,691.44,413.41,1380.975153
300,3,1760.07,10399.48,13500.43,1265.31,643.23,1192.400354
300,3,589.78,5844.08,7637.90,475.62,390.77,927.425241
300,3,1300.27,8063.43,11022.34,1133.18,616.57,1209.168890
300,3,1160.08,9360.18,12248.23,942.62,540.86,1404.572202
300,3,890.67,7995.42,10387.85,780.16,539.09,1073.178398
300,3,1191.15,8913.36,11788.04,873.46,528.54,1472.670571
300,3,1385.09,10645.72,13652.91,803.44,574.70,1629.052850
300,3,1608.46,10453.38,13747.75,1398.65,649.56,1246.152874
300,3,1375.30,9757.92,12792.88,1126.30,637.58,1271.079771
300,3,1620.08,10434.16,13436.02,927.70,572.66,1501.490935
300,3,2094.60,13220.66,16691.86,1180.70,625.19,1665.310982
300,3,1792.65,10906.52,14289.75,1324.65,586.35,1472.227020
300,3,1233.19,8718.95,11670.50,1030.93,550.80,1369.827456
300,3,1341.76,8711.79,11991.37,1203.58,646.96,1429.045999
300,3,1426.68,10891.93,13899.63,946.32,660.58,1400.800389
300,3,1752.86,12001.77,14936.76,1002.69,612.09,1320.210735
300,3,1335.84,11279.84,14292.41,985.32,535.36,1491.887226
300,3,1593.51,11137.69,14485.97,1323.00,644.33,1380.940643
300,3,1799.47,11412.20,14503.44,987.77,604.76,1498.718511
300,3,1379.09,9407.28,12330.30,1018.90,499.72,1404.389849
300,3,927.81,7578.78,10259.50,945.24,520.68,1214.804336
300,3,1514.17,9484.13,12762.86,1233.55,625.70,1419.475681
300,3,2103.53,13239.35,16589.61,1082.39,691.83,1576.035990
300,3,1872.24,12310.56,15174.08,922.46,585.36,1355.702505
300,3,1280.62,9772.47,12646.26,825.54,572.80,1475.446658
300,3,1161.25,8190.65,10587.92,881.83,492.90,1022.542692
300,3,1807.27,11635.39,14935.65,1259.04,595.56,1445.646299
300,3,1400.47,9470.57,12084.94,780.26,547.49,1286.609077
300,3,1236.92,9316.92,11965.13,841.47,502.34,1304.399512
300,3,768.06,6872.20,9005.04,610.48,438.86,1083.501607
300,3,1732.41,11336.34,14566.86,1352.45,558.89,1319.179996
300,3,765.06,7241.98,9189.90,556.37,440.00,951.555878
300,3,1295.99,9249.43,12479.90,1022.82,558.99,1648.661898
300,3,1617.37,10502.71,13464.74,1209.45,616.61,1135.972855
300,3,1245.22,8088.25,10886.67,1077.79,591.70,1128.932466
300,3,1380.75,10047.42,13488.58,1177.61,657.16,1606.396858
300,3,952.33,7312.11,9900.05,1002.06,519.21,1066.668299
300,3,1679.22,11629.06,14657.59,957.60,610.94,1459.989218
300,3,1718.40,11623.37,14926.89,1070.80,733.93,1498.786365
300,3,828.63,6706.75,8904.41,708.36,447.56,1041.736844
300,3,1435.35,9903.66,12880.87,1050.56,604.21,1322.428607
300,3,1128.78,8820.98,11500.72,916.40,491.18,1272.165099
300,3,1218.02,8114.91,11038.33,1128.84,519.43,1275.158492
300,3,1300.32,10821.34,13370.93,679.66,484.51,1385.419234
300,3,1834.16,11705.62,14503.09,806.59,510.50,1480.389429
300,3,1292.06,8377.10,11458.12,1149.78,510.74,1420.492252
300,3,1231.77,8726.57,11580.35,863.61,519.27,1470.903156
300,3,1090.74,8199.19,11158.36,945.19,549.15,1464.833393
300,3,1312.28,8392.10,11569.06,1283.91,568.69,1324.355165
300,3,1480.11,10579.52,13148.69,772.39,532.50,1264.292224
300,3,1598.05,11690.93,14603.27,763.63,541.18,1607.527912
300,3,1067.41,8604.24,11111.86,709.98,512.96,1284.678038
300,3,782.81,6994.61,9082.37,684.93,416.06,986.771975
300,3,896.44,7943.69,10248.32,674.76,458.65,1171.217183
300,3,1593.72,11409.51,14049.91,819.30,454.10,1366.995247
300,3,1431.53,9613.32,12996.68,1278.11,666.22,1439.034506
300,3,1908.65,12021.16,15418.69,1164.94,773.28,1459.310678
300,3,1291.58,8417.17,11562.02,985.28,523.26,1636.312840
300,3,1335.64,9149.14,12171.85,1106.52,631.35,1284.834078
300,3,1264.45,8966.00,11976.44,863.81,532.72,1613.896737
300,3,1242.39,8458.66,11244.75,1052.64,527.54,1205.904423
300,3,1165.54,8460.02,11461.06,1089.30,574.52,1337.213942
300,3,1599.97,11022.11,14293.61,1082.50,593.37,1595.634056
300,3,1019.60,7606.32,10057.57,756.53,486.37,1208.349800
300,3,1087.57,8530.99,11135.70,875.45,510.44,1218.820149
300,3,1178.96,8631.36,11292.55,889.86,466.96,1304.360062
300,3,1246.20,9363.60,12193.15,819.92,518.23,1491.398677
300,3,1384.96,9162.53,11777.96,816.04,447.11,1352.272294
300,3,1410.01,11106.98,14152.65,860.92,663.88,1520.873303
300,3,1085.91,8501.52,11066.65,725.73,510.88,1328.524348
300,3,687.43,6814.49,8851.53,385.29,426.32,1225.425713
300,3,987.60,6738.93,9345.93,969.95,457.89,1179.156599
300,3,1121.80,7594.33,10404.31,1132.83,552.71,1124.444402
300,3,946.49,7030.16,9416.20,797.27,406.94,1181.824656
300,3,1108.18,7126.73,9788.66,1103.92,466.77,1091.231665
300,3,1193.73,9282.98,12096.77,877.24,614.70,1321.846835
300,3,978.28,7962.12,10118.33,560.34,442.47,1153.406418
300,3,1121.57,8997.63,11628.41,822.77,499.66,1308.349122
300,3,1303.10,8661.47,11548.46,843.84,521.57,1521.584153
300,3,1455.60,10039.45,13069.51,934.81,561.34,1533.899421
300,3,1620.83,12128.36,15455.06,1044.46,592.62,1689.617011
300,3,1966.34,12125.20,15818.02,1310.58,658.83,1723.411625
300,3,1481.78,10962.79,13969.75,1010.95,537.73,1458.277412
300,3,1720.75,10900.45,14429.45,1374.13,556.57,1598.302154
300,3,991.02,7755.97,9994.88,804.21,438.45,996.261023
300,3,1350.76,10388.11,13000.18,635.74,451.41,1524.915031
300,3,1525.43,11178.03,13817.70,785.89,548.32,1305.452245
300,3,1000.97,7182.95,9407.77,793.42,429.58,1001.818630
300,3,1292.43,9416.14,12219.94,845.67,496.10,1462.030404
300,3,1635.42,10238.03,13806.38,1238.92,559.33,1770.112590
300,4,1549.52,11556.61,15009.77,1098.39,746.77,1607.997763
300,4,1431.76,11012.37,14190.60,815.88,654.02,1708.335196
300,4,1359.82,10763.40,14095.50,940.04,636.60,1755.459780
300,4,1098.94,9590.86,12360.50,808.29,602.04,1359.308536
300,4,1308.98,12027.23,15164.62,533.73,660.62,1943.048673
300,4,1685.81,12339.05,16436.07,1411.48,764.17,1921.376882
300,4,2223.16,14389.12,18906.42,1511.28,853.64,2152.384879
300,4,2537.09,14439.77,19255.13,1797.27,876.50,2141.595886
300,4,1460.88,10532.13,14090.78,1104.93,701.42,1752.300817
300,4,1550.63,12042.06,15575.19,1113.33,714.79,1705.006427
300,4,1074.93,8392.50,11387.53,800.03,523.94,1671.057550
300,4,815.73,6726.41,9302.13,789.68,483.39,1302.652605
300,4,1199.54,9962.88,13010.41,961.88,607.78,1477.868751
300,4,1413.76,11717.38,14976.73,765.16,735.59,1758.599933
300,4,1610.40,11576.76,15105.33,1242.18,786.34,1500.050061
300,4,1958.93,13395.67,17498.01,1386.68,798.32,1917.343955
300,4,2345.12,15339.75,19945.74,1500.34,987.81,2117.834671
300,4,1347.35,9966.10,13470.51,1145.87,679.98,1678.557430
300,4,1517.75,10981.47,14737.28,1293.75,701.09,1760.971025
300,4,2307.36,15391.13,19536.40,1378.10,841.49,1925.683684
300,4,1826.12,12852.69,16543.89,1105.83,675.30,1910.076204
300,4,1736.79,12064.51,16020.21,1239.06,683.05,2033.587316
300,4,1811.78,13247.89,17118.39,1351.74,773.01,1745.741318
300,4,1931.10,12891.07,17303.24,1802.10,892.72,1717.352610
300,4,1178.86,10741.38,13794.66,770.28,612.58,1670.417185
300,4,1805.31,12728.13,16461.02,1164.97,713.45,1854.476803
300,4,1724.51,11011.94,15212.42,1552.19,774.54,1873.752783
300,4,2014.50,12958.79,17194.54,1550.99,778.09,1906.670738
300,4,2412.06,15107.65,19431.17,1559.71,763.23,2000.587555
300,4,1799.49,11951.63,15897.99,1253.52,703.57,1989.260847
300,4,1044.06,9042.86,12051.02,888.74,603.97,1515.448917
300,4,1571.27,10258.98,14155.48,1471.94,675.95,1748.613751
300,4,1703.02,12102.19,15527.37,873.67,710.37,1841.140503
300,4,1616.19,11012.71,14674.03,1120.64,668.74,1871.936373
300,4,2566.03,15763.73,20163.48,1445.97,874.69,2079.076758
300,4,1832.73,12289.59,16319.02,1780.87,771.81,1476.749280
300,4,2149.04,13233.70,17904.72,1725.55,925.72,2019.756693
300,4,1890.25,11728.56,15913.50,1694.87,870.85,1619.230429
300,4,1306.41,10444.56,13248.47,747.98,557.19,1498.746698
300,4,1247.82,9461.56,12813.70,1263.36,604.83,1483.945971
300,4,1495.16,9912.50,13757.33,1425.57,697.15,1722.119529
300,4,1097.10,9240.51,11737.52,681.51,552.03,1263.467015
300,4,1964.18,12412.47,17149.41,1802.21,843.42,2091.312686
300,4,1517.24,11173.04,14738.10,1192.82,759.97,1612.277144
300,4,1193.94,9549.81,12529.71,898.42,647.22,1434.258826
300,4,1763.65,11929.97,16391.05,1593.95,822.41,2044.727334
300,4,1117.17,8527.81,11730.45,1083.70,728.37,1390.574626
300,4,2138.45,14413.88,18423.40,1250.34,812.39,1946.777607
300,4,1982.95,14329.47,18597.27,1458.73,869.96,1939.107198
300,4,1295.49,10147.80,13129.60,841.30,639.51,1500.991720
300,4,1363.80,10234.10,13853.04,1261.93,707.19,1649.820282
300,4,1672.70,11018.82,14851.29,1421.22,652.63,1758.626420
300,4,1725.68,11044.48,15105.04,1551.88,798.73,1709.942271
300,4,1103.31,9987.26,13188.22,871.67,671.62,1657.673835
300,4,1042.66,9905.80,12539.32,461.73,569.14,1602.655836
300,4,1352.29,10685.67,13605.69,734.51,581.52,1603.986841
300,4,1728.37,11563.44,15882.03,1403.55,816.44,2098.605567
300,4,2127.22,13490.35,18019.16,1790.44,785.86,1952.517020
300,4,1108.13,9527.55,12577.98,885.71,578.30,1586.422915
300,4,1592.12,12674.96,16017.98,998.66,664.41,1679.940079
300,4,2038.21,13282.84,17980.92,1671.07,902.15,2124.861982
300,4,1770.24,12194.33,15692.56,1115.48,685.14,1697.606789
300,4,1811.67,11633.75,15212.82,1373.49,669.31,1536.264738
300,4,1533.37,10475.59,14322.74,1319.44,678.83,1848.867572
300,4,1664.57,11948.38,15766.00,1219.04,758.81,1839.757812
300,4,1643.41,11798.64,15530.07,1312.12,743.25,1676.059415
300,4,1550.99,11426.21,14924.30,1044.99,667.25,1785.848432
300,4,2407.79,13863.50,18792.10,2027.00,879.14,2022.454665
300,4,1389.04,12129.99,15178.56,744.33,617.48,1686.768254
300,4,1553.40,11708.86,15408.28,1023.92,716.63,1958.868412
300,4,901.14,8516.07,11267.36,725.52,649.97,1375.796954
300,4,1536.11,12007.26,15424.72,958.51,680.52,1778.428629
300,4,2221.21,13775.52,18502.35,1742.69,869.85,2114.286779
300,4,1083.34,9203.90,12173.79,785.49,638.24,1546.158828
300,4,1355.49,10741.54,14020.78,913.21,573.23,1792.809680
300,4,1424.01,10373.32,14082.81,1222.50,660.02,1826.964076
300,4,1983.78,13837.26,17428.31,972.77,692.75,1925.522126
300,4,1619.85,10934.04,14610.79,1306.90,641.09,1728.755516
300,4,998.34,10382.42,13325.01,588.12,639.22,1715.247361
300,4,2295.76,13829.85,18219.30,1591.14,810.91,1987.401671
300,4,1448.92,10745.25,14316.04,1041.51,721.05,1808.223419
300,4,1431.12,9914.38,13223.31,1051.73,668.59,1588.610303
300,4,812.50,8588.23,11030.05,535.94,528.61,1377.286214
300,4,1884.15,11029.97,14853.25,1496.69,653.95,1672.643335
300,4,1597.85,11695.93,14718.88,1022.48,687.43,1313.039581
300,4,1556.39,10997.07,14624.24,1207.24,754.64,1665.290603
300,4,1812.19,11235.03,14905.91,1296.15,700.63,1674.094647
300,4,1512.74,10313.44,14313.00,1511.39,702.44,1785.726377
300,4,1993.54,13030.32,16998.59,1404.13,746.59,1817.544797
300,4,1659.99,10549.48,14922.59,1633.76,716.07,2023.286028
300,4,1701.88,12187.50,16084.69,1080.05,823.32,1993.821515
300,4,2142.58,13797.49,18401.10,1628.13,826.42,2149.057093
300,4,1876.97,13197.46,16978.01,1118.91,738.25,1923.383428
300,4,2543.01,14871.57,19854.43,1965.07,950.75,2067.043583
300,4,1311.45,9957.78,13119.17,1132.10,629.11,1400.182494
300,4,1886.26,12702.84,16798.80,1404.36,733.72,1957.873363
300,4,1151.65,9700.21,12520.45,696.50,515.99,1607.741420
300,4,1175.68,10189.61,13067.93,908.18,592.71,1377.433350
300,4,1530.44,11892.63,15200.63,951.99,679.64,1676.357034
300,4,2143.87,12103.11,17244.58,1999.63,838.81,2303.017183
300,5,1381.29,12184.49,15461.63,674.72,663.73,1938.682598
300,5,1457.36,11769.34,15638.38,889.06,732.91,2247.070296
300,5,1404.48,12896.63,16441.29,823.21,777.39,1944.060710
300,5,1718.31,12669.16,16498.97,1369.96,767.60,1692.249269
300,5,1729.84,13833.78,18419.18,1113.48,798.89,2673.029394
300,5,1491.06,12655.55,16377.27,926.20,714.73,2080.799164
300,5,2128.83,16295.70,20945.73,1150.45,948.19,2551.397317
300,5,2171.47,15987.19,20680.06,1516.06,903.39,2273.414041
300,5,1778.64,14000.74,18391.88,1435.82,882.39,2072.919392
300,5,1011.62,9481.09,12976.01,909.13,675.85,1909.938141
300,5,1744.00,12976.10,17001.90,1265.73,754.28,2005.794151
300,5,1286.15,10106.17,13614.31,1028.61,720.84,1758.681569
300,5,1029.37,10235.70,13350.06,624.10,716.14,1774.121149
300,5,1276.50,11780.46,15414.31,737.74,723.88,2172.223411
300,5,1406.83,11172.03,15331.50,1392.66,779.91,1986.893689
300,5,1736.22,12475.72,16351.63,1010.17,689.22,2176.510407
300,5,2806.67,18403.09,23840.27,1790.20,1109.15,2537.827597
300,5,2199.28,15206.15,19791.65,1506.09,900.32,2179.099130
300,5,2042.99,15745.61,19686.06,1042.82,781.74,2115.892048
300,5,2216.78,15130.34,19744.47,1417.64,878.97,2317.512190
300,5,2000.37,13469.64,18473.65,1704.35,899.83,2399.830974
300,5,2317.41,15610.06,20514.39,1725.46,928.62,2250.252392
300,5,1364.93,12835.89,16086.06,564.01,714.45,1971.705746
300,5,1086.59,9771.62,12954.30,725.57,633.82,1823.293874
300,5,1734.93,13441.02,17339.63,1030.40,775.34,2092.861244
300,5,1795.67,14456.78,18496.43,1191.64,777.81,2070.196627
300,5,2102.41,14375.07,19719.12,2071.14,920.45,2352.459094
300,5,1598.47,13358.56,17401.56,959.70,847.92,2235.378010
300,5,2802.39,15049.22,20928.14,2391.85,1033.03,2454.045160
300,5,1936.74,14985.26,19144.91,1092.09,895.74,2171.817279
300,5,1199.59,10377.73,13837.57,945.28,708.44,1806.135644
300,5,2094.79,13779.34,18986.84,2049.82,977.89,2179.791245
300,5,1823.97,13446.61,17800.56,1420.19,858.45,2075.314987
300,5,1905.73,14661.31,19185.05,1389.94,947.16,2186.641932
300,5,1426.65,11339.31,15289.80,978.30,747.03,2225.158887
300,5,1063.70,10042.91,12957.47,710.75,667.05,1536.756580
300,5,1838.05,12840.89,17791.26,1812.47,879.38,2258.513538
300,5,1359.45,11404.02,15147.94,1194.90,675.30,1873.717957
300,5,1203.76,9254.80,13138.74,1261.56,685.86,1936.521703
300,5,1422.08,11104.18,14685.98,1119.92,717.68,1744.204959
300,5,1816.15,13717.45,17679.15,1196.15,811.70,1953.848762
300,5,1366.87,10269.31,14154.11,1397.15,744.90,1742.754575
300,5,2046.10,15909.65,20609.53,1223.21,921.73,2554.938335
300,5,1614.55,13490.37,17499.23,1231.84,767.01,2010.015536
300,5,1036.53,10564.92,13537.49,546.23,655.21,1771.124623
300,5,2880.44,18214.93,24130.86,2182.68,1066.46,2666.781703
300,5,1904.32,13248.62,17668.67,1638.62,944.71,1836.724930
300,5,1542.70,11707.97,16079.26,1371.55,781.96,2217.775278
300,5,1923.62,14045.76,18674.59,1402.34,881.71,2344.772284
300,5,1459.45,12134.89,16071.81,1204.20,830.72,1901.998822
300,5,2001.57,13755.44,18534.46,1659.71,910.59,2208.714340
300,5,2133.83,12969.92,18166.32,2116.78,906.68,2172.927480
300,5,1651.94,13569.02,17705.69,1248.35,838.75,2049.572747
300,5,1471.03,12266.95,16262.87,1255.78,801.53,1938.614863
300,5,2582.32,15964.01,21679.80,2317.61,968.41,2429.772542
300,5,2068.24,13810.85,18647.85,1673.02,946.28,2217.703070
300,5,2116.45,14400.08,19296.12,1626.37,948.22,2321.451712
300,5,2344.65,16051.76,20954.10,1642.93,995.12,2264.295451
300,5,1559.52,12893.21,16916.30,1233.83,824.00,1965.256418
300,5,1231.87,11736.79,15128.54,754.17,692.79,1944.785068
300,5,1518.54,13771.11,17905.78,1049.99,848.12,2236.565815
300,5,2235.62,16089.31,19936.45,1150.52,721.97,1974.635071
300,5,1740.35,12340.58,16232.28,1322.22,727.46,1842.015898
300,5,1657.25,13227.20,17303.17,1225.25,799.02,2051.702061
300,5,1608.25,14209.71,17748.04,817.85,813.69,1906.783207
300,5,1900.84,14032.31,18490.94,1427.61,901.75,2129.276104
300,5,1664.83,13673.35,17572.32,1012.61,721.88,2164.481360
300,5,1895.12,13998.54,18644.52,1482.67,855.43,2307.873009
300,5,1798.86,13560.54,17621.80,1049.22,756.81,2255.234324
300,5,2426.68,15655.50,21232.03,1967.28,959.66,2649.586330
300,5,1493.68,10662.18,14681.09,1399.30,787.25,1832.369196
300,5,1498.77,11613.03,15556.13,1184.74,697.78,2060.578369
300,5,1273.84,12725.78,16162.23,611.98,737.56,2086.903408
300,5,1499.84,11918.66,15346.99,806.87,696.07,1925.394023
300,5,1644.70,11942.43,16066.32,1286.48,696.80,2140.605905
300,5,1733.00,14250.53,18533.90,1170.67,838.52,2274.171844
300,5,1942.63,13562.81,17953.53,1282.36,714.26,2394.095782
300,5,1557.44,11808.28,16083.98,1520.98,803.95,1950.772306
300,5,2026.24,15084.10,19469.57,1176.39,903.65,2305.427066
300,5,1739.94,14199.03,18134.96,972.21,776.69,2187.041333
300,5,1755.11,12701.97,16995.94,1356.21,797.44,2140.324451
300,5,1078.48,8779.73,12110.33,904.18,603.52,1822.900700
300,5,1013.23,10495.17,13446.00,603.09,631.79,1715.956813
300,5,1681.23,11721.99,15806.02,1402.28,698.69,1983.049228
300,5,1478.14,11642.41,14897.22,1076.64,628.34,1549.827822
300,5,1267.46,12198.24,15352.40,555.89,689.92,1908.353475
300,5,1271.71,11128.80,14259.34,716.36,599.99,1814.198568
300,5,1032.77,10753.57,14026.67,680.40,738.72,1853.970476
300,5,1378.92,10604.09,14457.27,1138.29,723.39,1991.502597
300,5,1684.89,12550.03,16866.19,1354.31,795.99,2165.860966
300,5,2363.42,15150.76,20451.18,1896.76,1018.19,2385.468105
300,5,2369.18,17039.59,21905.90,1521.34,937.65,2407.332868
300,5,1343.79,11183.56,14885.14,829.04,677.04,2195.505091
300,5,1745.72,13759.13,18113.03,1120.62,861.10,2372.179915
300,5,1798.34,13296.32,17536.95,1551.65,850.25,1838.723783
300,5,1968.50,13851.54,18645.33,1563.17,925.41,2305.204830
300,5,1454.35,9769.57,13321.67,1110.56,593.61,1847.920612
300,5,1095.61,11542.65,14517.53,608.59,708.99,1657.300471
300,5,1085.91,10192.75,13619.77,802.17,750.27,1874.575241
300,5,2411.39,16709.10,21462.97,1345.46,926.98,2481.435548
300,6,1475.58,13354.73,17193.73,861.76,746.72,2230.513541
300,6,2419.58,17498.04,23158.72,1845.83,1075.65,2739.201412
300,6,2321.57,15749.46,21642.71,2145.09,1115.20,2632.956338
300,6,1393.43,12824.01,16571.99,818.40,835.40,2094.179850
300,6,2774.40,19271.54,24937.92,1567.78,1066.86,3031.737940
300,6,1782.34,13059.64,18380.48,1797.00,972.85,2550.992534
300,6,2732.21,21476.13,25710.70,552.75,958.82,2722.995013
300,6,2016.56,14832.58,19750.30,1402.34,878.36,2637.026133
300,6,1482.89,14031.16,17803.70,690.40,870.46,2211.682041
300,6,1924.43,13728.49,18528.06,1503.21,893.47,2402.889734
300,6,1597.00,13275.00,17606.74,1127.05,811.48,2393.214799
300,6,1461.48,12075.76,16104.71,1040.89,758.76,2229.289658
300,6,2156.09,15333.00,20079.76,1303.66,1008.44,2434.653986
300,6,1990.36,16355.28,21247.49,1204.79,985.03,2702.382567
300,6,1132.76,11361.04,14962.12,626.72,717.15,2257.219980
300,6,1483.67,13074.78,17178.65,937.70,766.70,2399.476850
300,6,1619.58,14708.58,18686.40,518.60,793.53,2665.685690
300,6,2077.35,15507.23,20530.72,1462.00,1019.72,2541.758609
300,6,1701.91,13704.43,18220.93,1344.50,872.09,2299.907810
300,6,2164.28,18714.78,22855.79,582.97,911.14,2646.894093
300,6,2192.32,18379.30,22949.04,1054.48,988.44,2526.816688
300,6,1605.59,15329.21,19712.13,972.67,968.90,2441.347296
300,6,1339.18,13001.86,16820.94,748.84,869.95,2200.295421
300,6,2049.08,16517.20,20775.01,1042.78,972.99,2242.039756
300,6,1912.55,16798.51,20968.79,803.12,962.65,2404.510958
300,6,1897.77,15426.94,19804.79,1208.39,904.15,2265.306494
300,6,1870.33,15307.42,19864.49,1140.23,965.98,2450.861741
300,6,1758.74,16296.86,20394.44,660.31,869.77,2567.498307
300,6,2274.52,17023.83,22183.73,1607.67,1046.30,2505.928169
300,6,2137.92,15899.06,21094.29,1523.06,1060.69,2611.482416
300,6,1672.14,13172.66,17797.00,1352.42,943.27,2328.646214
300,6,1860.24,15645.27,19743.64,1050.80,793.18,2254.382235
300,6,2181.12,15789.43,20963.25,1650.89,980.69,2542.233401
300,6,2386.93,16777.46,22200.81,1840.24,1033.98,2549.126247
300,6,2596.46,18295.51,23820.61,1804.41,1127.38,2593.301316
300,6,1911.92,14471.03,18978.52,1568.70,855.86,2082.924950
300,6,1732.92,15383.70,19495.71,826.41,811.56,2474.040744
300,6,2166.03,14309.73,19333.52,1626.91,934.16,2462.711609
300,6,1397.14,11925.57,15980.07,1123.47,763.12,2167.903617
300,6,1658.82,12356.42,16661.46,1439.04,833.38,2032.625105
300,6,1332.28,12136.40,15645.60,807.19,705.47,1996.534367
300,6,1583.25,13159.92,16906.15,895.40,771.41,2079.421314
300,6,1461.59,13105.45,17092.43,632.29,783.79,2570.897338
300,6,1998.77,15561.30,19982.46,1186.17,843.40,2391.581824
300,6,1537.43,12690.11,16701.65,1133.31,801.45,2076.772374
300,6,2719.49,18141.04,23853.16,1647.51,1084.63,2979.979904
300,6,1825.59,14435.53,18852.11,1323.06,902.58,2190.927601
300,6,1672.93,13882.80,18078.50,910.43,798.15,2487.123026
300,6,1645.48,14960.38,18872.10,586.18,812.41,2513.133057
300,6,1407.70,13832.43,17811.56,987.80,865.04,2126.288976
300,6,2689.52,17823.11,23526.41,1910.51,1109.76,2683.029208
300,6,2906.30,19142.34,24906.07,2002.58,1081.08,2680.076392
300,6,1108.19,11459.21,15248.51,697.22,767.55,2324.525796
300,6,1513.07,12253.07,16511.58,1133.66,840.19,2284.666366
300,6,2001.75,16293.18,20827.67,1111.48,877.94,2545.060770
300,6,1850.45,15285.13,19734.71,1181.00,969.82,2298.756068
300,6,1770.65,12954.55,17739.29,1310.54,896.97,2577.234831
300,6,2270.59,16741.74,21290.07,1162.28,847.44,2538.600720
300,6,2576.92,18958.70,24638.67,1932.96,1155.91,2591.107938
300,6,1567.06,14315.60,18273.13,889.20,866.23,2202.101199
300,6,1523.76,13813.03,18167.05,861.56,779.55,2712.906339
300,6,1557.63,13238.07,17393.54,900.56,849.19,2405.722092
300,6,2010.34,15272.62,20157.48,1628.41,1007.53,2248.915794
300,6,1831.59,15480.49,19893.51,1183.47,860.15,2369.394006
300,6,1376.19,12937.24,16913.81,917.73,877.69,2181.157252
300,6,1589.31,15223.74,19477.38,883.41,903.92,2466.316355
300,6,2540.17,19290.31,23924.28,1127.23,966.45,2540.281833
300,6,2782.95,18072.22,23590.59,1772.41,992.20,2753.767389
300,6,2476.97,15886.78,21998.07,2176.68,1174.75,2759.848333
300,6,1819.31,15871.82,20396.84,944.26,968.30,2612.455242
300,6,1094.34,10649.37,13896.88,572.28,674.77,2000.466444
300,6,2188.79,16414.91,21196.80,1283.82,989.94,2508.132039
300,6,1929.16,16363.69,20630.34,951.32,859.32,2456.021009
300,6,1719.24,13718.54,18261.74,1218.59,968.10,2356.501519
300,6,2001.92,14624.46,19544.78,1508.28,950.99,2461.053840
300,6,1530.92,13511.94,17392.70,570.39,796.42,2513.951928
300,6,1688.29,14754.61,18830.96,851.18,822.30,2402.879089
300,6,1610.13,14572.70,19109.51,1231.18,1007.65,2297.977823
300,6,2329.79,18637.19,23568.86,1139.81,1042.90,2748.961218
300,6,2105.20,15284.79,20133.62,1327.12,923.27,2598.441048
300,6,1934.41,13498.96,18629.95,1694.77,889.16,2547.056671
300,6,1211.44,12663.73,16456.90,736.80,868.58,2187.790100
300,6,2151.11,15495.70,20769.37,1970.13,1047.89,2255.644428
300,6,1359.86,11997.40,15774.96,850.28,767.37,2159.914858
300,6,1389.27,10863.36,14336.49,1040.48,712.09,1720.563469
300,6,1991.62,16109.56,20676.32,1110.20,964.74,2491.822751
300,6,1601.29,13082.05,16969.59,1020.72,837.01,2029.810397
300,6,1690.23,14894.98,18923.36,798.17,832.21,2398.015842
300,6,1130.84,11366.00,14880.55,647.99,753.56,2112.991632
300,6,1788.18,13301.79,17530.27,969.63,792.60,2466.257020
300,6,2316.85,14266.03,20178.02,2059.19,1028.76,2824.034565
300,6,1264.96,13041.13,17180.43,716.11,826.12,2597.077560
300,6,1459.60,12684.75,16899.91,1047.16,795.20,2372.803906
300,6,1903.95,14982.62,19601.40,1049.20,911.55,2658.028303
300,6,1711.68,13459.97,17715.76,1319.21,879.44,2057.141766
300,6,2185.75,17098.19,21751.91,1203.57,952.60,2497.544062
300,6,2009.11,14403.09,18614.65,1211.39,842.97,2157.202671
300,6,1025.76,10651.99,14086.56,736.43,753.05,1945.088755
300,6,2182.90,14635.85,20353.44,2110.79,1044.43,2562.371456
300,6,1123.63,11653.28,15511.63,602.25,774.77,2481.332167
300,7,1796.21,14564.64,19239.07,1203.33,818.66,2652.441440
300,7,2215.98,18852.39,23639.53,831.96,1110.74,2844.442223
300,7,1751.50,15910.05,19991.90,667.42,861.99,2552.450708
300,7,1699.15,14866.50,19083.72,886.22,831.20,2499.798005
300,7,2613.64,23581.58,28996.41,911.05,1248.00,3255.790197
300,7,1889.89,14361.88,20057.91,1770.76,1060.67,2864.600372
300,7,1670.17,16021.50,20509.38,715.46,911.44,2860.976550
300,7,1424.09,13075.17,17132.78,616.07,772.37,2669.167792
300,7,1822.47,16689.20,21471.84,1095.80,1125.61,2561.227336
300,7,1792.21,17197.52,21519.96,810.68,994.79,2516.977357
300,7,2344.66,16664.94,22482.82,1970.43,1062.23,2785.222736
300,7,1214.12,12504.55,16519.04,842.31,925.93,2246.247543
300,7,2407.20,20627.30,25915.82,1359.64,1182.48,2746.403992
300,7,1822.75,15905.46,20815.41,999.50,952.16,2958.287605
300,7,1450.10,13256.71,17189.41,711.65,841.78,2379.278144
300,7,1840.64,16962.76,21346.77,776.13,954.42,2653.458234
300,7,1857.88,16545.70,21184.93,760.85,895.90,2982.487464
300,7,2521.61,19675.02,25169.25,1468.06,1123.99,2902.181632
300,7,1903.50,18303.03,23207.60,1185.32,1160.47,2558.775111
300,7,2242.46,18284.33,23897.91,1527.19,1044.60,3041.795835
300,7,2213.16,18566.54,23335.65,960.29,1041.89,2766.934069
300,7,1955.76,18071.03,23313.16,1223.82,1153.68,2864.626182
300,7,1498.51,14828.13,19047.85,783.23,905.04,2531.437033
300,7,1378.13,12362.04,16936.06,1102.11,874.39,2597.519554
300,7,2235.75,18177.44,23891.94,1691.19,1148.83,2874.476382
300,7,2170.79,19167.21,23658.01,882.52,935.91,2672.375974
300,7,2342.12,18453.67,24343.12,1754.09,1267.41,2867.950637
300,7,1394.29,13250.20,17648.90,731.98,875.00,2791.718879
300,7,1479.60,14216.77,18741.06,771.56,967.39,2785.331436
300,7,2047.22,16174.70,21924.44,1775.62,1144.67,2829.455192
300,7,1565.91,14692.42,18821.57,750.85,878.73,2499.581222
300,7,1687.71,15412.59,20229.40,1188.62,978.64,2649.551178
300,7,1712.22,14486.61,18466.16,639.93,882.85,2456.775800
300,7,2092.67,16506.07,21557.05,1218.86,927.84,2904.282268
300,7,1650.76,15146.92,20031.72,1137.58,1004.70,2742.508287
300,7,1808.72,14640.90,19858.10,1643.03,1026.25,2547.919135
300,7,2592.01,18024.66,23647.90,1651.37,1050.57,2921.298874
300,7,2535.14,18438.70,24263.89,1858.97,1060.17,2906.051801
300,7,1808.38,16601.53,20973.22,944.42,965.66,2461.607066
300,7,1337.37,13430.44,17256.24,705.11,850.01,2270.681492
300,7,1853.25,14766.34,19362.02,1414.13,905.05,2276.500639
300,7,1920.36,15827.24,20213.52,1189.76,909.72,2286.802035
300,7,1941.09,17766.79,22870.33,917.76,1069.89,3115.899467
300,7,1979.20,16027.71,21171.62,1337.05,1069.09,2737.768191
300,7,1233.00,12010.10,16198.59,837.71,916.76,2434.012650
300,7,2216.65,17243.14,22731.40,1251.61,986.30,3250.356280
300,7,1429.89,13723.58,18188.67,1091.37,952.30,2421.415303
300,7,1967.89,17737.55,22605.40,1147.16,1072.51,2648.177512
300,7,2094.80,17321.43,22623.62,1244.35,1000.17,3057.659588
300,7,1405.43,13850.98,17966.18,808.28,963.69,2343.231117
300,7,1808.93,15338.96,20699.62,1465.19,1067.34,2828.126780
300,7,2155.95,18400.95,23498.69,1290.23,1029.15,2778.370517
300,7,1615.68,13985.41,18510.95,999.12,957.51,2568.910329
300,7,1769.25,15981.12,20621.44,990.99,946.23,2703.092921
300,7,1894.43,16389.29,20868.70,632.17,981.97,2865.274558
300,7,2230.84,18330.48,23401.62,1265.80,1041.60,2763.732987
300,7,1671.82,13720.20,18697.24,1315.41,880.17,2781.460844
300,7,1764.75,15699.69,19975.00,662.70,877.98,2734.617955
300,7,1925.73,17333.85,22777.73,1513.60,1097.32,2832.952974
300,7,1605.87,16042.09,20811.96,978.01,1103.12,2688.742194
300,7,2005.83,16733.11,22014.40,1247.78,1046.04,2987.466642
300,7,2003.40,14865.55,19654.03,1221.86,882.43,2684.187007
300,7,1569.33,14114.34,18365.04,1030.59,953.87,2266.241927
300,7,1718.93,15902.08,20289.40,787.64,948.36,2651.320410
300,7,1615.27,13487.11,18388.62,1430.07,925.06,2546.372375
300,7,2313.57,19195.80,24620.98,1392.54,1132.36,2900.271089
300,7,1964.57,17722.10,22251.78,679.24,969.38,2881.067544
300,7,1971.26,16375.53,21085.65,963.99,992.19,2753.942681
300,7,3118.95,22119.75,28810.67,2307.75,1243.01,3140.161597
300,7,2190.29,16625.33,22404.09,1622.96,1150.55,3005.253630
300,7,1875.92,17148.15,22045.05,1233.22,1052.89,2610.794309
300,7,1692.63,15964.64,20578.35,861.26,1004.81,2747.637321
300,7,2048.01,16838.89,22109.53,1362.57,1071.60,2836.474238
300,7,1476.84,12277.95,16523.10,900.85,753.59,2590.712706
300,7,1656.22,14665.98,18718.32,649.97,868.88,2533.497078
300,7,1936.70,16573.23,21739.67,1267.17,1003.90,2895.369711
300,7,1981.00,16267.74,20859.18,1027.69,915.09,2648.662374
300,7,1713.22,15498.62,20071.17,1083.49,945.19,2543.879614
300,7,1965.83,17155.96,22439.80,1084.30,1100.73,3098.812843
300,7,1467.44,13806.48,17854.27,625.20,826.44,2596.154764
300,7,2046.68,17140.12,21714.11,859.78,917.04,2797.170988
300,7,1871.53,16913.74,21965.24,1281.64,1086.98,2682.888865
300,7,2114.11,17516.27,22361.13,1206.50,1021.38,2616.979851
300,7,2037.43,15038.53,20350.83,1839.05,1020.01,2453.238339
300,7,2111.58,15814.91,20444.71,1356.09,1059.14,2214.561987
300,7,2170.50,18565.47,23481.10,938.39,1032.95,2944.286370
300,7,2002.95,16237.20,21242.27,1521.30,1089.64,2394.117459
300,7,1887.33,16311.38,21251.93,1084.77,1011.43,2844.354585
300,7,2062.89,17413.77,22471.78,1331.67,1050.60,2675.740172
300,7,2262.22,17536.43,22925.91,1561.91,1041.73,2785.847945
300,7,1800.28,14630.42,19832.44,1306.16,895.69,3000.177721
300,7,2101.21,18636.53,23733.36,1054.89,1072.59,2969.354124
300,7,1361.23,12061.43,16230.50,705.81,838.14,2625.121650
300,7,2327.08,17430.04,23278.57,1720.60,1115.68,3012.246392
300,7,1322.80,13281.95,17483.77,840.60,988.31,2372.913640
300,7,1983.43,17640.62,22174.32,746.96,967.29,2819.449478
300,7,1380.92,14318.84,18545.12,927.58,1009.16,2289.545577
300,7,1262.13,12219.37,15932.24,630.62,778.77,2303.485593
300,7,1334.17,13490.23,18226.32,932.83,972.79,2830.467536
300,7,2341.40,19146.50,24020.67,959.21,1001.96,2913.001412
300,8,2042.93,16010.45,22055.89,1858.79,1200.04,2986.607488
300,8,2051.01,17042.07,22419.05,1107.71,1082.08,3187.193480
300,8,1574.62,13887.03,18889.70,1137.78,939.96,2924.921325
300,8,1842.05,16244.27,21082.98,1118.55,1004.65,2715.512364
300,8,2789.54,21547.15,28085.50,1566.85,1280.62,3690.882564
300,8,2104.71,19028.16,23910.07,785.36,1078.99,3017.553445
300,8,2257.30,19262.00,24712.30,984.13,1069.41,3396.767879
300,8,2638.62,17929.16,24414.58,2006.53,1185.84,3293.052970
300,8,1492.03,14894.40,19619.49,827.09,1011.13,2886.881389
300,8,2189.89,19258.42,24303.00,1024.19,1089.80,2930.589821
300,8,1859.63,16708.30,21599.04,1088.01,1027.15,2775.569910
300,8,1617.54,15372.44,20097.90,953.02,1064.57,2707.869274
300,8,2154.91,18659.54,24365.14,1560.48,1094.90,3050.218078
300,8,2218.44,19021.17,24805.02,1332.69,1235.59,3215.570512
300,8,1352.80,13308.41,17670.89,769.30,904.89,2688.294765
300,8,2102.49,19459.01,24865.19,1196.00,1163.34,3046.835340
300,8,2574.36,21085.08,26227.31,698.54,1036.51,3407.187129
300,8,1967.21,18138.80,23131.44,856.17,1059.44,3077.026907
300,8,1387.14,13829.67,18422.89,852.12,983.05,2758.049520
300,8,3262.76,20761.42,28299.07,2676.50,1322.70,3538.459904
300,8,1458.88,14231.54,19332.55,1007.44,1042.80,3050.772747
300,8,2136.03,18460.95,23828.66,1111.21,1123.49,3133.009782
300,8,2169.69,20789.82,25860.26,909.09,1145.44,3015.907088
300,8,1910.58,14541.52,20401.67,1853.31,1070.26,2936.568015
300,8,2072.65,19457.63,24574.08,961.45,1119.72,3035.272809
300,8,1624.45,14545.79,19299.50,800.68,963.16,2989.869688
300,8,1929.62,18089.10,23209.57,1011.47,1137.58,2971.423843
300,8,2305.74,19660.26,25226.57,1185.57,1262.27,3118.472706
300,8,2137.24,18722.25,24463.86,1310.03,1267.90,3163.679520
300,8,2725.52,23936.85,29373.83,1013.38,1254.02,3169.574161
300,8,1453.16,13881.50,18552.52,766.76,892.43,3011.839828
300,8,1828.96,16192.07,20942.88,925.05,981.58,2844.177094
300,8,1717.85,17712.56,22937.57,1050.94,1195.79,2978.279040
300,8,2249.79,18113.68,23311.67,1283.44,1032.58,2881.975888
300,8,2198.46,18500.52,24246.96,1340.82,1030.61,3374.995779
300,8,2118.08,18550.79,23811.51,1381.90,1147.71,2731.110968
300,8,1853.25,16328.94,21648.48,1173.10,1035.69,3110.754092
300,8,1575.62,14462.98,19218.65,732.93,892.97,3129.767776
300,8,1484.39,14232.49,18630.47,768.41,901.36,2728.212038
300,8,1849.70,15707.92,20918.47,1503.10,1026.52,2680.928132
300,8,1537.36,14844.98,19154.86,766.83,937.86,2605.190883
300,8,1337.37,12981.96,16965.87,733.83,866.01,2384.070881
300,8,2529.13,20700.25,26554.00,1135.70,1161.77,3556.273599
300,8,1675.47,16974.59,21948.92,967.89,1093.52,2912.918920
300,8,1671.81,15778.80,20135.45,740.60,934.50,2681.549871
300,8,1864.34,17326.36,22383.75,792.25,973.01,3292.131946
300,8,1777.78,15641.72,20767.20,1158.37,1038.97,2928.131702
300,8,2110.44,19943.93,24918.71,836.60,1093.33,3044.843353
300,8,1975.34,18848.80,24214.54,899.68,1124.65,3341.418916
300,8,2365.23,17932.54,23828.99,1720.25,1121.65,3054.550545
300,8,2068.90,18672.12,24331.04,1328.63,1241.78,3088.516774
300,8,1856.88,16811.14,21972.65,1226.31,1039.30,2895.906093
300,8,2933.83,19069.24,25682.10,2242.29,1249.34,3121.223763
300,8,1911.15,17584.49,22445.03,779.67,1051.08,3029.790093
300,8,2037.43,18996.77,24894.62,1303.59,1284.62,3309.651733
300,8,1813.81,17062.03,21917.18,830.89,1026.83,2997.438150
300,8,2049.79,18993.34,23806.33,816.86,992.72,3003.407715
300,8,1914.89,17627.74,22447.88,812.30,1004.24,3003.595746
300,8,1996.40,19490.10,24549.46,879.12,1111.03,3069.200897
300,8,2356.71,17982.26,24430.84,2022.06,1310.47,3116.052964
300,8,2335.39,20216.43,26194.81,1296.13,1277.76,3404.483656
300,8,2068.15,17611.28,23421.92,1510.92,1240.81,3058.919610
300,8,2167.80,19040.73,24406.19,1500.53,1186.66,2678.257685
300,8,2098.44,18730.52,23604.81,824.40,1096.49,2953.400039
300,8,2159.43,18913.57,24163.13,1173.40,1207.68,2868.474788
300,8,1782.22,17071.36,22339.49,912.72,1066.56,3288.843035
300,8,1772.10,16658.03,21774.36,898.18,1047.71,3170.436893
300,8,1990.38,18265.80,23296.06,856.82,1090.08,3083.360466
300,8,1745.26,16763.84,21969.82,946.40,1100.48,3159.101354
300,8,2180.10,19361.17,24615.69,869.00,1171.95,3213.568773
300,8,1509.71,15086.34,19904.51,992.18,1101.68,2724.307331
300,8,1697.03,16874.76,22250.57,1055.28,1233.96,3086.573612
300,8,2051.02,19159.00,23996.29,760.02,1028.19,3049.074924
300,8,2158.65,19974.99,25411.24,1233.16,1210.74,2992.344644
300,8,2267.65,18423.78,24157.47,1513.48,1109.77,3110.436809
300,8,2304.28,18750.82,24255.51,1117.93,1045.65,3341.107527
300,8,1980.36,18101.76,23070.28,917.79,1176.85,2873.884039
300,8,1685.07,16164.50,21321.60,1071.15,1175.84,2910.111825
300,8,2441.99,21464.92,26975.19,912.34,1200.17,3397.762366
300,8,2110.30,16290.97,22177.12,1534.50,1085.74,3265.911705
300,8,2542.10,20052.48,26531.17,1874.73,1313.37,3290.604395
300,8,1959.19,19604.75,25074.50,1110.76,1300.53,3058.463186
300,8,2072.60,19671.79,24889.42,995.96,1254.70,2966.962349
300,8,1779.86,15478.93,20141.22,1113.39,978.49,2570.416637
300,8,1461.98,14139.14,18161.23,775.95,910.06,2336.074456
300,8,2578.48,20190.26,26020.24,1447.06,1188.90,3194.024906
300,8,1945.85,17020.87,22062.52,1270.07,1168.06,2603.512106
300,8,2331.63,20737.28,25932.35,897.43,1124.99,3172.635539
300,8,2247.25,18888.51,23869.97,918.12,1024.15,3039.192265
300,8,1899.58,16597.22,20956.69,604.90,859.89,2894.677736
300,8,2381.72,18845.12,24204.78,1034.33,1041.20,3284.135599
300,8,2152.89,21591.60,26926.04,910.89,1184.08,3239.477389
300,8,2103.04,18114.84,23513.63,1182.39,1125.33,3091.072696
300,8,1721.77,16031.57,21457.90,1014.29,1129.21,3282.829320
300,8,1447.35,14522.69,19212.08,973.59,1034.73,2681.077012
300,8,1885.30,17253.85,21876.67,713.74,968.73,2940.352072
300,8,1522.51,15092.95,19766.76,964.13,1085.87,2623.817829
300,8,1667.66,16107.26,20533.08,818.18,1014.22,2593.416591
300,8,1943.69,17727.76,23432.12,1360.31,1139.87,3204.175359
300,8,1806.61,16204.48,20712.69,637.89,858.07,3012.253137
300,9,2153.20,20329.56,25764.56,1124.96,1323.20,2986.842935
300,9,2744.87,21717.33,28501.40,1665.22,1365.58,3753.274008
300,9,2326.16,19063.65,25309.15,1639.82,1223.79,3381.901585
300,9,1902.66,15965.42,21202.37,1134.96,1029.93,3072.064820
300,9,1932.98,17671.33,23442.70,853.64,1122.72,3795.005464
300,9,1905.38,15833.12,21474.73,1208.85,1030.22,3402.540713
300,9,1844.31,17682.84,23569.72,992.81,1205.04,3689.025670
300,9,2461.22,22372.44,28015.08,1001.06,1321.86,3319.724827
300,9,2097.38,19889.23,25172.05,915.70,1179.65,3187.486353
300,9,1941.90,18584.99,23755.10,888.10,1115.75,3166.249723
300,9,2032.52,20151.81,25624.70,1033.95,1224.75,3214.192337
300,9,1552.91,15940.80,21439.03,1142.40,1184.37,3171.470151
300,9,1717.83,16809.47,22317.83,1076.67,1209.59,3222.101008
300,9,2142.05,19222.76,24669.97,788.30,1117.19,3541.722980
300,9,2028.66,20074.09,25921.35,1165.13,1398.46,3283.672848
300,9,2385.66,21366.12,27444.53,1332.87,1402.03,3343.507938
300,9,3018.24,23736.63,29505.26,1010.66,1216.42,3541.545303
300,9,1896.57,16655.46,22043.57,857.84,1088.79,3441.488569
300,9,1585.88,16301.38,21923.96,1133.93,1256.44,3232.206822
300,9,2709.59,24111.76,30058.34,957.67,1358.47,3630.449495
300,9,2419.58,22101.49,27944.33,1037.25,1341.43,3464.160706
300,9,2586.85,23557.42,29418.79,980.17,1355.33,3525.865520
300,9,1977.16,16846.39,22332.18,1192.38,1044.20,3249.202999
300,9,1913.11,17994.84,23133.77,907.92,1084.86,3146.150434
300,9,2085.78,19792.24,25254.87,880.90,1144.87,3436.853256
300,9,1800.74,17227.43,22520.76,993.33,1127.58,3172.422727
300,9,1647.81,15333.44,20838.64,1029.72,1098.84,3376.642456
300,9,2328.48,21346.57,27511.22,1342.34,1337.72,3484.591647
300,9,2125.67,19670.18,25496.10,1123.65,1294.55,3407.718525
300,9,2110.94,18072.60,23672.00,935.88,1135.63,3527.888317
300,9,2048.22,18931.26,24222.18,908.56,1179.69,3202.680074
300,9,1806.63,17329.85,22787.31,1127.88,1244.28,3085.295186
300,9,1984.23,18764.29,24674.36,1149.29,1319.21,3441.564960
300,9,1711.20,15654.51,20378.17,692.31,892.14,3139.214732
300,9,2659.36,22237.39,27944.37,1182.17,1158.09,3366.719737
300,9,2058.97,18550.45,23377.38,820.76,1091.46,2914.706018
300,9,2134.61,20305.14,25642.44,890.95,1143.04,3303.311753
300,9,2000.65,17463.73,22668.47,767.39,1056.04,3381.306376
300,9,1656.62,15998.31,21240.02,1034.38,1136.59,3070.745550
300,9,1805.83,16841.21,21714.79,788.90,1009.31,3075.368811
300,9,1653.85,15021.46,20293.40,1330.36,1122.79,2818.794212
300,9,1411.44,14190.25,19034.57,998.11,1052.76,2793.453860
300,9,2467.19,22203.31,28543.26,1008.09,1370.65,3961.222223
300,9,2265.53,18883.45,24695.27,1220.19,1114.12,3477.513819
300,9,2363.81,21484.33,26561.75,832.00,1153.24,3092.181886
300,9,1988.76,18239.76,23871.58,820.31,1092.60,3718.919955
300,9,1620.96,16208.73,21358.18,908.57,1075.53,3165.338340
300,9,2626.99,19883.58,26649.48,2013.05,1300.57,3452.273597
300,9,1954.21,18166.00,24120.03,981.25,1188.62,3784.157590
300,9,2592.20,20082.38,26104.78,1549.92,1216.49,3255.993429
300,9,2178.91,21420.35,27213.00,1120.25,1316.80,3355.594121
300,9,1982.51,18418.35,23603.40,866.26,1092.77,3226.023501
300,9,2451.43,17821.53,23172.94,1072.36,1047.60,3231.450703
300,9,2091.93,19183.04,24461.99,849.23,1109.22,3320.499768
300,9,2510.52,20863.53,27039.90,1301.83,1297.48,3577.056253
300,9,2263.82,19008.66,24050.92,719.57,1044.66,3278.040259
300,9,1930.57,16866.60,21788.39,808.17,1054.02,3059.608136
300,9,2579.57,21918.95,27479.30,853.91,1229.95,3476.490096
300,9,2337.84,20356.67,26610.05,1364.86,1316.53,3572.001071
300,9,2227.93,19074.38,24053.31,715.08,999.84,3264.022242
300,9,1585.75,16090.89,21889.95,1004.76,1193.43,3600.870655
300,9,1594.17,15662.61,20830.39,895.00,1087.61,3185.172410
300,9,1699.50,16717.74,21834.97,1042.95,1184.30,2889.980987
300,9,2539.72,21225.67,26708.54,868.21,1226.66,3387.992383
300,9,1551.56,15021.92,20717.14,1147.26,1233.65,3314.305298
300,9,2895.08,22782.41,28892.13,1195.58,1323.19,3590.960383
300,9,2890.77,25070.46,30733.62,886.02,1357.95,3419.194964
300,9,2121.74,18970.53,24541.74,933.55,1141.72,3495.942793
300,9,2852.50,23448.06,29530.37,1212.99,1220.33,3648.990580
300,9,2249.52,19022.42,24275.49,708.47,1022.34,3522.260245
300,9,2085.74,19399.08,24720.77,1014.07,1264.87,3042.761449
300,9,1724.58,16703.36,22188.04,1056.21,1193.26,3235.202362
300,9,2248.06,20377.33,25959.43,936.41,1176.89,3468.798761
300,9,2029.99,19062.26,24165.80,861.47,1171.38,3070.688561
300,9,1624.38,15121.65,20196.05,817.49,965.29,3291.616391
300,9,1884.74,16284.49,21465.74,723.91,981.75,3475.586907
300,9,1849.47,18025.86,23457.93,976.69,1204.72,3250.660172
300,9,1966.35,17611.61,22906.39,935.74,1170.27,3188.770096
300,9,2387.22,20700.24,26550.82,884.37,1220.62,3745.587248
300,9,1563.07,14320.68,19721.76,877.62,1033.66,3489.800726
300,9,1927.94,18745.51,24011.42,921.66,1142.91,3201.346507
300,9,1793.33,17663.45,23280.67,1116.51,1237.72,3262.982497
300,9,2257.77,19539.09,25498.29,1223.32,1223.02,3512.860922
300,9,1827.61,17816.69,22928.65,1022.34,1177.02,2912.605716
300,9,1845.41,18846.65,24027.04,1204.56,1285.15,2690.662164
300,9,2182.33,18866.44,24125.13,779.29,1128.23,3351.160469
300,9,2410.70,20189.78,25775.95,1228.72,1234.48,3122.973449
300,9,2164.64,18595.76,24618.01,1284.80,1233.98,3503.468262
300,9,1980.16,19134.02,24535.30,1035.10,1195.10,3171.074252
300,9,2216.12,18823.87,24645.80,1219.82,1152.59,3449.519307
300,9,2607.68,20859.08,26695.95,1207.60,1188.16,3441.101194
300,9,1796.96,17271.24,23189.09,1008.50,1163.59,3745.760970
300,9,1801.87,17160.25,22512.14,864.33,1119.37,3368.184449
300,9,2665.50,23685.48,29633.87,1063.97,1387.07,3497.345722
300,9,2163.32,19882.86,25024.70,972.14,1220.65,2949.062245
300,9,2330.68,20087.81,26050.30,1355.23,1273.85,3333.410466
300,9,1602.37,15515.52,20643.93,1020.51,1106.38,3001.510467
300,9,2198.29,19911.64,25499.13,1239.52,1187.88,3160.096986
300,9,2513.36,22234.24,28016.02,961.20,1335.74,3484.837583
300,9,1844.53,16616.17,21884.72,856.31,1065.12,3347.110307
300,10,2394.10,22514.03,28277.50,1042.67,1299.78,3421.019190
300,10,2775.85,22951.53,29007.71,780.60,1270.02,4005.551845
300,10,2053.56,19318.98,25342.07,1143.03,1357.10,3522.963341
300,10,1998.80,18922.87,24415.80,1044.14,1263.75,3185.039691
300,10,2080.65,18645.89,25163.90,1028.71,1240.79,4248.514852
300,10,2463.96,21696.22,27458.23,935.56,1293.41,3533.031489
300,10,2264.86,20613.68,26789.61,989.85,1294.85,3891.224679
300,10,1860.37,16962.08,22656.68,894.14,1148.93,3651.526745
300,10,2589.45,23579.17,29707.20,1157.93,1429.72,3540.386171
300,10,2339.09,21583.54,27916.66,1175.32,1469.41,3688.396480
300,10,1604.76,15996.44,21649.36,1056.93,1157.22,3438.772598
300,10,1976.34,18204.16,23675.41,954.21,1161.29,3355.747929
300,10,2410.24,22146.23,28117.93,1062.54,1339.14,3570.014199
300,10,2560.74,21734.65,27934.40,974.29,1333.90,3891.559963
300,10,1805.14,17496.82,23696.06,1204.34,1342.87,3652.024063
300,10,2239.05,20810.57,26817.56,1056.26,1292.00,3658.722913
300,10,2560.57,23754.23,30191.70,1102.78,1403.38,3931.317982
300,10,1910.18,18031.41,23759.69,989.78,1166.65,3571.847044
300,10,2343.58,21617.13,27675.86,1136.10,1404.87,3517.760895
300,10,2807.09,23598.65,29831.02,983.76,1387.32,3861.291670
300,10,2358.75,21314.36,27959.31,1156.72,1514.57,3973.663199
300,10,2367.52,21482.24,27857.29,1164.13,1363.20,3847.720190
300,10,2199.26,20718.07,26629.23,1104.15,1337.77,3469.234296
300,10,2568.20,23676.19,29466.16,1024.50,1357.25,3408.222444
300,10,1890.05,17617.11,23477.95,899.43,1144.86,3816.547752
300,10,1727.34,17109.65,23080.72,1155.35,1307.87,3507.853410
300,10,2182.70,19248.77,24776.21,854.53,1171.16,3501.755316
300,10,2134.30,20295.15,26676.89,1221.39,1427.71,3732.626921
300,10,1963.86,18929.44,24563.69,1056.86,1189.85,3387.537389
300,10,1931.39,17225.09,23235.96,952.48,1228.97,3829.414867
300,10,2693.58,25094.88,31482.40,1179.41,1558.31,3649.806337
300,10,2099.21,19215.72,24973.66,1221.47,1302.22,3234.255742
300,10,2706.37,24040.59,30313.61,1042.05,1405.16,3825.810255
300,10,2612.78,21878.99,27915.12,1307.33,1233.64,3495.170139
300,10,2156.19,18630.79,24188.40,881.82,1159.58,3516.209972
300,10,1730.31,16603.86,22316.65,1133.12,1232.00,3347.660488
300,10,2096.46,19897.79,25860.77,995.04,1195.41,3772.537936
300,10,2634.29,22238.74,28153.11,961.29,1302.61,3650.478820
300,10,1641.64,16109.42,21823.80,1121.42,1197.47,3395.492131
300,10,2194.43,20179.49,25531.25,915.00,1208.25,3228.522081
300,10,1976.46,17204.09,23088.29,1369.29,1255.01,3259.908475
300,10,2028.92,19469.66,24908.66,1060.82,1265.20,3112.985334
300,10,3084.81,25581.82,32846.38,1120.48,1600.15,4543.914138
300,10,2684.86,22387.96,28574.64,1355.78,1270.30,3560.600071
300,10,1906.77,17392.25,23042.15,941.67,1192.74,3515.484888
300,10,2141.52,18050.57,23994.44,951.75,1168.22,3823.889904
300,10,1825.22,17203.21,22753.29,1011.44,1131.70,3406.944836
300,10,1993.08,18127.31,23992.95,999.26,1236.51,3629.871685
300,10,2339.45,20960.60,27088.17,958.92,1216.91,3951.731842
300,10,1942.13,16891.04,22236.19,794.46,1047.77,3502.921357
300,10,2040.53,20105.95,26466.79,1211.32,1384.75,3764.765299
300,10,1940.78,17682.54,23015.54,878.98,1092.82,3361.199255
300,10,2032.09,18205.22,23949.30,992.66,1194.45,3556.970347
300,10,1895.99,18316.12,24069.38,958.73,1107.07,3687.447408
300,10,2217.69,19785.77,25630.72,1021.33,1200.33,3623.280496
300,10,2509.98,21286.68,27098.77,819.31,1214.21,3778.564816
300,10,2915.73,21112.94,27744.52,1642.05,1295.64,3693.888064
300,10,2960.32,23574.13,30172.95,1350.04,1408.63,3840.144178
300,10,2099.85,18571.72,24633.81,984.53,1299.49,3778.074011
300,10,2808.19,23724.59,30191.18,1506.15,1346.46,3613.980708
300,10,2193.85,20913.35,27480.96,1150.33,1390.32,4026.965167
300,10,2423.46,22879.82,28885.06,1103.30,1369.44,3532.504164
300,10,1713.00,16642.98,22285.04,1094.49,1239.46,3308.120352
300,10,2014.24,18244.66,24558.19,1156.60,1360.69,3796.250432
300,10,2002.20,17502.59,22841.32,763.46,1055.98,3519.291205
300,10,2226.68,20793.12,27423.04,1152.96,1429.89,4047.069977
300,10,2270.83,21087.09,26948.80,929.98,1271.87,3659.861210
300,10,2481.66,20515.98,27396.06,1589.72,1405.72,3884.634033
300,10,2528.58,22294.19,28655.03,1077.09,1355.73,3928.024316
300,10,2657.30,22289.99,28932.13,1405.30,1280.30,3956.535680
300,10,2518.54,21099.10,26690.63,940.67,1215.88,3434.975149
300,10,2070.18,19561.56,25490.86,1069.39,1283.54,3576.370690
300,10,1862.15,17845.83,24029.32,1135.04,1310.37,3738.081342
300,10,2339.22,21130.93,27004.14,1092.22,1354.54,3426.445045
300,10,1875.51,16962.85,22618.71,915.72,1105.06,3635.074282
300,10,2409.22,20526.62,26858.32,1064.08,1345.10,3922.511780
300,10,1751.08,16689.26,22157.84,957.36,1123.50,3387.715861
300,10,2749.63,21861.49,28428.79,1389.75,1331.80,3845.744926
300,10,2368.57,21328.92,27702.40,971.53,1344.70,4057.258548
300,10,2392.00,21166.33,27109.34,984.63,1284.62,3673.757576
300,10,1913.38,18450.84,24503.05,1030.31,1237.69,3784.204453
300,10,1789.99,16929.96,23159.14,1189.25,1308.63,3731.309714
300,10,2276.56,20290.72,26310.46,1019.03,1285.43,3715.265928
300,10,2037.54,17759.24,22909.14,863.63,1110.85,3175.425383
300,10,2868.05,23627.48,29992.38,1870.44,1281.18,3213.282772
300,10,1974.03,18595.17,24382.68,936.00,1107.41,3744.103968
300,10,2210.35,19644.49,25072.38,910.89,1199.64,3317.366748
300,10,1855.03,17741.22,23963.62,1086.41,1224.94,3911.057949
300,10,2584.06,23758.63,29786.18,1009.54,1380.19,3637.816937
300,10,1720.16,16092.46,21769.71,961.51,1097.90,3617.841538
300,10,2343.18,19750.61,26219.14,1427.08,1364.41,3677.041707
300,10,2479.78,23013.42,29359.84,1018.19,1345.85,3982.370192
300,10,2231.49,21750.26,28517.22,1423.62,1631.37,3711.966767
300,10,1887.03,18174.32,24704.96,1147.76,1321.98,4060.896688
300,10,1506.96,13919.31,19060.37,953.67,1083.57,3103.814000
300,10,2829.74,25031.64,31569.61,1134.57,1488.29,3915.116426
300,10,1813.91,17894.84,23360.59,1075.48,1211.02,3179.248422
300,10,2266.15,21118.55,27042.10,1164.63,1376.69,3382.222427
300,10,2462.77,21408.65,27657.99,1065.06,1343.45,3840.825703
300,10,2787.29,24252.16,30487.21,1002.77,1404.75,3827.523285
300,11,2284.45,20898.48,27263.80,1145.78,1388.55,3831.000376
300,11,2824.79,24096.93,30998.13,1070.73,1479.17,4351.302749
300,11,2337.51,20801.49,27074.28,979.06,1349.76,3943.980763
300,11,2045.79,18554.31,24815.78,1088.95,1339.08,3833.429604
300,11,2307.25,21335.10,28664.27,1318.80,1509.03,4501.343480
300,11,1998.85,18461.04,24787.15,1065.30,1268.15,3992.657586
300,11,2761.44,25114.38,32257.37,1312.36,1671.09,4159.543286
300,11,2197.78,19657.94,26154.16,1142.10,1386.14,3967.975009
300,11,1977.30,18394.42,25283.17,1315.27,1426.15,4147.330092
300,11,1928.43,18213.21,24824.70,1270.24,1329.77,4011.475040
300,11,2418.53,20423.67,26847.18,1448.34,1320.08,3655.081050
300,11,2668.20,24697.21,31329.50,1288.98,1588.39,3754.915927
300,11,2008.09,17233.40,23238.71,930.76,1174.86,3899.688161
300,11,2404.94,22237.69,29628.30,1402.40,1559.06,4429.142247
300,11,2196.40,20682.35,27452.04,1262.31,1486.00,4021.381355
300,11,2281.36,20813.70,26974.20,992.70,1240.10,3927.693200
300,11,2900.52,24453.53,31781.69,1615.40,1572.76,4140.000404
300,11,2669.16,23601.56,30556.27,1544.96,1485.64,3924.111186
300,11,1903.23,18340.42,24657.45,1204.97,1320.87,3791.190598
300,11,2635.29,23779.49,30167.48,1046.64,1386.30,3955.049837
300,11,2948.15,25946.10,33061.56,1211.55,1629.35,4274.558481
300,11,2597.73,22612.11,29620.09,1201.43,1453.68,4352.878386
300,11,2276.95,20657.55,26893.88,1044.95,1350.81,3840.567251
300,11,2557.42,23444.11,29922.81,1127.95,1438.27,3912.489039
300,11,2271.15,20875.54,27589.49,1225.69,1445.05,4043.218612
300,11,2553.84,23739.11,30148.70,1163.05,1481.66,3764.882002
300,11,2313.99,21671.90,28286.19,1143.96,1451.67,4018.657589
300,11,2394.00,22612.03,29563.21,1310.31,1491.58,4149.295163
300,11,1771.82,17480.27,24304.26,1373.42,1460.24,3990.329410
300,11,2766.95,25297.68,32352.98,1198.58,1562.49,4294.238239
300,11,2315.12,21688.48,28120.79,1124.98,1381.99,3925.345334
300,11,1762.37,16918.00,23116.26,1187.57,1313.56,3697.139562
300,11,2401.36,21802.58,28930.46,1261.10,1536.06,4330.713102
300,11,2510.72,23869.74,30034.71,1077.15,1350.05,3737.776210
300,11,2579.70,23540.14,29818.62,1053.68,1395.25,3829.541414
300,11,1591.28,15429.69,21741.74,1271.35,1412.95,3627.759958
300,11,2011.73,18156.40,24294.17,1018.03,1195.83,3923.905454
300,11,2360.40,20881.79,27285.69,1108.16,1387.32,3908.411560
300,11,2012.02,18572.51,24531.15,1068.32,1266.57,3623.759306
300,11,2115.18,19154.25,25174.40,1033.25,1247.26,3739.631977
300,11,2145.10,18380.85,24011.96,1026.01,1236.90,3368.198324
300,11,2231.28,21956.23,27824.15,1176.47,1406.97,3284.483247
300,11,2563.92,21799.39,28899.94,1136.76,1417.10,4546.688060
300,11,1999.42,19443.91,25923.72,1237.00,1452.22,3790.588975
300,11,1710.20,15286.27,21002.57,998.77,1156.90,3560.630600
300,11,2320.59,20300.90,27000.22,1076.89,1330.41,4292.021232
300,11,1891.61,17273.21,23400.42,1082.57,1277.49,3767.140749
300,11,2107.51,19911.61,26391.39,1049.35,1318.57,4111.861399
300,11,2409.91,21388.80,28150.31,1095.59,1394.10,4271.814651
300,11,2354.93,20721.64,26807.74,980.42,1334.80,3770.878028
300,11,2282.69,20931.28,27702.64,1203.50,1473.47,4094.400599
300,11,2309.45,20637.62,26977.17,1092.57,1370.09,3876.895036
300,11,3164.87,24709.50,31570.70,1461.20,1422.04,3977.966117
300,11,1908.23,17770.70,23987.19,1069.59,1210.21,3936.689028
300,11,2686.53,23999.47,30826.81,1278.95,1537.55,4010.837342
300,11,2203.77,20661.20,27133.15,1088.47,1418.57,3964.916481
300,11,2164.21,19363.64,25419.49,932.89,1212.92,3910.041476
300,11,2390.77,21874.87,28855.81,1269.46,1531.69,4179.793481
300,11,2754.42,23868.87,30390.20,1112.41,1452.12,3956.791975
300,11,1815.48,16765.64,22541.31,923.93,1148.74,3703.009777
300,11,2649.90,23847.03,30451.29,1059.09,1443.06,4102.106239
300,11,2184.29,19600.12,25467.98,960.24,1174.95,3732.674090
300,11,1936.99,18162.17,24060.57,1080.68,1312.86,3504.860133
300,11,2080.50,18341.39,24547.15,975.87,1203.44,4026.454285
300,11,2257.48,21185.48,28196.37,1347.33,1593.80,4069.750184
300,11,2536.60,23857.48,31031.14,1264.21,1552.60,4356.851870
300,11,2767.19,23673.44,30368.84,1110.61,1445.93,4138.866517
300,11,1951.37,18729.40,25405.39,1172.61,1468.25,4035.135661
300,11,2271.31,20903.38,28083.29,1283.66,1456.21,4440.043673
300,11,3051.43,26221.08,32829.34,1047.56,1441.66,4119.037954
300,11,2082.04,18690.93,24837.87,1056.96,1370.22,3719.752845
300,11,2535.18,22366.94,28998.93,1158.63,1437.42,4035.941222
300,11,1983.36,20344.15,27197.24,1371.02,1484.36,3997.716029
300,11,2300.90,20864.81,27201.56,1138.39,1344.29,3854.078056
300,11,2360.04,21281.56,27322.62,985.63,1265.64,3789.795686
300,11,2488.47,21141.91,27404.73,938.17,1283.84,4040.800832
300,11,2685.07,23606.06,30040.32,1193.35,1523.58,3717.319774
300,11,2611.30,23014.76,29500.97,1051.20,1378.49,4056.523571
300,11,2764.36,23792.85,30264.96,996.17,1400.69,4075.249168
300,11,1928.43,18240.66,24461.61,1056.66,1248.94,3915.350203
300,11,1855.76,17334.32,24003.60,1180.73,1317.61,4170.935933
300,11,2389.79,22488.71,29695.46,1428.27,1689.67,4088.814927
300,11,2166.55,19542.74,26074.90,1166.98,1372.51,3992.666996
300,11,1565.85,14945.99,20733.70,1120.20,1224.32,3443.195727
300,11,1918.32,18802.89,24712.65,1184.67,1384.97,3340.117480
300,11,2942.56,23754.88,30507.78,1348.55,1369.88,4034.466303
300,11,2163.69,21359.21,27910.99,1299.10,1423.66,3829.022156
300,11,2505.79,22559.89,29616.32,1233.71,1518.17,4304.557896
300,11,2286.95,20732.51,27462.33,1202.75,1428.17,4098.897994
300,11,2284.13,20591.92,26587.26,1122.24,1328.96,3544.137462
300,11,2058.05,19193.84,25383.42,1092.83,1287.71,3809.052480
300,11,2227.93,22062.59,29801.66,1487.57,1726.36,4525.141676
300,11,2234.31,20303.61,27076.09,1350.22,1544.09,3878.165928
300,11,2743.42,23465.45,30437.46,1148.55,1511.98,4311.480385
300,11,2097.42,18883.46,25442.94,1267.34,1466.24,3825.898051
300,11,2642.91,24259.31,31291.07,1279.44,1532.96,4219.368667
300,11,2050.51,19909.33,26508.46,1253.39,1474.28,3871.448091
300,11,2263.02,20906.10,27228.89,1200.00,1391.69,3731.097306
300,11,2199.67,21224.04,27992.99,1303.13,1405.92,4059.906346
300,11,2199.60,20489.69,27325.06,1282.64,1455.52,4097.217703
300,12,2171.36,20537.70,28248.85,1582.22,1765.51,4363.424282
300,12,2884.07,24050.16,31465.16,1160.71,1549.82,4704.477011
300,12,2533.63,22698.47,29821.65,1220.04,1531.86,4371.276792
300,12,2412.37,22483.66,30039.81,1513.50,1712.00,4330.641952
300,12,2755.97,24713.66,32707.81,1460.58,1727.34,4806.233072
300,12,2899.73,25722.72,32827.81,1183.89,1574.74,4346.454961
300,12,1987.00,19047.62,26915.29,1532.19,1597.23,4738.266636
300,12,2687.01,24054.91,31189.96,1214.71,1613.78,4306.556622
300,12,2330.56,20675.05,27502.29,1123.84,1401.73,4301.674784
300,12,2624.13,23675.67,31075.36,1432.98,1669.11,4297.597212
300,12,2302.80,20672.94,26874.78,1066.84,1313.48,3821.523956
300,12,2486.23,21801.43,28665.73,1185.77,1491.75,4186.778718
300,12,2535.42,23299.03,30105.94,1173.94,1474.00,4158.970080
300,12,2233.18,20119.88,27270.80,1111.63,1443.86,4595.429936
300,12,2293.35,20387.16,27358.36,1168.42,1415.38,4387.405232
300,12,2511.93,22130.71,29397.75,1229.68,1512.32,4525.032910
300,12,2635.72,22333.67,29224.33,968.73,1360.64,4561.292734
300,12,2205.75,19804.56,26382.22,1230.55,1433.17,3913.944266
300,12,2487.72,22147.59,28824.93,1140.54,1358.57,4178.235910
300,12,2149.48,19837.41,26914.94,1274.11,1424.15,4379.273495
300,12,2864.88,24481.21,31920.23,1247.60,1597.19,4594.238033
300,12,2377.99,20755.71,27623.25,1025.19,1343.04,4499.306879
300,12,2050.14,18896.73,25883.58,1271.69,1425.69,4289.469199
300,12,3113.35,24881.90,30908.15,788.76,1297.33,3940.172532
300,12,2352.44,21294.54,28510.32,1177.52,1383.48,4654.779513
300,12,2659.19,24380.28,31678.16,1500.67,1752.53,4044.678883
300,12,3002.05,27866.83,35639.55,1407.15,1756.00,4609.574732
300,12,3246.14,27958.64,35246.96,1195.89,1632.86,4459.574353
300,12,2395.10,23200.96,30864.70,1453.31,1713.59,4496.832323
300,12,2622.92,23246.01,30954.99,1247.87,1526.63,4934.484352
300,12,2957.84,25292.88,31841.98,1015.24,1413.96,4119.902078
300,12,2576.45,23757.07,30512.34,1336.55,1611.22,3807.501070
300,12,2425.41,21992.11,29428.25,1308.07,1563.04,4565.030809
300,12,2942.93,25758.74,32899.45,1299.17,1654.37,4187.160291
300,12,2149.26,19179.76,26012.04,1198.80,1412.26,4221.226177
300,12,1938.41,17569.96,24444.83,1336.58,1521.22,4017.069482
300,12,2654.03,23965.71,31126.91,1361.40,1526.75,4273.052989
300,12,2218.87,20327.23,27340.04,1357.80,1482.34,4172.667375
300,12,2516.74,22844.14,29307.27,1217.31,1496.50,3749.315238
300,12,2484.46,23102.97,29531.25,1155.93,1441.80,3830.551284
300,12,2024.81,18138.49,24365.10,1125.50,1312.13,3788.973942
300,12,1969.95,20317.82,27024.54,1424.79,1556.42,3725.512067
300,12,3055.06,25657.90,34080.83,1330.95,1683.61,5408.373521
300,12,2337.45,22094.51,29529.49,1423.34,1690.90,4320.748850
300,12,2332.82,20698.15,27365.56,1268.21,1435.36,3963.842301
300,12,3352.82,27597.44,34796.39,1108.07,1629.22,4461.663146
300,12,2278.88,20322.56,26895.54,1124.13,1395.95,4052.895408
300,12,2466.12,21828.78,28928.46,1247.14,1497.96,4354.585578
300,12,3197.64,27729.44,35227.57,1203.63,1633.03,4661.457347
300,12,2364.59,21103.67,28199.85,1224.75,1557.34,4314.090828
300,12,2771.78,24008.53,30831.12,1122.12,1493.02,4207.446206
300,12,2412.24,21504.94,28014.45,1135.09,1340.06,4034.365788
300,12,2301.71,20344.74,27351.39,1159.06,1393.80,4453.802760
300,12,2035.16,17979.15,24554.59,1079.35,1303.21,4192.875145
300,12,2487.19,22394.58,29676.38,1322.42,1530.62,4428.747566
300,12,2630.58,24651.91,32398.52,1575.37,1792.85,4378.399685
300,12,2482.63,21764.61,28918.97,1274.45,1524.94,4354.974178
300,12,2574.65,23733.57,31118.84,1323.67,1697.39,4364.212839
300,12,2578.14,23648.29,31260.96,1428.60,1695.32,4488.745484
300,12,2238.06,20237.79,26553.13,1051.01,1296.08,3968.260214
300,12,2068.82,18795.96,26497.14,1495.29,1539.49,4666.399351
300,12,2700.76,24096.23,31239.58,1150.16,1524.10,4469.095596
300,12,2070.76,19824.84,26860.10,1426.27,1566.75,4042.243469
300,12,2994.18,25540.30,32540.34,1128.43,1507.11,4364.504146
300,12,2284.93,21850.94,28923.17,1237.22,1461.68,4373.323885
300,12,2323.71,22060.74,30104.84,1455.49,1680.88,4907.737625
300,12,3001.79,25767.21,33174.15,1392.13,1667.22,4347.586811
300,12,2354.01,21320.44,28135.85,1177.47,1413.60,4224.339769
300,12,3075.39,27091.75,34919.35,1423.83,1788.24,4615.523094
300,12,2514.90,22591.07,29571.51,1072.68,1413.42,4494.340563
300,12,1731.13,16052.95,22877.36,1197.00,1328.97,4298.440512
300,12,2956.59,24684.21,31214.03,985.52,1387.17,4157.129590
300,12,2238.95,20018.32,27222.72,1307.95,1523.69,4372.751798
300,12,2059.47,19134.50,25869.13,1241.84,1408.35,4084.432374
300,12,3120.19,24586.27,30812.01,1106.43,1458.03,3661.287861
300,12,2645.52,24208.25,31918.43,1439.52,1720.10,4550.568178
300,12,2691.57,24002.20,30728.63,1194.05,1523.74,4008.627461
300,12,2641.70,21796.25,28655.23,1095.62,1424.03,4339.335115
300,12,3004.35,25922.09,33080.48,1170.69,1503.34,4484.361905
300,12,2307.34,21197.07,28069.51,1302.61,1468.72,4101.106596
300,12,2067.46,18624.75,25820.82,1370.47,1466.01,4359.583589
300,12,1778.61,17793.18,25107.59,1399.69,1476.75,4437.968758
300,12,2329.83,21052.19,28234.26,1288.47,1538.94,4354.656390
300,12,1985.97,17098.07,23483.01,1089.53,1318.57,3976.837892
300,12,2289.10,21201.75,27496.29,1211.99,1440.91,3641.648623
300,12,2600.05,22861.62,29599.88,1099.90,1431.92,4206.433435
300,12,2573.13,22855.83,29238.45,1067.64,1398.26,3916.729405
300,12,2112.75,19803.92,27356.00,1331.16,1593.41,4627.507591
300,12,1974.71,19947.30,27548.31,1563.24,1637.74,4400.035785
300,12,2008.72,18801.28,25527.35,1331.66,1408.68,3985.720500
300,12,2903.29,26560.93,34238.39,1528.50,1816.04,4332.911421
300,12,2761.80,25115.20,32690.23,1200.98,1594.91,4779.137343
300,12,1832.56,17168.84,24347.45,1391.75,1470.27,4316.588269
300,12,2747.06,23799.81,31022.93,1236.21,1560.68,4426.228694
300,12,2320.07,20949.37,27468.19,1140.13,1386.78,3991.922858
300,12,2109.65,19247.70,26218.84,1025.37,1272.19,4673.579341
300,12,1941.08,17415.77,24124.56,1288.35,1427.07,3993.363304
300,12,3028.39,24541.96,31698.94,1615.10,1527.54,4014.343075
300,12,2428.36,20852.65,27882.30,1159.71,1356.39,4513.545332
300,12,2394.28,20548.37,27931.62,1348.18,1526.83,4508.237825
