25,4,378.53,2771.56,4348.11,326.21,313.34,937.00,2.0098
25,4,442.38,2931.33,4711.17,385.04,395.34,999.46,2.0916
25,4,443.83,3100.47,4954.61,437.07,418.36,998.71,1.7933
25,4,446.53,3090.88,4945.84,351.53,385.09,1118.34,1.7802
25,4,313.92,2306.40,4255.66,480.16,464.79,1004.32,1.9014
25,4,436.98,3114.80,4779.67,377.36,363.88,923.64,2.1345
25,4,375.09,2765.24,4372.50,363.90,377.60,865.76,1.8703
25,4,373.12,2565.90,4409.08,429.56,392.72,1020.90,1.8914
25,4,416.38,2852.56,4494.61,343.30,410.17,888.59,1.8551
25,4,381.58,2929.47,4949.80,458.22,460.65,1101.45,1.8829
25,4,397.09,2784.40,4193.67,268.39,317.34,823.54,1.9022
25,4,379.20,2965.48,4681.86,378.41,358.57,979.40,1.8091
25,4,346.17,2552.94,4484.40,465.05,432.62,1033.80,1.8772
25,4,402.84,3032.51,5124.29,495.77,468.73,1127.28,1.9709
25,4,298.81,2251.44,3543.07,334.55,307.01,650.07,1.8057
25,4,385.94,2980.16,4592.30,376.06,349.49,886.59,1.7302
25,4,309.00,2467.69,4135.56,398.47,397.79,871.61,1.8434
25,4,395.77,2721.28,4698.38,469.38,453.97,1053.75,1.8308
25,4,372.92,2356.95,4183.47,597.58,376.80,852.14,1.2797
25,4,372.48,2573.10,4502.37,371.52,381.91,1175.85,1.7246
25,4,316.21,2226.00,3726.77,312.51,326.24,862.02,1.8761
25,4,315.71,2193.80,3570.21,348.39,354.97,673.05,1.8899
25,4,352.49,2523.38,4168.56,350.12,365.92,929.13,1.7657
25,4,382.56,2595.96,4676.86,413.69,429.85,1237.36,1.6703
25,4,413.82,2886.48,4705.99,400.75,419.53,999.23,1.8487
25,4,384.21,2808.33,4606.43,358.79,368.37,1070.94,1.6986
25,4,411.71,2662.59,4476.45,382.02,399.51,1032.34,1.8530
25,4,407.88,2888.96,4804.75,436.54,419.11,1060.14,1.8373
25,4,411.10,2857.60,4919.77,484.51,499.14,1078.52,1.8156
25,4,425.27,3326.95,5082.19,407.49,411.81,935.94,1.8643
25,4,441.30,3019.74,4778.37,375.39,420.88,962.37,2.0609
25,4,415.76,2693.24,4716.32,467.50,484.07,1071.50,1.8065
25,4,333.24,2221.30,3959.99,388.92,383.00,966.76,1.7238
25,4,328.26,2110.75,3682.41,365.21,318.75,887.70,1.7835
25,4,377.44,2755.32,4664.46,446.54,438.89,1023.71,1.8002
25,4,397.40,2933.24,4876.06,387.38,395.52,1159.92,1.7487
25,4,364.14,2554.42,4592.20,439.39,419.45,1178.94,1.7717
25,4,411.04,2927.19,4610.19,350.38,354.54,978.07,1.8895
25,4,385.10,2517.93,4326.95,405.79,406.38,996.85,2.0245
25,4,349.34,2785.23,4535.80,424.11,407.83,918.64,1.8052
25,4,351.09,2753.14,4528.19,436.45,423.91,914.68,1.9363
25,4,423.14,3073.68,4856.50,368.15,379.38,1035.30,1.8824
25,4,348.03,2695.58,4698.19,453.98,430.48,1118.15,1.7033
25,4,402.62,2751.92,4559.30,387.16,414.82,1005.40,1.8851
25,4,378.17,2520.70,4104.57,355.90,337.05,890.92,1.6386
25,4,477.75,3129.20,4939.02,378.38,395.00,1036.45,1.8812
25,4,397.34,2486.18,4400.34,365.36,363.85,1184.95,1.8856
25,4,341.58,2416.30,4346.05,507.36,494.74,927.65,1.8160
25,4,329.64,2632.63,4424.92,378.16,341.92,1072.21,1.7581
25,4,367.33,2671.14,4278.80,348.55,342.94,916.17,1.7127
25,4,382.64,2718.97,4465.68,407.26,420.20,919.26,1.7185
25,4,347.53,2834.61,4665.82,410.12,399.03,1022.05,1.9863
25,4,343.89,2188.40,3970.98,387.96,377.43,1017.19,2.1182
25,4,352.76,2649.93,4485.34,457.81,435.69,941.91,1.7361
25,4,369.07,2285.75,4406.24,466.48,447.15,1206.87,1.7989
25,4,412.44,3027.64,4673.85,350.11,381.72,914.38,1.7693
25,4,396.47,2816.02,4591.39,379.11,402.96,993.30,1.6437
25,4,362.76,2825.39,4401.88,305.19,313.17,958.13,1.6450
25,4,350.22,2570.78,4012.68,301.40,305.52,834.98,1.7477
25,4,416.49,2890.83,4521.69,324.04,341.98,964.84,1.9149
25,4,395.15,2798.37,4844.62,432.70,428.44,1185.10,1.8605
25,4,418.51,2652.36,4619.32,436.44,405.54,1124.97,1.6799
25,4,341.31,2619.81,4271.80,303.82,339.15,1009.02,1.6696
25,4,466.72,3243.30,4732.78,329.02,352.55,807.91,1.7547
25,4,414.92,2836.10,4615.85,452.50,474.09,853.17,1.8596
25,4,306.34,2156.31,4023.77,429.89,401.43,1036.14,1.7183
25,4,409.06,3237.97,4798.45,376.37,360.51,823.61,1.6656
25,4,368.76,2605.03,4246.24,396.68,363.82,880.72,1.9221
25,4,388.10,2966.18,4395.65,305.05,315.67,808.75,1.6078
25,4,378.30,2777.51,4565.67,343.66,350.11,1094.40,2.0099
25,4,388.62,2592.42,4757.53,522.73,474.92,1167.46,1.8944
25,4,398.63,2820.80,4539.63,358.44,372.71,987.68,1.8681
25,4,376.52,2707.78,4462.42,373.18,343.42,1038.04,1.7856
25,4,389.77,2856.74,4948.96,527.14,491.47,1073.62,1.8794
25,4,404.15,2874.71,4515.90,331.25,384.62,925.31,1.8669
25,4,416.67,2649.78,4343.48,422.45,442.22,829.03,1.8362
25,4,424.65,2920.90,4429.65,302.29,312.92,893.53,1.7665
25,4,355.92,2533.06,4495.05,407.79,381.41,1172.78,1.9380
25,4,379.37,2596.77,4505.78,458.10,428.03,1022.87,1.7550
25,4,367.00,2647.53,4642.39,398.15,396.10,1200.60,1.6835
25,4,355.65,2608.66,4661.35,467.66,447.07,1137.97,1.5947
25,4,408.95,2828.76,4894.35,541.68,523.75,1000.16,1.8490
25,4,399.32,2897.02,4921.17,484.72,443.07,1096.35,2.1167
25,4,413.80,3098.80,4821.56,449.08,437.92,835.76,1.9220
25,4,406.47,3086.02,4576.51,333.01,319.64,837.83,1.8752
25,4,395.29,2776.58,4447.68,345.98,349.29,975.84,1.7208
25,4,375.65,2846.12,4727.32,470.44,477.12,933.64,1.8888
25,4,374.26,2853.16,4856.11,427.37,404.72,1170.86,1.7632
25,4,367.46,2719.60,4228.39,326.61,369.92,812.25,1.8653
25,4,377.50,2403.56,3947.17,403.65,377.23,762.73,1.7505
25,4,355.01,2457.07,4198.78,372.88,386.01,982.82,1.7924
25,4,449.44,2844.49,4751.69,371.21,363.80,1172.20,1.9411
25,4,411.68,2534.27,4518.44,457.48,440.26,1086.43,1.8504
25,4,431.85,3069.79,4685.13,329.02,349.06,937.26,1.8391
25,4,367.03,2554.03,4285.67,421.51,398.51,911.62,1.9782
25,4,388.26,2839.42,4564.48,395.56,371.87,957.63,2.0380
25,4,402.81,2890.89,4946.67,514.92,484.16,1056.71,1.9068
25,4,434.26,3272.07,5028.75,375.11,417.18,964.39,1.7910
25,4,370.20,3005.23,4881.27,412.88,395.45,1067.71,1.9831
25,4,437.97,3017.32,4788.21,364.49,389.13,1017.27,1.9813
50,4,607.59,4910.52,6957.52,333.82,408.76,1304.41,3.4760
50,4,642.54,5092.56,7140.50,378.60,433.91,1235.43,3.5330
50,4,731.66,5518.69,7748.85,450.08,468.27,1311.81,3.3294
50,4,787.01,5655.74,8090.22,368.42,464.04,1602.03,3.3930
50,4,699.73,5649.38,8143.33,499.21,552.99,1441.74,3.7152
50,4,830.73,5633.10,7891.83,368.73,477.52,1412.48,3.7466
50,4,725.95,5626.29,7853.37,373.70,469.88,1383.50,3.4901
50,4,730.74,5413.29,7983.45,412.57,465.54,1692.05,3.4884
50,4,618.57,4671.94,6601.03,325.10,431.72,1172.27,3.4766
50,4,727.12,5517.68,7937.12,456.58,495.83,1467.02,3.4321
50,4,588.06,4614.88,6604.67,465.51,367.13,1157.15,2.6524
50,4,631.75,4663.68,6573.67,312.55,358.60,1238.85,3.4274
50,4,738.66,5723.55,8312.55,470.24,489.58,1629.18,3.3504
50,4,694.77,5630.96,8190.10,494.47,556.77,1507.89,3.6279
50,4,763.65,5744.21,7721.94,328.96,422.61,1226.16,3.4261
50,4,646.46,5408.80,7427.12,389.56,416.94,1211.82,3.4455
50,4,573.24,4669.10,6778.23,426.22,459.65,1223.27,3.4986
50,4,601.94,5262.54,7656.73,457.56,513.63,1423.00,3.4954
50,4,676.43,5229.23,7091.06,342.98,413.37,1105.48,3.3362
50,4,590.64,4447.99,6833.45,379.56,436.72,1569.18,3.3043
50,4,578.76,4206.83,6043.50,324.66,378.32,1133.69,3.7018
50,4,721.54,5271.82,7464.72,372.86,491.15,1328.89,3.5786
50,4,640.57,5192.66,7319.54,389.79,444.72,1292.37,3.5149
50,4,660.84,4857.89,7517.39,450.24,538.10,1671.16,3.3564
50,4,651.14,4798.90,6979.87,387.99,437.05,1355.94,3.6162
50,4,636.98,4953.02,7158.02,340.40,439.26,1425.35,3.3608
50,4,692.65,5571.27,7971.11,400.86,459.41,1539.57,3.5568
50,4,634.33,5187.86,7339.45,426.38,420.39,1304.82,3.5107
50,4,688.66,5636.73,8164.30,486.39,513.78,1527.40,3.4804
50,4,792.46,5928.44,7998.43,397.83,472.45,1199.71,3.5583
50,4,738.40,5789.17,7950.23,338.97,451.23,1370.87,3.8611
50,4,748.33,5515.45,8131.38,486.95,554.06,1574.92,3.4774
50,4,455.82,3794.60,5881.22,416.37,419.86,1250.40,3.4937
50,4,572.60,4459.42,6506.51,417.19,408.18,1221.72,3.5740
50,4,585.26,4825.03,6748.85,338.81,438.40,1146.60,3.5217
50,4,618.76,5183.24,7563.83,408.65,459.15,1512.80,3.4953
50,4,527.49,4358.29,6662.86,394.93,417.38,1492.26,3.3458
50,4,724.15,5373.71,7672.38,348.91,445.05,1504.72,3.4879
50,4,662.21,4788.28,7195.15,397.11,496.93,1512.83,3.7005
50,4,666.02,5366.66,7563.17,384.68,468.82,1343.01,3.4177
50,4,544.56,4827.62,6930.15,439.18,442.87,1220.48,3.7031
50,4,703.15,5354.59,7496.31,341.80,450.27,1349.65,3.6254
50,4,484.91,4135.92,6328.58,492.92,475.48,1224.25,3.4755
50,4,645.98,5026.55,7351.60,401.66,488.33,1435.07,3.6301
50,4,662.17,4767.86,6781.54,354.27,398.62,1260.79,3.3416
50,4,788.43,5729.63,7880.48,341.21,416.57,1393.07,3.5775
50,4,618.85,4758.94,7032.33,391.88,424.22,1457.28,3.5088
50,4,609.28,5376.47,7727.71,478.68,544.30,1328.26,3.5702
50,4,715.80,5006.30,7302.27,377.19,422.77,1496.02,3.3793
50,4,652.92,5352.06,7412.90,365.80,421.13,1273.91,3.4220
50,4,690.78,5315.12,7599.37,415.57,495.91,1372.77,3.4106
50,4,705.48,4975.49,7217.63,439.56,472.56,1330.03,3.6470
50,4,567.00,4677.70,6893.40,386.47,416.26,1412.98,3.5626
50,4,593.57,4811.74,7071.82,452.61,544.71,1262.76,3.5310
50,4,563.60,4414.79,6718.85,455.61,459.88,1388.57,3.5303
50,4,675.61,5580.75,7712.45,376.57,493.86,1261.27,3.4556
50,4,548.28,4714.40,6579.30,388.01,380.79,1096.10,3.3670
50,4,613.29,5005.78,6877.69,312.05,396.21,1163.65,3.3400
50,4,770.33,5269.32,7284.20,298.30,396.13,1320.45,3.4971
50,4,603.36,5256.86,7182.95,309.42,386.23,1230.44,3.6192
50,4,614.65,4927.78,7405.49,460.98,515.68,1501.05,3.5183
50,4,605.14,4737.83,7012.80,407.92,449.97,1417.08,3.3679
50,4,529.05,4538.85,6562.69,316.57,412.21,1295.07,3.4048
50,4,805.15,5605.38,7468.22,347.52,457.80,1057.52,3.4421
50,4,637.68,5301.72,7296.04,453.21,469.13,1071.98,3.5654
50,4,466.43,3793.67,5678.41,371.53,429.22,1084.00,3.4351
50,4,731.91,5879.62,7823.91,390.30,437.63,1116.36,3.3815
50,4,569.87,4982.17,7005.80,417.56,422.88,1183.19,3.6774
50,4,676.55,4863.29,6726.67,292.43,389.09,1181.87,3.2654
50,4,823.24,5479.81,8085.91,367.59,451.49,1787.02,3.4245
50,4,563.91,4890.44,7305.80,518.25,515.62,1381.49,3.6334
50,4,661.38,5609.22,7748.73,343.28,448.21,1348.02,3.4960
50,4,701.26,5037.95,7293.76,374.22,438.38,1443.20,3.5989
50,4,588.04,5387.39,7797.52,478.77,504.69,1426.68,3.4563
50,4,788.42,5572.09,7810.48,362.30,456.82,1419.27,3.4879
50,4,794.41,5959.01,8215.92,417.78,521.70,1317.43,3.4489
50,4,760.36,5710.49,7902.86,350.84,425.63,1415.89,3.4359
50,4,582.42,4616.96,6898.22,436.12,457.73,1387.41,3.5300
50,4,582.27,4703.44,6978.82,442.08,480.67,1352.63,3.4579
50,4,527.26,4582.36,6850.76,429.37,452.50,1386.53,3.4798
50,4,668.64,5295.05,7818.50,465.91,501.34,1556.20,3.3376
50,4,831.32,6352.34,8994.58,529.59,574.90,1537.75,3.3553
50,4,675.24,5396.57,7987.98,509.68,546.12,1535.61,3.6919
50,4,671.13,5391.16,7382.73,398.63,443.25,1149.68,3.4905
50,4,770.63,5967.77,8100.99,352.92,444.77,1335.53,3.5444
50,4,656.31,4927.41,7139.84,501.20,461.91,1249.32,2.6178
50,4,799.00,6110.52,8757.95,445.69,585.53,1616.21,3.5265
50,4,599.40,4884.78,7521.13,486.34,506.15,1643.87,3.5267
50,4,652.51,5146.83,7152.76,342.03,468.32,1195.58,3.4653
50,4,818.97,5935.68,8175.98,395.45,468.80,1376.04,3.3028
50,4,491.87,4423.62,6534.57,465.57,482.94,1162.45,3.4326
50,4,647.07,4928.00,7113.16,414.44,422.92,1347.80,3.6542
50,4,770.67,5645.36,8223.37,455.93,537.97,1584.11,3.3934
50,4,769.21,5832.87,8034.99,329.42,448.92,1423.79,3.5781
50,4,709.03,5372.79,7472.80,400.50,485.34,1214.17,3.7034
50,4,715.19,5264.52,7296.75,356.06,425.72,1250.45,3.9314
50,4,764.48,5949.77,8589.21,518.27,548.08,1573.09,3.5088
50,4,680.76,5196.54,7215.61,379.22,443.01,1196.84,3.3789
50,4,624.07,5413.38,7692.64,419.82,475.33,1384.11,3.8316
50,4,698.55,4835.44,7020.79,365.43,408.53,1411.39,3.6090
75,4,866.97,6416.35,8559.29,326.70,434.59,1381.66,5.2969
75,4,783.77,6493.03,8610.68,377.14,449.78,1290.73,5.4693
75,4,857.08,7197.02,9529.29,410.47,515.11,1406.70,5.1755
75,4,966.40,7956.65,10571.30,370.40,507.50,1736.74,5.1358
75,4,714.63,6615.88,9174.32,518.67,519.30,1520.47,5.3732
75,4,999.16,7642.43,10004.04,366.11,483.66,1511.85,5.3493
75,4,749.19,6570.35,8815.52,374.20,457.05,1413.92,5.1840
75,4,819.11,6900.67,9674.06,419.38,535.80,1818.21,5.2972
75,4,730.77,6498.77,8645.11,360.17,499.86,1286.31,5.4067
75,4,791.51,6599.73,9084.13,427.93,508.35,1548.13,5.2571
75,4,735.77,6073.94,7968.82,263.56,368.01,1263.30,5.3987
75,4,801.62,5645.93,7888.06,485.04,412.66,1344.43,4.6541
75,4,840.37,7027.60,9603.56,424.81,521.25,1629.90,5.2370
75,4,746.90,6723.35,9373.54,495.96,567.91,1586.32,5.4102
75,4,913.10,7094.59,9161.57,313.35,469.48,1284.15,5.2177
75,4,716.28,6010.31,8073.36,342.35,435.71,1284.98,5.2535
75,4,577.42,5501.36,7634.33,441.78,465.19,1225.99,5.4124
75,4,718.57,6498.83,9062.38,477.91,544.77,1540.86,5.3654
75,4,806.52,6907.91,8901.32,339.51,446.70,1207.19,5.1828
75,4,741.80,6068.97,8568.46,366.78,490.15,1642.56,5.1552
75,4,639.10,5268.93,7313.41,386.77,427.26,1230.45,5.3755
75,4,852.48,6651.78,8873.33,365.87,468.72,1386.96,5.4132
75,4,939.57,7316.07,9565.79,342.08,485.70,1421.95,5.2237
75,4,734.50,6049.22,8683.81,419.36,463.28,1751.95,5.2632
75,4,769.09,6375.84,8629.81,388.88,440.52,1424.57,5.2914
75,4,878.03,6905.68,9313.92,326.93,461.19,1620.12,5.1936
75,4,835.25,6703.09,9185.93,400.21,531.42,1551.21,5.3450
75,4,749.04,6330.07,8629.20,447.69,468.24,1383.20,5.1879
75,4,872.29,7265.68,9899.00,485.94,555.14,1592.23,5.2049
75,4,872.69,7534.95,9860.10,402.96,523.19,1399.00,5.3402
75,4,941.25,7308.48,9748.01,345.68,497.75,1596.10,5.3916
75,4,745.76,6893.40,9671.92,518.28,551.42,1708.83,5.3801
75,4,529.82,4577.38,6641.83,395.93,428.47,1240.05,5.3756
75,4,759.02,6052.96,8090.08,355.38,408.26,1273.48,5.3718
75,4,813.62,6186.81,8324.19,372.43,471.96,1292.99,5.6430
75,4,737.66,6185.01,8556.97,383.97,448.74,1539.24,5.2088
75,4,738.01,5985.04,8442.84,407.87,478.46,1571.47,5.2310
75,4,933.62,7047.97,9490.04,354.71,499.36,1588.00,5.2563
75,4,719.64,6702.76,9131.55,400.00,439.64,1589.15,5.3072
75,4,673.30,6172.55,8503.30,458.44,496.48,1375.84,5.2697
75,4,571.79,5127.91,7190.60,448.83,459.84,1154.01,5.5207
75,4,1012.28,7529.18,10169.24,558.53,553.73,1527.80,3.9280
75,4,565.70,5240.74,7576.39,510.93,501.62,1323.10,5.4563
75,4,798.00,6838.35,9202.20,388.70,476.05,1499.10,5.5615
75,4,781.46,6235.45,8333.15,352.33,424.10,1321.27,5.1429
75,4,986.36,7671.44,10126.26,382.41,502.80,1569.62,5.5986
75,4,716.97,5959.47,8314.33,385.52,437.39,1531.95,5.4036
75,4,675.41,6339.95,8904.30,543.01,595.35,1425.97,5.4468
75,4,826.85,6352.18,8883.51,383.76,447.78,1699.78,5.2877
75,4,829.30,6670.46,8926.95,385.78,454.05,1416.66,5.1607
75,4,774.36,6594.91,8978.62,414.31,503.57,1465.83,5.2081
75,4,797.01,6317.18,8509.46,417.61,492.61,1282.06,5.3159
75,4,730.28,5787.82,8265.14,408.82,507.30,1561.20,5.3701
75,4,613.00,6103.53,8345.93,456.28,473.12,1313.00,5.2828
75,4,655.89,5834.66,8223.14,441.52,476.77,1470.20,5.3433
75,4,935.68,7469.50,9814.09,352.89,486.73,1504.98,5.2002
75,4,716.44,6281.67,8345.38,392.45,427.20,1244.06,5.2362
75,4,746.00,6158.82,8409.11,505.36,454.35,1290.58,4.5809
75,4,854.29,7009.86,9283.25,338.58,449.36,1485.45,5.1442
75,4,721.06,6303.44,8462.67,379.07,463.37,1316.79,5.4125
75,4,724.64,6084.03,8674.59,481.91,556.42,1552.23,5.3536
75,4,582.23,5710.79,8115.49,461.92,457.04,1485.74,5.2435
75,4,670.68,5710.40,7809.70,303.15,411.04,1385.11,5.3025
75,4,1042.22,7723.93,9822.46,327.71,451.77,1319.05,5.1954
75,4,754.56,6808.57,8821.18,420.43,475.29,1116.88,5.3736
75,4,625.95,5620.46,7744.47,416.86,465.71,1241.44,5.2670
75,4,1094.87,8091.30,10462.66,369.23,564.54,1437.59,5.1040
75,4,739.84,6554.74,8666.71,404.03,428.40,1279.55,5.4659
75,4,823.26,6631.77,8751.08,284.92,423.64,1410.75,5.1410
75,4,868.65,6171.42,8978.21,542.26,498.64,1765.89,4.7728
75,4,689.55,6029.15,8467.02,490.14,514.68,1433.05,5.3512
75,4,797.36,6996.61,9177.43,340.64,476.48,1363.70,5.1509
75,4,764.13,6508.63,8760.68,350.27,422.16,1479.62,5.3312
75,4,772.50,6792.71,9447.38,548.07,604.73,1501.86,5.2257
75,4,858.91,6593.49,8945.18,351.17,488.19,1512.34,5.3600
75,4,958.29,7401.47,9813.70,436.23,547.08,1428.92,5.2971
75,4,911.24,7001.44,9383.07,380.55,461.25,1539.83,5.1914
75,4,666.92,5901.49,8307.50,418.03,465.32,1522.66,5.4707
75,4,758.22,6704.86,9095.66,451.98,538.43,1400.40,5.1918
75,4,629.73,5240.40,7568.34,425.54,473.82,1428.58,5.2884
75,4,785.51,6200.92,8731.86,459.17,485.08,1586.68,5.1915
75,4,849.50,8058.54,10807.53,561.64,579.42,1607.92,5.1955
75,4,874.75,6965.31,9505.52,450.66,568.35,1521.19,5.3450
75,4,862.54,7010.46,9110.61,412.57,481.45,1206.13,5.4063
75,4,919.09,6914.13,9182.22,386.90,456.78,1424.40,5.1672
75,4,709.94,6220.52,8349.69,376.66,466.41,1286.10,5.2150
75,4,882.28,7409.26,10099.28,484.40,580.60,1625.02,5.2259
75,4,811.72,6274.16,8746.58,409.29,495.06,1568.07,5.2370
75,4,788.75,6243.70,8475.08,523.27,454.62,1253.49,3.6136
75,4,1008.01,7923.84,10325.69,354.97,501.42,1545.45,4.9245
75,4,594.75,5520.20,7658.39,458.03,477.15,1203.01,5.2543
75,4,835.23,6671.72,9099.39,389.80,486.69,1551.18,5.4282
75,4,838.19,7261.90,10034.80,513.74,582.26,1676.90,5.2572
75,4,971.13,7295.94,9678.71,337.77,497.44,1547.57,5.0952
75,4,970.28,7783.98,10209.64,425.34,536.64,1463.67,5.3479
75,4,1028.24,8174.66,10842.41,409.92,552.79,1705.05,5.4571
75,4,937.46,8047.65,10747.34,501.48,578.50,1619.72,5.2800
75,4,996.35,7760.82,10228.36,373.63,490.71,1603.20,4.9797
75,4,819.44,6569.95,9120.95,446.97,544.29,1559.74,5.5600
75,4,777.77,6121.26,8366.07,378.10,450.21,1416.50,5.6090
100,4,901.21,7362.63,9547.08,326.67,425.34,1432.44,7.0424
100,4,786.42,7273.74,9479.48,408.29,498.19,1299.26,7.5261
100,4,994.12,8043.92,10422.39,408.21,556.20,1414.06,7.0945
100,4,1091.48,8739.55,11337.31,353.71,507.79,1736.26,7.1496
100,4,836.39,7319.09,9866.14,446.43,555.92,1544.71,7.3388
100,4,1155.47,9345.44,11729.91,331.02,505.20,1548.25,7.1426
100,4,974.35,7560.68,10182.44,576.11,498.13,1547.51,5.3416
100,4,927.15,7918.45,10685.60,415.36,547.86,1803.92,7.0907
100,4,853.98,7184.77,9494.33,479.90,474.30,1355.36,4.9539
100,4,781.67,7823.07,10329.58,466.42,497.77,1542.33,7.3549
100,4,817.73,6863.30,8783.27,262.79,410.58,1246.60,7.1883
100,4,759.14,6980.56,9095.23,361.51,423.37,1329.78,7.1779
100,4,867.94,8125.64,10664.21,445.54,493.17,1599.86,7.1618
100,4,826.06,7632.98,10348.00,510.59,588.11,1616.32,7.2031
100,4,1055.22,8066.14,10189.13,316.68,471.53,1334.77,6.8711
100,4,772.40,6881.70,8941.75,372.84,442.19,1245.01,7.0193
100,4,688.38,6539.98,8689.92,420.75,466.18,1263.01,7.1321
100,4,838.20,7652.30,10137.04,445.81,533.95,1504.98,7.1695
100,4,905.18,7611.36,9656.72,338.25,472.93,1234.17,7.0828
100,4,902.24,7282.14,9878.07,360.56,475.05,1760.33,6.9932
100,4,726.71,6604.61,8650.59,323.27,430.92,1291.79,7.2703
100,4,937.46,8068.67,10431.48,384.53,515.27,1463.01,7.1870
100,4,1046.43,8371.51,10637.31,311.07,453.16,1501.57,7.1350
100,4,776.64,6719.03,9377.38,414.28,491.91,1752.16,7.1216
100,4,792.72,7024.80,9337.46,407.79,466.37,1438.50,7.2319
100,4,1022.44,8085.18,10587.53,345.55,498.04,1658.75,6.9911
100,4,947.08,8110.36,10781.51,409.14,568.45,1693.55,7.0583
100,4,854.02,7294.69,9736.52,436.42,552.24,1453.17,7.0598
100,4,973.69,7945.30,10776.55,643.18,603.60,1584.47,5.3051
100,4,938.58,8611.38,11023.63,418.41,551.73,1442.11,7.0928
100,4,1013.45,8109.22,10647.26,347.43,497.11,1693.50,7.0918
100,4,886.34,7816.23,10572.65,470.85,585.69,1699.87,7.2246
100,4,533.61,5391.63,7564.92,420.98,427.54,1324.77,7.2708
100,4,774.26,6966.97,9178.93,380.92,441.66,1389.37,7.2189
100,4,819.48,6943.92,9055.64,363.17,495.62,1252.93,7.2920
100,4,874.19,7385.67,9883.48,373.41,481.14,1643.26,7.1602
100,4,691.63,6512.49,8927.43,422.51,445.31,1547.12,6.9193
100,4,1001.52,8299.26,10852.95,326.53,530.40,1696.75,6.6953
100,4,862.64,7574.74,9990.17,374.42,466.39,1574.62,6.7287
100,4,853.78,7635.84,9960.36,415.64,505.81,1403.07,6.8934
100,4,681.08,6398.20,8551.85,443.32,486.53,1223.79,7.0949
100,4,1061.21,8769.83,11126.25,331.18,502.08,1523.16,6.8446
100,4,640.66,6223.51,8570.37,501.66,532.64,1312.56,6.8345
100,4,846.96,7783.43,10149.06,380.12,483.50,1502.01,6.9222
100,4,803.45,7250.73,9424.64,351.30,402.23,1420.38,6.9466
100,4,1034.16,8730.15,11167.41,363.07,468.15,1606.04,7.1018
100,4,753.70,6556.29,8966.06,382.19,450.03,1577.55,7.0276
100,4,705.24,6935.72,9403.70,512.38,571.56,1384.04,7.2677
100,4,957.62,7109.12,9506.35,360.33,450.64,1586.26,6.9712
100,4,887.58,7689.01,9985.09,375.45,490.29,1430.34,7.0219
100,4,784.74,7246.46,9626.52,438.54,522.66,1418.87,7.0942
100,4,883.12,7337.63,9600.99,415.15,498.72,1349.49,7.1197
100,4,670.96,6311.19,8702.71,403.67,478.34,1509.52,7.2683
100,4,717.30,6775.36,9148.65,470.46,562.86,1339.97,7.2719
100,4,755.60,6421.53,8888.87,476.99,526.36,1463.99,7.2230
100,4,962.71,8464.90,10993.48,403.01,575.16,1550.42,7.0655
100,4,718.97,6780.01,8841.49,381.21,441.11,1239.16,7.0997
100,4,736.61,6922.26,9005.16,375.43,431.62,1275.85,7.1183
100,4,974.67,7875.38,10240.19,348.47,501.02,1515.32,6.9781
100,4,802.30,6974.30,9073.75,333.15,446.02,1320.28,7.1572
100,4,828.07,7204.64,9807.57,450.60,561.28,1591.04,7.1651
100,4,638.31,6144.28,8558.57,452.02,493.62,1468.65,7.0645
100,4,746.91,5995.81,8110.90,315.61,420.68,1378.79,7.0908
100,4,1130.86,8416.11,10471.95,328.55,486.02,1241.26,7.0842
100,4,788.05,7633.16,9765.04,447.20,501.28,1183.40,7.2255
100,4,639.71,6175.04,8306.68,399.36,453.93,1278.35,7.1579
100,4,1264.57,9852.97,12365.39,358.41,576.29,1577.71,6.8831
100,4,714.00,6978.34,9078.10,410.39,455.99,1233.38,7.2436
100,4,990.70,7571.63,9839.38,422.11,446.29,1399.35,6.0057
100,4,959.10,7430.39,10046.81,370.00,478.82,1767.59,7.2586
100,4,718.32,6830.05,9267.66,491.08,533.12,1413.41,7.2644
100,4,823.41,7786.10,10015.58,338.65,486.52,1404.31,7.1665
100,4,796.53,7274.18,9561.24,343.99,430.45,1512.62,7.3572
100,4,726.53,7765.11,10289.60,536.04,553.21,1435.25,7.1809
100,4,1037.67,8120.14,10499.12,335.17,528.81,1515.01,7.0435
100,4,1002.88,8632.85,11085.67,430.77,548.57,1473.48,7.1043
100,4,1002.64,7869.77,10242.57,353.87,455.45,1563.49,7.0462
100,4,747.30,6294.87,8826.73,441.24,501.31,1589.31,7.4593
100,4,801.94,6903.70,9333.29,460.57,561.01,1408.01,7.0990
100,4,698.85,5976.25,8335.49,420.94,481.17,1457.13,7.0379
100,4,893.47,7380.74,9952.98,419.20,500.47,1652.57,7.0175
100,4,979.10,8928.07,11727.76,526.46,631.17,1642.07,6.9916
100,4,929.09,7835.12,10440.54,488.20,551.62,1565.60,7.4292
100,4,840.36,7755.24,9948.48,429.86,513.29,1250.09,7.2841
100,4,993.50,8064.11,10345.77,353.08,507.44,1421.14,6.9078
100,4,775.17,7192.77,9383.80,368.10,493.27,1329.65,7.0547
100,4,879.03,8123.22,10889.58,484.46,628.24,1653.66,7.0909
100,4,886.40,7672.47,10452.71,481.30,557.85,1741.09,7.0560
100,4,756.54,6707.58,8982.91,599.30,455.01,1221.02,4.6455
100,4,1097.17,8549.54,11142.31,541.26,496.94,1554.58,4.7402
100,4,594.99,5802.39,7824.84,381.68,442.45,1198.32,7.1162
100,4,1014.46,7725.52,10276.84,402.53,536.63,1612.16,7.1552
100,4,940.33,8418.56,11195.32,501.90,600.70,1674.18,7.0421
100,4,1006.69,8415.12,10808.95,338.39,491.76,1563.68,6.9329
100,4,1034.21,8554.22,11011.96,426.71,557.22,1473.82,7.1052
100,4,1198.67,8927.43,11713.54,546.45,544.63,1695.03,5.4275
100,4,977.75,8891.55,11680.83,489.11,590.94,1709.23,7.2341
100,4,1012.63,9029.01,11522.75,383.15,518.96,1591.63,6.7661
100,4,841.96,7763.30,10320.47,442.85,537.79,1576.52,7.4220
100,4,927.03,7860.43,10122.99,350.35,445.88,1466.33,7.3060
125,4,1050.98,7867.16,10527.65,623.82,540.28,1496.39,6.4034
125,4,859.10,8030.53,10266.70,398.79,492.93,1344.46,9.1320
125,4,969.88,8884.46,11309.95,440.25,546.09,1439.15,8.8181
125,4,1129.11,9192.66,12127.77,571.96,539.37,1823.78,7.7242
125,4,910.37,8064.34,10955.01,643.11,616.40,1631.16,8.0892
125,4,1256.34,10073.34,12572.08,341.13,563.66,1593.95,9.1495
125,4,987.86,8773.67,11367.93,549.51,525.39,1519.36,7.8599
125,4,1042.84,8664.68,11688.41,640.10,500.36,1883.27,6.9090
125,4,958.81,7300.82,10222.17,955.64,559.27,1406.43,6.2321
125,4,908.67,8607.98,11225.77,466.17,584.02,1567.59,9.2770
125,4,969.21,7227.04,9490.47,443.85,459.22,1360.36,5.8552
125,4,968.90,7530.39,9673.95,347.87,441.41,1354.28,9.2120
125,4,998.92,9001.10,11775.65,492.98,585.86,1695.71,9.0801
125,4,851.20,8413.01,11101.37,487.45,569.38,1631.54,9.2489
125,4,1077.25,8735.03,11044.20,505.70,463.20,1340.26,6.8906
125,4,854.63,7938.71,10061.60,381.11,465.59,1276.20,9.1073
125,4,793.86,7094.89,9549.95,579.38,516.91,1358.77,6.3531
125,4,895.19,7981.32,10545.81,474.15,586.74,1503.60,9.2934
125,4,1054.03,8199.22,10762.25,689.86,540.98,1332.20,6.8887
125,4,962.00,7710.92,10808.49,748.73,540.23,1808.61,5.5429
125,4,863.34,6983.80,9237.23,473.01,468.19,1312.23,8.1333
125,4,1085.78,8824.56,11443.89,561.22,550.92,1507.19,7.8681
125,4,1102.82,9279.35,11868.42,388.02,565.82,1635.24,8.9420
125,4,823.62,7298.29,9928.44,387.50,470.10,1772.55,8.9943
125,4,896.62,7847.28,10256.70,398.57,483.69,1527.16,9.1041
125,4,1174.85,9149.23,11728.26,345.44,518.62,1714.97,8.9536
125,4,999.81,8832.39,11418.93,418.18,534.25,1634.11,9.1558
125,4,949.46,7952.02,10589.08,622.97,524.04,1490.05,6.2017
125,4,983.52,8678.21,11255.07,463.02,556.70,1557.14,8.9123
125,4,968.10,9119.82,11632.10,432.67,566.37,1513.24,9.0056
125,4,1154.13,9535.92,12341.45,494.41,561.24,1749.89,6.9157
125,4,880.93,8397.55,11157.19,506.02,584.91,1668.72,9.0789
125,4,604.65,6064.16,8176.33,416.08,430.31,1265.78,9.3099
125,4,921.28,7955.13,10231.22,421.72,499.11,1355.26,9.0369
125,4,934.28,7616.94,10228.76,672.25,539.52,1400.06,5.5459
125,4,872.30,7427.19,10143.96,578.07,520.69,1618.02,7.6818
125,4,787.97,7115.47,9556.33,418.34,491.14,1531.39,8.7351
125,4,1095.86,9315.24,11858.27,337.03,510.38,1695.63,8.7294
125,4,941.49,8909.12,11492.09,403.96,519.62,1659.40,9.0374
125,4,813.86,7892.93,10267.15,413.71,510.16,1450.35,8.7855
125,4,698.15,6855.25,8967.59,432.28,472.98,1207.08,8.9729
125,4,1259.48,10368.63,12991.85,358.70,586.93,1677.59,8.7938
125,4,658.64,6310.33,8713.08,522.77,532.65,1347.32,8.8420
125,4,1013.07,8533.18,11275.63,597.84,561.89,1582.72,5.7059
125,4,1027.37,8175.13,10431.59,361.57,431.12,1463.78,8.6989
125,4,1060.11,9080.79,11623.60,377.69,513.13,1651.99,8.7293
125,4,858.06,7628.74,10172.03,410.58,515.08,1617.64,8.8484
125,4,790.80,7694.42,10171.98,513.51,585.12,1378.92,9.1528
125,4,1011.43,7977.10,10594.76,464.75,511.40,1641.52,6.0472
125,4,931.57,8070.02,10344.82,351.19,477.67,1445.95,8.8265
125,4,894.75,8068.82,10506.83,436.40,568.47,1433.13,8.8007
125,4,911.65,8359.85,10784.36,466.45,547.79,1410.26,8.8336
125,4,798.02,7203.76,9611.38,406.87,504.26,1496.50,8.8472
125,4,716.73,7381.70,9729.68,449.77,504.66,1393.55,8.8276
125,4,723.05,6837.88,9278.71,478.76,520.22,1441.86,8.9808
125,4,1020.45,8960.68,11381.61,367.88,492.04,1561.01,8.6773
125,4,747.24,7182.18,9258.42,379.56,444.21,1252.47,8.7077
125,4,856.22,7806.99,9917.50,340.42,449.72,1320.37,8.5682
125,4,1004.42,8182.04,10729.27,505.18,522.88,1519.19,5.7103
125,4,805.05,7250.60,9399.96,351.00,463.26,1335.11,8.7810
125,4,927.39,8310.25,11002.14,452.92,566.56,1672.41,8.9294
125,4,673.65,6219.87,8797.56,642.06,483.63,1452.00,8.8568
125,4,726.80,6687.27,8847.21,335.98,455.30,1368.65,8.7747
125,4,1188.12,10096.13,12466.62,363.72,555.22,1451.55,8.6216
125,4,788.72,7678.33,9772.43,444.89,509.16,1140.06,8.8956
125,4,688.11,6360.25,8679.99,550.28,470.04,1299.42,5.7554
125,4,1351.01,10882.62,13691.71,619.94,577.12,1612.03,5.9153
125,4,780.66,7467.38,9621.33,415.93,476.19,1261.83,9.0152
125,4,1021.85,8488.37,10703.96,304.01,452.89,1458.70,8.5069
125,4,1005.35,7970.67,10679.35,401.00,523.16,1784.53,8.9363
125,4,775.82,7324.71,9742.63,470.13,497.82,1449.97,8.8537
125,4,970.49,8763.34,11091.88,382.89,501.38,1444.27,8.7504
125,4,966.96,7980.24,10593.15,522.05,502.17,1588.69,6.8482
125,4,800.31,8664.61,11255.46,537.88,533.93,1519.04,8.9276
125,4,1081.86,9269.60,11658.55,330.17,524.48,1534.31,8.6332
125,4,1118.91,10037.06,12581.27,430.28,574.51,1539.42,8.6849
125,4,1063.33,8482.55,11034.37,492.58,484.45,1574.79,7.6072
125,4,839.53,7583.37,10019.58,401.63,489.82,1544.76,8.8892
125,4,799.65,7745.27,10323.39,611.59,503.71,1462.82,6.7427
125,4,681.60,6718.29,9041.81,440.38,456.27,1426.87,8.7272
125,4,949.90,8367.63,10984.82,450.50,532.07,1634.62,8.7471
125,4,997.85,9323.05,12077.14,537.21,630.27,1586.61,8.7341
125,4,944.75,9022.49,11687.77,477.01,558.95,1629.32,8.8571
125,4,993.85,8946.62,11194.73,428.61,521.69,1297.81,8.8703
125,4,1053.99,8895.00,11336.82,386.41,525.16,1530.25,8.5787
125,4,860.85,7965.18,10158.91,371.68,465.56,1356.49,8.6782
125,4,970.78,9315.17,12147.62,483.02,613.98,1735.45,8.8286
125,4,1011.46,8325.70,10936.34,417.64,523.78,1669.21,8.7807
125,4,834.22,7583.68,9647.61,362.35,444.38,1257.20,8.9206
125,4,1101.09,9632.62,12123.84,416.48,505.64,1569.09,8.6007
125,4,641.86,6325.39,8481.34,454.36,474.52,1227.07,8.8137
125,4,1023.20,8496.83,11004.51,402.51,480.70,1624.47,8.9298
125,4,1062.79,9909.96,12686.92,461.47,607.03,1708.46,8.6487
125,4,1113.39,8952.51,11564.50,467.86,528.24,1615.88,8.8300
125,4,1045.61,9071.49,11845.41,606.34,614.63,1552.94,8.9456
125,4,1235.52,9737.89,12633.45,569.45,611.96,1714.14,7.9194
125,4,1001.62,9174.71,11995.34,519.79,593.07,1707.77,9.2264
125,4,1163.76,9981.19,12719.69,533.65,556.12,1648.73,5.8507
125,4,947.16,8080.63,10742.20,598.49,526.19,1536.88,6.4083
125,4,929.02,8445.41,10830.86,403.48,508.84,1473.12,9.1442
150,4,986.86,8557.92,10798.03,337.28,474.03,1428.79,11.2051
150,4,1056.89,8416.05,11102.94,757.70,534.41,1394.79,6.8833
150,4,1160.38,10169.62,12637.57,443.33,543.41,1481.22,11.0469
150,4,1200.02,10064.31,12707.52,343.22,552.26,1747.74,11.1569
150,4,829.75,8512.05,11176.77,539.57,582.49,1542.66,11.1999
150,4,1368.41,11020.66,13706.38,484.07,552.66,1648.99,7.4979
150,4,1021.02,8900.96,11576.11,601.27,538.11,1535.78,7.6299
150,4,1048.43,9194.35,12208.17,584.99,523.44,1905.40,9.7917
150,4,944.83,8279.95,10665.97,541.15,481.36,1363.52,7.5587
150,4,1009.54,8772.34,11583.83,634.04,594.51,1582.93,11.4878
150,4,984.38,8144.08,10129.61,266.76,436.20,1282.58,10.9408
150,4,954.81,8576.95,10785.26,379.20,454.74,1374.37,10.9959
150,4,1061.82,9910.01,12726.16,459.76,595.64,1760.75,10.9738
150,4,933.83,8969.45,11699.81,480.68,607.98,1641.69,11.3571
150,4,1193.80,9804.16,12102.93,435.48,497.76,1365.53,7.2764
150,4,910.57,8251.21,10310.61,362.88,433.10,1263.42,10.9702
150,4,798.69,7923.33,10114.52,392.65,454.79,1343.75,11.1915
150,4,958.90,8869.83,11631.13,578.68,606.88,1575.74,7.2730
150,4,1116.06,9293.79,11569.86,438.43,501.78,1335.86,7.1872
150,4,907.30,8345.49,11022.10,375.47,520.45,1780.69,10.9221
150,4,892.24,7934.79,10218.65,480.42,457.22,1346.22,7.5645
150,4,1242.29,9561.72,12482.61,748.49,612.56,1559.84,6.7407
150,4,1166.48,9644.80,12068.84,343.71,518.61,1561.71,10.9043
150,4,879.10,8136.91,10769.63,427.98,497.39,1707.35,10.9006
150,4,1028.27,8928.79,11554.80,527.31,551.09,1547.61,11.1033
150,4,1104.46,9601.03,12138.96,332.23,503.03,1702.68,10.7125
150,4,1139.65,9442.28,12264.47,566.19,592.10,1663.90,8.3568
150,4,907.83,8453.85,10866.30,427.41,540.42,1444.62,10.9894
150,4,1103.53,9349.23,12080.73,556.48,602.46,1572.55,7.1186
150,4,1204.10,10136.83,13042.87,767.08,595.92,1543.03,5.8089
150,4,1183.32,9990.54,12615.99,355.23,566.81,1703.41,11.1075
150,4,951.40,9368.30,12122.65,459.31,570.24,1724.79,11.0380
150,4,638.29,6362.80,8550.95,414.72,452.29,1321.13,11.2357
150,4,925.35,8235.69,10469.60,391.44,491.49,1350.98,10.8778
150,4,1046.07,8182.62,10959.33,812.23,578.78,1385.70,6.2615
150,4,928.99,8033.60,10834.31,576.18,556.09,1668.44,9.4722
150,4,784.63,7532.67,9991.07,419.00,485.50,1553.90,10.9504
150,4,1201.41,10291.76,12917.21,344.24,540.00,1741.20,10.9875
150,4,1070.59,9198.47,12081.57,552.52,557.18,1773.41,11.1771
150,4,853.19,8306.92,10806.40,467.59,587.90,1443.99,10.9918
150,4,791.49,7152.35,9346.80,439.75,482.42,1272.27,11.2846
150,4,1307.09,10732.99,13474.31,504.19,587.34,1649.80,7.7714
150,4,698.29,6972.72,9338.94,505.27,505.50,1355.46,11.1238
150,4,1028.59,9469.64,11992.24,381.29,558.25,1583.07,11.1483
150,4,1002.76,8848.96,11136.63,359.11,495.73,1432.83,11.0187
150,4,1152.66,9707.90,12437.48,537.65,533.19,1658.73,7.1394
150,4,812.19,7533.97,9998.30,422.45,472.14,1569.73,10.9169
150,4,835.65,8421.33,10827.15,480.52,574.53,1350.77,11.1263
150,4,973.78,8257.72,10801.11,381.92,492.91,1668.56,10.8555
150,4,982.23,8393.21,10905.55,585.67,489.26,1437.41,7.6809
150,4,908.20,8865.45,11329.56,417.68,549.86,1496.57,11.0383
150,4,945.26,8575.75,10883.54,406.99,511.64,1389.16,11.0940
150,4,800.11,7815.92,10239.57,408.74,497.51,1517.40,11.1688
150,4,772.92,7809.01,10139.92,453.01,531.44,1346.47,11.1215
150,4,820.55,7663.30,10095.62,424.72,512.92,1494.67,11.1681
150,4,1101.55,9560.65,12068.47,373.17,563.64,1571.00,11.0579
150,4,807.71,7832.65,9974.11,397.71,468.18,1275.57,10.9406
150,4,935.97,8238.05,10417.59,323.00,490.84,1365.70,10.8865
150,4,1178.82,8598.70,11525.44,780.38,571.65,1574.71,8.3260
150,4,1031.98,8336.56,10786.99,507.46,542.97,1399.99,9.8399
150,4,845.87,8373.66,10964.07,452.45,527.38,1610.58,11.1037
150,4,829.49,7324.69,9924.56,577.44,520.84,1501.59,7.2555
150,4,787.41,6982.83,9232.43,430.18,432.95,1386.48,7.2315
150,4,1518.26,10669.93,13870.61,1056.10,620.79,1523.78,6.2511
150,4,1034.88,8746.16,11208.98,690.08,568.61,1204.13,6.2619
150,4,700.82,7229.59,9387.73,397.66,484.32,1276.16,11.1635
150,4,1399.02,11791.31,14393.66,390.66,586.14,1625.55,10.8250
150,4,941.15,8160.48,10539.38,511.83,552.06,1315.02,7.3612
150,4,1310.78,8732.93,11611.91,790.33,534.38,1554.26,6.1990
150,4,1060.18,8715.16,11374.29,366.93,478.67,1813.52,11.0304
150,4,790.88,8049.19,10549.54,488.25,547.40,1464.70,11.2042
150,4,1021.86,8945.82,11384.52,526.76,481.71,1430.24,7.5237
150,4,1195.87,8127.49,11669.89,1186.70,610.89,1744.82,7.3913
150,4,957.77,9265.73,11881.54,506.76,608.79,1500.26,10.6509
150,4,1224.92,10379.37,13005.01,459.60,541.66,1624.38,9.2435
150,4,1193.10,10859.53,13536.49,553.12,578.94,1544.90,6.9097
150,4,1104.76,9377.59,11766.19,342.98,479.56,1566.05,10.4989
150,4,911.61,7957.95,10585.63,514.26,526.37,1587.05,7.0229
150,4,828.72,8189.08,10705.13,492.68,560.59,1462.77,10.6275
150,4,744.17,7059.24,9512.69,446.62,517.04,1489.79,10.6689
150,4,1013.09,9187.11,11833.59,434.68,534.37,1677.43,10.7257
150,4,1012.15,10002.73,12749.50,532.39,599.91,1614.47,10.6689
150,4,1179.70,9529.16,12920.47,928.51,698.19,1764.62,7.5233
150,4,1040.42,9130.35,11583.52,581.16,550.31,1321.70,7.3776
150,4,1073.92,9235.70,11681.71,457.60,510.46,1477.96,7.8865
150,4,959.31,8284.62,10837.01,594.36,535.44,1422.60,7.3627
150,4,1052.93,10229.74,13123.65,466.63,663.75,1763.53,10.8413
150,4,990.06,8605.16,11336.46,464.28,552.98,1714.04,10.5469
150,4,924.79,8163.73,10473.88,508.08,489.85,1312.22,7.4255
150,4,1306.76,10651.64,13379.84,511.27,558.62,1658.30,6.8081
150,4,659.51,6723.99,8974.92,474.75,524.38,1251.80,10.7381
150,4,1057.22,9237.37,11841.50,409.23,541.80,1653.10,10.6859
150,4,1055.20,9825.69,12666.48,512.24,633.90,1694.66,10.8048
150,4,1199.35,9903.76,12422.05,404.00,527.03,1587.26,7.9846
150,4,1151.71,10176.22,12787.87,518.81,577.46,1515.38,7.2272
150,4,1423.37,11047.29,13910.80,545.55,592.80,1725.17,8.3262
150,4,1003.05,9428.21,12233.72,507.33,619.93,1678.26,10.6695
150,4,1194.98,10407.01,13245.25,569.11,583.84,1685.29,10.4051
150,4,962.73,9113.98,11575.00,399.00,528.37,1533.64,10.9428
150,4,1072.49,9085.82,11671.93,534.76,538.34,1513.02,7.6084
175,4,1115.59,8885.47,11632.33,734.52,517.85,1494.49,7.2517
175,4,1194.56,8834.46,11868.68,953.21,608.27,1472.74,7.6335
175,4,1076.84,10302.63,12785.86,444.35,546.64,1492.25,13.3130
175,4,1426.76,10783.51,14081.15,733.02,630.68,1933.94,7.0816
175,4,822.81,8779.77,11432.36,548.60,580.09,1523.91,13.9102
175,4,1515.80,11396.19,14428.45,740.34,600.94,1690.97,9.2284
175,4,1214.10,9613.00,12533.72,760.82,548.25,1611.66,7.9602
175,4,1187.23,9691.82,13012.27,734.98,609.37,1976.11,8.0837
175,4,1274.43,8656.40,12043.92,1159.49,704.18,1523.85,8.2658
175,4,966.65,9044.17,11794.46,591.38,557.74,1601.17,11.9042
175,4,1122.81,8201.55,10903.42,775.90,509.52,1416.45,8.4914
175,4,941.70,8608.28,10839.78,374.38,441.80,1415.32,13.5341
175,4,1163.60,9951.29,12854.41,590.73,556.99,1755.40,8.7913
175,4,866.44,8967.84,11573.30,476.21,570.07,1559.17,13.6880
175,4,1212.50,10396.91,12759.61,511.98,496.09,1354.63,7.9585
175,4,962.89,8350.44,11011.10,803.88,486.55,1370.23,10.3371
175,4,742.98,8228.17,10435.30,437.15,479.75,1290.23,13.6508
175,4,1105.08,9724.22,12544.96,622.46,614.68,1583.60,12.0106
175,4,1188.25,9396.48,12060.59,775.33,540.03,1348.76,8.8578
175,4,1001.09,9289.80,12040.42,392.02,535.36,1823.23,13.4275
175,4,1008.18,7946.77,10441.45,630.09,510.28,1354.31,10.3890
175,4,1323.94,10247.02,13187.47,695.62,646.81,1598.02,12.0139
175,4,1285.65,10510.35,13186.75,501.92,545.31,1629.17,8.5609
175,4,898.99,8412.87,11043.68,413.84,529.36,1687.60,13.3120
175,4,1080.44,8908.52,11577.84,559.21,559.14,1550.96,11.7588
175,4,1245.15,10094.26,12804.79,509.51,524.26,1676.77,8.6898
175,4,1313.05,10057.39,13608.09,1022.59,663.51,1864.60,8.1730
175,4,944.43,8653.87,11266.34,613.90,526.62,1471.95,8.7602
175,4,1137.05,9895.55,12742.63,628.13,621.23,1597.72,13.8192
175,4,1270.28,10264.22,13474.72,984.79,653.13,1572.59,7.5487
175,4,1439.59,10214.16,13542.57,948.29,620.12,1760.00,7.6533
175,4,1095.70,9538.01,12676.12,696.03,641.02,1801.07,10.1770
175,4,680.35,6792.04,8965.45,405.01,463.83,1304.57,13.5255
175,4,1082.16,8734.88,11216.64,564.81,484.78,1432.17,9.1160
175,4,1024.74,8651.44,11332.53,704.37,571.64,1405.08,9.2137
175,4,893.51,8225.08,10996.56,602.79,532.01,1636.68,10.4443
175,4,790.90,7580.09,10046.41,412.58,489.02,1564.72,13.3942
175,4,1336.98,11280.28,14319.87,619.10,566.19,1854.29,10.2044
175,4,1165.51,9788.84,12674.01,601.04,565.19,1718.94,8.8023
175,4,1020.80,9380.30,11828.46,420.00,541.90,1486.26,13.6976
175,4,780.53,7842.15,10036.20,439.06,498.98,1256.01,13.9581
175,4,1498.94,11172.43,14396.66,825.81,669.23,1729.19,7.8089
175,4,647.94,6997.62,9299.59,508.29,497.87,1295.79,13.9915
175,4,1384.73,10149.30,13314.65,846.99,614.45,1703.90,7.4867
175,4,1120.49,9611.49,12064.33,417.43,541.36,1494.04,13.7719
175,4,1270.33,10093.45,13128.84,746.11,587.51,1701.77,12.3098
175,4,909.55,7893.25,10582.90,580.69,497.44,1611.53,10.3117
175,4,887.05,8850.66,11327.02,499.80,614.34,1362.21,14.0355
175,4,1003.42,9195.05,11741.86,401.51,497.67,1647.64,13.5708
175,4,1309.39,8920.34,12037.14,977.37,600.04,1539.39,8.4405
175,4,895.11,8778.08,11184.68,413.44,542.28,1450.88,13.9247
175,4,1080.52,9337.34,11985.86,616.42,565.54,1466.56,8.9340
175,4,851.18,7973.03,10437.34,378.73,492.63,1592.95,13.6461
175,4,823.23,8361.63,10745.30,457.46,546.44,1379.77,13.8179
175,4,818.17,8039.77,10539.71,471.34,549.16,1479.44,13.6925
175,4,1196.37,9808.85,12637.78,592.05,578.40,1658.47,8.7981
175,4,874.08,7418.53,10096.20,883.47,546.10,1248.10,12.0127
175,4,1206.46,8212.70,11392.36,1099.96,610.23,1469.46,7.2803
175,4,1271.79,9589.71,12613.85,807.09,559.58,1657.46,7.3711
175,4,1033.91,8279.87,11118.54,815.40,568.89,1454.38,9.2980
175,4,1054.95,8470.86,11583.27,807.57,611.31,1693.52,9.0789
175,4,692.82,7857.60,10235.85,463.35,475.54,1439.36,13.4950
175,4,897.03,7118.67,9800.20,777.62,476.81,1427.10,7.4502
175,4,1429.63,11128.15,13860.34,686.71,568.90,1476.59,8.0353
175,4,1063.87,9000.45,11404.28,646.69,532.11,1225.03,8.3805
175,4,736.99,6863.76,9233.48,588.96,503.40,1277.36,9.3751
175,4,1590.79,12800.95,15605.62,498.93,608.75,1697.00,9.0678
175,4,1005.01,8836.62,11130.93,478.47,512.40,1303.43,8.9483
175,4,1109.54,9633.92,11936.13,320.27,475.96,1505.98,13.2063
175,4,1068.69,9184.78,11826.18,379.85,502.80,1758.75,13.4315
175,4,824.49,8337.07,10793.99,482.03,526.46,1448.42,13.8158
175,4,1172.25,9246.28,12274.03,944.56,563.30,1519.89,7.3091
175,4,1168.62,8895.05,11833.01,732.00,557.36,1648.60,7.9297
175,4,998.21,9655.80,12520.44,679.44,599.67,1585.53,9.0707
175,4,1451.42,10375.17,13593.05,899.88,618.19,1699.82,7.3934
175,4,1385.27,11813.98,14734.41,705.35,613.75,1601.33,9.2437
175,4,1371.08,9689.74,12720.90,784.94,545.74,1700.48,7.9882
175,4,1077.65,8640.24,11576.55,661.03,610.55,1664.74,8.3184
175,4,1016.97,8922.68,11576.61,615.42,558.41,1480.10,10.5085
175,4,750.87,7620.49,10059.06,443.92,509.12,1485.53,13.5065
175,4,999.79,9566.76,12272.04,466.70,555.02,1683.56,13.4362
175,4,1055.17,10625.70,13416.85,539.20,659.58,1592.37,13.7592
175,4,1075.12,10086.47,12770.74,496.22,585.74,1602.30,13.7883
175,4,1372.81,10230.37,13308.66,987.14,682.44,1408.71,7.7394
175,4,1298.38,9749.95,12677.10,838.92,539.60,1548.63,6.9663
175,4,1013.98,8923.25,11382.34,534.09,517.52,1407.48,9.1608
175,4,1112.90,10670.68,13572.62,481.73,653.34,1766.88,13.6067
175,4,1175.07,9140.86,12264.04,764.36,629.98,1728.85,9.5357
175,4,1021.41,8346.13,10819.95,655.29,518.98,1299.55,9.1482
175,4,1348.86,11355.39,14102.60,561.64,557.96,1627.60,8.9658
175,4,756.33,7369.08,9674.70,619.63,461.56,1224.43,11.8207
175,4,1336.34,9724.37,13133.28,977.58,645.90,1785.42,8.6532
175,4,1151.50,10794.78,13596.78,462.57,592.07,1747.36,13.4960
175,4,1621.49,10592.53,14139.84,1091.36,683.72,1772.23,6.5546
175,4,1468.26,10954.25,14059.09,822.94,677.49,1604.41,8.8749
175,4,1388.99,11815.88,14609.45,403.61,618.56,1771.41,13.7485
175,4,1065.59,10175.12,12940.97,497.73,616.36,1651.76,13.7461
175,4,1413.13,10829.56,14217.98,971.76,640.24,1776.42,8.1469
175,4,1023.82,9664.25,12149.68,403.31,526.36,1555.77,13.8038
175,4,1226.61,10127.91,12919.95,583.08,568.07,1640.89,8.8915
200,4,1433.56,9344.40,12626.42,1073.07,614.78,1594.18,7.7322
200,4,1133.08,9838.94,12572.58,733.08,551.95,1448.62,10.6486
200,4,1257.00,10599.55,13652.76,829.75,601.26,1622.21,8.5162
200,4,1402.94,11708.88,14640.51,441.79,626.14,1863.70,10.1446
200,4,978.66,9404.08,12225.46,613.29,629.73,1578.35,10.2760
200,4,1703.35,11960.13,15404.45,1001.03,660.12,1783.17,9.6794
200,4,1236.54,9987.95,12936.39,759.60,606.24,1582.60,9.1812
200,4,1187.66,9784.34,12939.12,663.12,591.47,1900.18,10.7605
200,4,1297.15,9673.29,12747.49,967.76,600.74,1505.70,7.9517
200,4,1388.12,9849.75,13414.60,1108.92,712.73,1743.19,8.2904
200,4,1225.18,8606.32,11322.98,793.23,529.66,1393.76,8.6547
200,4,1265.95,9150.71,12061.85,830.19,549.18,1531.76,8.3494
200,4,1249.81,10494.03,13764.91,796.00,662.84,1812.05,10.6867
200,4,1039.53,10039.19,12731.83,448.38,611.80,1632.46,15.8682
200,4,1482.67,10766.35,13561.28,769.36,584.61,1440.96,8.7878
200,4,980.13,8700.30,11041.21,543.28,499.25,1298.38,11.8418
200,4,923.98,8277.21,10756.68,611.11,557.24,1311.12,10.3083
200,4,1027.67,10058.26,12758.19,491.15,611.79,1596.99,15.7495
200,4,1319.90,9926.88,12636.56,719.40,586.89,1403.39,9.8489
200,4,1261.20,9262.48,12770.91,934.23,623.01,1951.18,8.6580
200,4,1063.69,8562.87,11157.10,706.27,501.83,1386.13,8.9143
200,4,1361.12,11314.81,14006.91,536.48,587.16,1568.47,11.9160
200,4,1358.62,10919.03,13825.08,683.02,590.91,1632.12,9.3840
200,4,952.20,8987.00,11744.14,432.47,581.47,1743.21,15.7679
200,4,1311.01,9000.73,12671.59,1305.16,666.73,1698.97,7.6870
200,4,1315.76,10565.06,13443.98,566.20,588.45,1724.27,13.5061
200,4,1267.54,10140.04,13340.71,777.89,636.86,1785.92,12.0763
200,4,1276.91,8944.14,12649.82,1391.80,659.63,1654.25,7.8266
200,4,1166.70,10872.02,13635.81,566.26,589.98,1607.55,12.0081
200,4,1488.08,11141.28,14547.00,1066.21,713.22,1626.28,8.1991
200,4,1611.76,11329.52,14915.65,1018.32,701.07,1866.74,10.7323
200,4,1205.26,10750.26,13865.07,618.26,663.34,1833.21,10.2590
200,4,710.23,7239.31,9439.25,423.09,456.65,1320.21,15.6526
200,4,1116.23,9336.69,12034.87,698.63,521.38,1478.17,10.4349
200,4,1056.86,10032.60,12235.67,339.85,524.68,1338.54,16.0584
200,4,1060.51,8550.35,11570.00,776.74,555.19,1687.72,9.4814
200,4,973.97,8118.24,11087.73,812.67,573.33,1583.49,9.7583
200,4,1658.60,11700.96,15132.54,889.81,638.68,1903.09,7.6517
200,4,1234.95,10075.33,13198.69,722.73,601.96,1798.67,9.7376
200,4,1037.01,9377.23,12055.30,575.90,567.81,1534.35,10.3533
200,4,873.27,8113.57,10566.04,609.49,530.07,1312.91,10.6505
200,4,2029.16,12205.99,16510.71,1527.46,854.52,1922.73,7.7661
200,4,735.81,7623.36,10029.66,512.07,546.17,1348.06,16.0925
200,4,1563.81,10661.30,14196.73,1032.35,740.31,1762.78,9.7631
200,4,1106.13,9911.57,12448.68,572.05,491.77,1473.29,10.3102
200,4,1265.67,10788.78,13429.02,456.81,538.09,1645.34,11.9305
200,4,959.77,8598.21,11332.08,591.26,527.01,1615.59,13.7954
200,4,969.54,9267.64,11887.35,633.72,609.72,1376.26,16.4074
200,4,1118.56,9871.99,12500.34,386.90,547.72,1693.74,15.7170
200,4,1196.40,9597.69,12353.36,695.12,541.71,1518.83,9.6134
200,4,1061.49,9500.96,12101.45,510.23,565.35,1524.91,11.8166
200,4,1218.29,10240.05,12980.67,624.11,613.18,1503.33,8.9595
200,4,988.54,8640.85,11346.16,568.91,552.84,1583.55,13.3180
200,4,922.75,8573.34,11228.90,674.33,581.35,1399.88,12.0822
200,4,841.51,8159.87,10665.15,481.81,520.84,1502.63,15.9279
200,4,1256.51,10192.56,13264.45,833.52,586.89,1651.49,8.7802
200,4,985.38,8124.26,10832.47,914.35,523.49,1270.37,8.6053
200,4,1085.37,8844.59,11575.30,819.65,525.55,1385.51,8.2512
200,4,1531.75,9848.68,13291.58,1117.80,617.34,1707.76,7.5054
200,4,1134.93,8885.51,11533.04,598.58,607.56,1441.40,9.3633
200,4,1056.59,9175.10,12182.86,705.65,613.37,1688.74,10.5276
200,4,884.78,8639.15,11048.76,415.34,494.20,1500.07,15.3930
200,4,1001.23,7402.10,10302.00,878.83,536.49,1484.59,9.5754
200,4,1467.11,11468.38,14223.78,656.69,602.10,1496.61,11.6349
200,4,1047.61,9498.25,11938.38,646.38,582.46,1211.28,11.9743
200,4,812.23,7877.80,9964.98,377.39,467.19,1242.60,15.4847
200,4,1733.28,12719.26,16065.36,940.81,688.74,1716.55,9.2673
200,4,1113.14,9280.95,11975.88,728.77,580.73,1385.43,10.5146
200,4,1379.00,10480.19,13350.07,695.05,546.75,1628.07,10.5574
200,4,1186.09,9442.52,12383.75,558.63,538.16,1844.43,11.8786
200,4,849.57,8985.23,11444.96,489.08,495.98,1474.68,15.6963
200,4,1390.73,10059.11,13241.73,941.72,642.17,1598.74,8.8775
200,4,1123.17,9176.26,12065.93,667.18,558.03,1664.46,9.6625
200,4,1080.84,10594.45,13589.99,679.59,646.98,1668.98,10.7611
200,4,1550.47,10858.83,14330.53,961.16,667.21,1843.33,7.7739
200,4,1605.83,11756.50,15263.89,1117.88,721.63,1667.88,8.1382
200,4,1323.58,10371.75,12804.27,349.93,512.00,1570.60,15.3876
200,4,1005.21,9101.40,11857.32,528.71,552.97,1674.25,16.3965
200,4,1156.36,9550.73,12507.53,773.08,649.39,1534.33,9.5430
200,4,896.36,7913.66,10568.62,597.63,521.85,1535.48,10.7444
200,4,1161.00,9612.77,12553.62,623.94,605.20,1711.72,13.3378
200,4,1118.41,10813.68,13544.72,519.15,622.19,1589.70,15.6667
200,4,1364.82,10647.58,13982.93,958.81,633.40,1743.13,8.0141
200,4,1387.30,10628.39,13400.72,711.46,629.29,1431.59,8.8419
200,4,1400.81,10191.93,13383.06,989.31,589.25,1612.58,8.5040
200,4,1284.45,9453.66,12646.16,1063.70,612.57,1516.24,8.3007
200,4,1096.13,10690.10,13597.21,507.93,659.96,1739.22,15.7712
200,4,1048.72,9735.94,12418.16,437.17,568.99,1676.06,15.5860
200,4,1194.13,9041.95,11920.87,901.78,605.24,1371.92,9.0822
200,4,1548.52,12012.73,15206.06,915.05,589.65,1688.63,9.0226
200,4,719.68,7859.77,10007.49,435.10,495.90,1216.72,15.6378
200,4,1257.87,10200.81,13167.56,639.97,577.96,1748.83,8.9337
200,4,1181.41,11193.67,14068.44,494.80,656.73,1723.24,15.4937
200,4,1798.25,11363.60,15039.53,1169.62,698.77,1807.55,7.7446
200,4,1377.57,11386.91,14614.02,938.37,638.50,1650.25,8.1833
200,4,1445.18,12344.50,15311.44,605.07,588.19,1773.68,10.1915
200,4,1123.83,10674.81,13409.58,489.01,607.32,1638.44,16.0708
200,4,1521.31,11636.42,14968.21,937.77,626.39,1767.62,8.8599
200,4,1154.52,10278.53,13149.50,650.24,575.66,1645.07,10.8491
200,4,1256.96,10162.11,13118.28,758.30,587.51,1610.36,9.2783
225,4,1430.84,9776.80,12999.65,1034.61,603.88,1584.35,9.6014
225,4,1382.71,9742.22,13156.40,1251.83,657.32,1505.03,9.6768
225,4,1411.73,11153.00,14323.80,935.86,625.12,1609.81,11.0614
225,4,1586.82,11632.75,15254.30,960.08,682.89,1978.59,10.5041
225,4,1283.99,9901.38,13348.46,1029.67,657.36,1760.06,9.1342
225,4,1655.14,12558.13,15841.23,869.45,645.19,1768.46,10.9015
225,4,1397.78,10663.85,13890.94,923.67,642.39,1661.04,9.4081
225,4,1462.15,10633.86,14278.38,952.31,653.58,2038.63,11.9891
225,4,1270.91,9447.26,12704.77,1136.73,650.69,1470.10,9.3272
225,4,1235.74,10479.39,13494.96,708.74,621.01,1685.82,12.1256
225,4,1058.07,9028.77,11401.61,541.92,444.00,1386.92,11.8551
225,4,1211.19,10352.56,12653.22,356.38,507.72,1436.56,17.5294
225,4,1211.67,10834.13,13707.41,569.42,577.21,1726.66,15.5863
225,4,1223.50,10280.11,13847.35,1104.90,678.76,1783.59,10.9241
225,4,1740.18,11500.33,14898.99,1220.78,641.26,1536.64,8.4099
225,4,1255.07,9074.13,12278.35,1185.27,581.62,1437.33,8.8763
225,4,974.77,8934.94,11687.91,774.80,576.17,1401.99,10.9842
225,4,1140.64,10411.09,13554.57,890.78,619.48,1633.21,13.4206
225,4,1462.20,10249.94,13318.92,1041.28,613.06,1414.63,9.6861
225,4,1147.43,10216.53,13212.54,515.30,560.81,1919.90,13.4439
225,4,1073.77,8722.31,11539.84,850.89,550.32,1416.32,11.0273
225,4,1463.44,10965.91,14218.41,980.72,647.06,1624.71,10.8862
225,4,1698.93,11573.45,15097.65,1070.98,661.20,1792.03,8.4737
225,4,1128.78,9609.50,12588.60,570.84,578.31,1829.94,15.3478
225,4,1397.68,9845.50,13377.23,1143.02,650.67,1738.03,8.8937
225,4,1417.82,11479.62,14304.03,499.76,544.86,1779.79,15.0646
225,4,1295.72,10894.29,13836.42,557.80,610.92,1773.42,15.0257
225,4,1100.15,9800.73,12745.19,840.37,530.55,1573.55,10.6047
225,4,1300.00,11062.50,14091.59,709.40,661.95,1657.75,13.4042
225,4,1557.07,11821.17,15209.58,1077.02,699.41,1611.99,9.5605
225,4,1575.71,11880.15,15217.06,814.87,651.85,1870.19,9.5315
225,4,1330.93,11040.51,14667.91,1006.45,695.59,1925.37,10.5428
225,4,859.99,7530.79,10086.40,618.99,528.53,1408.08,13.7329
225,4,1346.78,9575.06,13026.58,1326.18,587.07,1538.27,8.9341
225,4,1344.34,9456.90,12797.76,1143.25,695.45,1502.16,10.3705
225,4,1200.34,9353.03,12712.71,974.27,613.23,1772.18,9.2227
225,4,975.57,8358.45,11348.08,837.89,526.94,1624.81,9.6612
225,4,1986.78,12155.41,16331.25,1395.71,766.69,2013.45,9.0879
225,4,1219.37,10829.32,13813.12,579.62,586.02,1818.16,12.0599
225,4,1022.37,9750.13,12483.25,596.75,602.68,1533.68,15.6354
225,4,1177.48,8519.60,11768.78,1193.97,616.01,1439.20,9.2221
225,4,2026.90,12918.16,17127.69,1519.04,765.62,1924.87,8.9805
225,4,713.52,8009.10,10390.10,513.89,530.65,1336.46,17.7602
225,4,1466.71,11230.91,14861.52,1167.93,689.69,1772.99,9.4452
225,4,1211.80,10543.42,13124.78,541.71,519.85,1519.80,12.0408
225,4,1461.49,10949.46,14497.60,1121.96,615.06,1811.13,12.2319
225,4,1106.79,8291.17,11729.53,1174.32,581.63,1682.41,9.3195
225,4,1100.85,9561.28,12545.21,859.06,686.44,1438.43,13.6282
225,4,1229.64,9987.67,13004.01,724.28,570.74,1721.31,9.8166
225,4,1180.94,9896.71,12340.13,474.61,512.83,1455.98,11.4635
225,4,1215.28,9772.66,12743.74,773.48,648.36,1549.24,11.3578
225,4,1341.44,10536.99,13558.66,832.52,638.88,1550.27,10.6744
225,4,1048.22,9318.30,12057.07,536.67,535.44,1666.65,13.3564
225,4,1137.27,9229.36,12462.00,1014.96,673.66,1544.03,9.6756
225,4,975.67,8578.84,11290.06,601.64,570.56,1539.03,12.3856
225,4,1449.39,10707.62,14083.67,1049.41,621.94,1704.69,10.3418
225,4,815.09,8785.90,10953.90,451.21,459.24,1257.56,17.6443
225,4,1425.85,9066.84,12661.19,1416.15,665.35,1512.85,9.1463
225,4,1441.92,10368.75,13792.94,1162.87,570.39,1690.93,8.7131
225,4,1229.89,9577.58,12628.32,929.61,593.67,1527.46,9.0115
225,4,1091.83,9877.58,12726.80,599.11,612.94,1637.17,13.5455
225,4,1082.32,8483.03,11614.80,957.40,602.08,1572.29,11.9366
225,4,960.52,8009.18,10529.89,590.79,452.68,1477.23,11.7563
225,4,1679.93,12147.87,15460.91,1060.50,648.17,1604.37,10.0156
225,4,1078.93,9798.65,12290.64,616.22,589.01,1286.77,12.0604
225,4,999.13,8007.14,10975.13,999.39,608.01,1360.58,12.2226
225,4,1851.60,13631.09,17035.53,912.62,727.06,1764.76,10.1724
225,4,1315.11,9973.12,12939.42,905.33,621.94,1439.04,11.0548
225,4,1737.85,10580.97,14257.80,1312.77,643.34,1720.72,8.6895
225,4,1280.92,9914.66,13081.82,779.46,569.79,1817.92,13.4051
225,4,925.89,9393.04,11960.76,522.51,604.03,1441.17,17.7764
225,4,1604.05,9857.02,13916.93,1625.67,743.33,1690.90,8.8302
225,4,1124.90,9638.45,12315.09,522.64,540.79,1613.22,15.2904
225,4,1214.54,10437.59,13548.16,853.96,656.27,1600.34,9.9733
225,4,1446.05,11209.64,14419.50,839.98,627.11,1742.77,9.5309
225,4,1836.81,12218.08,16234.98,1462.69,783.33,1770.88,8.5261
225,4,1335.60,10777.58,13660.63,682.07,563.04,1637.94,10.8842
225,4,1046.85,9322.09,12083.11,578.14,566.98,1615.91,12.4090
225,4,1124.58,9623.48,12321.19,607.80,603.63,1486.28,15.3930
225,4,947.57,8450.14,11273.00,707.64,548.13,1567.08,13.7256
225,4,1075.79,9989.69,12621.53,446.26,505.12,1680.46,17.9485
225,4,1167.96,11634.91,14643.08,687.01,692.46,1628.70,11.5246
225,4,1212.74,11378.70,14205.74,554.81,608.25,1663.97,11.6625
225,4,1194.05,10721.58,13206.38,566.82,575.86,1342.11,13.7994
225,4,1771.95,11299.37,14922.17,1201.18,688.60,1733.02,9.1472
225,4,1237.06,9679.83,12521.68,823.27,559.64,1458.94,9.1733
225,4,1185.10,11570.67,14654.52,599.92,653.91,1830.02,13.6742
225,4,1223.41,10413.26,13377.39,666.83,568.98,1728.32,15.5267
225,4,1106.49,9332.55,11958.85,757.13,537.29,1331.87,11.0165
225,4,1799.88,12703.39,16241.80,1103.90,622.42,1812.10,8.8164
225,4,925.26,7605.89,10417.44,919.94,594.37,1297.24,10.8949
225,4,1593.82,10746.90,14491.72,1241.99,692.64,1810.19,9.8605
225,4,1424.95,11990.32,15285.07,785.52,692.76,1816.48,11.6970
225,4,2006.37,12011.92,16282.73,1544.43,804.84,1921.53,8.7902
225,4,1399.45,11888.29,15095.57,960.14,613.17,1633.97,10.8513
225,4,1535.98,12829.70,15713.02,502.19,612.57,1768.56,15.3421
225,4,1410.26,10930.48,14415.19,980.71,724.18,1779.82,10.3485
225,4,1729.77,11888.12,15745.48,1289.11,733.46,1834.79,9.0548
225,4,1504.48,10736.86,14362.97,1165.20,700.04,1760.88,9.2023
225,4,1359.72,10859.17,13825.92,724.72,587.79,1654.23,8.9831
250,4,1339.66,10501.88,13255.06,657.28,548.04,1547.86,13.6113
250,4,1261.37,10284.80,13369.31,975.94,628.38,1480.19,11.9389
250,4,1411.98,11583.16,14559.00,784.44,616.32,1575.08,13.2597
250,4,1775.40,12059.94,15796.76,1048.66,711.83,1976.33,10.9062
250,4,1233.02,10301.02,13456.56,797.83,704.00,1653.71,17.4883
250,4,2150.86,12774.13,16901.85,1431.28,772.93,1923.51,9.8362
250,4,1641.98,10742.49,14609.74,1391.10,719.53,1756.63,10.2521
250,4,1502.30,11244.88,14919.39,956.94,640.76,2076.82,10.1000
250,4,1292.84,9892.08,12912.33,896.85,624.56,1498.83,10.8940
250,4,1533.54,10725.82,14541.27,1273.57,750.55,1791.32,10.7632
250,4,1375.95,9554.27,12450.37,858.65,564.11,1473.34,10.1364
250,4,1322.91,10391.45,12859.83,466.54,524.50,1477.34,20.0946
250,4,1362.39,11717.58,15118.79,834.19,680.30,1886.71,11.7641
250,4,1167.92,10707.71,13687.78,644.92,653.40,1681.74,15.0478
250,4,1679.82,11838.29,15078.46,1077.88,624.78,1537.51,9.9188
250,4,1656.42,9117.57,13428.69,1994.48,754.19,1562.46,9.7463
250,4,996.34,9380.32,12138.71,821.94,535.24,1401.21,11.0448
250,4,1311.42,11112.98,14257.25,761.21,710.09,1672.97,12.1002
250,4,1540.86,10859.41,14318.92,1348.76,641.26,1469.48,9.5083
250,4,1404.77,10266.54,13972.33,1012.10,649.82,2043.88,10.1361
250,4,1185.89,9024.29,11728.70,738.87,535.52,1430.02,10.5301
250,4,1517.84,12291.57,15330.83,766.80,610.58,1661.88,10.2129
250,4,1555.11,11780.52,15022.62,864.96,661.88,1715.26,13.4330
250,4,1175.48,9390.79,12722.78,864.46,620.35,1847.19,11.7382
250,4,1561.45,9745.67,13674.97,1414.01,731.18,1784.11,10.3286
250,4,1588.13,10970.42,14509.33,1045.71,625.65,1867.55,11.8984
250,4,1413.01,11268.35,14576.74,823.60,684.31,1800.49,14.9865
250,4,1430.62,9935.96,13598.22,1337.82,661.20,1663.25,9.5669
250,4,1249.14,11293.14,14177.03,621.68,638.65,1623.56,12.8152
250,4,1653.96,11910.22,15768.02,1413.16,724.34,1720.29,9.6892
250,4,1961.74,12365.95,16540.04,1407.50,780.98,1985.61,10.3991
250,4,1273.98,11259.01,14553.66,765.24,694.95,1834.45,13.3044
250,4,847.58,8229.75,10747.51,579.07,484.65,1454.03,15.1411
250,4,1299.48,10249.36,13488.40,1059.44,596.94,1582.66,10.6020
250,4,1439.64,10014.52,13364.63,1173.87,675.79,1500.45,10.4618
250,4,1031.18,9556.48,12313.71,561.39,527.30,1668.54,13.6358
250,4,1045.47,9033.10,12071.26,805.90,580.55,1651.72,13.1669
250,4,2058.75,12867.13,17151.25,1423.88,788.49,2071.76,9.9945
250,4,1378.62,10749.25,14121.83,894.12,632.60,1845.86,11.7144
250,4,1214.16,10287.15,13271.45,799.28,647.34,1537.68,13.1719
250,4,1157.40,8848.70,11969.69,1076.20,635.78,1409.00,10.9565
250,4,2072.60,13788.15,17608.57,1214.34,736.33,1869.75,9.9295
250,4,776.62,8220.13,10608.28,509.87,549.75,1328.52,19.7033
250,4,1666.52,11860.15,15554.75,1122.03,761.51,1811.06,12.1119
250,4,1553.88,10449.20,14073.08,1334.03,637.89,1651.97,10.6386
250,4,1622.92,11598.35,15226.40,1188.88,647.83,1791.34,11.3096
250,4,1213.11,8919.26,12388.07,1174.87,564.24,1729.69,9.5981
250,4,1086.56,9689.45,12443.12,686.67,652.49,1414.50,17.6245
250,4,1390.19,10616.54,13711.20,717.17,588.30,1789.19,12.8415
250,4,1284.95,10344.91,13300.81,889.99,557.04,1508.87,11.0733
250,4,1274.84,10239.21,13254.29,747.57,660.49,1607.02,12.5352
250,4,1450.40,10578.25,13824.76,987.44,681.75,1577.32,10.7518
250,4,1077.69,9216.16,11850.08,469.86,539.88,1624.19,13.1533
250,4,1009.08,9487.90,12321.32,778.68,603.64,1451.10,12.2675
250,4,1042.40,8753.95,11842.15,877.99,593.66,1616.56,12.2845
250,4,1569.20,11321.07,14822.76,1083.72,646.01,1771.95,13.2844
250,4,1385.94,8935.83,12676.73,1615.43,688.94,1436.53,9.7686
250,4,1435.53,9663.39,13047.95,1267.36,623.82,1493.38,9.8807
250,4,1503.05,10625.18,13983.14,1062.70,600.80,1694.46,10.9704
250,4,1336.63,9620.99,12813.40,1025.89,652.84,1513.68,12.1215
250,4,1020.00,10184.09,12956.77,465.17,597.34,1710.17,20.3741
250,4,1063.07,9169.17,11843.94,567.14,577.03,1530.60,20.1622
250,4,1068.71,8166.46,11056.06,775.59,542.00,1572.00,9.9513
250,4,2078.13,12522.36,16581.58,1612.95,737.48,1708.78,9.6893
250,4,1252.57,10179.58,12947.11,865.27,634.56,1267.70,13.6833
250,4,932.44,8308.59,10947.94,720.54,553.36,1365.45,11.7212
250,4,2158.13,13563.59,17946.05,1712.89,779.24,1890.34,9.7463
250,4,986.55,9792.61,11994.71,412.04,504.86,1285.20,19.9661
250,4,1431.12,11430.12,14153.14,563.66,528.75,1630.62,11.4792
250,4,1254.52,11023.33,13793.15,341.01,531.85,1896.96,19.7937
250,4,968.30,9599.81,12313.86,666.69,552.28,1495.07,13.6746
250,4,1501.72,11246.94,14365.66,825.30,662.23,1631.19,9.6811
250,4,1720.22,9892.26,14177.01,1689.96,690.79,1904.01,10.0759
250,4,1394.62,11625.83,15094.89,1009.39,773.65,1686.01,13.3382
250,4,1669.77,12041.62,15518.21,1051.20,640.35,1785.03,11.4064
250,4,1912.00,12894.54,17008.42,1505.43,809.05,1799.40,10.2654
250,4,1557.16,11257.62,14467.46,871.07,595.27,1743.50,9.9358
250,4,1173.03,9592.90,12726.22,824.65,604.34,1704.33,11.2950
250,4,1131.85,10681.04,13218.27,439.94,607.37,1489.92,19.5576
250,4,1234.82,9103.32,12578.47,1069.71,630.74,1774.70,10.7089
250,4,1275.31,10464.83,13581.37,719.63,619.96,1776.94,13.2428
250,4,1316.72,11783.73,15111.04,844.72,790.60,1691.99,15.2761
250,4,1626.46,11725.83,15930.34,1526.07,766.06,1912.38,10.2476
250,4,1632.16,10894.65,14507.74,1394.30,712.48,1506.29,10.6124
250,4,1643.65,11555.76,14770.69,925.81,616.97,1672.15,10.5987
250,4,1405.32,9663.93,13187.21,1339.54,652.60,1531.14,9.9218
250,4,1392.04,11804.92,15285.54,890.62,755.19,1834.81,11.8284
250,4,1157.76,10700.00,13676.41,619.19,621.84,1735.38,14.9462
250,4,1346.06,9439.57,12569.64,1106.31,607.72,1416.04,11.0087
250,4,1907.39,12573.73,16410.99,1332.17,684.17,1820.91,10.1599
250,4,837.22,7957.76,10718.74,870.56,589.43,1300.99,11.8798
250,4,1600.30,11599.84,15127.55,1014.00,657.31,1856.39,10.3275
250,4,1675.46,12187.17,15990.94,1134.79,786.84,1882.14,10.6213
250,4,1673.80,12467.16,15684.60,798.71,671.04,1747.69,15.2134
250,4,1903.30,12338.38,16673.52,1749.90,795.91,1789.33,9.8322
250,4,2150.29,13624.88,17630.65,1267.34,758.40,1980.03,10.1522
250,4,1423.11,11331.49,14996.13,1099.63,745.59,1819.42,12.5187
250,4,1582.01,12647.99,16037.97,960.77,648.84,1780.36,13.5088
250,4,1607.00,10979.74,14831.46,1310.69,749.75,1791.28,10.0299
250,4,1518.49,11268.76,14522.57,970.69,629.60,1653.52,10.5894
275,4,1658.53,10798.69,14192.90,1072.64,655.59,1665.98,11.0028
275,4,1354.08,10750.73,14130.17,1256.36,576.90,1546.18,11.3669
275,4,1516.79,12301.98,15579.61,965.78,685.68,1626.17,14.1693
275,4,1938.20,12813.29,16964.41,1310.68,757.88,2082.56,12.1279
275,4,1241.67,10615.74,13776.71,791.63,665.42,1703.92,13.3882
275,4,1846.27,12729.14,16316.72,1087.79,697.31,1802.48,11.7005
275,4,1629.62,11054.49,14717.90,1256.03,674.49,1732.90,10.6334
275,4,1503.36,11344.05,15070.54,923.37,721.76,2081.35,14.8831
275,4,1585.73,10552.25,14162.03,1334.73,684.62,1590.43,11.1157
275,4,1470.40,11448.70,14831.05,971.99,681.91,1728.44,12.0296
275,4,1453.17,9293.98,12631.45,1238.18,598.17,1501.13,11.3043
275,4,1382.25,10518.70,13351.60,794.44,512.96,1525.50,12.0884
275,4,1481.35,11748.74,15511.15,1198.90,695.92,1867.59,12.2850
275,4,1289.51,10529.51,14075.85,1097.20,699.27,1749.86,14.7360
275,4,1950.70,12520.31,16133.69,1343.85,684.05,1585.48,10.9840
275,4,1422.38,9775.41,13221.72,1361.97,608.41,1475.93,11.4005
275,4,1099.39,9286.46,12229.92,963.92,581.63,1397.90,11.1589
275,4,1600.52,11020.58,14995.99,1362.77,796.58,1816.06,11.5867
275,4,1492.75,11275.97,14400.59,1057.84,582.16,1484.62,11.1426
275,4,1191.59,10599.98,13564.21,563.49,564.94,1835.81,14.9569
275,4,1156.06,9552.40,12046.62,551.94,546.16,1396.12,14.9750
275,4,1549.41,12764.81,15747.32,665.20,650.79,1666.53,17.0780
275,4,1678.82,12956.81,15882.44,550.88,632.72,1742.03,13.5460
275,4,1508.82,10178.53,14180.45,1172.09,761.30,2068.53,11.0176
275,4,1462.54,10548.62,14181.45,1196.26,698.25,1738.32,12.3362
275,4,1541.14,11658.79,14944.08,835.35,590.60,1859.35,11.0977
275,4,1405.06,11572.94,15014.01,930.65,637.73,1872.68,12.9905
275,4,1518.89,10593.18,14362.27,1415.63,675.99,1677.48,11.0759
275,4,1623.01,11846.03,15826.71,1446.29,748.35,1786.04,10.4048
275,4,1807.55,12402.45,16430.70,1552.39,740.97,1734.88,11.3580
275,4,1847.82,12975.32,16717.41,1105.42,689.52,1947.15,11.4326
275,4,1482.98,12278.77,16147.11,1148.83,712.76,2006.74,11.9745
275,4,915.05,7963.53,10722.34,795.21,524.71,1438.88,13.7991
275,4,1553.33,10285.64,14106.26,1537.85,666.89,1615.88,10.7239
275,4,1511.56,10300.73,13893.93,1326.34,698.53,1568.33,11.4167
275,4,1069.68,9850.86,12638.36,522.06,574.06,1691.38,19.0291
275,4,1251.98,9240.30,12919.63,1290.12,660.92,1728.29,11.8204
275,4,1956.53,13125.18,17436.21,1497.61,738.84,2074.58,11.0252
275,4,1601.06,11310.15,15267.69,1359.09,670.53,1927.93,11.3611
275,4,1574.94,10866.92,14521.16,1228.69,786.21,1639.34,11.5370
275,4,974.35,8916.30,11556.41,738.70,553.63,1347.77,12.8023
275,4,1930.19,14266.10,17741.11,905.39,712.83,1856.79,11.9279
275,4,836.21,8561.93,11165.87,673.00,556.44,1374.50,14.7990
275,4,1642.90,12436.20,15912.28,1021.50,686.28,1768.29,11.1214
275,4,1754.38,10526.90,14614.72,1655.62,712.91,1719.28,10.6814
275,4,1538.28,11797.52,15325.90,1090.51,661.24,1776.62,14.8994
275,4,1050.26,9636.57,12381.42,574.61,538.07,1632.16,14.2307
275,4,1377.82,10220.37,13881.46,1362.48,785.58,1513.03,11.8347
275,4,1525.60,10872.34,14287.29,1011.34,628.17,1775.43,10.8284
275,4,1534.41,10660.96,13934.28,1074.83,601.27,1597.21,13.3083
275,4,1532.00,10516.96,14403.44,1462.61,727.05,1696.82,11.4936
275,4,1464.13,10867.18,14219.22,1069.07,660.22,1622.75,11.9135
275,4,1113.70,9631.66,12547.70,667.23,563.39,1685.42,13.0172
275,4,1304.41,10226.86,13416.84,936.21,687.05,1566.72,12.1272
275,4,1114.73,9665.04,12402.82,579.85,582.77,1575.16,15.3798
275,4,1546.02,11789.46,15080.16,884.15,649.84,1756.72,12.5989
275,4,1288.09,8955.30,12414.49,1432.75,611.13,1415.32,11.4935
275,4,1616.37,9955.58,13833.34,1613.15,700.35,1564.26,10.9947
275,4,1594.68,11157.15,14526.17,1052.02,594.19,1722.80,11.1560
275,4,1641.16,9974.69,13928.52,1598.99,738.13,1616.71,11.2018
275,4,1160.90,10429.64,13397.10,638.90,606.04,1722.52,17.0103
275,4,1139.77,9413.09,12282.96,710.79,580.79,1578.29,16.9125
275,4,1120.82,8444.69,11347.50,823.03,532.23,1547.56,13.1921
275,4,1949.17,12984.67,16743.84,1381.72,745.91,1631.54,11.4888
275,4,1467.69,10931.98,13928.07,965.54,711.20,1319.35,12.0517
275,4,1129.32,8686.66,11825.24,1070.40,626.36,1441.82,11.8738
275,4,2303.09,14368.44,18763.37,1704.72,797.04,1893.18,10.8631
275,4,1676.77,10515.94,14301.78,1483.46,729.25,1573.14,11.1943
275,4,1792.46,11830.44,15113.20,931.96,638.03,1712.77,11.4262
275,4,1504.96,11295.10,14901.80,940.51,630.19,2035.99,13.1783
275,4,1203.09,9772.31,13069.88,1004.82,702.96,1589.79,11.9495
275,4,1602.97,10373.85,14172.87,1439.13,691.67,1668.23,10.9800
275,4,1536.47,10038.02,13782.28,1296.54,634.72,1813.00,11.4950
275,4,1559.14,11509.81,15408.76,1342.66,792.19,1764.10,11.9108
275,4,2051.09,12806.77,17110.04,1562.41,783.94,1956.92,11.2393
275,4,1964.02,12936.19,17035.40,1460.80,833.61,1804.80,11.1074
275,4,1526.62,11160.91,14263.65,826.20,593.29,1683.25,13.9323
275,4,1156.01,9964.48,12708.22,553.72,550.62,1639.40,15.3241
275,4,1459.63,10604.27,14282.28,1274.82,735.21,1667.98,12.2252
275,4,1245.12,8771.74,12440.35,1253.11,659.34,1756.16,11.1810
275,4,1394.50,11188.54,14590.52,947.26,644.28,1810.44,13.1520
275,4,1499.28,12499.74,15909.48,925.74,761.66,1722.34,11.6602
275,4,1662.00,11893.48,15999.80,1453.12,757.72,1895.48,11.1868
275,4,1548.06,12078.47,15214.39,979.28,684.66,1471.98,13.3423
275,4,1949.61,12005.16,16127.91,1661.96,696.81,1763.98,11.5560
275,4,1578.92,10326.88,14155.11,1488.47,729.45,1610.30,10.9809
275,4,1846.99,12530.56,16986.36,1523.89,873.75,2058.16,11.2502
275,4,1307.25,11028.81,14561.28,1038.62,692.77,1801.08,11.7737
275,4,1397.81,10346.67,13698.97,1291.69,600.40,1460.21,10.7070
275,4,2231.03,13048.27,17511.00,1764.78,766.07,1931.88,10.4785
275,4,955.70,8222.37,10904.91,853.24,554.87,1274.43,12.5880
275,4,1667.70,11830.81,15511.65,1103.13,667.13,1910.58,11.2511
275,4,1515.29,12688.75,16254.04,1031.23,680.25,1853.80,13.4138
275,4,2107.32,13237.29,17179.65,1255.66,770.24,1916.45,10.6677
275,4,1905.27,13707.89,17385.28,1096.64,793.31,1787.44,12.4718
275,4,2077.53,14080.96,17939.74,1192.93,702.12,1963.72,10.8943
275,4,1557.37,12187.77,15956.61,1165.75,781.18,1821.90,13.0907
275,4,2043.35,12500.00,16916.25,1698.67,819.35,1898.24,10.9683
275,4,1751.04,11154.32,15349.46,1585.36,791.45,1818.33,11.1146
275,4,1379.90,11449.58,14242.44,581.30,581.76,1629.80,13.2264
300,4,1577.53,10857.42,14040.01,940.65,606.16,1635.78,13.3682
300,4,1666.59,11415.75,15012.61,1328.14,679.06,1589.66,12.0414
300,4,1754.92,12769.22,16667.04,1448.25,699.50,1750.06,11.7140
300,4,1806.10,13014.56,16621.17,906.77,697.99,2001.85,15.2478
300,4,1414.65,10973.17,14463.09,1021.72,733.04,1735.16,13.6400
300,4,2279.88,14052.40,18146.28,1363.51,771.90,1958.46,12.2865
300,4,1673.09,11851.56,15376.10,1070.48,713.68,1740.38,12.2371
300,4,1648.04,11987.67,15908.44,1101.93,717.34,2101.50,12.7128
300,4,1662.31,10303.08,14233.59,1601.56,768.23,1560.72,12.1093
300,4,1770.05,12116.06,16005.84,1282.96,775.62,1831.19,12.7388
300,4,1445.29,10291.04,12953.70,686.87,560.66,1415.13,18.5215
300,4,1394.95,10851.26,13699.35,769.56,550.79,1527.75,12.6902
300,4,1620.45,12363.55,16215.91,1182.49,718.20,1951.67,11.6307
300,4,1558.16,11284.30,15162.87,1251.11,782.08,1845.38,12.7283
300,4,2140.73,12948.66,16837.79,1501.74,766.35,1621.05,11.8495
300,4,1527.59,9862.81,13784.01,1724.19,670.71,1526.30,11.8641
300,4,1335.17,9877.45,13269.31,1243.48,645.71,1502.67,12.2236
300,4,1470.45,11792.08,16034.70,1603.19,795.85,1843.57,13.4434
300,4,1650.21,11439.43,14884.30,1246.82,660.31,1537.74,11.7540
300,4,1280.00,10893.60,14201.81,794.33,604.99,1908.89,15.9734
300,4,1540.27,10169.42,13738.74,1374.10,641.98,1553.24,12.4842
300,4,1777.35,12449.64,15738.21,870.94,716.15,1701.47,12.6225
300,4,2277.85,13001.24,17576.09,1744.81,851.97,1978.07,12.0877
300,4,1315.60,10827.63,14092.31,731.72,621.24,1911.72,16.1011
300,4,1570.53,10433.32,14142.62,1261.94,715.59,1731.77,11.7430
300,4,1480.29,12079.10,15282.16,828.84,567.01,1807.21,14.2088
300,4,1896.86,12053.79,16279.27,1418.18,826.16,1981.14,11.7628
300,4,1682.88,10816.50,15084.33,1799.44,741.02,1727.37,12.5703
300,4,1479.54,12532.59,15911.49,964.13,686.48,1728.29,13.2804
300,4,1793.64,13260.83,17091.30,1336.92,799.42,1694.14,13.4803
300,4,1811.15,13392.81,16896.85,896.97,699.38,1907.69,12.1009
300,4,1701.25,12480.42,16793.24,1440.31,794.83,2077.69,11.6675
300,4,793.16,8341.40,10566.75,394.51,449.73,1381.12,24.2350
300,4,1275.84,11401.77,13974.48,503.05,543.97,1525.69,20.8082
300,4,1631.46,11199.21,14977.78,1434.48,748.33,1595.76,12.4248
300,4,1008.75,10163.34,12713.23,365.72,538.02,1646.15,24.0783
300,4,1202.99,10090.95,13144.98,768.36,615.28,1670.39,14.4804
300,4,2160.63,13473.11,17924.70,1502.55,799.87,2149.17,12.1677
300,4,1832.32,11451.92,15699.35,1527.37,731.90,1988.15,12.4362
300,4,1495.62,11388.60,14779.03,1081.88,672.32,1636.23,12.4739
300,4,1293.91,9499.56,12641.11,1084.34,629.51,1427.70,12.3961
300,4,2316.83,14199.34,18560.95,1524.82,861.65,1975.15,12.3647
300,4,868.53,8587.64,11206.70,658.66,592.48,1367.93,21.8736
300,4,1730.02,12261.84,15894.88,1100.55,714.80,1817.69,12.1825
300,4,1650.84,11263.66,14915.87,1320.96,644.87,1686.38,12.3705
300,4,2077.19,12476.78,17082.40,1833.88,804.54,1967.19,12.1867
300,4,1418.45,9762.69,13456.58,1241.91,651.56,1800.42,13.3880
300,4,1115.64,11442.54,14019.38,489.56,650.74,1436.54,24.4696
300,4,1758.21,11493.14,15479.01,1292.20,730.44,1963.23,12.2783
300,4,1456.17,11243.94,14180.08,782.14,589.64,1564.37,14.3436
300,4,1679.94,11320.09,15192.09,1380.74,738.17,1753.09,12.7459
300,4,1728.51,12041.59,15904.09,1371.60,770.59,1720.32,13.0186
300,4,1271.85,9116.73,12806.95,1294.32,649.13,1746.77,11.8772
300,4,1414.05,10231.23,13772.89,1180.25,749.73,1611.68,12.3722
300,4,1333.49,9404.45,13256.38,1415.88,702.23,1733.82,12.7637
300,4,1722.24,12156.88,15906.93,1252.52,718.89,1778.65,11.5947
300,4,1530.75,9358.23,13197.64,1641.03,717.80,1480.58,12.7628
300,4,1488.71,10545.15,13798.63,1112.84,627.81,1512.83,11.6063
300,4,1490.24,11709.23,14722.83,724.42,594.74,1694.43,13.0877
300,4,1798.38,9956.37,14216.03,1792.27,806.64,1660.75,11.9260
300,4,1372.37,11087.28,14596.81,1025.90,667.12,1816.51,13.0138
300,4,1153.53,9250.42,12127.76,769.27,584.48,1523.59,18.6717
300,4,1397.57,8337.73,12066.23,1439.24,658.36,1630.91,12.1534
300,4,2311.25,13825.74,18256.72,1856.43,797.41,1777.13,12.0560
300,4,1627.04,11056.02,14536.82,1320.88,725.70,1434.23,12.2293
300,4,1118.27,9132.93,12153.48,999.13,587.53,1433.90,13.2844
300,4,2412.20,14820.95,19301.66,1708.30,836.99,1935.42,12.2733
300,4,1491.19,10633.84,14143.95,1357.55,661.03,1491.52,11.6533
300,4,1612.43,11634.94,14848.82,1002.05,565.16,1646.67,13.3271
300,4,1464.97,10961.52,14380.02,908.60,610.81,1899.10,15.4152
300,4,1212.34,9896.44,13201.10,1039.14,657.78,1607.73,13.3924
300,4,1759.47,11232.94,15324.09,1612.80,759.47,1718.89,12.2802
300,4,1440.12,10087.47,13535.53,1070.33,611.29,1766.44,13.7062
300,4,1607.13,11775.70,16046.42,1618.66,834.58,1817.47,12.6860
300,4,1817.42,13177.49,16855.00,1163.54,689.51,1824.46,12.9949
300,4,2218.04,13587.48,17967.22,1638.11,865.83,1875.81,12.3187
300,4,1394.76,11723.85,14464.15,533.06,554.03,1653.22,14.5099
300,4,1297.88,10321.43,13691.98,943.13,650.45,1776.97,13.9725
300,4,1412.18,10874.33,14004.59,915.18,660.31,1554.76,13.2553
300,4,1071.19,9163.25,12127.34,756.25,577.50,1630.33,17.1632
300,4,1527.13,11440.72,14849.15,888.81,682.99,1836.62,13.1163
300,4,1678.53,13120.89,17172.16,1387.52,821.14,1842.60,12.6686
300,4,1557.94,12720.28,16296.64,1057.65,698.64,1820.06,13.2743
300,4,1794.23,12373.66,15844.79,1198.34,735.45,1537.35,11.8421
300,4,1935.93,12595.15,16420.35,1377.98,680.56,1766.65,11.7175
300,4,1559.86,10591.34,14292.25,1385.71,705.00,1610.20,11.6863
300,4,1705.51,12797.27,16932.90,1339.56,814.02,1982.05,13.1948
300,4,1547.15,11341.47,15164.61,1208.67,769.27,1845.21,16.6042
300,4,1614.50,10558.47,14283.85,1515.87,739.07,1470.44,13.3316
300,4,2218.98,13576.27,18091.79,1809.61,756.96,1948.94,11.8386
300,4,1240.99,8679.10,12333.57,1459.24,738.05,1457.18,12.9042
300,4,1734.21,12463.59,15882.54,872.27,657.76,1888.92,12.0381
300,4,1899.97,13327.38,17710.06,1560.65,823.64,1998.40,12.5863
300,4,2242.49,13388.30,17762.57,1556.69,811.78,2005.80,11.7260
300,4,1924.78,13933.05,17493.98,1078.28,759.11,1723.55,12.3797
300,4,2110.21,14903.24,18524.34,896.99,733.68,1990.43,12.7155
300,4,1593.92,12196.75,15892.30,1064.90,778.85,1851.81,14.5614
300,4,2001.05,13435.15,17831.72,1689.47,775.83,1931.28,12.0758
300,4,1635.76,12012.06,15600.78,1166.41,673.66,1748.66,12.1689
300,4,1659.91,11368.17,15002.74,1213.16,692.40,1729.01,13.5447
325,4,1643.48,11436.90,14842.40,1130.88,647.04,1627.58,13.4812
325,4,1875.66,11616.83,15438.58,1416.74,776.51,1628.50,12.7632
325,4,1789.89,12817.74,16736.15,1437.60,774.23,1706.59,12.7022
325,4,1945.24,12828.50,17110.74,1513.54,702.93,2065.76,13.7243
325,4,1590.03,11259.42,15447.89,1538.13,757.71,1892.63,12.7684
325,4,2106.79,13983.91,17998.17,1367.06,732.35,1914.85,13.0432
325,4,1995.84,11248.20,15950.23,2027.82,816.84,1857.38,13.2251
325,4,1642.37,11938.99,16014.75,1296.74,696.20,2082.81,12.7686
325,4,1880.87,11177.97,15332.43,1645.20,827.16,1682.10,13.1985
325,4,1944.38,12310.88,16585.79,1538.89,826.87,1909.15,12.6480
325,4,1701.38,10531.03,14019.35,1263.73,654.81,1569.77,12.8102
325,4,1631.48,11368.26,14456.45,901.54,599.10,1587.56,14.1617
325,4,1803.06,12568.41,16726.46,1373.86,772.72,2011.48,13.5577
325,4,1691.48,11937.50,15952.43,1295.05,824.43,1895.45,14.0184
325,4,2070.94,13078.56,16528.93,1134.09,728.19,1588.10,13.3244
325,4,1513.96,10685.60,14060.51,1288.64,620.85,1465.42,14.0680
325,4,1427.70,10063.33,13605.38,1358.84,664.70,1518.51,13.1798
325,4,1528.82,11612.14,15822.13,1571.39,796.00,1842.60,13.3917
325,4,1691.01,11288.36,14780.42,1264.04,696.55,1531.46,13.3048
325,4,1721.40,10832.86,15224.54,1514.74,763.80,2113.14,13.5915
325,4,1500.19,10003.64,13427.85,1198.58,680.78,1544.85,13.4138
325,4,1930.90,13272.69,16913.96,1205.52,719.76,1715.99,14.7604
325,4,2080.57,13521.10,17652.69,1414.63,793.42,1923.54,13.0969
325,4,1554.91,11241.81,15218.03,1215.19,663.68,2097.35,12.7128
325,4,1649.24,11412.84,15345.57,1422.23,699.60,1810.90,13.7203
325,4,1825.29,12341.83,16228.44,1303.01,681.29,1902.31,13.9455
325,4,1646.17,13012.19,16658.71,1069.62,675.34,1901.56,14.3750
325,4,1762.23,11690.66,15618.32,1428.24,793.14,1706.28,13.2351
325,4,1944.60,12821.84,17124.47,1559.99,849.49,1893.15,13.1242
325,4,2227.40,13803.85,18284.99,1731.01,926.88,1823.24,13.1523
325,4,2007.58,13866.55,17768.37,1158.50,726.31,2017.00,13.8424
325,4,1779.98,12592.03,17024.87,1541.78,827.11,2063.94,13.3982
325,4,924.69,8736.28,11286.26,607.28,510.82,1431.89,17.1286
325,4,1677.11,11540.20,14964.45,1145.57,648.34,1630.34,13.0955
325,4,1738.25,11236.07,15280.87,1652.98,753.13,1638.69,13.4651
325,4,1308.45,10524.92,13994.59,1044.68,642.37,1782.62,14.6018
325,4,1281.68,10294.14,13655.10,1016.25,584.18,1760.53,14.1631
325,4,2334.33,13807.98,18571.94,1720.39,863.92,2179.66,13.4237
325,4,1636.87,11298.08,15439.37,1531.13,658.24,1951.92,13.0218
325,4,1528.85,11279.70,14839.36,1163.39,764.47,1631.79,14.9646
325,4,1333.00,9795.54,13078.18,1131.43,689.45,1461.76,13.7283
325,4,2331.04,14862.33,19277.29,1584.86,835.08,1995.04,13.2449
325,4,875.12,8779.17,11140.27,476.52,557.45,1327.13,26.5486
325,4,2063.55,13125.14,17488.95,1574.97,849.98,1938.87,13.4848
325,4,1405.70,11406.01,14247.52,732.13,565.71,1543.66,16.2702
325,4,1925.57,12715.43,16594.18,1308.73,694.79,1875.23,13.3356
325,4,1360.73,10129.32,13694.25,1202.01,596.49,1766.44,13.7181
325,4,1170.55,11355.36,14086.49,643.03,652.87,1435.23,18.3004
325,4,1624.00,11825.58,15373.61,988.87,671.42,1887.74,14.9166
325,4,1561.01,11521.90,14797.89,1040.70,622.39,1612.91,12.7900
325,4,1611.19,11239.90,14851.46,1204.35,734.04,1673.17,15.0118
325,4,1795.47,12492.02,16329.58,1368.18,736.30,1733.07,13.4087
325,4,1374.13,10255.37,13690.90,1034.77,669.31,1731.45,16.3443
325,4,1288.01,10269.75,13549.77,1064.16,674.37,1541.49,13.5997
325,4,1418.88,9413.24,13345.62,1496.30,693.76,1742.32,13.9666
325,4,1630.79,11802.82,15404.12,1166.67,674.13,1760.50,14.7119
325,4,1295.94,9744.03,13014.35,1220.84,609.34,1440.14,14.1930
325,4,1637.45,10982.72,14724.92,1486.66,677.63,1577.92,12.6172
325,4,1921.38,12222.42,16122.61,1359.44,709.96,1830.78,13.4307
325,4,1385.70,10589.76,13805.90,1072.65,583.70,1559.79,13.0734
325,4,1233.33,11244.60,14407.78,753.43,619.86,1789.88,17.7837
325,4,1359.59,10034.77,13546.79,1126.13,682.22,1703.67,15.6430
325,4,1560.39,8696.42,12756.34,1604.20,722.22,1733.50,13.3226
325,4,2260.40,14275.50,18388.04,1585.02,772.01,1755.50,13.1516
325,4,1660.27,10982.37,14513.76,1373.84,791.91,1365.63,13.4085
325,4,1226.22,9051.49,12346.18,1163.47,650.98,1480.24,13.5133
325,4,2124.51,14982.71,19056.18,1476.29,755.43,1841.75,13.5691
325,4,1808.26,10763.21,14940.35,1780.84,800.63,1595.67,13.3391
325,4,1797.83,12253.77,15787.46,1168.02,621.22,1744.44,13.0865
325,4,1696.39,12136.66,15724.55,889.10,692.46,2006.33,15.3890
325,4,1279.89,10127.48,13614.34,1139.53,694.64,1652.70,14.4769
325,4,1787.50,11964.78,15847.13,1459.98,730.32,1692.05,13.7974
325,4,1550.72,11081.42,14625.52,1112.02,630.02,1802.05,13.0902
325,4,1755.84,12197.68,16479.98,1580.90,886.55,1814.85,13.2204
325,4,2029.27,13139.34,17305.15,1434.52,807.86,1923.42,13.3422
325,4,2218.79,14606.52,18689.69,1388.98,851.13,1843.05,13.2993
325,4,1989.81,11638.22,15723.43,1516.63,708.03,1860.55,13.3553
325,4,1350.15,10765.30,14301.49,1105.96,630.46,1799.77,15.6729
325,4,1702.51,11771.31,15767.43,1461.42,817.76,1716.93,13.2441
325,4,1380.66,9576.61,13367.44,1314.76,703.42,1772.65,14.3558
325,4,1446.63,11496.00,14789.18,842.08,658.13,1792.97,20.5518
325,4,1507.11,13286.19,16668.01,804.29,808.95,1768.58,17.7576
325,4,1903.88,12739.65,17462.61,1840.99,860.79,2021.18,13.5787
325,4,1799.93,12829.88,16361.33,1245.58,734.80,1551.07,13.7817
325,4,2233.01,12890.08,17678.90,2137.17,809.73,1841.92,13.0933
325,4,1621.53,10699.04,14518.63,1448.62,753.90,1617.06,13.6016
325,4,1916.43,13555.75,17804.58,1318.00,907.85,2022.98,13.8724
325,4,1513.26,12232.95,15678.88,935.92,673.95,1836.07,15.6351
325,4,1822.94,10544.72,14707.60,1831.08,803.80,1527.99,13.3071
325,4,2421.82,14527.86,19092.09,1805.81,757.58,2000.85,13.0759
325,4,1040.57,9095.64,11924.01,865.71,605.33,1357.32,16.6537
325,4,1945.73,12411.47,16540.07,1445.93,736.32,1946.36,13.6906
325,4,1995.40,13351.48,17908.62,1700.92,845.72,2010.51,13.7611
325,4,2236.30,13907.45,18117.52,1511.59,770.98,1927.52,12.7185
325,4,2189.32,13874.66,18333.78,1781.98,845.49,1831.64,13.4221
325,4,2409.25,15165.98,19504.15,1423.57,837.96,2076.63,13.7840
325,4,1952.92,12653.05,17259.84,1678.68,937.86,1990.26,13.0985
325,4,2381.25,14078.98,18698.10,1727.98,858.55,2032.59,13.1141
325,4,1638.98,12804.67,16264.51,1004.13,717.05,1738.66,13.9915
325,4,1691.73,11861.07,15392.73,1144.89,695.24,1691.53,14.0831
350,4,1825.36,11720.03,15420.31,1327.84,690.28,1682.16,14.1272
350,4,1790.37,11405.80,15297.92,1494.88,771.91,1625.34,13.9947
350,4,2067.79,13376.68,17722.87,1735.83,808.69,1801.68,14.3041
350,4,2074.41,13832.15,18039.88,1312.83,754.90,2140.00,14.4933
350,4,1696.47,11356.62,15589.43,1535.30,825.98,1871.53,14.4386
350,4,2130.70,14421.92,18052.51,1103.79,695.34,1831.46,17.6304
350,4,1675.18,12513.76,15993.88,1040.80,707.03,1732.29,16.4799
350,4,1759.98,12243.95,16500.02,1376.40,703.37,2176.30,14.4037
350,4,1834.20,11102.70,15389.49,1801.62,811.80,1673.36,14.2811
350,4,1985.45,12913.02,17407.80,1638.39,879.28,1977.11,14.7682
350,4,1601.94,10801.65,13997.77,1063.15,596.49,1536.48,15.2944
350,4,1530.31,11640.32,14447.29,736.83,555.49,1514.65,19.7310
350,4,1983.67,13091.64,17725.02,1757.14,837.57,2038.67,14.0341
350,4,1738.07,11998.22,16515.29,1716.98,845.17,1954.91,14.0461
350,4,2186.27,13290.44,16957.65,1301.29,736.39,1629.53,14.4692
350,4,1614.09,10806.78,14514.44,1514.99,677.51,1515.16,14.8916
350,4,1659.25,10252.31,14350.59,1699.32,822.73,1576.23,14.8375
350,4,1677.26,12163.13,16307.23,1500.67,819.63,1823.80,13.9589
350,4,1879.06,11945.68,15574.77,1374.46,709.08,1545.55,14.4543
350,4,1631.89,11450.78,15451.92,1176.95,711.10,2113.09,15.7896
350,4,1460.01,10187.61,13527.06,1199.93,613.48,1526.03,14.9275
350,4,2183.44,13737.98,17893.53,1507.03,801.82,1846.70,14.5562
350,4,2144.67,13671.36,17662.06,1311.65,777.10,1901.95,13.7104
350,4,1803.35,10954.25,15509.47,1503.34,849.74,2202.14,14.5112
350,4,1502.26,11609.09,15235.40,1248.92,626.79,1750.60,16.0234
350,4,2063.86,13261.11,17465.57,1493.24,742.01,1969.22,14.1588
350,4,1513.28,12825.38,16309.18,943.37,677.15,1863.28,17.0178
350,4,1699.22,12162.00,15781.82,1183.15,706.40,1730.26,15.1740
350,4,1790.83,13186.33,17112.88,1359.03,752.34,1815.18,15.0199
350,4,2156.66,13772.96,17978.17,1549.10,872.22,1783.88,14.4566
350,4,2024.20,13888.97,17973.77,1343.08,767.89,1973.83,14.8063
350,4,1777.55,12875.45,16976.79,1267.29,816.27,2017.78,16.1896
350,4,970.07,9017.81,11640.48,597.70,558.63,1466.35,25.2511
350,4,1809.40,11732.37,15438.94,1334.40,668.76,1703.41,14.9131
350,4,1671.73,11485.33,15350.61,1520.21,740.33,1604.75,15.1575
350,4,1285.22,10619.90,13572.15,677.97,563.48,1710.80,15.9022
350,4,1392.05,10146.51,13811.36,1230.04,652.03,1782.78,14.3107
350,4,2576.49,14515.98,19313.71,1729.18,875.20,2193.35,14.5173
350,4,1780.89,11941.32,15966.77,1267.69,752.87,2004.89,15.9669
350,4,1675.28,11719.97,15382.21,1164.92,791.04,1706.29,14.7796
350,4,1498.06,10024.68,13665.69,1361.01,755.08,1524.92,15.4459
350,4,2478.98,15371.52,19892.07,1600.20,879.00,2041.35,14.5449
350,4,934.70,9322.47,11971.73,637.05,600.42,1411.80,22.0569
350,4,2189.71,13412.33,17660.13,1447.53,837.05,1963.22,14.3714
350,4,1903.25,11639.06,15838.40,1709.86,731.32,1758.16,13.8610
350,4,2175.06,13014.78,17406.65,1647.74,764.66,1979.47,14.2194
350,4,1396.25,10035.45,13840.30,1356.83,659.58,1788.44,14.3950
350,4,1777.70,12105.42,16281.60,1624.13,864.68,1687.38,14.4674
350,4,1856.75,12095.55,16296.02,1492.96,698.21,2009.31,14.1451
350,4,1921.72,11410.68,15447.51,1568.46,749.82,1718.54,14.4553
350,4,1615.73,11884.54,15468.10,1164.69,698.38,1720.48,14.9616
350,4,1880.78,12761.31,16355.94,1137.86,757.63,1699.14,16.1131
350,4,1485.22,10484.54,14135.98,1145.32,696.23,1809.89,15.0634
350,4,1480.12,11010.31,14374.93,1000.47,748.70,1615.45,17.9255
350,4,1233.48,10018.45,13340.26,1026.07,628.54,1667.19,15.8292
350,4,1967.66,12629.72,16875.35,1585.21,813.20,1847.22,13.9708
350,4,1443.42,10060.46,13618.31,1421.58,667.63,1468.63,14.4962
350,4,1519.22,11856.57,14825.94,864.64,586.65,1518.08,14.2683
350,4,2119.38,12522.77,16526.06,1434.25,749.14,1819.90,14.3663
350,4,1256.10,10962.15,13522.88,541.83,572.09,1446.81,17.7991
350,4,1534.40,11758.41,15288.53,947.85,733.80,1848.48,16.3111
350,4,1355.11,10279.49,13660.51,1059.84,641.81,1679.37,15.6865
350,4,1230.66,9051.84,11978.48,864.41,536.70,1525.54,15.8489
350,4,2303.73,14617.15,18682.10,1613.20,730.39,1721.36,14.3649
350,4,1783.59,11336.39,15061.19,1458.62,840.53,1425.65,14.6559
350,4,1244.69,8906.52,12215.85,1220.58,680.62,1408.12,19.8459
350,4,2360.46,15294.32,19460.62,1532.08,758.60,1875.61,13.8471
350,4,1803.08,11461.44,15170.46,1384.85,778.13,1546.04,14.6013
350,4,2090.87,13018.14,16855.31,1346.42,683.49,1807.26,14.4626
350,4,1706.37,11954.72,15845.99,1195.60,660.54,2035.13,14.1618
350,4,1344.79,10714.13,14167.67,1125.87,706.64,1621.03,15.0428
350,4,1980.73,11974.55,16151.22,1634.71,785.61,1756.35,14.2619
350,4,1596.90,10963.45,15211.54,1691.57,672.08,1884.44,14.5924
350,4,1593.74,12297.75,15925.12,1089.84,802.17,1735.35,15.6578
350,4,2035.34,13559.54,17777.40,1519.80,767.18,1930.88,13.7914
350,4,2358.39,14553.23,19031.31,1675.93,893.21,1908.94,14.3157
350,4,1758.48,11727.81,15488.78,1351.13,675.55,1734.30,14.4883
350,4,1252.85,10623.21,13871.82,912.01,607.32,1729.27,19.4300
350,4,1578.92,11902.13,15307.64,1091.11,699.71,1614.69,14.4066
350,4,1375.15,9682.83,13547.54,1374.73,675.63,1814.36,13.8905
350,4,1500.79,11970.72,15335.00,885.81,623.58,1854.89,15.2166
350,4,1805.73,13975.33,17938.32,1241.32,865.21,1856.46,15.1145
350,4,1660.49,13286.52,17082.80,1168.00,740.17,1888.11,14.0003
350,4,1922.97,12816.29,16462.28,1302.01,761.93,1582.04,14.5936
350,4,2211.55,13045.84,17607.91,1908.64,791.36,1862.07,14.2295
350,4,1668.46,11351.65,15000.29,1339.16,706.15,1603.33,14.4461
350,4,1949.20,13496.55,17803.36,1372.00,939.60,1995.22,15.4868
350,4,1611.03,12441.11,16108.04,1060.70,698.81,1907.42,16.4191
350,4,1716.85,11421.47,15008.20,1328.76,751.36,1506.61,14.5941
350,4,2365.14,14687.24,19472.17,2014.68,750.88,2019.37,14.4358
350,4,1304.12,9122.69,12859.89,1483.62,776.53,1477.05,15.0992
350,4,2067.59,13029.21,17227.66,1456.70,740.52,2001.23,14.3974
350,4,1948.73,13982.99,18278.62,1505.26,816.29,1974.08,14.4560
350,4,2260.90,14595.65,18860.61,1501.52,798.24,1965.20,13.9068
350,4,2223.69,14424.83,18840.34,1718.53,841.85,1855.13,14.0183
350,4,2758.16,15891.37,20665.96,1696.35,921.32,2156.92,14.5207
350,4,1577.36,13199.69,16692.90,938.43,759.43,1795.35,15.2471
350,4,2227.40,13918.87,18816.59,2055.68,850.57,1991.46,14.0084
350,4,1913.50,12846.54,17134.12,1623.41,800.31,1863.86,14.5316
350,4,1811.94,12784.15,16427.54,1152.79,702.62,1787.99,15.5057
375,4,1977.10,12202.12,16045.89,1381.31,737.30,1725.17,15.3865
375,4,1929.16,12301.14,16186.64,1400.10,774.49,1710.91,15.6624
375,4,2040.50,13955.01,18138.50,1611.46,780.49,1791.53,15.4761
375,4,2249.63,14134.00,18388.34,1371.45,771.24,2111.66,14.7973
375,4,1635.81,12078.72,15984.91,1268.72,797.15,1840.31,16.2022
375,4,2578.37,14786.26,19425.20,1778.84,877.52,1982.58,15.6302
375,4,1814.60,12604.58,16523.48,1388.22,721.55,1809.12,15.3228
375,4,2091.52,13774.54,18307.82,1428.01,798.82,2306.45,15.9272
375,4,1922.85,11357.53,15602.75,1777.07,802.69,1665.45,15.6727
375,4,2054.47,13275.13,17632.38,1534.47,878.21,1944.57,15.7059
375,4,1502.67,10584.48,13627.52,998.27,566.32,1478.46,15.8564
375,4,1876.42,12109.07,15774.88,1311.27,665.30,1689.24,14.8357
375,4,1899.85,13603.34,18052.48,1526.80,832.84,2089.51,15.4404
375,4,1610.08,12233.38,16135.35,1261.69,793.26,1847.02,15.3412
375,4,2408.02,13916.07,17716.83,1349.36,814.62,1636.78,15.3696
375,4,1620.33,11033.55,14797.28,1594.19,654.63,1514.92,15.9792
375,4,1479.67,10935.27,14492.70,1337.80,658.07,1561.56,15.5069
375,4,1685.26,12650.71,16732.15,1398.13,790.35,1892.96,15.5179
375,4,1962.63,12680.20,16247.20,1271.09,694.02,1601.89,15.4750
375,4,1553.41,11631.75,15606.70,1198.37,667.34,2109.24,15.5550
375,4,1485.31,10572.40,13768.59,1058.23,619.07,1518.89,15.6643
375,4,2146.09,14190.06,18299.86,1523.15,752.23,1834.42,14.9955
375,4,2093.76,13922.98,17852.72,1257.76,763.35,1908.63,15.9214
375,4,1422.49,11378.26,15042.35,1026.49,631.24,2006.37,15.4243
375,4,1767.52,12156.38,16045.11,1360.73,721.91,1806.09,16.4947
375,4,1780.40,13511.15,16856.53,864.66,600.88,1879.84,15.4836
375,4,2036.37,12971.33,17673.94,1755.48,833.84,2113.29,15.5554
375,4,1818.26,12290.47,16355.73,1601.37,698.73,1765.16,14.9748
375,4,1966.38,13750.25,18024.20,1545.54,833.79,1894.63,15.5942
375,4,2187.42,14482.17,19031.27,1842.75,851.88,1854.47,15.2717
375,4,2153.38,13972.00,18008.51,1267.52,789.79,1979.19,17.2278
375,4,1966.85,13193.46,17839.18,1646.50,880.36,2118.86,14.9006
375,4,1023.62,8472.09,11499.86,990.09,548.66,1489.02,16.3336
375,4,1903.21,11614.78,15790.25,1703.58,747.19,1724.69,15.4210
375,4,1726.96,11868.05,15693.52,1516.20,736.18,1573.09,15.1681
375,4,1271.27,11233.63,14177.08,584.55,612.59,1746.31,18.8432
375,4,1328.30,10379.97,13828.49,1047.24,631.49,1769.80,17.4714
375,4,2365.11,15033.15,19763.15,1697.97,816.50,2215.52,15.5271
375,4,1812.47,12001.26,16121.64,1420.26,747.11,1953.02,15.9944
375,4,1756.16,12324.56,16263.52,1403.38,817.25,1718.33,16.1261
375,4,1437.07,10114.43,13462.19,1168.00,693.38,1486.38,17.5814
375,4,2527.42,15893.07,20508.19,1736.61,857.25,2021.25,15.4970
375,4,963.44,9476.64,12107.20,635.28,575.27,1420.01,21.9091
375,4,2128.82,13574.98,17933.63,1594.73,809.70,1954.22,15.7324
375,4,1837.10,11319.33,15473.11,1700.94,754.18,1698.67,15.4439
375,4,2094.10,13319.29,17567.12,1581.27,754.17,1912.39,15.6909
375,4,1411.46,10548.12,14124.11,1151.46,638.73,1785.80,16.9606
375,4,1795.23,12297.06,16196.07,1423.05,856.16,1619.79,15.7532
375,4,1933.73,12952.03,16819.32,1168.40,691.95,2006.94,14.7293
375,4,1473.76,11811.97,15022.37,1066.80,548.74,1594.86,14.9145
375,4,1581.52,11385.70,15113.59,1338.53,691.29,1698.07,17.4035
375,4,1852.98,13096.94,16730.94,1206.40,716.31,1711.29,15.5842
375,4,1600.34,10708.96,14667.45,1395.31,722.95,1840.24,15.6417
375,4,1757.50,11387.19,15666.00,1667.63,881.91,1729.27,15.5065
375,4,1405.36,9762.90,13542.00,1356.43,703.14,1719.53,16.3731
375,4,1848.39,12888.10,16813.49,1377.78,756.94,1790.66,16.0725
375,4,1426.18,10356.19,13786.62,1311.33,660.24,1458.86,16.2890
375,4,1801.64,10871.02,15124.58,1826.40,775.42,1651.75,15.4606
375,4,2178.27,12905.78,17128.38,1595.72,753.30,1873.58,15.5709
375,4,1997.04,11432.57,15638.22,1690.69,834.02,1680.93,15.7447
375,4,1754.67,12211.25,16290.08,1337.88,792.26,1948.69,15.0423
375,4,1505.85,10351.62,14114.58,1376.30,672.77,1713.89,15.5688
375,4,1359.58,9047.73,12528.02,1223.78,613.02,1643.49,16.2110
375,4,2490.72,15012.99,19126.22,1583.99,797.62,1731.63,14.3737
375,4,1948.53,11903.20,15607.99,1416.65,854.70,1433.45,15.7976
375,4,1190.75,10115.69,13154.47,1024.43,573.13,1441.22,15.7887
375,4,2362.36,16098.67,20359.49,1553.88,736.65,1970.29,15.3835
375,4,1929.58,11716.78,15673.82,1537.28,822.59,1597.17,15.6332
375,4,2145.83,12859.03,16697.07,1308.41,714.63,1815.01,15.2121
375,4,1837.72,12698.27,16428.23,975.78,692.21,2061.97,15.6748
375,4,1326.36,10662.86,14081.74,1079.82,730.78,1608.28,21.5960
375,4,1705.18,12162.36,15796.43,1277.13,703.15,1653.80,15.5422
375,4,1686.76,11340.37,15175.73,1325.90,652.08,1857.37,15.2693
375,4,2016.03,13496.04,18015.44,1668.77,944.46,1906.17,15.7426
375,4,2132.84,13821.25,18047.41,1532.54,785.14,1908.48,15.7261
375,4,2433.59,15139.71,19713.85,1785.83,882.89,1905.42,15.3087
375,4,2014.24,12912.76,16688.06,1240.90,697.69,1836.70,16.3458
375,4,1403.63,11116.22,14313.95,798.65,638.76,1760.32,20.1736
375,4,1571.67,11943.74,15551.58,1178.83,715.80,1713.21,16.0160
375,4,1318.11,9757.05,13477.12,1264.32,686.09,1769.65,14.9938
375,4,1862.36,12477.89,16527.02,1380.53,729.78,1938.81,15.1475
375,4,2101.21,14342.25,18903.63,1641.22,971.46,1948.70,15.7281
375,4,2005.24,13720.96,18131.17,1563.98,876.03,1970.20,15.1238
375,4,2039.65,13499.78,17253.34,1398.26,772.90,1582.40,15.1926
375,4,2160.90,13328.25,17441.30,1578.52,707.68,1826.84,15.7007
375,4,1843.86,10906.19,15002.53,1713.76,775.76,1606.81,15.5431
375,4,1974.36,13464.75,17857.92,1438.48,940.59,2014.10,16.3233
375,4,1485.38,12561.85,15849.98,817.36,663.14,1807.63,17.4020
375,4,1748.53,11422.54,15134.35,1486.89,715.26,1509.65,14.9220
375,4,2552.02,15103.09,19832.76,1914.74,798.40,2016.52,15.4242
375,4,1201.32,8622.16,12388.21,1606.70,720.34,1439.00,16.3962
375,4,2258.67,14047.60,18599.20,1670.40,777.64,2103.56,15.4032
375,4,1984.78,14097.60,18501.97,1525.48,860.08,2018.81,16.4307
375,4,2415.31,14357.28,18836.60,1646.55,822.21,2010.56,15.0308
375,4,2233.71,14497.13,19004.91,1819.62,827.52,1860.64,14.9226
375,4,2385.04,15888.64,20152.85,1409.34,782.61,2072.25,15.6597
375,4,1995.86,13869.09,18315.09,1616.43,874.12,1955.46,16.0500
375,4,2087.39,14396.43,18640.16,1560.41,767.93,1915.38,15.1929
375,4,1971.39,13049.68,17357.06,1611.94,840.43,1855.00,15.6542
375,4,1629.36,12398.05,15714.98,983.72,635.95,1697.26,15.6294
400,4,2075.46,12568.26,16434.91,1385.05,720.67,1760.93,16.6661
400,4,1999.61,12346.96,16691.57,1837.01,824.21,1683.39,16.4967
400,4,2060.68,13974.44,18000.83,1380.61,848.48,1797.30,17.2682
400,4,2176.93,14318.05,18770.11,1469.24,794.41,2188.41,16.7864
400,4,1600.72,12325.55,16192.29,1291.23,745.22,1830.29,16.8894
400,4,2394.81,14871.77,19065.33,1546.18,724.81,1922.57,16.2359
400,4,1718.36,12175.93,15968.64,1343.80,684.48,1764.42,17.6171
400,4,1645.87,13252.26,16747.29,753.37,674.32,2067.34,20.8569
400,4,1916.15,12142.75,16240.65,1601.49,791.86,1704.55,17.0957
400,4,1908.76,13017.10,17289.53,1544.72,821.55,1906.16,17.4859
400,4,1872.27,11537.35,15216.97,1410.48,669.42,1599.73,16.7536
400,4,1843.97,12916.96,16221.63,1007.41,627.29,1669.97,18.6439
400,4,2053.67,13678.01,17971.19,1438.57,815.58,2039.02,17.1822
400,4,1663.97,12657.40,16652.70,1321.08,817.16,1857.06,18.0887
400,4,2383.78,13881.01,17824.12,1489.64,800.93,1652.54,16.7446
400,4,1747.23,10456.23,14839.66,2107.55,721.28,1554.61,16.3796
400,4,1669.72,10712.74,14788.85,1709.87,791.49,1574.75,16.7113
400,4,1545.08,12109.49,15775.03,1204.25,712.57,1748.73,18.1131
400,4,1857.15,12518.14,15997.98,1221.11,677.20,1581.53,16.0313
400,4,1566.58,11815.96,15420.88,912.45,686.86,2005.61,23.0007
400,4,1625.14,10613.53,14197.64,1384.87,660.93,1538.31,16.7955
400,4,2271.81,14242.85,18448.06,1543.28,836.47,1825.47,16.2334
400,4,2373.43,15412.82,19625.01,1405.13,784.99,2022.08,16.7187
400,4,1601.52,12095.96,15909.89,1052.04,691.38,2070.51,18.5626
400,4,1868.56,12111.20,16096.84,1443.28,720.45,1821.90,17.5888
400,4,1766.34,13451.26,17051.75,1037.98,675.46,1887.05,18.7588
400,4,2005.83,13339.36,17748.95,1588.96,835.31,1985.32,16.7838
400,4,1981.73,12086.74,16670.60,1939.89,823.41,1820.55,16.6917
400,4,2139.43,14267.55,18833.14,1747.43,901.11,1917.04,17.0413
400,4,2324.54,14899.27,19509.14,1856.63,920.32,1832.92,16.6352
400,4,2098.89,14430.83,18516.51,1312.93,782.41,1990.35,16.1896
400,4,2076.07,13725.67,18497.01,1645.52,941.24,2184.58,17.2888
400,4,1092.61,9008.41,11940.96,883.09,583.97,1465.48,17.5981
400,4,1887.99,11987.29,16141.57,1722.87,694.39,1737.01,16.8708
400,4,1997.68,11787.60,16255.45,1917.53,884.77,1665.54,16.8744
400,4,1392.65,10857.97,14402.08,1110.08,649.58,1784.45,17.4997
400,4,1404.69,10517.28,14244.95,1268.16,651.04,1808.47,16.1097
400,4,2535.18,15272.74,19895.46,1591.77,823.26,2207.69,16.5691
400,4,1666.51,12769.47,16145.57,799.31,674.87,1901.91,18.7267
400,4,1696.78,13052.23,16560.64,1041.18,757.31,1709.92,17.4706
400,4,1451.82,10240.29,13708.04,1307.15,686.37,1474.24,17.9736
400,4,2742.40,16758.40,21166.79,1498.12,884.82,2025.45,16.8229
400,4,973.28,9308.75,11952.32,678.86,584.45,1380.26,29.5446
400,4,2119.85,14045.56,18028.09,1315.36,750.30,1916.86,16.8397
400,4,2040.67,12482.39,16748.64,1765.13,741.82,1759.30,16.6141
400,4,2325.38,13923.32,18587.02,1837.18,778.91,2047.61,16.8034
400,4,1412.07,10517.66,14210.24,1293.73,624.60,1774.26,16.6414
400,4,1565.30,12250.20,15902.37,1279.67,783.29,1589.21,19.1807
400,4,2214.16,12994.39,17566.79,1611.99,840.36,2120.05,16.3384
400,4,1767.86,12462.68,16106.03,1314.40,664.39,1664.56,16.4079
400,4,1624.87,11763.83,15667.42,1478.64,692.39,1732.56,17.6957
400,4,1991.60,13119.31,17193.13,1475.82,804.02,1793.98,17.1904
400,4,1561.07,10921.71,14787.78,1325.17,713.60,1827.31,18.1710
400,4,1458.59,11271.66,15134.46,1455.29,760.17,1647.34,17.2165
400,4,1434.17,10747.59,14365.78,1222.72,660.61,1734.87,19.1630
400,4,1989.58,12896.46,17285.05,1673.63,811.60,1903.36,16.8438
400,4,1561.60,10230.03,14125.62,1730.69,698.33,1466.57,17.3090
400,4,1809.55,11598.29,15628.11,1660.10,740.45,1629.28,17.2181
400,4,1969.32,13108.09,16854.82,1237.67,691.37,1817.70,16.4026
400,4,1837.68,11607.45,15669.21,1623.04,754.93,1683.78,16.9167
400,4,1846.23,12238.55,16459.59,1427.53,812.51,1981.00,16.4808
400,4,1246.50,10325.65,13567.64,1004.47,596.93,1640.58,20.2284
400,4,1534.57,9440.08,13192.70,1420.07,649.94,1682.60,16.6216
400,4,2505.63,14782.16,19408.18,2086.15,816.66,1723.21,16.2667
400,4,1840.87,12020.88,15622.75,1369.37,793.48,1439.01,16.8392
400,4,1501.30,9873.51,13738.93,1578.12,717.33,1569.98,16.6077
400,4,2497.27,16091.01,20340.47,1492.98,825.95,1930.52,17.1301
400,4,1808.96,12233.25,15938.26,1389.26,741.12,1574.63,16.2107
400,4,2010.66,13319.21,16798.11,1070.78,652.64,1755.48,17.2852
400,4,2010.47,13127.11,17256.77,1217.60,731.04,2181.02,16.7688
400,4,1532.00,11069.00,14884.19,1372.07,771.53,1671.59,18.7069
400,4,2090.49,12336.17,16861.70,1899.32,838.86,1787.35,16.9127
400,4,2002.55,11878.08,16113.59,1545.48,738.54,1951.49,16.9834
400,4,1811.72,13216.16,17712.68,1761.49,861.16,1873.86,17.3446
400,4,2243.29,14167.00,18741.68,1753.05,835.76,1985.87,16.6047
400,4,2261.14,15627.55,19749.57,1396.60,813.01,1912.41,16.2555
400,4,1966.22,13077.42,17048.46,1494.66,664.24,1812.15,17.4210
400,4,1334.96,11684.64,14720.61,703.79,585.86,1746.31,19.1612
400,4,1621.21,12265.72,15929.35,1270.87,724.05,1668.72,16.8472
400,4,1328.21,10048.54,13549.60,1125.00,648.22,1727.84,18.2407
400,4,1617.91,12123.29,15607.70,965.39,701.86,1817.16,21.3344
400,4,2199.87,14979.59,19538.37,1624.33,970.65,1963.81,16.9318
400,4,2088.72,14346.12,18579.91,1392.28,871.61,1969.90,17.4601
400,4,2265.11,13936.71,17960.16,1539.23,831.85,1652.38,16.9137
400,4,2218.73,13548.62,18131.88,1986.69,728.81,1867.76,16.6709
400,4,1999.52,11543.15,16013.38,1917.08,853.72,1699.43,16.8949
400,4,1959.43,14135.09,18233.29,1250.79,883.57,1963.84,20.8616
400,4,1760.10,12860.61,17211.40,1583.65,793.16,1973.98,17.5655
400,4,1776.31,11744.67,15575.70,1575.58,747.23,1508.22,17.4680
400,4,2474.42,15462.10,20152.46,1930.67,747.36,2012.33,16.8715
400,4,1231.69,9675.31,13089.54,1296.20,684.01,1434.01,17.1325
400,4,1990.67,13790.43,17834.80,1305.03,746.01,1993.33,17.5042
400,4,2545.22,14745.74,19937.99,2036.56,1027.19,2128.50,16.9134
400,4,2423.12,14665.20,18730.52,1311.42,787.28,1966.62,16.9366
400,4,2445.96,14806.85,19438.01,1821.78,928.77,1880.60,16.7501
400,4,2380.88,16161.72,20103.80,1128.61,766.11,2047.36,17.6619
400,4,2153.94,13974.52,18364.92,1471.09,932.04,1987.27,16.7369
400,4,2471.87,14724.66,19719.14,2061.77,877.75,2054.96,16.4862
400,4,2097.64,13446.43,17856.30,1658.40,869.55,1881.92,17.0506
400,4,2027.04,12666.52,16680.52,1457.56,748.54,1807.90,17.4584
