400,1,249.83,13115.73,15470.30,523.33,699.19,1132.054036,0.056750,19.346778
400,1,333.30,17740.61,20525.30,637.12,524.36,1623.221622,0.075500,20.431076
400,1,384.57,20574.39,23673.43,365.65,829.36,1904.037668,0.087167,20.476280
400,1,244.78,13699.75,15358.07,93.18,560.43,1004.713591,0.055500,19.635014
400,1,311.23,16748.97,19663.71,165.25,1173.16,1576.331613,0.070500,20.559261
400,1,449.18,24336.82,27045.91,193.19,526.04,1989.862837,0.101750,23.410975
400,1,348.65,18727.64,21697.27,306.10,802.34,1861.188739,0.079083,20.418029
400,1,378.55,19973.26,22914.39,283.32,808.97,1848.843636,0.085750,21.083614
400,1,259.12,14007.26,16370.95,282.58,761.41,1319.700315,0.058750,19.717304
400,1,284.64,15050.54,17712.66,261.59,885.06,1515.465503,0.064583,21.649172
400,1,311.50,16824.77,19448.41,525.07,494.33,1604.231675,0.070667,19.612300
400,1,301.06,16623.18,18623.80,100.64,658.29,1241.691914,0.068250,20.607259
400,1,266.38,14106.36,16937.79,437.82,692.89,1700.721544,0.060500,15.833151
400,1,337.48,18056.88,20920.25,481.22,629.91,1752.247185,0.076500,16.973143
400,1,258.25,13967.65,15995.41,380.12,550.82,1096.818209,0.058500,16.216696
400,1,449.55,24332.38,27328.41,367.95,673.71,1954.366485,0.101833,19.719191
400,1,449.18,24531.07,27743.29,121.47,1080.38,2010.359626,0.101750,17.974227
400,1,333.67,17502.76,20181.82,361.07,373.04,1944.952233,0.075583,16.646754
400,1,343.60,18344.70,21164.91,530.20,558.25,1731.762427,0.077833,16.677721
400,1,365.48,19846.99,22820.71,381.79,685.40,1906.537734,0.083000,18.838868
400,1,395.84,21228.07,24251.02,319.56,795.13,1908.255200,0.089667,16.865970
400,1,260.86,13617.08,16435.48,535.31,725.47,1557.622947,0.059583,16.081252
400,1,360.89,19464.17,21992.41,188.83,629.49,1709.925653,0.081750,16.917035
400,1,400.89,21528.37,24487.90,442.78,617.04,1899.712143,0.090917,18.001336
400,1,400.62,21335.64,24304.71,323.35,698.04,1947.676344,0.090750,17.078187
400,1,265.38,14354.27,16510.57,363.38,702.88,1090.049573,0.060167,16.387718
400,1,371.01,20208.82,23579.31,322.45,1182.74,1865.293913,0.084167,17.519476
400,1,333.30,17730.92,20306.43,183.55,448.95,1943.007405,0.075500,18.725226
400,1,289.79,16131.35,18387.20,148.43,795.51,1311.901152,0.065750,16.699060
400,1,279.86,14558.15,17269.80,466.64,477.86,1767.146107,0.063500,16.228673
400,1,377.08,20308.57,23467.94,404.00,816.86,1938.508341,0.085417,17.392313
400,1,259.76,14265.90,16404.73,123.53,988.04,1027.257024,0.059000,17.181584
400,1,384.80,20709.03,23867.06,311.56,908.89,1937.573497,0.087167,17.830599
400,1,266.25,14788.48,17017.55,115.85,821.21,1292.015008,0.060417,16.226528
400,1,384.98,20909.60,24315.15,177.50,1604.10,1623.958319,0.087417,17.056859
400,1,253.97,14393.33,16093.78,96.75,549.29,1054.397710,0.057583,16.772348
400,1,307.18,16683.44,18988.64,45.39,499.70,1760.104975,0.069583,16.599873
400,1,325.34,17670.90,19913.88,131.78,700.21,1410.988040,0.073750,17.059832
400,1,390.32,22100.65,24581.27,352.70,624.88,1503.027577,0.088417,17.118605
400,1,381.86,20128.19,23255.95,726.19,725.63,1675.943935,0.086500,17.840474
400,1,304.60,16132.53,19028.47,753.30,635.84,1506.792186,0.069000,16.374430
400,1,233.41,12675.52,14720.48,163.52,847.21,1034.226866,0.053083,16.905739
400,1,436.88,23965.01,27002.56,221.41,1000.18,1815.969546,0.099333,17.774561
400,1,237.28,12941.94,14818.71,104.47,709.92,1062.390471,0.053750,17.862785
400,1,235.71,13111.54,15145.98,218.49,623.08,1192.859995,0.053500,15.951976
400,1,336.14,17356.77,20565.94,528.22,858.66,1822.297952,0.076250,16.698439
400,1,284.18,15348.04,18107.42,449.47,1066.37,1243.542391,0.064583,16.259784
400,1,431.46,23537.63,26758.86,149.82,1154.61,1916.809475,0.098000,18.377050
400,1,366.54,19723.57,22420.57,126.29,980.29,1590.425365,0.083083,16.885641
400,1,219.76,11611.84,13912.88,454.80,686.43,1159.812661,0.049833,15.928762
400,1,368.89,19651.05,22587.14,249.68,999.73,1686.684091,0.083667,17.475409
400,1,395.47,21675.08,23961.32,72.22,658.82,1555.197850,0.089583,17.969075
400,1,269.09,14826.31,16984.56,162.99,906.32,1088.931167,0.061167,16.734663
400,1,326.81,17364.54,20728.65,542.45,826.94,1994.724214,0.074083,16.837996
400,1,284.18,14518.54,18097.58,370.61,1202.84,2005.584135,0.064583,16.761678
400,1,330.53,18016.39,20413.71,200.85,661.00,1535.472126,0.075083,18.852587
400,1,422.33,23146.64,26026.83,100.67,780.44,1999.086040,0.095667,18.146894
400,1,427.75,23145.64,25900.84,267.49,552.60,1935.101935,0.097000,17.055072
400,1,295.04,15423.73,17813.74,427.55,457.84,1504.624294,0.066833,16.620006
400,1,227.85,12343.41,14473.54,300.70,744.18,1085.255111,0.051667,17.583800
400,1,349.85,19004.89,21887.33,178.92,1059.64,1643.880606,0.079250,16.992803
400,1,294.30,15770.80,18311.91,531.65,563.48,1445.980628,0.066667,16.341090
400,1,296.98,16012.84,18337.37,393.45,580.78,1350.297293,0.067417,16.822633
400,1,307.45,16918.13,19170.57,98.15,841.67,1312.626926,0.069750,16.961049
400,1,354.27,19366.10,21951.12,183.87,597.05,1804.102716,0.080250,17.059082
400,1,348.15,18275.61,21543.61,447.27,1186.96,1633.777606,0.078917,17.177072
400,1,371.60,19882.90,23008.45,352.16,877.91,1895.487154,0.084333,16.790646
400,1,368.15,19808.94,22972.10,235.16,1019.34,1908.655010,0.083500,17.329658
400,1,214.11,11582.98,13438.04,239.78,590.57,1024.711511,0.048500,16.138536
400,1,309.97,15901.79,19602.05,711.35,975.92,2012.997113,0.070583,16.693211
400,1,317.98,17458.55,19444.70,128.46,432.65,1425.051398,0.072083,16.016939
400,1,272.32,14959.84,16925.00,218.84,604.06,1142.265267,0.061917,16.169981
400,1,316.54,16978.09,19898.03,395.79,747.74,1776.407739,0.072250,16.211035
400,1,228.36,12340.20,14378.97,217.34,638.76,1182.673227,0.051833,16.012171
400,1,216.82,11294.85,13527.35,244.75,953.51,1034.242266,0.049167,15.890249
400,1,389.35,21100.23,23956.38,198.04,692.42,1965.686346,0.088250,16.217384
400,1,356.93,18819.80,22303.57,626.30,971.34,1886.129522,0.081083,16.909144
400,1,331.59,17923.88,20524.88,365.08,540.00,1695.908036,0.075167,16.878631
400,1,296.92,16486.57,18965.70,168.94,952.52,1357.682517,0.067417,17.010906
400,1,298.35,15395.89,18233.35,497.62,639.59,1700.256039,0.067583,16.320056
400,1,325.34,17500.07,20068.64,301.36,825.69,1441.521380,0.073750,16.885030
400,1,257.88,14137.50,16206.12,80.31,647.01,1341.301225,0.058417,16.363736
400,1,235.44,12815.20,15050.19,402.48,778.01,1054.500444,0.053333,15.569263
400,1,308.79,16794.14,18929.95,164.48,600.85,1370.475059,0.070000,16.168899
400,1,265.74,14384.97,16363.59,290.96,571.73,1115.935227,0.060250,16.763455
400,1,366.54,19832.63,22624.29,258.99,671.20,1861.468023,0.083083,17.664151
400,1,349.99,19539.35,22101.57,169.00,834.60,1558.624750,0.079333,17.012696
400,1,293.20,16071.11,18145.65,174.05,564.02,1336.466796,0.066417,16.684358
400,1,381.16,20670.03,23814.38,153.86,1242.83,1747.656226,0.086500,17.517459
400,1,288.69,15017.42,17877.48,382.13,846.05,1631.882163,0.065500,16.412552
400,1,337.56,18302.59,21156.76,248.82,986.34,1619.019830,0.076833,16.876397
400,1,422.09,23125.98,25630.48,176.75,482.45,1845.300540,0.095667,18.027812
400,1,319.32,17720.85,19774.50,80.77,671.87,1301.017541,0.072333,16.720380
400,1,317.11,17022.57,19647.86,337.18,918.13,1369.979034,0.071833,16.728675
400,1,240.96,13344.50,14851.69,101.33,342.19,1063.667869,0.054583,16.317696
400,1,397.81,21799.82,24623.85,294.07,785.04,1744.923541,0.090167,18.147729
400,1,281.43,16048.33,17805.66,118.47,566.16,1072.700125,0.063750,8.769440
400,1,265.74,14428.37,16529.94,327.81,582.23,1191.526891,0.060250,8.736775
400,1,396.94,21231.15,24140.24,430.93,611.36,1866.796602,0.089917,9.275061
400,1,448.85,24518.49,27691.74,155.09,998.53,2019.634259,0.101833,9.324057
400,2,590.19,31678.48,36590.75,627.15,1273.53,3011.592747,0.136167,27.910767
400,2,408.88,21596.93,26163.31,498.84,1331.23,2736.305532,0.094333,25.829763
400,2,626.03,32893.36,38342.54,668.54,1456.35,3324.291175,0.142917,31.117914
400,2,392.91,20437.95,24706.58,711.87,1156.45,2400.317590,0.089583,25.013467
400,2,519.16,27904.60,33324.52,434.56,1468.43,3516.938719,0.121500,26.614038
400,2,489.60,25826.57,30663.18,452.62,1271.18,3112.808961,0.112083,25.811654
400,2,761.34,41216.62,46770.77,518.73,1571.56,3463.864614,0.175000,32.096246
400,2,516.88,26426.50,31997.72,820.94,1434.83,3315.450936,0.118667,26.105270
400,2,462.23,24605.55,29357.76,538.06,1197.55,3016.595271,0.105917,25.192790
400,2,544.82,28236.54,33343.36,670.89,1264.23,3171.701821,0.123750,25.793904
400,2,358.23,18794.18,23206.01,652.84,1110.74,2648.248185,0.082833,24.701958
400,2,369.58,19594.22,23521.19,510.79,1005.61,2410.569691,0.084667,24.376327
400,2,425.00,22705.68,27405.58,767.12,1135.18,2797.612111,0.100167,23.444077
400,2,468.44,25009.69,29554.14,432.00,1382.19,2730.254581,0.107167,25.608535
400,2,393.78,21158.44,25042.54,436.43,1342.25,2105.410922,0.091083,24.710217
400,2,573.77,30420.48,35589.76,501.66,1608.87,3058.749607,0.132000,26.760057
400,2,615.04,32960.68,38661.95,321.78,1564.19,3815.303542,0.143167,26.149314
400,2,463.31,24286.54,29018.34,701.83,1115.01,2914.955781,0.106583,26.025032
400,2,487.36,26059.13,30738.75,592.11,1243.09,2844.420835,0.112333,25.040999
400,2,657.44,35004.34,40120.57,390.38,1228.96,3496.895699,0.150083,26.470354
400,2,569.78,30547.83,35814.65,467.17,1435.80,3363.842288,0.130417,24.731492
400,2,545.21,28613.30,33542.46,426.74,1311.49,3190.938508,0.124083,25.699272
400,2,444.84,23234.14,28202.09,603.79,1381.48,2982.678385,0.101667,24.870801
400,2,663.48,35598.11,40389.91,306.56,1422.90,3062.342329,0.151083,26.714713
400,2,535.53,28919.57,33728.84,567.70,1262.94,2978.632164,0.123417,25.278077
400,2,426.12,23762.70,27839.81,351.50,1317.69,2407.915486,0.100417,23.799412
400,2,685.31,36939.48,42366.08,658.92,1228.51,3539.174753,0.157083,26.783003
400,2,513.77,27783.47,32395.39,325.27,1400.04,2886.609283,0.117833,25.532852
400,2,501.88,26760.37,31506.79,371.79,1454.04,2920.588438,0.114583,24.683815
400,2,461.92,24538.89,29361.40,596.26,1337.62,2888.630191,0.106833,24.841451
400,2,472.78,24882.51,30057.25,650.44,1327.80,3196.503157,0.108083,25.307909
400,2,525.98,28409.50,32741.69,216.77,1259.42,2855.998498,0.120833,24.332863
400,2,567.58,30095.21,35545.28,602.66,1402.73,3444.677680,0.131250,25.963375
400,2,491.14,25761.63,30637.61,523.12,1439.43,2913.420904,0.111833,24.857043
400,2,671.10,35572.29,40914.33,409.00,1476.97,3456.068046,0.152250,26.611234
400,2,490.44,26509.59,30257.46,200.23,1256.40,2291.248328,0.111833,25.670762
400,2,455.29,24830.03,29426.74,314.77,1338.13,2943.805043,0.106167,25.383427
400,2,514.69,27818.00,32340.16,506.76,997.86,3017.540955,0.118750,25.820491
400,2,553.38,30028.25,34712.79,627.45,1378.12,2678.974273,0.126250,24.382278
400,2,558.46,29693.55,34089.27,561.11,1188.61,2645.996825,0.127083,25.246972
400,2,451.44,24220.15,28946.09,553.07,1355.59,2817.282877,0.105083,24.628943
400,2,498.23,26265.15,30507.44,794.31,1000.86,2447.116535,0.113250,24.339242
400,2,548.39,28418.95,34173.22,310.90,1674.59,3768.768906,0.124750,25.666712
400,2,503.57,27156.01,31852.72,721.17,1332.94,2642.606195,0.116250,24.885540
400,2,414.67,21789.09,26192.09,645.89,1134.46,2622.651405,0.094583,24.794565
400,2,641.05,33483.88,38861.85,345.95,1699.96,3332.059031,0.145917,26.549696
400,2,415.82,22237.57,26307.41,542.37,993.08,2534.385914,0.096500,24.137533
400,2,584.59,32054.37,37928.92,710.60,1370.66,3793.288699,0.141000,26.343154
400,2,722.37,39015.00,44855.78,886.92,1584.42,3369.429741,0.166583,26.815666
400,2,517.20,27603.11,31809.61,539.94,1227.21,2439.346484,0.117500,25.597613
400,2,582.66,30893.72,35723.24,475.27,1220.01,3134.232630,0.133250,26.603009
400,2,415.87,21331.25,26460.14,895.40,1375.40,2858.092264,0.095917,25.572320
400,2,519.73,28621.06,32801.26,260.01,1149.73,2770.455831,0.119417,24.311050
400,2,586.71,30044.06,35762.99,987.88,1202.03,3529.028556,0.133167,26.855663
400,2,576.37,30106.94,35618.75,850.25,1053.90,3607.659943,0.131667,26.823871
400,2,555.71,28805.62,34005.96,802.96,1089.73,3307.647821,0.126250,27.279936
400,2,551.33,28907.33,34193.04,577.27,1492.22,3216.219371,0.126000,25.269620
400,2,625.48,34061.76,38662.35,393.26,1100.68,3106.646175,0.144167,26.347431
400,2,460.40,25662.35,29901.37,365.49,1288.45,2585.079749,0.108833,25.665682
400,2,606.55,33049.12,37459.67,265.99,1280.05,2864.512343,0.138667,25.087721
400,2,506.14,26890.28,32196.77,407.97,1554.21,3344.304339,0.118417,23.768227
400,2,453.23,24866.45,29024.07,360.73,1335.18,2461.711248,0.106333,24.992474
400,2,581.20,31983.32,35942.51,507.82,1102.44,2348.929670,0.134417,25.245176
400,2,481.64,25243.42,30232.55,558.80,1357.68,3072.649516,0.111000,24.626806
400,2,502.62,26529.48,31197.00,535.75,1356.02,2775.738496,0.115083,25.279480
400,2,513.40,26737.97,31618.19,738.93,1169.99,2971.294270,0.116667,26.260804
400,2,659.53,35281.98,40429.48,577.34,1231.86,3338.296214,0.150083,25.034754
400,2,644.62,34673.00,40587.14,795.63,1448.55,3669.949002,0.149917,26.252316
400,2,444.68,23889.43,27955.18,450.06,1352.46,2263.224554,0.102250,23.176609
400,2,648.58,35017.72,40914.74,600.19,1417.18,3879.642510,0.150500,26.772087
400,2,495.19,27316.61,31552.54,406.22,1340.04,2489.678630,0.114000,24.615678
400,2,390.32,20210.41,24862.17,412.45,1392.61,2846.699152,0.090333,23.277971
400,2,685.96,36718.82,42218.84,561.35,1427.87,3510.804757,0.158500,26.366396
400,2,500.25,26842.42,31262.95,581.84,1327.67,2511.018933,0.115000,24.475534
400,2,418.98,22050.88,26315.29,507.06,1175.25,2582.104761,0.096667,23.859611
400,2,560.86,29770.48,34700.96,613.17,1203.11,3114.196216,0.128417,26.204621
400,2,721.99,38463.76,43600.87,315.26,1352.30,3469.541869,0.163917,26.318414
400,2,542.62,28817.18,33292.58,465.70,1352.45,2657.257468,0.122917,24.952044
400,2,550.04,29910.78,34832.59,338.95,1474.89,3107.979736,0.126500,24.163482
400,2,579.12,30800.02,35703.03,533.37,1223.14,3146.500628,0.131500,25.023779
400,2,558.19,29846.30,34682.19,605.87,1465.21,2764.820303,0.127917,24.437834
400,2,388.63,20410.04,24765.19,625.60,914.48,2815.082000,0.089667,22.609523
400,2,443.68,22815.89,27284.56,724.25,1247.06,2497.357280,0.101083,22.268840
400,2,563.30,29941.73,34652.36,674.99,1276.21,2759.419165,0.127917,24.871166
400,2,465.63,24880.58,29079.55,529.01,1105.04,2564.915884,0.106583,23.126645
400,2,550.62,29608.11,34002.39,270.41,1245.20,2878.671426,0.126833,24.601396
400,2,605.02,32382.57,37201.12,573.19,1370.88,2874.467369,0.138000,25.655732
400,2,543.46,29021.42,33478.26,544.05,1284.66,2628.129002,0.124667,23.669075
400,2,541.12,28004.57,33919.36,1092.25,1205.67,3616.866614,0.125000,26.121910
400,2,527.34,29090.34,33804.13,427.99,1278.89,3006.912842,0.125417,24.878618
400,2,709.95,38362.18,43418.47,318.80,1429.95,3307.548565,0.162167,25.442685
400,2,631.79,33900.88,39307.97,395.21,1459.05,3552.832914,0.145083,25.697424
400,2,423.71,22688.83,27211.20,307.28,1390.56,2824.529136,0.098667,23.168639
400,2,557.04,29371.87,34196.45,326.31,1484.54,3013.732197,0.126833,24.406661
400,2,365.54,19203.89,23189.77,677.66,1110.37,2197.854359,0.083667,22.834752
400,2,653.49,34929.51,40285.77,540.63,1260.13,3555.494251,0.149083,25.345137
400,2,488.36,26496.14,30974.25,564.31,1322.62,2591.179952,0.112417,18.852172
400,2,385.42,20609.24,24203.67,526.84,1007.31,2060.285225,0.088833,15.210081
400,2,549.07,28243.62,33279.21,605.12,1380.70,3049.768541,0.125167,14.626372
400,2,591.95,31259.12,36872.87,348.32,1455.10,3810.337199,0.135250,15.958695
400,3,671.32,34920.59,41617.61,724.43,2059.86,3912.726678,0.153583,36.962884
400,3,723.67,38701.16,45507.64,640.67,1748.87,4416.934123,0.169250,37.310589
400,3,860.83,44577.91,51834.52,640.36,1870.10,4746.154893,0.196000,37.686019
400,3,549.70,29009.94,34474.10,682.60,1487.43,3294.133251,0.126417,35.974616
400,3,785.51,41785.35,49335.69,590.11,1740.74,5219.492549,0.182833,38.739375
400,3,750.78,39930.69,46821.85,636.03,1597.01,4658.120651,0.175250,39.272944
400,3,913.65,47649.68,55574.37,647.73,2122.74,5154.226091,0.207667,40.612652
400,3,728.33,37757.34,45015.72,655.84,1915.66,4686.874804,0.168250,38.281141
400,3,627.21,32808.90,39683.35,691.10,1712.66,4470.681692,0.145000,36.828676
400,3,645.69,32948.55,39907.04,748.50,1545.00,4664.990792,0.147917,36.908848
400,3,800.02,42837.81,48968.10,456.96,1847.79,3825.535786,0.182750,38.408931
400,3,456.32,24438.45,30170.92,782.78,1582.69,3366.999603,0.108583,33.110501
400,3,617.89,32678.83,38773.72,592.83,1801.58,3700.478159,0.142500,33.095191
400,3,760.91,40012.48,47146.20,504.39,2086.03,4543.295827,0.174750,33.438793
400,3,451.08,23295.50,28980.83,533.31,1715.56,3436.448491,0.104417,35.686641
400,3,860.12,45791.10,52576.12,417.05,1662.49,4705.484535,0.198833,36.942061
400,3,800.13,42209.10,49672.58,401.08,1738.20,5324.204688,0.185750,36.942585
400,3,662.72,34614.00,40839.30,616.47,1705.85,3902.982291,0.151333,36.139667
400,3,563.36,30271.99,35837.30,416.44,1315.16,3833.711784,0.131000,35.562010
400,3,841.90,45982.22,53418.76,603.33,1966.87,4866.336577,0.198667,39.020029
400,3,789.77,41027.58,48625.43,745.33,1854.21,4998.304305,0.179750,36.702906
400,3,844.51,44659.88,51796.16,527.09,2057.61,4551.580581,0.194250,38.645456
400,3,793.25,42569.44,49250.69,643.40,1717.83,4320.021687,0.184250,38.180892
400,3,649.64,33675.29,40555.21,924.53,1588.70,4366.698110,0.152333,37.081141
400,3,753.91,39042.99,46247.66,792.11,2095.36,4317.207711,0.172333,38.249114
400,3,793.57,43088.32,49282.37,472.32,1746.91,3974.824823,0.183250,36.708422
400,3,773.34,40515.15,47553.97,862.15,1742.78,4433.888784,0.176917,37.514846
400,3,768.19,41661.28,48159.40,432.90,1846.95,4218.265471,0.177500,37.323479
400,3,811.47,42853.15,49940.16,469.22,2113.99,4503.795491,0.186583,35.234580
400,3,708.59,37713.62,44357.40,639.15,1481.00,4523.627359,0.165417,36.835004
400,3,622.87,33639.87,40388.41,585.00,1849.03,4314.494130,0.148167,38.022766
400,3,733.73,38614.48,45524.35,558.91,1848.86,4502.104940,0.169000,35.167258
400,3,852.01,44778.22,52267.38,1078.02,1668.08,4743.053730,0.195583,37.957810
400,3,756.70,39874.61,46548.99,540.61,1638.89,4494.885445,0.173333,36.518267
400,3,853.41,45872.40,53217.63,615.51,1881.73,4847.983903,0.198417,38.782743
400,3,681.88,36445.87,41812.86,541.99,1556.54,3268.466654,0.156083,36.697851
400,3,627.27,32810.85,39638.39,505.92,1810.47,4511.147575,0.145167,36.407592
400,3,693.19,36951.05,43542.08,896.92,1649.89,4044.205020,0.160917,37.247223
400,3,587.13,32513.72,38781.60,593.21,1339.69,4334.982136,0.141000,36.291392
400,3,655.75,34868.20,40541.58,495.49,1476.95,3700.942755,0.150917,36.716118
400,3,537.88,26873.12,33461.12,1088.15,1509.42,3990.422955,0.123250,34.324174
400,3,533.03,29098.87,34559.63,511.69,1552.65,3396.420801,0.125500,35.172831
400,3,656.30,34672.52,42654.77,620.25,1747.32,5614.686467,0.156583,37.581160
400,3,712.93,37694.02,43549.96,512.47,1806.93,3536.545828,0.163167,34.863021
400,3,548.47,29372.40,35133.54,587.38,1691.72,3482.039518,0.128333,35.853215
400,3,823.92,43496.89,50855.01,512.78,1846.94,4998.401029,0.190167,38.953343
400,3,583.20,32054.62,37614.10,698.42,1495.87,3365.194290,0.138417,36.813936
400,3,660.19,34148.70,41176.79,726.43,1499.09,4802.578426,0.153667,37.108778
400,3,656.82,34261.91,40815.47,486.69,1745.21,4321.667632,0.150667,36.879279
400,3,542.35,28169.86,34178.28,763.30,1784.56,3460.559487,0.125750,36.430429
400,3,786.77,41800.02,48003.15,585.67,1512.56,4104.898202,0.180750,38.341170
400,3,929.70,49614.73,56715.96,649.99,2115.81,4335.436624,0.212917,39.543973
400,3,573.70,30709.09,37150.62,613.60,1556.76,4271.171077,0.135667,34.115055
400,3,591.57,30869.85,37651.03,549.57,1598.22,4633.396168,0.136750,37.087192
400,3,737.86,37942.88,45530.64,909.24,1727.58,4950.931406,0.170333,37.532245
400,3,787.42,41253.88,48436.40,896.45,1921.54,4364.534784,0.179500,38.892534
400,3,620.37,32411.71,39645.67,599.24,1625.45,5009.274126,0.146500,35.589389
400,3,718.83,38183.86,45067.43,621.76,1613.84,4647.961447,0.168583,39.861018
400,3,851.69,46200.50,52692.68,599.68,1721.51,4170.983235,0.195750,40.617944
400,3,680.48,37822.47,43847.92,434.50,1547.84,4043.110542,0.162000,36.364713
400,3,663.05,33828.85,41717.95,769.43,1995.12,5124.543003,0.153750,35.661392
400,3,779.93,41112.37,47496.16,483.65,1548.12,4352.018484,0.178167,36.159124
400,3,596.93,31741.91,37201.56,422.85,1602.83,3433.980768,0.138000,35.775232
400,3,643.53,34498.06,40952.77,660.66,1709.89,4084.164739,0.150417,35.334541
400,3,818.12,42484.87,49300.95,684.35,1802.24,4329.485440,0.186167,38.322895
400,3,864.96,44883.43,51931.21,613.59,2012.74,4421.459699,0.196250,39.228813
400,3,736.07,38627.41,45477.24,652.47,1887.62,4309.739388,0.170000,35.917560
400,3,851.01,43654.15,51506.95,1050.26,1646.08,5156.460850,0.193167,34.808313
400,3,691.44,36532.41,42871.41,698.41,1759.32,3881.267569,0.158917,34.177277
400,3,768.34,40763.06,48564.80,696.46,1794.98,5310.298214,0.179250,37.026585
400,3,510.55,25909.04,31987.08,682.08,1643.04,3752.914439,0.116917,33.841577
400,3,693.39,36495.33,42853.57,455.07,1666.00,4237.175461,0.159417,35.773295
400,3,1023.55,53831.11,61826.04,888.79,2057.52,5048.611140,0.234333,40.729621
400,3,667.84,34821.29,41196.52,594.82,1871.89,3908.525660,0.152583,35.931534
400,3,682.21,35567.58,41789.64,511.38,1635.26,4075.416527,0.156750,33.707871
400,3,692.43,36276.77,43170.85,648.43,1832.23,4413.413171,0.159750,39.150572
400,3,726.47,38476.50,45323.47,432.28,1547.12,4867.576278,0.167250,38.652908
400,3,753.84,40504.71,47429.45,756.86,1590.48,4577.397653,0.175583,37.965020
400,3,782.01,40736.53,48126.55,436.08,2222.21,4731.737299,0.178250,35.397649
400,3,860.01,45175.44,51843.48,560.49,1866.40,4241.156633,0.195333,37.921360
400,3,613.95,31305.24,38184.39,772.19,1597.66,4509.294719,0.140917,32.936698
400,3,792.15,42432.77,48820.50,478.68,1878.42,4030.618971,0.181250,36.202410
400,3,663.55,35261.84,41154.72,857.29,1501.61,3533.982483,0.152667,32.035421
400,3,696.56,37216.98,43635.63,896.91,1456.13,4065.604578,0.161750,34.451401
400,3,539.21,27898.86,33414.93,954.81,1150.73,3410.517405,0.123250,32.420385
400,3,799.78,43314.47,50087.17,559.62,2064.09,4149.004388,0.187333,37.785759
400,3,633.47,33570.49,39764.67,875.74,1579.83,3738.611842,0.145833,36.027490
400,3,694.72,35822.96,42719.96,845.23,1830.33,4221.442412,0.159167,35.814083
400,3,608.69,31301.79,38864.99,695.14,2009.46,4858.599071,0.143250,35.682176
400,3,790.96,41105.36,48419.43,603.19,1930.16,4780.726852,0.181083,36.355721
400,3,858.95,45253.38,52546.62,464.79,1774.36,5054.079122,0.196500,35.949271
400,3,762.43,38704.15,46768.14,720.25,2138.42,5205.317497,0.174000,36.371052
400,3,706.77,37226.11,43852.01,607.19,1597.13,4421.585880,0.162500,35.890520
400,3,757.49,39576.14,46988.73,671.78,1943.56,4797.254495,0.173750,35.438815
400,3,587.06,31719.85,36816.21,528.19,1388.58,3179.596140,0.136500,34.848034
400,3,867.72,47278.61,54806.80,631.99,1515.66,5380.539402,0.203583,37.731836
400,3,642.57,34492.76,40898.36,756.90,1325.22,4323.480110,0.150417,26.450366
400,3,494.94,26980.44,32310.73,498.79,1463.31,3368.200181,0.117250,23.371588
400,3,693.54,36076.72,43210.38,842.48,1545.85,4745.334450,0.161667,22.877481
400,3,661.06,33808.61,41743.77,900.88,1718.46,5315.815784,0.153167,22.613983
400,4,749.15,38535.57,46036.01,755.73,1665.24,5079.477269,0.171750,44.156650
400,4,902.57,47236.60,56137.11,940.34,2154.89,5805.285937,0.209667,49.009397
400,4,938.57,47985.47,56720.71,822.15,2172.92,5740.164106,0.215917,48.802560
400,4,827.13,43811.81,50909.43,673.37,2113.32,4310.932631,0.190917,46.970394
400,4,1037.08,54028.76,63960.41,680.01,2297.17,6954.472315,0.239000,49.284935
400,4,877.76,44818.50,53818.81,780.97,2176.45,6042.884691,0.202500,49.255607
400,4,972.40,50791.46,60562.30,858.43,2330.51,6581.896380,0.225750,47.829592
400,4,797.98,40626.15,49910.56,1017.78,1839.60,6427.029559,0.186917,48.585564
400,4,739.89,39046.64,47495.56,978.34,1812.35,5658.231333,0.174083,46.844288
400,4,834.66,43885.20,52327.65,704.31,2004.24,5733.905921,0.194667,47.158104
400,4,851.51,45530.92,53775.01,677.95,2089.20,5476.936792,0.200833,49.233210
400,4,760.82,40189.51,47545.63,866.95,2070.54,4418.626035,0.175667,46.596187
400,4,1047.47,55400.37,63567.16,663.80,2358.90,5144.087294,0.239000,44.531298
400,4,713.59,36439.04,45462.75,701.19,2327.74,5994.774136,0.167000,45.443424
400,4,662.83,33568.28,41475.02,1010.92,2072.93,4822.888538,0.152667,42.726237
400,4,929.83,47007.92,56224.78,871.00,2329.06,6016.790572,0.212583,48.795534
400,4,976.13,49900.65,59373.40,663.92,2475.79,6333.038624,0.222750,48.604203
400,4,900.96,47727.90,56178.94,713.63,2345.85,5391.567860,0.207583,48.364126
400,4,1132.76,59207.17,67797.57,841.63,2404.92,5343.845977,0.258250,49.885762
400,4,687.33,34973.08,43521.42,729.91,1912.26,5906.159184,0.159833,45.741225
400,4,1030.16,52843.87,62157.48,791.13,2111.72,6410.763921,0.234250,48.098687
400,4,814.63,40783.54,50233.96,762.95,2458.93,6228.536951,0.187750,45.770558
400,4,920.89,48526.97,56913.06,793.68,2177.00,5415.417927,0.213833,48.305869
400,4,782.42,40558.26,49162.76,1066.40,2182.87,5355.224373,0.184000,46.631860
400,4,810.74,41510.93,49969.82,689.17,2214.18,5555.540545,0.186500,48.357750
400,4,866.82,45184.25,53841.36,666.94,2221.89,5768.278956,0.200000,45.050619
400,4,953.96,49561.66,58784.33,929.51,2496.67,5796.494835,0.218833,49.721262
400,4,749.66,39400.44,48088.50,789.59,2069.70,5828.767957,0.176750,46.599432
400,4,989.08,51208.27,60199.20,673.93,2392.55,5924.445558,0.227083,45.592931
400,4,1070.66,54814.55,64313.06,783.49,2594.25,6120.772006,0.245000,46.817091
400,4,807.69,41086.75,49966.84,833.49,2475.42,5571.182871,0.185667,47.597645
400,4,906.37,47717.66,56572.95,1026.61,2087.14,5741.530464,0.210583,45.846113
400,4,765.99,38816.94,47934.98,847.62,2148.12,6122.305415,0.177167,46.716310
400,4,1032.96,53279.71,62881.06,1084.62,2650.27,5866.459719,0.237083,42.470517
400,4,789.09,40362.67,49838.78,736.76,2216.11,6523.232125,0.184417,45.128131
400,4,663.41,34476.54,41777.41,801.20,1978.08,4521.585188,0.153583,44.790833
400,4,1138.11,61449.96,69934.15,478.16,1966.92,6039.112621,0.264083,48.653220
400,4,802.94,41523.92,49539.41,656.21,2458.52,4900.766502,0.182833,48.412205
400,4,743.90,41168.92,48801.41,432.03,1904.15,5296.306978,0.178667,44.399425
400,4,785.55,40989.88,48904.33,718.31,2240.75,4955.387630,0.181167,48.461210
400,4,851.27,43765.59,51971.20,751.73,2053.94,5399.934436,0.194333,45.282215
400,4,786.71,42525.34,49346.24,575.66,1903.21,4342.031671,0.182750,46.869001
400,4,958.14,48415.80,58605.22,826.64,2264.86,7097.919635,0.219833,49.044901
400,4,849.95,44212.53,52477.39,946.20,2175.77,5142.895473,0.195833,44.918915
400,4,641.95,33025.59,40515.28,1094.01,1946.50,4449.180358,0.148833,39.882221
400,4,854.26,43285.80,53014.03,713.07,2369.77,6645.389794,0.197417,47.188908
400,4,777.89,40694.93,47949.28,589.96,2143.20,4521.195225,0.179167,46.752224
400,4,928.92,48984.39,58130.85,859.97,2033.44,6253.051933,0.216833,50.415290
400,4,1176.10,61817.46,71318.28,741.20,2715.29,6044.326300,0.269167,45.153641
400,4,612.45,31175.91,38748.92,668.06,1828.54,5076.409095,0.142750,42.709592
400,4,894.48,46896.04,55462.61,780.95,2384.07,5401.550709,0.207167,48.575303
400,4,796.12,42070.73,50301.31,736.19,1975.93,5518.459993,0.188000,47.880648
400,4,1020.00,53413.51,62254.39,938.55,2566.85,5335.473161,0.232917,41.745010
400,4,965.87,50862.30,59445.38,812.50,2186.81,5583.767520,0.222500,45.068888
400,4,850.77,43700.29,52584.18,993.76,2230.71,5659.423100,0.195417,42.320896
400,4,828.68,42934.46,51430.03,835.81,2363.15,5296.615887,0.190750,50.290697
400,4,989.71,49937.09,59839.88,1305.39,2075.37,6522.033041,0.226583,46.304567
400,4,1047.69,54134.45,63544.55,1000.64,2279.53,6129.920254,0.240333,49.270311
400,4,831.16,44134.52,52365.51,793.56,2123.14,5314.285916,0.194417,47.543585
400,4,924.73,49422.28,57087.90,601.16,1803.72,5260.738739,0.214583,45.515771
400,4,809.10,40722.99,50370.59,628.87,2342.00,6676.726869,0.187583,44.537084
400,4,911.61,46414.18,55462.01,1304.85,2045.71,5697.269981,0.208500,44.432653
400,4,907.09,47110.52,55153.99,939.30,2259.88,4844.292543,0.207083,42.374020
400,4,969.68,50518.54,59580.62,1005.47,2217.74,5838.870426,0.222833,44.244439
400,4,956.38,50220.65,59123.44,985.94,2196.85,5720.002585,0.221500,41.137431
400,4,852.29,43235.88,52015.73,641.83,2688.94,5449.080626,0.194583,45.133563
400,4,970.30,49965.39,58857.06,857.29,2051.73,5982.650407,0.221750,48.252117
400,4,948.94,49577.55,58515.88,749.35,2000.04,6188.927024,0.220000,48.847667
400,4,899.18,47220.77,55643.25,491.51,2204.77,5726.200838,0.207167,42.890309
400,4,895.91,46323.73,56007.66,776.07,2391.68,6516.174151,0.208417,46.193420
400,4,629.12,32123.26,40254.01,865.90,2218.83,5046.012658,0.146083,42.587846
400,4,818.99,41944.56,50539.61,698.46,2153.86,5742.735901,0.190667,44.693367
400,4,1006.59,51856.19,61134.29,779.74,2120.90,6377.462865,0.230583,44.125401
400,4,777.40,38928.71,47491.26,1070.69,2254.34,5237.518668,0.177417,41.825724
400,4,902.49,46536.21,55570.67,668.93,2628.03,5737.503574,0.208917,44.157245
400,4,1013.29,52803.21,61876.32,723.41,2478.07,5871.636805,0.232167,51.670896
400,4,1121.75,58126.05,68206.47,1026.69,2868.35,6185.382186,0.256833,46.029926
400,4,818.94,42569.59,51103.30,696.42,2349.75,5487.542565,0.188417,39.462906
400,4,951.95,49205.33,58773.86,748.71,2732.39,6087.421025,0.218167,40.287900
400,4,942.16,47995.96,57419.98,744.31,2826.33,5853.384817,0.214917,45.953287
400,4,943.62,49163.34,58140.92,713.10,2142.20,6122.281410,0.217583,44.340978
400,4,873.66,46207.63,54237.99,860.51,1922.10,5247.748270,0.202500,44.880343
400,4,956.88,51473.89,59278.46,732.92,2225.92,4845.735987,0.220583,45.125426
400,4,894.46,46552.53,54846.19,1333.63,1759.30,5200.723130,0.205250,44.983981
400,4,839.87,45704.44,52427.71,756.64,1656.93,4309.690914,0.195667,43.740708
400,4,889.62,46037.40,54468.53,775.74,2318.94,5336.454752,0.203000,44.351042
400,4,936.10,48736.98,57240.17,728.02,2274.37,5500.802985,0.213917,46.242692
400,4,907.23,47678.90,55907.64,491.88,2017.94,5718.923124,0.209333,43.983860
400,4,875.22,45308.72,53949.18,807.61,2070.90,5761.960835,0.202750,46.735491
400,4,984.13,50791.82,59929.94,576.94,2296.10,6265.070151,0.225167,45.460929
400,4,922.54,46775.75,56505.25,932.21,2427.82,6369.467625,0.213417,45.145838
400,4,1079.97,55070.84,65092.98,893.16,2501.88,6627.097379,0.247417,48.970889
400,4,853.14,43395.20,52575.19,888.72,2249.07,6042.205929,0.196250,39.260178
400,4,1143.67,59367.41,68708.89,587.93,2571.57,6181.978006,0.260667,49.096500
400,4,687.88,36510.36,43835.45,919.65,1975.85,4429.577121,0.161917,41.308685
400,4,898.14,46599.47,55627.55,1036.28,1754.19,6237.603257,0.208833,46.535652
400,4,1015.73,53870.20,62201.92,711.79,2146.07,5473.848146,0.231667,39.306320
400,4,845.18,44630.83,51880.51,890.49,1919.70,4439.492165,0.195417,36.677900
400,4,716.05,36433.16,45026.77,705.65,2165.91,5722.047590,0.165500,32.299890
400,4,984.35,51154.58,60908.38,741.69,2220.21,6791.892625,0.228083,32.035978
400,5,1192.57,62673.80,72886.47,811.96,2740.38,6660.339394,0.276167,65.759590
400,5,1294.99,66514.42,77594.88,1066.65,2528.10,7485.699190,0.297000,69.767185
400,5,1054.48,52897.95,63505.83,888.14,2731.04,6988.702679,0.242417,66.200210
400,5,727.13,37286.83,46244.41,1290.84,2308.46,5358.270604,0.168917,60.205397
400,5,896.52,42911.76,55378.15,1099.14,2837.12,8530.138474,0.205417,62.380362
400,5,903.74,45060.08,55827.35,1005.64,2416.66,7344.960167,0.209333,64.495228
400,5,1045.57,52613.32,64207.10,1381.95,2290.77,7921.063871,0.243583,66.870750
400,5,1269.68,65685.16,77302.32,949.38,3120.95,7546.821616,0.293083,70.710497
400,5,1045.20,54227.79,64801.16,789.35,2922.47,6861.554853,0.240500,65.665745
400,5,933.76,48264.88,58388.58,855.54,2487.43,6780.733397,0.217917,66.156395
400,5,1035.99,52564.45,63408.27,885.19,2907.35,7051.279083,0.238333,66.476597
400,5,973.34,49978.00,59531.42,913.93,2773.53,5865.954303,0.223000,63.832837
400,5,986.10,50159.65,60607.20,847.41,3034.60,6565.541677,0.226250,56.659098
400,5,874.48,44813.16,55377.53,823.87,2099.49,7641.014429,0.205083,57.218491
400,5,1130.18,58521.03,68872.80,925.85,2862.40,6563.510425,0.261250,58.820732
400,5,1233.33,63622.80,74725.71,890.94,2886.02,7325.950917,0.283000,68.688343
400,5,1208.03,61814.15,72792.55,955.11,2253.58,7769.709384,0.278333,63.227095
400,5,766.06,39001.48,49303.66,1074.51,2411.60,6816.070746,0.180250,55.938331
400,5,1044.99,52759.78,63631.29,870.67,3165.80,6835.035729,0.240083,58.306588
400,5,1195.45,61709.68,73220.49,1151.68,2852.93,7506.199217,0.277333,66.548892
400,5,1231.07,63594.96,74850.06,961.05,2816.28,7477.762879,0.282000,64.314281
400,5,986.30,51762.97,61996.63,1034.41,2179.60,7019.651577,0.233000,53.411429
400,5,851.40,44131.17,54100.84,935.81,2032.69,7001.180686,0.201167,55.219058
400,5,1038.46,53085.49,63173.23,775.88,2636.85,6675.005259,0.237750,59.892927
400,5,1003.97,50580.55,61503.89,1092.70,2687.25,7143.391772,0.231500,57.373596
400,5,1004.64,52297.33,62897.18,1009.90,2778.37,6811.578429,0.233750,52.799119
400,5,892.08,44754.93,55628.96,959.89,2797.06,7117.074215,0.205833,56.272285
400,5,1136.16,58796.04,69873.06,846.14,2756.21,7474.674761,0.262667,66.600173
400,5,1206.05,61129.31,72263.66,868.99,2905.10,7360.252781,0.275417,60.554637
400,5,1095.61,56095.70,67072.53,1045.30,2633.76,7297.765005,0.253083,55.724332
400,5,918.39,45833.09,56521.54,1186.20,3066.64,6435.613353,0.211750,54.202262
400,5,933.55,47892.62,58177.61,866.65,2781.50,6636.845281,0.216250,62.492610
400,5,1152.18,61027.00,71318.21,824.74,2446.09,7020.382726,0.268833,66.329711
400,5,835.41,41579.67,52365.47,993.73,2493.58,7298.489353,0.194500,52.645935
400,5,1215.26,64826.46,75511.34,836.67,2205.20,7643.007098,0.284833,65.256085
400,5,809.11,42807.58,51184.43,816.00,2231.14,5329.704555,0.190083,59.052096
400,5,1107.18,56718.82,67748.10,1018.96,2765.31,7245.004725,0.255917,64.998196
400,5,919.34,46692.86,56498.10,884.11,2492.70,6428.442098,0.210833,58.795851
400,5,999.31,52646.65,62323.95,922.67,2439.51,6315.115927,0.233167,59.766386
400,5,849.04,44440.62,53971.70,1032.90,2325.04,6173.142892,0.200417,61.381752
400,5,1165.84,59976.05,69748.19,1090.42,2340.68,6341.036753,0.266583,63.805260
400,5,1034.88,54322.38,63292.49,835.08,2465.54,5669.479040,0.238333,56.517705
400,5,1190.21,58964.93,72253.33,967.41,3601.76,8719.234788,0.272000,66.244943
400,5,1004.75,52468.43,62283.85,941.88,2207.65,6665.877076,0.236000,62.129077
400,5,946.02,48854.80,58795.88,985.57,2722.14,6233.378881,0.218250,56.281854
400,5,1186.01,59582.55,71760.56,1284.18,2845.13,8048.702881,0.272500,55.185218
400,5,846.63,43649.59,53154.99,1055.25,2630.75,5819.400988,0.197167,45.963479
400,5,1049.52,53385.80,64630.69,986.05,2786.80,7472.041175,0.243250,50.327262
400,5,1157.33,58633.28,70537.09,900.59,3234.11,7769.105709,0.264667,61.432653
400,5,1059.22,55794.53,65088.11,781.43,2473.04,6039.110843,0.246417,56.817214
400,5,935.54,47352.81,58194.74,1006.18,3023.16,6812.591014,0.216750,62.688371
400,5,954.33,50444.03,60628.29,1089.20,2550.19,6544.880303,0.227833,63.885524
400,5,742.70,37334.18,47006.33,976.72,2156.09,6539.331708,0.173917,56.268292
400,5,1176.62,61828.99,72132.19,1032.02,2585.63,6685.543469,0.272500,63.192944
400,5,1232.76,62944.75,74712.76,1387.32,2938.19,7442.503744,0.282917,65.225470
400,5,982.65,49146.08,59478.86,1028.97,2669.69,6634.120915,0.224917,59.361261
400,5,904.53,44954.23,56170.87,1285.18,2441.32,7490.145350,0.209667,58.013227
400,5,1193.85,62314.44,73210.24,1019.58,2752.98,7123.237785,0.276583,59.592755
400,5,969.90,49264.84,59554.98,762.66,3187.78,6339.705635,0.222417,57.982219
400,5,889.83,45145.73,55167.11,934.46,2635.22,6451.699062,0.207000,61.149311
400,5,1089.27,54683.93,66333.15,777.96,3107.26,7764.005274,0.251083,55.392269
400,5,944.24,48372.31,58687.62,859.82,2323.67,7131.815622,0.219750,55.753601
400,5,983.06,51105.89,60529.94,998.39,2590.48,5835.180350,0.226417,52.697279
400,5,887.85,44215.57,54768.99,831.30,2935.66,6786.461288,0.204917,55.208362
400,5,886.59,44043.22,54948.91,1071.32,3081.33,6753.037693,0.203583,47.942102
400,5,983.39,49530.07,60147.14,835.09,2946.80,6835.172138,0.225583,58.361433
400,5,1130.16,56731.32,68305.63,1113.95,3142.73,7317.637341,0.258000,55.202171
400,5,929.06,47296.01,57939.84,812.66,2569.77,7261.397580,0.216583,62.637773
400,5,1083.93,56371.53,66917.23,975.69,2387.96,7182.051373,0.252500,50.767918
400,5,1027.88,53708.48,65034.96,781.07,2345.02,8200.390806,0.242333,54.771662
400,5,990.36,53692.07,63068.48,1049.87,2138.72,6187.815792,0.235417,56.783170
400,5,1204.71,60983.71,72311.90,1143.91,3008.16,7176.118788,0.277417,62.045116
400,5,1258.68,66936.03,77659.62,1009.26,2389.46,7324.864531,0.296167,62.636057
400,5,973.58,51794.05,61725.93,1189.57,2183.92,6558.391579,0.232417,56.930054
400,5,866.09,44107.24,54676.86,962.22,2367.04,7240.353556,0.205750,50.619850
400,5,975.80,48867.83,60127.79,1014.94,2937.69,7307.331105,0.225000,59.267542
400,5,911.05,46958.95,57683.04,1002.56,2245.17,7476.354797,0.214917,54.099333
400,5,1130.52,59435.07,69230.17,724.91,2438.39,6631.809151,0.261250,61.806591
400,5,1087.19,56061.14,67281.24,920.01,2571.07,7729.030447,0.252250,54.525922
400,5,959.73,47738.59,58590.51,1001.81,2651.08,7199.028193,0.220500,58.510492
400,5,977.29,52562.59,62794.15,943.99,2233.35,7054.222824,0.234417,55.540678
400,5,1104.94,56803.38,66892.65,821.95,2868.51,6398.812440,0.252000,55.154111
400,5,969.70,52003.24,61197.07,784.45,2408.24,6001.142561,0.226917,53.963438
400,5,983.83,51910.99,61513.78,998.46,2148.04,6456.300324,0.230750,53.356756
400,5,1038.80,55589.49,64025.26,866.47,2293.61,5275.681690,0.240167,52.452104
400,5,1019.72,52195.65,62531.07,644.27,2605.74,7085.412536,0.234833,56.969896
400,5,842.12,43634.91,53412.88,1119.19,2277.49,6381.284749,0.198500,51.347068
400,5,1037.22,52745.40,63152.22,921.05,2852.29,6633.472630,0.237417,56.699055
400,5,1079.39,55504.30,66423.76,1401.66,2746.13,6771.682779,0.249917,62.854529
400,5,1030.43,52891.65,63361.81,901.20,2597.84,6971.112499,0.238583,45.530471
400,5,1153.96,58837.27,70234.66,1409.76,2768.09,7219.547704,0.265583,62.712657
400,5,938.60,46153.86,57890.15,844.40,2848.43,8043.462550,0.215083,52.995894
400,5,1150.74,58710.38,69750.87,945.51,2581.52,7513.459532,0.262250,57.407306
400,5,1061.15,52835.80,64270.89,771.32,3053.71,7610.054743,0.242750,54.189716
400,5,912.40,48152.00,56842.12,831.61,2178.33,5680.191093,0.212500,52.638244
400,5,1172.67,59885.28,71000.19,886.37,2805.37,7423.170363,0.268000,59.282954
400,5,869.66,46117.96,55329.40,1139.90,2017.46,6054.069462,0.204417,45.148230
400,5,926.53,47762.14,56982.26,769.51,2460.10,5990.509516,0.212750,39.951143
400,5,1000.98,50385.75,61217.79,1004.63,3312.50,6514.921934,0.229500,36.103924
400,5,888.50,43397.19,55141.21,1067.90,2780.05,7896.065621,0.204083,27.421069
400,6,1049.14,53352.78,65426.89,1101.79,3139.96,7832.363005,0.244250,77.041467
400,6,1369.42,69903.39,83040.06,867.28,3449.25,8820.144947,0.315667,85.114407
400,6,1304.91,65646.61,78050.40,992.00,3168.60,8243.200865,0.300750,87.406396
400,6,1124.58,57239.15,69095.21,1055.82,3603.20,7197.032987,0.258250,75.580458
400,6,1252.31,62163.61,76678.83,1482.28,3171.52,9861.417860,0.289167,79.811973
400,6,1406.47,71892.66,84656.79,1104.10,3410.98,8249.049960,0.323833,88.356752
400,6,1263.92,63917.52,77921.01,1169.23,3264.18,9570.078588,0.292667,84.213382
400,6,1242.90,62526.84,75055.44,1211.49,2683.64,8633.474626,0.287417,81.957080
400,6,1024.83,51483.40,63555.56,1064.96,3256.03,7751.160604,0.236083,80.783444
400,6,1391.52,72257.20,84328.69,1090.04,3251.79,7729.666079,0.319167,88.154799
400,6,1145.13,58813.20,70531.41,1117.98,2622.49,7977.745558,0.267083,83.501106
400,6,1132.83,58123.51,69826.36,1035.91,3214.07,7452.861105,0.261583,79.225095
400,6,1131.01,57388.05,68996.42,886.00,2754.88,7967.485767,0.259333,68.208025
400,6,1242.12,63527.93,77092.14,1124.69,3203.50,9236.015986,0.291500,68.978631
400,6,1028.51,53112.59,64969.65,1297.79,2513.52,8045.751903,0.243083,66.452867
400,6,1339.81,68242.58,81259.01,1102.88,3471.18,8442.375836,0.309583,80.741035
400,6,1515.37,76416.41,90341.75,947.97,3379.68,9597.684831,0.346083,58.160944
400,6,924.05,45475.11,57636.20,1184.87,2829.20,8147.020965,0.213083,60.874977
400,6,1143.24,57336.28,69388.99,1071.74,3175.66,7805.318454,0.262167,62.413936
400,6,1003.48,50455.39,63573.04,1304.98,2796.26,9016.408732,0.236583,67.675334
400,6,1138.71,58433.60,70881.19,1023.44,2838.91,8585.243021,0.265167,68.692798
400,6,1342.94,68622.74,81651.77,1364.98,3606.92,8057.130695,0.308083,66.033812
400,6,857.20,42414.45,54035.60,973.17,2815.41,7832.571636,0.199750,68.854895
400,6,1357.61,69303.40,81540.02,935.48,3223.85,8077.294050,0.310500,83.204498
400,6,1331.56,69150.97,82404.99,1637.26,3026.81,8589.940983,0.313583,70.574861
400,6,1198.33,62133.79,74131.92,1152.05,2682.92,8163.165700,0.278583,56.620338
400,6,1216.16,61321.41,74218.37,1074.62,3689.12,8133.221070,0.280917,58.976862
400,6,1073.20,55277.62,67784.83,1132.42,2631.73,8743.050086,0.251417,62.366229
400,6,1179.66,59883.06,72120.81,1246.65,2822.91,8168.191728,0.274250,70.853685
400,6,1194.95,59308.12,72295.77,1482.12,3510.28,7995.258966,0.275167,67.084604
400,6,1109.82,55925.03,68505.39,1044.69,3178.77,8356.895908,0.256167,72.761021
400,6,1055.56,55435.18,67358.83,1599.10,2213.45,8111.108422,0.252250,72.469355
400,6,1138.49,56993.91,70031.58,1107.21,3262.82,8667.641994,0.261833,73.363521
400,6,1191.39,59969.00,72780.95,1164.83,3351.91,8295.212308,0.274250,67.328206
400,6,1430.45,72250.28,85398.82,1130.71,3471.81,8546.016582,0.326750,79.000927
400,6,1010.49,51940.64,62334.35,1140.97,2460.96,6791.780483,0.234833,70.662543
400,6,1222.38,62962.98,75630.37,1079.49,2849.30,8738.606952,0.284583,71.048681
400,6,1201.62,63713.72,75547.51,965.28,2874.61,7993.898102,0.282250,72.297601
400,6,1193.99,63359.41,74443.76,938.55,2614.18,7531.623838,0.277917,71.512000
400,6,1056.34,52133.62,64103.65,1316.07,3512.75,7141.210189,0.240167,81.722679
400,6,1224.53,63884.49,75271.69,1051.86,3148.72,7186.610643,0.284917,57.050986
400,6,997.95,53124.83,63620.34,966.45,2624.27,6904.794567,0.236750,55.643316
400,6,1129.37,55828.81,69814.86,1082.04,2878.28,10025.726771,0.263000,55.088803
400,6,1080.59,54854.27,67057.43,1206.47,3019.91,7976.776001,0.249583,56.596911
400,6,1167.44,60685.19,72315.13,1363.89,2912.14,7353.911376,0.271500,72.534166
400,6,1289.35,65713.44,79568.21,1487.16,2920.82,9446.777713,0.302000,77.208785
400,6,1061.19,53342.91,65152.41,1243.66,3084.31,7481.523921,0.244833,66.836761
400,6,1213.91,62230.64,74646.78,978.44,2849.48,8588.222917,0.282250,81.767332
400,6,1417.28,72298.56,85988.72,1061.84,3341.46,9286.860284,0.326500,73.238589
400,6,886.96,43530.23,55052.84,1151.33,3049.47,7321.812036,0.205750,63.866528
400,6,1246.17,63246.57,76099.49,1286.20,3333.77,8232.949810,0.286250,76.359539
400,6,1309.20,67002.02,79487.01,1496.62,2670.11,8318.255119,0.304000,80.653041
400,6,1237.29,63812.58,75542.39,889.83,2835.04,8004.939905,0.284917,72.740805
400,6,1235.71,62966.01,75665.55,1148.10,3289.84,8261.600540,0.285833,75.433135
400,6,1299.29,66673.02,79205.42,851.87,3023.48,8657.051733,0.299083,74.076982
400,6,1209.87,62995.57,74368.84,984.89,2704.27,7684.112568,0.280083,84.353278
400,6,1402.91,71758.51,85413.08,1065.09,3743.91,8845.560006,0.322750,83.199536
400,6,1325.44,67239.31,80003.59,947.89,3008.18,8808.211857,0.307083,75.511842
400,6,1022.96,52449.09,64121.71,987.38,2739.40,7945.840500,0.239917,64.927764
400,6,1203.44,61078.56,73013.72,1050.06,3245.76,7639.342951,0.274917,77.360907
400,6,1234.10,61330.79,74622.88,984.23,3188.57,9119.292818,0.284917,70.645848
400,6,1146.11,58104.29,70378.23,1048.85,3058.28,8166.806864,0.264333,62.836739
400,6,954.26,48052.75,59104.59,1189.30,2710.28,7152.260309,0.220500,59.487345
400,6,1196.08,60070.10,72269.17,1153.48,3054.10,7991.498428,0.273833,60.489052
400,6,951.04,46407.62,58548.84,1439.14,2967.57,7734.513891,0.219000,63.777128
400,6,1110.68,55058.87,67440.79,953.73,2889.08,8539.121679,0.254833,62.725888
400,6,1309.40,66736.36,80174.65,1362.98,3276.48,8798.835483,0.303667,68.266761
400,6,1216.54,62028.43,74579.97,1151.60,3012.28,8387.659436,0.281083,70.822595
400,6,1259.59,64027.11,76801.23,936.47,3181.32,8656.334331,0.290000,61.454308
400,6,1324.58,67039.24,80939.16,1317.89,3809.08,8772.945467,0.304833,71.328127
400,6,1101.43,54770.91,67327.88,1122.38,4008.94,7425.649110,0.252000,61.250199
400,6,1093.16,54504.61,67354.57,1093.97,3258.23,8497.753014,0.253917,57.794502
400,6,1072.77,53145.23,65960.39,1364.07,2959.00,8492.081829,0.248833,65.423660
400,6,1322.13,67330.80,80268.56,1207.76,3597.28,8132.728125,0.306083,61.810321
400,6,1056.17,52693.27,64544.28,1076.22,2957.52,7817.280916,0.244000,59.543179
400,6,1151.27,57545.76,70360.63,1143.89,2906.92,8764.064048,0.265167,66.660125
400,6,1109.51,57221.67,69300.05,1324.95,2620.23,8133.203235,0.260583,68.252488
400,6,1280.59,65348.94,77903.77,994.46,3845.63,7714.745521,0.294000,70.531390
400,6,1242.13,62210.66,75739.69,1165.60,3144.43,9219.003776,0.286333,62.259362
400,6,996.93,50374.10,62347.72,1095.74,2580.79,8297.087183,0.233833,61.915610
400,6,1135.97,56257.92,69397.08,1627.36,3003.45,8508.358494,0.260833,69.888699
400,6,1103.92,56364.22,67808.81,907.88,2870.46,7666.247108,0.253250,64.791655
400,6,1080.24,55058.65,66676.49,996.40,3371.69,7249.752058,0.249167,59.050309
400,6,957.13,47756.70,58636.37,923.98,2902.04,7053.648651,0.219833,50.654742
400,6,786.94,39364.99,49583.40,1035.87,3037.63,6144.913327,0.182583,63.760489
400,6,1307.29,66402.39,78927.10,874.35,2880.32,8770.041777,0.300083,68.038965
400,6,955.47,48339.15,59621.93,1246.04,2902.48,7134.261925,0.222333,60.356562
400,6,1218.86,62878.74,75608.80,1441.85,3137.97,8150.247410,0.285583,58.929306
400,6,1172.17,59975.79,71929.62,956.69,3053.47,7943.665353,0.271000,75.888543
400,6,1312.24,66913.75,78936.70,940.87,2614.97,8467.104016,0.302333,65.921874
400,6,1291.52,63815.62,77447.35,1422.30,3233.08,8976.357038,0.294917,63.025828
400,6,1281.14,63270.49,77254.91,1293.54,3605.85,9085.027219,0.293500,69.665986
400,6,1164.12,58427.01,71341.33,1060.98,3530.11,8323.234642,0.267667,64.662480
400,6,1232.02,62194.47,75264.94,1302.21,3044.49,8723.761651,0.285500,65.038601
400,6,876.62,43993.40,54699.34,1121.12,2720.85,6863.969651,0.203333,57.659004
400,6,1197.05,61182.99,73815.60,1067.33,3022.90,8542.380967,0.278333,65.229096
400,6,1055.03,53951.49,65721.93,1223.42,3222.54,7324.482260,0.245250,51.935721
400,6,1172.74,59513.18,71131.07,1190.40,3505.74,6921.755390,0.269583,55.666081
400,6,1105.81,54696.53,67169.04,964.54,3330.38,8177.591385,0.254000,55.274476
400,6,1311.77,66065.22,79994.92,1385.60,3743.44,8800.652687,0.301000,59.588892
400,7,1160.62,56951.35,71173.94,1640.55,3280.52,9301.518841,0.269167,92.768403
400,7,1453.44,73493.02,88444.77,1217.67,3731.57,10002.519620,0.337500,100.555826
400,7,1024.68,49073.04,63425.24,1245.84,3513.77,9592.587122,0.239333,92.559091
400,7,1265.95,63547.08,77383.14,1700.53,3413.50,8722.032434,0.291417,96.550777
400,7,1477.84,73072.13,90259.86,1587.18,3946.88,11653.675424,0.342417,96.615420
400,7,1156.04,55780.86,70960.20,1292.69,4225.03,9661.630336,0.266333,96.228312
400,7,1505.82,75345.28,91458.67,1814.82,3896.06,10402.509601,0.347667,105.717922
400,7,1578.29,80335.92,94888.03,1503.27,3305.03,9743.802106,0.365250,108.295725
400,7,1344.16,68066.19,82097.31,1298.51,3906.56,8826.052357,0.308667,103.081851
400,7,1166.78,57967.18,71176.11,1302.97,2774.14,9131.813533,0.269083,99.058778
400,7,1137.73,56823.32,70130.97,1345.17,2999.83,8962.660281,0.265500,93.267228
400,7,1302.32,67247.40,79692.03,985.92,3074.19,8384.524265,0.300083,98.084828
400,7,1303.12,64948.61,78452.20,1364.60,3112.02,9026.964181,0.299250,83.400284
400,7,1224.95,61123.85,75545.87,1303.12,2848.46,10270.450431,0.284333,75.418816
400,7,1160.34,57454.55,71225.06,1354.79,3477.58,8938.134010,0.268417,79.650729
400,7,1435.08,71870.57,86738.54,1444.71,3663.94,9759.332275,0.332500,99.969143
400,7,1342.64,69713.79,84736.57,1272.14,2913.29,10837.357943,0.320917,86.772460
400,7,1362.37,67850.72,82438.60,1443.82,3390.73,9753.334034,0.314083,65.144985
400,7,1073.52,52010.10,66155.82,1212.14,3907.24,9026.337842,0.247417,59.797413
400,7,1219.64,59965.00,75033.92,1573.08,3750.73,9745.113502,0.281417,76.576344
400,7,1321.81,66468.60,81107.31,1153.26,4009.81,9475.639873,0.307000,86.876540
400,7,1317.23,65654.06,79892.24,1186.66,3438.67,9612.855956,0.303667,84.259888
400,7,1492.12,74998.71,89779.70,1493.22,4122.29,9165.489718,0.341083,88.282604
400,7,1189.46,60143.51,74118.14,1575.08,2928.92,9470.640204,0.281000,72.621283
400,7,1386.17,69274.76,84026.29,1226.93,3886.69,9637.912050,0.317750,86.125756
400,7,1426.56,72988.29,87429.33,961.47,3674.56,9805.012566,0.327583,73.773549
400,7,1467.76,74052.12,88910.83,1212.17,4060.79,9585.745681,0.334917,80.658972
400,7,1164.60,57706.91,72168.44,1273.23,3323.18,9865.115898,0.268417,90.031048
400,7,1286.67,62465.15,77657.78,1709.39,3691.07,9792.175360,0.294667,66.218321
400,7,1407.96,70745.46,85276.65,1334.23,3974.30,9222.659664,0.325417,74.173857
400,7,1153.40,56531.53,70787.00,1411.47,3573.15,9270.841991,0.265583,69.129482
400,7,1104.53,54247.49,68459.22,1289.13,3626.64,9295.963129,0.256250,88.359134
400,7,1244.16,62906.26,76617.43,1247.82,2984.87,9478.476485,0.288417,77.332084
400,7,1348.84,68359.78,82282.22,1355.36,2951.77,9615.307552,0.312583,67.006953
400,7,1305.75,67922.10,81659.96,1083.92,2687.07,9966.870345,0.307417,78.743309
400,7,1266.13,63384.99,77298.39,1454.39,4129.63,8329.384480,0.291583,84.939025
400,7,1346.10,66499.28,81826.21,1813.17,3672.47,9841.287897,0.310417,85.555557
400,7,1411.69,72597.00,86730.82,1390.09,3253.65,9490.082303,0.328833,71.925328
400,7,1024.90,51542.47,64613.38,1325.13,3302.87,8442.901404,0.239167,79.030139
400,7,1075.97,53535.02,66537.46,1349.68,3194.17,8458.586864,0.249167,85.702619
400,7,1249.94,63140.58,76168.47,1242.74,3494.59,8290.571967,0.287333,71.369243
400,7,1049.92,53802.04,65415.18,1111.96,2785.52,7715.663140,0.246250,75.815120
400,7,1452.99,71180.60,87559.70,1217.80,4062.62,11098.682414,0.333500,93.400624
400,7,1582.01,82483.83,96753.85,1074.73,3740.46,9454.833402,0.368500,87.789708
400,7,1117.91,55047.18,68968.99,1368.31,3762.75,8790.754713,0.259250,70.647421
400,7,1418.34,69419.26,85192.11,1530.11,3057.34,11185.396837,0.325500,82.764221
400,7,1072.84,53081.66,65964.24,1154.08,3158.21,8570.294680,0.246833,74.121306
400,7,1407.70,70286.31,84574.46,1397.02,3392.92,9498.205168,0.323417,100.174785
400,7,1371.77,67172.76,83258.68,1380.40,3965.71,10739.812795,0.314333,83.302457
400,7,1138.65,56174.08,70124.12,1447.58,3725.06,8777.399602,0.264833,72.449789
400,7,1278.88,62826.50,78035.69,1465.92,4131.19,9612.077156,0.296000,83.045220
400,7,1290.83,64096.66,78755.10,1760.07,3531.77,9366.602622,0.300583,92.697882
400,7,1410.18,72227.81,85344.08,1288.27,3141.98,8686.021662,0.326667,66.373063
400,7,1336.58,66091.96,80235.38,1271.94,3499.03,9372.456363,0.306083,65.148215
400,7,1273.44,64431.30,79040.12,1679.57,3112.01,9817.242850,0.299000,87.113094
400,7,1446.31,72572.12,86719.49,1311.40,3723.68,9112.273515,0.330833,99.058486
400,7,1364.68,68172.34,82663.40,1250.07,3398.26,9842.737785,0.314167,90.219831
400,7,1564.79,79735.35,93697.48,1025.73,3168.60,9767.802780,0.362083,93.046944
400,7,1552.46,78665.51,93142.38,1126.82,3787.07,9562.971015,0.356167,90.065937
400,7,1356.70,67974.87,82273.75,1423.96,3848.95,9025.959646,0.311833,93.742916
400,7,1593.01,79512.75,94971.22,1625.54,3484.25,10348.676380,0.365167,76.347390
400,7,1204.16,59603.79,73474.72,1212.81,3450.51,9207.607915,0.276583,62.752192
400,7,1189.71,60179.34,72796.82,1217.32,3348.62,8051.541308,0.275667,65.383100
400,7,1464.46,75345.33,90111.87,1366.54,3731.31,9668.691677,0.339417,68.251649
400,7,1186.39,59301.13,73153.90,1460.92,3448.96,8942.885123,0.275083,85.052658
400,7,1572.71,78948.07,94535.70,1104.67,4218.73,10264.227410,0.360667,77.434216
400,7,1495.88,75090.88,90461.72,1759.05,3386.50,10225.293664,0.347917,180.386892
400,7,1607.92,80811.60,96458.18,1252.09,4495.80,9898.706345,0.367917,92.447449
400,7,1214.05,60022.64,74746.79,1154.83,3552.37,10016.944428,0.281250,75.661505
400,7,1255.79,61317.83,76216.49,1413.51,3351.41,10133.738742,0.289417,79.926701
400,7,1301.49,65288.44,79335.03,1205.71,3637.03,9203.846187,0.299667,190.003112
400,7,1371.17,67829.21,82746.31,1358.54,3737.30,9821.270789,0.316250,71.446829
400,7,1422.21,70777.48,85527.58,1365.13,3754.15,9630.810898,0.327167,211.978249
400,7,1275.02,62427.73,77197.45,1753.18,3584.78,9431.766258,0.293250,72.178845
400,7,1367.34,69672.56,83171.09,1549.28,3061.44,8887.807779,0.317833,230.665655
400,7,1457.75,73497.66,88495.66,1356.81,3997.68,9643.511591,0.336083,83.952066
400,7,1091.18,53235.08,67713.62,1708.22,3397.75,9372.567907,0.254083,230.486829
400,7,1495.25,77719.52,91621.62,1157.62,3753.18,8991.296669,0.347167,80.768501
400,7,1312.18,64393.63,80247.37,1508.69,3448.59,10896.464864,0.303750,69.289075
400,7,1230.70,60410.22,74825.27,1561.59,3654.40,9199.063621,0.284167,72.290610
400,7,1479.86,74997.95,89444.94,1183.84,3326.03,9937.113357,0.340500,232.333608
400,7,1059.79,53388.82,66730.40,1035.44,3357.12,8949.032898,0.247917,67.756506
400,7,1483.26,77386.03,90809.58,1252.80,3549.25,8621.485956,0.344083,231.711520
400,7,1228.41,61772.06,74735.46,1178.37,3673.30,8111.735592,0.280917,76.249757
400,7,1326.78,68886.37,80616.28,1316.89,2975.26,7437.758573,0.304667,235.085058
400,7,1374.43,68946.83,83905.95,1435.58,3645.96,9877.572155,0.319167,232.931451
400,7,1137.47,59248.21,72052.69,1231.67,3402.48,8170.331516,0.268083,233.395117
400,7,1473.22,74729.12,88826.90,1298.99,3211.20,9587.590352,0.339583,235.754074
400,7,1255.10,62520.26,76833.40,1483.27,3614.36,9215.502263,0.292167,240.757224
400,7,1138.66,55995.08,70131.45,1633.34,3151.08,9351.959544,0.262917,222.226966
400,7,1288.25,63343.53,77844.22,1103.95,3226.35,10170.383142,0.298000,235.203576
400,7,1277.17,64422.31,79229.14,1301.85,3362.87,10142.116697,0.300833,237.354503
400,7,1247.88,62266.42,76850.39,1638.73,3341.24,9603.993885,0.291417,225.205924
400,7,1413.07,69720.10,84978.69,1145.09,3862.35,10251.162195,0.324083,233.776046
400,7,1292.96,65103.13,77844.14,1030.05,3264.59,8446.364537,0.296750,222.236668
400,7,1398.58,70587.79,85340.49,1136.04,3678.39,9938.279304,0.322333,246.052602
400,7,1370.40,70894.62,84170.86,1212.00,3766.12,8298.119721,0.316333,229.746911
400,7,1194.15,60564.80,73235.66,1026.96,3215.58,8428.321205,0.277167,216.734734
400,7,1289.84,64646.56,78817.87,1277.59,3330.62,9563.096683,0.298833,208.710610
400,7,1259.86,63189.05,78633.66,1747.46,3408.93,10288.213524,0.295083,220.477818
