400,1,212.30,11093.18,13088.27,338.09,750.38,906.623126,0.048250,11.704174
400,1,264.51,13978.72,16395.34,663.63,537.56,1215.426253,0.059917,11.163287
400,1,362.63,19326.99,22161.23,204.27,880.12,1749.852014,0.082250,11.813692
400,1,246.01,13547.49,15194.12,67.48,578.37,1000.777910,0.055833,11.472906
400,1,310.16,16495.38,19411.25,165.25,1194.77,1555.844442,0.070417,11.641178
400,1,409.08,22043.12,24460.13,140.96,518.64,1757.413876,0.092667,11.748157
400,1,331.09,17477.23,20307.69,325.27,801.34,1703.851173,0.075000,11.711659
400,1,346.91,18039.65,20829.66,352.05,792.36,1645.608842,0.078583,11.665231
400,1,246.68,13152.36,15472.51,312.91,774.79,1232.449503,0.056083,11.373249
400,1,286.02,14930.38,17557.02,206.96,917.13,1502.554982,0.065000,11.661729
400,1,288.79,15402.06,17725.22,403.69,499.11,1420.358278,0.065417,11.770860
400,1,302.67,16506.61,18556.46,100.64,711.82,1237.386067,0.068667,11.634246
400,1,239.02,12440.41,14965.70,381.64,688.49,1455.170538,0.054250,9.168644
400,1,292.10,15420.38,17918.41,405.26,632.72,1460.051171,0.066167,8.909855
400,1,213.74,11462.99,13296.31,444.78,540.43,848.109639,0.048417,8.841501
400,1,422.69,22603.73,25496.03,421.80,685.87,1784.624168,0.095750,9.318913
400,1,452.03,24415.22,27610.55,121.47,1061.52,2012.338231,0.102500,9.365020
400,1,276.65,14049.86,16488.97,480.43,383.08,1575.601876,0.062667,8.776478
400,1,281.06,14899.90,17336.45,527.85,542.73,1365.968336,0.063667,8.977050
400,1,356.70,19122.69,22018.72,348.27,718.30,1829.462723,0.081083,9.402898
400,1,354.64,18884.55,21727.42,390.32,799.84,1652.710496,0.080333,9.123449
400,1,242.51,12398.20,15203.99,585.51,787.98,1432.297633,0.055250,8.813098
400,1,319.32,17119.45,19426.89,239.06,622.46,1445.920282,0.072333,9.129597
400,1,364.10,19640.43,22178.51,256.10,610.86,1671.115632,0.082583,9.381436
400,1,358.31,18764.52,21618.03,446.58,698.86,1708.068578,0.081167,8.986404
400,1,254.57,13572.84,15507.86,244.31,692.81,997.896084,0.057667,8.738016
400,1,353.67,18750.46,22210.92,524.82,1201.81,1733.831012,0.080167,9.127470
400,1,274.44,14490.97,16700.01,290.25,446.98,1471.814742,0.062167,8.863729
400,1,290.99,15897.11,18141.79,148.43,832.22,1264.032597,0.065917,9.153554
400,1,209.32,10655.24,12890.55,498.72,497.11,1239.481038,0.047417,8.890088
400,1,358.68,19106.41,22102.81,385.54,813.40,1797.475547,0.081250,9.175977
400,1,260.03,14079.81,16200.92,123.53,977.74,1019.831997,0.059167,9.187130
400,1,366.04,19247.36,22489.53,498.30,925.14,1818.725139,0.082917,9.265414
400,1,267.22,14594.85,16790.10,110.51,801.26,1283.477135,0.060583,9.231497
400,1,381.57,20486.18,23907.79,255.36,1570.51,1595.733460,0.086750,9.466670
400,1,249.19,13862.67,15532.98,96.75,570.71,1002.854253,0.056500,9.347365
400,1,289.89,15584.55,17825.16,118.71,503.61,1618.278125,0.065667,9.389053
400,1,323.00,17327.80,19525.36,158.90,657.62,1381.044872,0.073167,9.111094
400,1,373.03,20946.68,23302.76,303.27,641.68,1411.130086,0.084500,9.232079
400,1,329.99,17135.88,19978.45,742.23,738.46,1361.874276,0.074750,8.999311
400,1,244.27,12729.81,15187.69,676.98,619.25,1161.641249,0.055333,8.985490
400,1,225.99,12137.58,14260.91,260.23,861.32,1001.771484,0.051667,9.075571
400,1,428.15,23326.64,26340.36,192.32,1063.50,1757.903885,0.097250,9.415385
400,1,236.55,12728.48,14572.87,104.47,696.40,1043.525906,0.053583,8.870346
400,1,235.21,12892.88,14824.13,142.13,625.03,1164.096011,0.053333,9.415310
400,1,295.54,14993.92,17867.32,512.14,827.33,1533.930631,0.067000,9.182478
400,1,260.59,13692.13,16343.73,502.01,1031.93,1117.665210,0.059083,9.323107
400,1,433.21,23356.68,26572.07,149.82,1154.61,1910.966684,0.098500,9.215626
400,1,365.94,19459.78,22166.31,149.68,980.32,1576.523918,0.083000,9.374687
400,1,194.61,9979.73,12168.84,512.96,699.72,976.421337,0.044083,8.914023
400,1,352.20,18330.84,21151.68,324.28,948.15,1548.401138,0.079833,9.282015
400,1,387.38,21002.45,23236.37,72.22,658.82,1502.876892,0.087750,9.339397
400,1,263.96,14443.18,16608.77,192.17,918.05,1055.368300,0.060333,9.759500
400,1,307.92,15932.15,19154.16,535.97,854.40,1831.646071,0.069750,9.075494
400,1,264.27,13029.89,16639.31,568.60,1224.48,1816.330114,0.059917,9.177874
400,1,330.70,17750.52,20214.21,249.32,704.16,1510.205680,0.075333,9.372902
400,1,397.31,21508.32,24178.20,72.46,773.45,1823.978710,0.090000,9.211284
400,1,390.96,20831.71,23344.37,285.51,511.71,1715.442815,0.088667,9.093333
400,1,260.46,13477.19,15634.69,429.68,454.27,1273.552716,0.059000,8.683229
400,1,229.19,12153.27,14212.14,258.08,748.90,1051.890556,0.051917,9.263582
400,1,347.78,18660.46,21491.38,148.32,1069.99,1612.613913,0.078833,9.408138
400,1,241.33,12726.60,14925.39,558.20,542.11,1098.477860,0.054667,9.016221
400,1,291.86,15531.78,17683.99,310.25,598.06,1243.900800,0.066167,8.696296
400,1,309.29,16734.43,18983.74,98.15,847.34,1303.829971,0.070167,8.886254
400,1,338.72,18382.59,20758.87,104.35,583.61,1688.328614,0.076833,9.183938
400,1,331.46,17155.51,20302.66,439.74,1196.08,1511.322552,0.075083,9.130149
400,1,362.90,19290.12,22290.73,303.68,888.14,1808.798693,0.082417,9.320574
400,1,345.66,18370.18,21389.31,266.74,969.84,1782.553464,0.078583,9.442726
400,1,199.76,10531.77,12362.09,289.36,601.90,939.061639,0.045250,8.900088
400,1,270.16,13667.35,16874.54,608.88,1005.82,1592.506245,0.061250,9.166951
400,1,319.82,17288.64,19340.89,179.16,474.83,1398.260386,0.072500,9.251765
400,1,273.79,14895.31,16762.45,98.15,635.52,1133.465017,0.062250,9.333604
400,1,288.87,15145.47,17881.55,492.99,748.27,1494.815783,0.065667,9.156859
400,1,211.30,11233.76,13139.96,217.81,628.11,1060.282224,0.047917,8.923102
400,1,204.68,10452.00,12621.11,268.34,939.57,961.205333,0.046417,9.061550
400,1,364.94,19605.03,22334.88,219.36,729.77,1780.723986,0.082667,8.913070
400,1,262.47,13706.00,16610.95,641.67,918.43,1344.853409,0.059667,9.157549
400,1,305.02,16343.55,18668.41,285.41,545.95,1493.496072,0.069167,9.184809
400,1,297.29,16412.47,18836.53,116.99,956.28,1350.786616,0.067750,9.251755
400,1,248.32,12576.71,15051.73,498.39,635.09,1341.537563,0.056250,8.958245
400,1,298.85,15673.31,18231.15,453.15,822.36,1282.328033,0.067750,9.173542
400,1,243.90,13180.15,15189.02,109.39,655.69,1243.786980,0.055250,9.078746
400,1,229.92,12458.76,14520.01,288.74,768.03,1004.467412,0.052083,9.179956
400,1,315.27,16962.23,19120.55,136.24,659.82,1362.257192,0.071417,9.095078
400,1,238.79,12687.01,14542.28,360.40,551.83,943.045829,0.054250,9.164440
400,1,321.53,17114.08,19743.21,417.51,689.00,1522.624682,0.072833,9.081154
400,1,349.29,19312.34,21804.55,119.79,833.62,1538.790403,0.079333,9.313667
400,1,287.68,15536.86,17518.82,147.90,535.90,1298.156191,0.065167,9.206387
400,1,382.79,20502.43,23643.87,153.86,1248.28,1739.297987,0.087000,9.457887
400,1,254.02,12927.66,15643.56,524.96,808.19,1382.751282,0.057667,9.320610
400,1,337.32,18098.62,20874.54,188.80,1004.71,1582.409008,0.076833,9.258506
400,1,409.59,22107.61,24566.96,171.80,534.42,1753.133375,0.092833,9.256976
400,1,312.60,17025.72,19143.44,146.42,710.21,1261.087009,0.070917,9.238509
400,1,309.02,16313.25,18886.97,313.77,951.51,1308.437550,0.070000,9.316212
400,1,208.22,11280.99,12685.83,176.14,349.20,879.486742,0.047167,8.794508
400,1,380.62,20632.46,23346.12,327.98,747.16,1638.521409,0.086667,8.418793
400,1,282.16,15785.48,17541.49,124.54,568.17,1063.301218,0.063917,4.554710
400,1,240.63,13108.96,14992.75,261.57,577.94,1044.282434,0.054667,4.517535
400,1,342.63,18318.90,20841.14,344.30,619.78,1558.165145,0.077667,4.505914
400,1,448.85,24302.31,27362.10,129.76,928.51,2001.523465,0.101833,4.542342
400,2,396.21,19234.31,23813.63,1274.19,1477.28,1827.838071,0.089750,9.469599
400,2,340.70,17937.22,22120.10,374.12,1553.82,2254.934125,0.082333,9.617818
400,2,420.93,20178.45,25223.52,1271.02,1770.54,2003.510423,0.095667,9.633714
400,2,280.53,13575.85,17499.33,1008.79,1394.79,1519.898618,0.064250,9.496686
400,2,446.74,22388.10,27661.46,378.08,1993.75,2901.535331,0.102750,9.452336
400,2,426.65,21913.55,26685.96,494.31,1598.77,2679.332176,0.099917,9.671805
400,2,660.03,34306.35,39698.77,590.14,1951.32,2850.958452,0.150583,9.527502
400,2,410.32,19943.01,24985.32,787.37,1812.81,2442.132161,0.094000,9.491144
400,2,325.38,15787.83,20168.40,1015.66,1435.41,1929.516523,0.074167,9.934383
400,2,428.24,21805.67,26032.82,625.65,1275.86,2325.649554,0.099000,9.614924
400,2,245.75,11765.29,15772.98,895.14,1384.66,1727.884773,0.056917,10.038774
400,2,240.40,11232.32,14797.12,1028.73,1092.78,1443.286748,0.054667,10.073772
400,2,273.09,13632.73,17140.58,652.21,1234.18,1621.463312,0.063250,9.529960
400,2,404.47,20918.81,25146.60,357.64,1641.94,2228.218415,0.094083,9.427616
400,2,335.66,16761.07,20419.22,468.24,1565.39,1624.518075,0.077667,9.141912
400,2,499.86,25265.12,30609.59,808.74,1970.96,2564.770453,0.114917,9.317867
400,2,478.01,23867.03,29032.19,702.56,1700.08,2762.515838,0.110250,9.405245
400,2,370.31,19084.39,22913.82,457.29,1279.58,2092.548777,0.085917,9.537470
400,2,391.86,19391.52,23760.40,818.47,1432.37,2118.036315,0.089417,9.393560
400,2,587.18,30673.88,35369.69,368.11,1337.01,2990.689311,0.134667,9.384550
400,2,437.11,22575.64,27311.91,697.76,1618.69,2419.832416,0.101333,8.894426
400,2,457.64,22882.35,27791.07,744.92,1649.14,2514.659602,0.105167,9.028632
400,2,342.65,16369.61,21162.10,928.45,1668.08,2195.954093,0.078250,9.029759
400,2,564.25,29612.32,34078.67,397.07,1546.22,2523.047633,0.130000,9.174424
400,2,383.09,19068.29,23332.89,670.05,1537.20,2057.349053,0.087917,9.570058
400,2,407.17,21360.36,26071.40,303.19,2167.40,2240.451162,0.097083,9.590971
400,2,536.08,27784.76,32549.61,731.98,1475.17,2557.695029,0.121750,9.291980
400,2,422.27,21501.53,26059.45,731.08,1577.41,2249.430191,0.097917,9.515265
400,2,413.34,20894.84,25593.83,615.92,1765.35,2317.714375,0.095500,9.286897
400,2,358.86,18455.75,22270.65,325.78,1342.42,2146.708045,0.083500,9.048856
400,2,370.09,18258.97,23097.89,707.09,1744.89,2386.947587,0.084583,9.268030
400,2,443.34,22904.36,26646.20,190.88,1332.50,2218.455535,0.100833,9.050319
400,2,393.63,18560.98,23494.50,1332.02,1555.91,2045.584538,0.089167,9.036164
400,2,420.04,21527.25,25995.98,464.26,1583.25,2421.225686,0.097333,9.313110
400,2,592.38,31430.78,36054.90,339.34,1356.38,2928.392503,0.137083,9.352034
400,2,430.08,22818.31,26283.80,214.83,1278.89,1971.773626,0.099000,9.138495
400,2,406.81,20667.22,25212.21,363.55,1714.30,2467.139940,0.093667,9.224188
400,2,332.04,16472.53,19902.23,597.64,1139.45,1692.617782,0.075583,8.909163
400,2,456.45,24329.83,28215.43,476.81,1320.44,2088.355658,0.104917,9.310072
400,2,448.18,23157.91,26718.35,302.16,1302.19,1956.092677,0.101833,9.133646
400,2,340.75,16501.67,21099.08,917.29,1738.63,1941.492089,0.078417,9.124145
400,2,384.43,20262.50,23420.64,442.16,939.23,1776.744124,0.088667,9.092639
400,2,473.94,24109.51,29382.01,311.59,1753.34,3207.569108,0.109833,9.427733
400,2,357.47,18250.15,21797.69,434.04,1407.23,1706.266337,0.081667,9.191626
400,2,287.34,13829.46,17807.76,941.69,1350.95,1685.659693,0.065583,8.819852
400,2,559.39,28974.71,33825.05,442.35,1587.00,2820.982999,0.129833,8.958993
400,2,309.15,15407.00,18836.95,505.85,1211.63,1712.461507,0.071083,9.184264
400,2,507.17,25687.12,30699.34,414.87,1746.29,2851.058888,0.117333,9.247066
400,2,598.98,30787.68,36347.71,880.43,2063.08,2616.510141,0.137083,9.250880
400,2,436.68,23032.19,26660.06,469.88,1190.85,1967.137505,0.101083,9.277183
400,2,486.37,24567.50,29085.21,413.86,1615.23,2488.629054,0.110333,9.149472
400,2,273.05,12289.95,16920.43,1418.45,1545.88,1666.142945,0.062833,9.000628
400,2,419.75,22023.28,25885.44,526.39,1217.89,2117.883249,0.096500,9.048147
400,2,445.54,22112.53,26777.70,814.37,1499.45,2351.342553,0.101083,9.213776
400,2,446.91,22566.03,26812.94,435.00,1364.56,2447.350728,0.101500,9.190323
400,2,346.17,16889.91,20930.74,1175.11,1039.57,1826.148101,0.078417,8.970173
400,2,492.18,25052.46,30095.61,398.57,1873.14,2771.436895,0.113167,9.148269
400,2,586.59,30656.08,35485.85,305.11,1727.53,2797.126730,0.134667,8.869494
400,2,315.29,15639.13,19453.52,695.94,1486.43,1632.027955,0.072833,9.047023
400,2,544.15,28290.45,32758.56,387.57,1619.46,2461.077414,0.124250,9.311140
400,2,423.04,21212.05,26102.08,547.98,1741.30,2600.753648,0.099000,9.037746
400,2,366.95,19091.29,22753.51,427.19,1397.24,1837.797669,0.086417,9.330353
400,2,458.75,23561.51,27334.25,639.19,1400.36,1733.197800,0.103917,8.922429
400,2,397.29,19862.93,24428.77,550.04,1605.64,2410.160044,0.090917,9.351931
400,2,433.37,22527.36,27071.46,448.89,1736.62,2358.592055,0.101917,8.938382
400,2,379.92,18500.92,22844.77,1015.84,1349.34,1978.668602,0.087167,9.333735
400,2,487.53,25268.78,29169.69,364.08,1212.71,2324.125290,0.111417,9.222449
400,2,520.39,26067.64,31233.36,648.93,1803.22,2713.561820,0.118250,9.495635
400,2,400.58,21257.54,25055.36,279.41,1536.76,1981.656237,0.094083,9.227194
400,2,474.84,23550.85,28808.71,1176.21,1576.69,2504.955265,0.107667,9.481059
400,2,432.95,22482.98,26746.95,386.38,1777.99,2099.599071,0.098917,9.425900
400,2,290.70,13839.47,18177.77,736.74,1591.68,2009.883715,0.067417,9.915125
400,2,644.99,32762.72,38312.65,324.44,2099.63,3125.862485,0.147750,9.076214
400,2,398.32,19941.59,24324.47,771.51,1699.78,1911.595250,0.090333,9.423348
400,2,352.61,17664.08,21448.01,376.91,1381.20,2025.822321,0.081500,9.235778
400,2,413.07,20664.67,24868.47,623.50,1453.37,2126.917118,0.093833,9.653590
400,2,664.48,34646.19,39419.19,239.30,1455.56,3078.150668,0.152000,9.510278
400,2,493.96,25766.35,29910.45,325.24,1496.00,2322.868248,0.113083,9.846912
400,2,416.55,20797.43,25538.79,674.96,1897.62,2168.777045,0.095417,9.430699
400,2,460.30,23402.14,27809.52,537.03,1507.56,2362.791577,0.105750,9.993636
400,2,461.18,24583.84,28526.38,472.71,1308.98,2160.852565,0.108333,9.111754
400,2,303.91,14934.23,18719.25,636.34,1220.43,1928.244633,0.069000,9.521493
400,2,338.23,16695.75,20492.89,650.19,1383.82,1763.140038,0.078083,9.061696
400,2,403.83,19786.00,24449.78,1291.08,1513.78,1858.917683,0.091583,9.585055
400,2,317.25,16175.76,19293.75,518.63,1008.36,1591.000490,0.071917,8.973294
400,2,444.67,22885.56,26996.69,521.41,1393.48,2196.234306,0.102833,9.154078
400,2,501.43,26515.22,30617.36,561.23,1317.80,2223.108058,0.116500,9.173435
400,2,465.12,23959.27,28099.97,347.86,1622.57,2170.263847,0.106250,9.209876
400,2,418.99,20772.51,25168.77,752.67,1297.16,2346.432459,0.095333,9.211329
400,2,499.86,25733.12,30301.80,427.10,1528.62,2612.963686,0.116500,8.576582
400,2,630.08,33937.54,38323.92,219.27,1285.47,2881.635036,0.146750,9.345146
400,2,574.57,29966.69,34985.87,321.71,1589.56,3107.893495,0.132917,9.288473
400,2,313.51,14771.37,19887.67,1132.87,1918.42,2065.014097,0.073583,8.886931
400,2,484.35,25197.99,29800.14,369.77,1665.18,2567.204353,0.113167,8.684560
400,2,238.89,11681.41,14599.78,573.21,1070.97,1274.184253,0.054167,9.136242
400,2,519.75,26605.21,31468.93,753.48,1509.08,2601.156829,0.118750,8.535440
400,2,383.27,19546.56,23708.05,622.37,1650.57,1888.547979,0.088333,4.473427
400,2,326.66,16756.58,19709.91,143.92,1235.43,1573.985230,0.074417,4.457360
400,2,455.84,23025.62,27345.45,559.38,1362.07,2398.382371,0.105167,4.385722
400,2,529.38,27173.48,32857.70,675.33,1703.30,3305.588903,0.122417,4.470375
400,3,501.80,24589.63,30619.98,994.86,2274.35,2761.128807,0.115583,9.413092
400,3,554.63,26626.77,33275.84,956.68,2627.33,3065.056938,0.126833,9.238836
400,3,622.90,30770.52,36778.04,723.18,2165.10,3119.240120,0.141417,9.171320
400,3,421.49,21076.69,25693.46,499.26,1760.46,2357.051307,0.097083,9.311104
400,3,589.64,27275.73,35807.61,1851.58,2981.85,3698.454705,0.135167,9.366449
400,3,628.45,31983.91,37873.99,346.62,1970.96,3572.502663,0.144667,9.370840
400,3,705.30,34492.62,42242.89,1413.98,2513.15,3823.144564,0.160083,9.469037
400,3,536.82,25930.59,32601.42,1074.66,2323.99,3272.172545,0.123833,9.242250
400,3,457.28,21298.53,28084.06,1354.23,2329.02,3102.275182,0.104750,9.332981
400,3,318.25,14175.53,19152.14,1408.21,1520.18,2048.215597,0.072250,9.072400
400,3,678.56,35081.42,40943.67,498.86,2231.10,3132.291914,0.157333,9.710758
400,3,328.59,14843.20,20569.56,1313.20,2201.71,2211.453730,0.076250,8.938636
400,3,544.38,27270.53,33231.36,685.11,2269.33,3006.387789,0.125250,9.689619
400,3,651.58,32640.59,39683.95,610.14,2713.29,3719.939175,0.149833,9.920834
400,3,378.98,18517.88,25095.54,784.20,2808.84,2984.608870,0.092583,10.402343
400,3,714.47,37268.56,42765.22,376.27,1541.03,3579.363811,0.164500,9.018821
400,3,697.18,35068.05,42912.28,654.15,2660.50,4529.576670,0.163000,9.402248
400,3,497.39,24508.85,30382.44,959.33,2138.89,2775.376084,0.115583,9.231335
400,3,396.92,18950.84,24731.13,1142.47,2051.34,2586.473345,0.091583,9.346097
400,3,728.30,36977.74,44287.04,451.21,2997.02,3861.060340,0.168000,9.378538
400,3,559.66,26972.44,34074.65,1461.85,2399.28,3241.077720,0.127250,8.382094
400,3,679.85,33673.45,40576.67,882.55,2538.66,3482.006084,0.155417,9.078177
400,3,738.24,37381.98,43962.88,300.70,2602.15,3678.056817,0.168833,9.031380
400,3,444.54,21306.93,26491.83,586.61,1951.76,2646.517205,0.102583,9.062787
400,3,637.13,31418.65,37931.67,530.52,2682.01,3300.484986,0.144917,8.925636
400,3,670.15,34275.80,40609.40,833.93,2386.91,3112.758585,0.155167,9.189177
400,3,562.76,27747.92,33385.52,864.15,1883.48,2889.964077,0.127583,9.227511
400,3,679.48,35548.52,42627.91,483.25,2916.38,3679.760780,0.161250,9.775876
400,3,649.03,31827.70,38691.50,818.61,2704.29,3340.891326,0.149250,9.237035
400,3,426.04,18974.56,25309.15,1757.46,2126.46,2450.670865,0.096667,9.439882
400,3,488.63,23244.00,30458.05,1300.64,2724.07,3189.347242,0.114417,9.559547
400,3,570.96,28289.19,34362.18,540.81,2289.57,3242.615815,0.130917,9.135714
400,3,633.25,31352.19,37708.90,1219.60,1956.51,3180.602355,0.144583,8.790160
400,3,593.72,29345.86,35582.03,763.06,2185.04,3288.064183,0.135833,9.226098
400,3,577.35,27929.22,34629.30,1239.51,2472.84,2987.723697,0.132000,9.073773
400,3,514.05,26076.71,30722.94,447.46,1912.72,2286.043358,0.118167,9.323775
400,3,483.74,23873.65,31260.13,1225.54,2610.84,3550.105404,0.116083,10.151969
400,3,532.67,26665.04,32162.05,676.29,2033.86,2786.865785,0.122333,9.140260
400,3,429.08,20491.26,26347.87,643.88,2318.30,2894.436985,0.097250,9.089823
400,3,513.88,25819.08,30678.09,545.83,1662.01,2651.178383,0.117583,9.307148
400,3,338.49,15194.70,20792.76,1379.47,1880.65,2337.931337,0.076833,8.424214
400,3,393.00,18521.76,24414.08,1199.13,2351.18,2342.005767,0.091083,8.992150
400,3,503.57,23117.46,31042.67,1262.36,2623.10,4039.740642,0.116833,8.919312
400,3,583.37,29770.95,34647.40,419.88,1750.35,2706.219595,0.134167,9.016730
400,3,396.31,18438.76,24654.67,1423.27,2416.73,2375.906865,0.091833,8.507307
400,3,630.62,29494.94,37841.50,1815.34,2930.66,3600.553373,0.143167,8.941670
400,3,456.98,22446.29,27685.40,671.53,2227.41,2340.160005,0.105083,8.806586
400,3,469.56,21921.40,28251.24,989.56,2229.73,3110.557614,0.107333,9.216652
400,3,483.38,23118.20,30054.56,1433.78,2372.99,3129.586622,0.111667,8.962046
400,3,410.01,19248.03,25688.68,1162.49,2776.58,2501.570066,0.096667,9.267465
400,3,578.63,28530.99,33674.31,620.12,1822.50,2700.705858,0.131917,8.913649
400,3,715.83,35288.11,42186.20,1005.35,2733.16,3159.583322,0.162417,9.360817
400,3,489.22,23840.01,30891.63,971.67,2620.26,3459.686442,0.114583,9.550307
400,3,389.91,17243.38,23941.51,1642.61,2241.13,2814.396851,0.089667,9.428966
400,3,537.93,26023.08,32507.02,1104.92,2073.36,3305.656023,0.123500,9.298534
400,3,599.99,29491.05,35932.00,865.80,2434.18,3140.976760,0.136333,9.495817
400,3,489.97,21950.92,30124.00,1632.76,2840.47,3699.849967,0.112833,8.940078
400,3,559.89,26459.28,33570.66,1313.21,2427.53,3370.643508,0.127250,8.847577
400,3,585.57,28466.91,34913.33,1508.12,2277.85,2660.459171,0.132750,8.610599
400,3,526.09,27268.51,31973.44,483.15,1508.02,2713.754550,0.122417,8.810058
400,3,477.22,21987.07,29756.79,1593.75,2560.79,3615.185082,0.110833,9.797137
400,3,643.16,33027.54,38677.55,628.03,1761.14,3260.837977,0.148750,9.358264
400,3,494.77,24722.42,30034.43,438.04,2148.12,2725.855963,0.114333,8.868061
400,3,487.35,23538.55,30026.86,1127.80,2575.96,2784.558221,0.113333,9.185549
400,3,658.43,33549.12,39215.88,436.23,1914.32,3316.210581,0.151500,8.755841
400,3,762.46,39054.98,45940.95,594.73,2501.77,3789.464470,0.177083,9.289027
400,3,573.02,27520.75,34583.79,1384.18,2535.88,3142.985015,0.132000,9.540037
400,3,583.40,28970.49,34745.76,830.27,1736.64,3208.365907,0.132417,9.682660
400,3,596.91,29954.10,35877.16,650.56,2148.62,3123.880414,0.137083,9.027836
400,3,588.67,29159.04,36676.39,1183.23,2495.12,3838.998667,0.137083,9.175550
400,3,390.09,19091.29,24611.77,587.79,2204.83,2727.866803,0.091833,8.996572
400,3,557.16,27058.29,33743.23,972.55,2555.14,3157.245824,0.127000,9.070691
400,3,869.87,44111.75,50929.64,487.02,2341.58,3989.286917,0.197750,9.025734
400,3,559.54,27493.46,33975.00,924.71,2404.21,3152.621364,0.128750,9.264794
400,3,568.49,28831.56,35300.64,777.38,2370.66,3321.053937,0.134917,9.707835
400,3,659.58,34020.40,41022.49,450.19,2597.20,3954.711436,0.154083,9.956221
400,3,535.63,24922.93,32668.02,1974.61,2269.56,3500.917579,0.121333,9.022863
400,3,535.55,26194.80,32582.41,1143.25,2155.91,3088.446285,0.122250,9.228192
400,3,673.39,35266.68,42921.72,468.44,3013.77,4172.838051,0.160917,9.469915
400,3,713.21,36174.17,42380.91,890.11,1984.34,3332.286573,0.163750,9.344112
400,3,434.94,20432.49,26407.86,1174.66,1970.68,2830.036482,0.100583,9.256827
400,3,693.83,35135.76,41833.86,585.00,2704.85,3408.247401,0.159833,9.669928
400,3,464.90,22796.75,27756.48,853.44,1842.97,2263.325762,0.105417,9.744428
400,3,460.95,22290.94,27537.82,1072.78,1780.84,2393.264999,0.104417,9.931237
400,3,370.96,18615.93,22069.49,291.93,1148.91,2012.715806,0.084083,9.356265
400,3,641.89,31498.25,37882.33,862.76,2529.18,2992.152136,0.146500,9.319518
400,3,459.99,22167.37,28197.73,1090.68,2347.26,2592.419135,0.105417,9.136048
400,3,482.37,22529.74,28678.11,1109.90,2349.53,2688.940954,0.109833,9.133513
400,3,448.13,20342.62,27373.04,1350.45,2362.83,3317.135899,0.102500,9.026438
400,3,632.82,31439.68,38134.81,724.01,2332.81,3638.309829,0.144750,9.121805
400,3,691.92,35344.17,42371.47,683.16,2402.13,3942.006251,0.160583,8.044845
400,3,646.14,32151.36,39298.66,617.96,2280.05,4249.297809,0.148833,8.973518
400,3,524.60,26570.80,32526.36,793.38,2010.16,3152.028264,0.121333,8.820313
400,3,534.87,25566.47,32333.38,1406.54,2137.38,3222.985027,0.121917,9.156944
400,3,509.21,25157.43,30501.16,420.96,2425.70,2497.064350,0.117500,8.943100
400,3,496.64,23466.46,30014.78,1554.43,2148.69,2845.199905,0.112500,8.075829
400,3,396.21,18172.61,23783.21,1758.52,1557.14,2294.938613,0.089750,4.348443
400,3,439.05,22211.67,28003.05,396.99,2553.23,2841.158257,0.104083,4.437136
400,3,513.60,25163.18,31309.37,944.21,2103.31,3098.667137,0.118250,4.349647
400,3,513.57,24637.91,31772.50,811.24,2381.94,3941.421638,0.118833,4.398391
400,4,526.32,25908.36,32197.64,952.92,2015.85,3320.512621,0.122833,8.807914
400,4,678.61,32499.65,41164.70,1410.04,3278.64,3976.371270,0.155667,9.380198
400,4,647.15,30715.80,38978.68,1454.90,2951.11,3856.858706,0.148583,9.153650
400,4,640.73,32231.18,38807.78,734.19,2682.86,3159.552887,0.149417,9.457938
400,4,793.53,38608.21,47614.74,748.53,3334.59,4923.402588,0.180333,9.374913
400,4,575.42,25713.09,34610.52,1817.82,3252.65,3826.957808,0.132333,9.298218
400,4,754.79,36636.00,46354.04,1491.65,3292.88,4933.509164,0.175000,9.129564
400,4,534.28,22869.06,31809.00,2193.51,2849.23,3897.190961,0.122417,9.151812
400,4,531.79,25182.58,32591.32,1137.78,2505.70,3765.257660,0.121167,9.233780
400,4,623.56,30146.57,38127.05,922.45,3037.93,4020.099639,0.143250,9.004640
400,4,608.93,29423.55,37794.18,1542.89,3146.75,3680.995683,0.143417,9.298410
400,4,540.44,26265.81,32754.05,810.25,2818.51,2859.473120,0.124250,8.890980
400,4,902.58,46541.10,55170.33,637.42,3658.43,4333.378849,0.211500,10.302425
400,4,531.36,24330.60,33082.80,1219.11,3282.15,4250.935648,0.124917,10.193239
400,4,497.96,23676.78,31499.52,1297.82,2970.23,3554.697171,0.117583,9.135298
400,4,714.48,34530.02,43156.63,1138.35,2977.58,4510.667726,0.164333,9.245175
400,4,779.36,36946.47,47674.12,1740.31,3969.47,5017.868664,0.180750,9.438607
400,4,805.37,39722.87,49099.87,753.29,4019.13,4604.577685,0.185167,8.776874
400,4,928.73,46567.91,54510.60,640.93,3188.09,4113.674586,0.211333,9.149979
400,4,434.34,17932.37,26734.88,2339.22,3003.74,3459.545800,0.100750,9.139608
400,4,725.80,35751.97,43820.21,1119.97,2716.57,4231.697141,0.165833,9.001087
400,4,622.96,30410.90,39879.33,1474.46,3125.79,4868.188651,0.152000,8.583944
400,4,733.92,36590.49,44136.87,541.84,3017.34,3987.199832,0.168500,8.739319
400,4,583.50,28837.16,36188.68,1255.59,2362.69,3733.238237,0.138417,8.791219
400,4,655.07,33282.50,41187.73,641.93,2786.78,4476.507507,0.157167,9.268938
400,4,581.00,27107.14,35312.20,1486.15,3023.84,3695.070394,0.132083,8.285738
400,4,672.65,32336.69,40279.17,1057.66,3109.55,3775.281265,0.152917,8.960985
400,4,523.12,25113.98,32588.03,1029.71,2621.90,3822.429275,0.122500,9.031912
400,4,858.37,43266.72,51303.78,429.79,2783.73,4823.548391,0.197167,9.411335
400,4,841.19,42441.67,51093.28,907.19,3050.65,4693.769625,0.195917,9.248013
400,4,615.03,30858.71,39171.42,919.55,3189.85,4203.308000,0.148500,9.646799
400,4,621.67,30394.61,37776.64,1002.89,2749.85,3629.283726,0.142167,8.816662
400,4,573.03,26467.76,34942.47,1376.80,2764.15,4333.763218,0.133000,9.626334
400,4,753.05,36107.81,44906.28,1272.52,3471.56,4054.390723,0.171583,9.077730
400,4,549.18,23484.47,33382.83,2048.36,3555.50,4294.499388,0.126917,9.604174
400,4,529.90,25627.98,33272.48,1232.28,2973.65,3438.569559,0.125250,9.236836
400,4,958.99,48814.59,57257.97,475.60,3349.18,4618.593052,0.217833,9.262263
400,4,650.24,32909.15,41646.42,975.20,3718.24,4043.831526,0.156333,9.165740
400,4,544.31,26552.94,33649.58,870.05,2743.19,3483.403401,0.125917,9.202300
400,4,627.92,31459.63,38955.06,842.07,2833.62,3819.750512,0.146417,8.839638
400,4,588.88,28232.73,35635.58,1107.69,2775.89,3519.263898,0.135000,9.088361
400,4,561.59,26713.52,33701.68,1481.01,2645.60,2861.552974,0.128583,8.065237
400,4,754.05,37025.78,46725.61,1081.12,3082.61,5536.089700,0.177500,8.819562
400,4,691.50,34781.79,42565.49,851.52,2952.42,3979.747387,0.161500,8.789843
400,4,437.92,19773.80,26738.29,1549.13,2670.68,2744.683606,0.101250,9.611459
400,4,698.80,33347.43,43425.77,906.42,3780.87,5391.055338,0.165167,9.763670
400,4,616.02,31093.01,37691.22,621.99,2569.37,3406.840638,0.144417,8.667074
400,4,688.19,32937.86,41904.31,1468.15,3136.39,4361.906595,0.158167,9.006840
400,4,991.77,49617.46,59412.99,1105.33,3880.06,4810.143616,0.226917,10.339545
400,4,380.87,15699.65,23731.88,2006.84,2918.31,3107.079778,0.089750,10.123448
400,4,693.03,33342.50,42654.05,1567.03,3671.62,4072.893687,0.161167,9.426853
400,4,548.86,24759.15,33350.27,1705.09,3340.65,3545.388187,0.125750,9.246911
400,4,809.36,41261.90,48697.17,605.22,2875.71,3954.345617,0.185083,9.917293
400,4,722.89,37425.07,44993.55,906.28,2661.36,4000.841715,0.170750,10.037502
400,4,635.89,29810.93,38649.91,1560.02,3331.95,3947.023914,0.145083,10.073439
400,4,625.58,30805.44,38409.84,726.18,3165.93,3712.283083,0.145167,10.334540
400,4,629.75,29707.27,37899.01,1729.74,2562.61,3899.389844,0.142917,8.884776
400,4,712.32,33117.37,42274.52,1992.55,3292.94,3871.663476,0.162417,8.553063
400,4,656.12,32685.77,40873.90,864.30,3264.99,4058.844305,0.153667,9.174988
400,4,671.58,33645.77,40898.96,1032.08,2644.89,3576.217319,0.155833,9.194618
400,4,591.48,26252.59,35832.02,1557.24,3270.73,4751.462948,0.137417,9.331647
400,4,630.78,30372.02,37983.72,1579.37,2437.12,3595.204565,0.144083,9.052760
400,4,685.20,33366.71,41072.49,1304.92,2887.22,3513.646454,0.156417,9.455379
400,4,745.55,36674.30,44928.71,906.76,3073.25,4274.406810,0.169833,9.803830
400,4,648.47,30699.91,39193.06,1695.10,3101.70,3696.349675,0.147000,10.323477
400,4,695.03,35549.50,44803.52,831.58,3793.36,4629.079270,0.169250,10.551334
400,4,709.24,35435.46,43086.65,969.24,2550.09,4131.853539,0.163917,9.436450
400,4,630.60,28782.43,37941.51,2234.10,3218.08,3706.898230,0.144667,9.493553
400,4,726.35,36599.42,44607.89,480.11,3123.51,4404.856418,0.169417,9.207123
400,4,622.73,29083.37,38551.56,1787.30,3324.82,4356.055772,0.145333,8.967803
400,4,477.22,23333.17,30931.60,903.03,2916.08,3779.306441,0.115083,9.993706
400,4,550.70,25418.64,32906.62,1250.72,2786.74,3450.511994,0.127083,9.206342
400,4,793.18,39019.24,47595.72,993.76,2871.10,4711.618245,0.181667,9.528801
400,4,547.60,24653.66,32939.74,1967.25,2927.89,3390.946546,0.124833,9.520388
400,4,746.74,36334.36,44969.35,908.83,3297.31,4428.858320,0.171667,9.178331
400,4,796.25,40658.76,48714.69,458.97,3144.71,4452.250715,0.184500,9.325562
400,4,777.32,36741.87,46736.80,2290.28,3567.97,4136.677775,0.177500,9.826969
400,4,621.50,29904.03,38495.65,1000.86,3468.44,4122.310608,0.144167,10.057763
400,4,741.87,35665.60,45824.06,1464.12,4060.27,4634.074516,0.171583,10.169909
400,4,762.79,38903.50,47807.45,640.43,3488.39,4775.136866,0.179667,10.397916
400,4,604.07,29178.15,36914.47,1429.40,2591.18,3715.745363,0.140000,9.051922
400,4,646.63,32529.55,40009.10,1254.63,2518.40,3706.513784,0.151917,9.065458
400,4,796.27,39704.17,48408.01,1281.99,3577.74,3844.118411,0.183750,9.276643
400,4,534.47,25827.02,31849.44,1253.15,1948.02,2821.255684,0.121333,9.050854
400,4,535.21,26047.09,31733.43,1021.04,2203.15,2462.146637,0.121500,10.139015
400,4,644.72,30867.93,38899.97,1436.08,2900.13,3695.833708,0.147250,9.748373
400,4,770.27,38784.18,46805.81,538.53,3184.62,4298.493154,0.176833,9.536689
400,4,732.35,37036.43,44923.82,514.97,2986.77,4385.644910,0.169750,9.563344
400,4,635.58,31116.92,38731.08,1034.05,2612.71,3967.392815,0.148667,9.499384
400,4,766.26,38460.36,46936.15,777.22,2990.73,4707.842331,0.178167,8.410142
400,4,663.64,30658.63,40189.15,1936.09,3310.29,4284.141994,0.154500,9.566602
400,4,819.78,42691.00,51400.20,972.76,2777.06,4959.381214,0.196917,9.279328
400,4,595.44,28083.95,36302.46,1221.49,2971.96,4025.059010,0.136750,7.915176
400,4,984.77,49960.52,58778.85,398.97,3438.03,4981.335972,0.224167,9.223605
400,4,482.76,21577.40,29088.58,1517.03,3202.47,2791.684412,0.110250,8.539591
400,4,626.25,29511.66,37346.97,1365.95,2730.43,3738.924271,0.142833,8.810955
400,4,633.85,31935.51,38134.96,993.44,2002.08,3203.913938,0.143917,4.370004
400,4,636.06,30315.50,37594.08,1488.06,2747.97,3042.538886,0.144083,4.330448
400,4,490.01,21969.14,30398.44,1244.23,3330.56,3854.514915,0.114583,4.023644
400,4,795.97,39500.24,48706.99,741.97,3251.88,5212.906280,0.184333,4.171097
400,5,933.11,45762.58,56685.69,1304.58,4622.43,4996.093695,0.215083,8.606831
400,5,957.82,47265.36,57271.42,1092.67,3777.10,5136.298340,0.217917,8.859829
400,5,803.13,40817.98,50228.13,753.63,3339.32,5317.197448,0.194583,8.993596
400,5,493.68,23756.26,30991.14,873.47,2956.71,3404.693762,0.116750,9.672508
400,5,606.35,24778.44,36295.97,2142.53,3784.23,5590.768226,0.140333,8.901293
400,5,652.80,28799.10,39057.15,1567.84,3645.22,5044.996982,0.150250,8.789127
400,5,671.54,29917.33,39598.33,2164.27,2961.24,4555.484715,0.153750,8.841771
400,5,887.61,41027.73,53151.13,2462.64,4723.32,4937.448055,0.201750,9.106792
400,5,779.17,37646.40,48695.16,1588.61,4423.28,5036.869576,0.181250,9.043429
400,5,675.98,30589.55,41297.09,1815.59,4175.91,4716.042702,0.157000,11.300459
400,5,660.90,28712.10,39375.60,2341.13,4017.44,4304.927471,0.150500,8.976458
400,5,733.72,36725.42,45485.55,644.69,3831.62,4283.821951,0.171500,9.435890
400,5,689.42,30925.68,41706.42,1957.24,4406.49,4417.004796,0.158250,10.036166
400,5,578.62,22806.54,34868.27,3518.30,3814.78,4728.642932,0.133250,10.554314
400,5,883.82,42795.42,52895.47,1173.11,4088.35,4838.594581,0.202750,8.548404
400,5,936.79,45782.62,56776.22,1330.48,4350.84,5312.289793,0.216667,9.114589
400,5,912.21,44349.90,53920.39,1206.66,3019.13,5344.713847,0.208750,9.741466
400,5,522.87,21896.16,32827.83,2600.98,3769.80,4560.893066,0.124667,10.395648
400,5,767.80,37707.34,46429.75,610.13,3408.45,4703.837286,0.178667,8.556724
400,5,855.76,40207.33,51322.44,1598.06,4571.70,4945.361784,0.196167,9.016086
400,5,946.57,45971.13,57661.52,1677.33,4481.76,5531.295300,0.217500,9.929074
400,5,689.72,31487.49,42064.05,2047.31,4084.63,4444.611163,0.159917,10.459558
400,5,593.30,26398.60,36159.45,1722.33,3556.93,4481.584630,0.137833,9.765095
400,5,828.59,41158.40,50894.33,695.96,3787.58,5252.393790,0.192500,9.546235
400,5,708.75,31437.44,42739.95,2241.27,4293.65,4767.582081,0.163083,9.739990
400,5,716.53,34345.14,43929.39,1310.46,3727.78,4546.016707,0.166833,10.554771
400,5,708.12,31990.29,43527.62,1490.85,4525.14,5521.346678,0.166667,10.004400
400,5,948.11,46406.70,57414.49,777.60,4360.13,5870.055369,0.218833,9.650983
400,5,912.69,46213.94,55814.27,838.79,3462.57,5298.973374,0.213583,9.075019
400,5,807.93,37885.87,48576.94,1704.70,3827.92,5158.452667,0.185583,9.808063
400,5,729.72,33551.05,44163.44,1378.93,4281.49,4951.981939,0.169417,9.623473
400,5,688.39,32088.59,43092.66,1620.13,4519.84,4864.100142,0.164000,9.942340
400,5,917.06,45812.06,55818.91,1052.41,3678.53,5275.898546,0.212583,9.130538
400,5,503.09,19992.43,30264.78,2691.92,3350.30,4230.136909,0.115750,9.448610
400,5,671.05,30124.23,39911.04,2591.31,3298.87,3896.629015,0.152167,8.559269
400,5,558.53,25387.60,34373.22,1835.34,3658.05,3492.243286,0.128667,8.724168
400,5,783.99,36536.29,47364.84,1585.57,4552.39,4690.589484,0.181000,9.029222
400,5,731.30,36168.86,45067.13,715.65,3194.76,4987.850177,0.170917,9.321558
400,5,740.79,37349.35,46158.28,1135.13,3302.14,4371.667085,0.175000,8.558022
400,5,574.19,25346.14,35504.92,2393.33,3935.52,3829.929007,0.133417,8.977847
400,5,866.12,43375.28,51265.53,609.56,3008.84,4271.864599,0.196250,9.064916
400,5,840.81,42580.56,50816.56,569.93,3356.41,4309.663676,0.194417,9.594241
400,5,977.25,45171.62,59348.60,1942.46,5149.60,7084.909255,0.228000,9.276442
400,5,788.30,39522.73,49061.62,1122.47,3445.53,4970.882786,0.187167,9.027639
400,5,638.96,28293.84,39145.80,2257.96,4741.42,3852.577821,0.146583,10.217191
400,5,828.61,38812.83,48955.83,1300.63,3697.55,5144.807601,0.190167,10.568961
400,5,649.52,30711.33,40048.89,1059.19,4036.05,4242.329940,0.152000,10.346014
400,5,639.26,27099.08,38914.92,3029.04,4460.27,4326.528987,0.147750,10.550909
400,5,890.50,43554.60,54257.07,869.81,4052.78,5779.875431,0.206500,9.104241
400,5,854.02,42728.40,51751.60,602.53,3947.70,4472.967786,0.197667,9.477472
400,5,690.79,31980.03,42834.96,1421.63,4521.29,4912.010614,0.163500,9.105837
400,5,707.33,32797.47,42441.67,1723.29,3560.38,4360.520072,0.162083,8.940854
400,5,460.25,18264.64,27875.02,2580.98,3296.28,3733.128836,0.107167,8.905068
400,5,854.46,42540.64,51352.86,989.32,3394.88,4428.026761,0.196750,9.723702
400,5,821.01,39471.82,48833.79,1184.33,3564.39,4613.248165,0.186083,9.042734
400,5,716.30,33752.75,42889.84,1335.83,3404.15,4397.112925,0.166000,9.235801
400,5,580.49,25481.10,35197.93,2347.69,2874.63,4494.511188,0.134833,9.729007
400,5,853.98,40699.36,51624.23,1615.44,4414.90,4894.525632,0.196500,10.523883
400,5,824.62,40537.49,51377.44,827.50,4585.34,5427.107252,0.194500,10.202277
400,5,666.23,31257.31,41947.07,1531.37,4301.72,4856.677579,0.160000,8.836437
400,5,930.49,44088.15,55566.87,695.00,4393.43,6390.286288,0.215000,9.268148
400,5,635.31,29889.73,39405.40,1795.10,3153.04,4567.528865,0.151417,9.584931
400,5,653.06,29841.14,39085.09,2248.26,3375.78,3619.905341,0.148250,9.579063
400,5,669.53,31722.00,42674.51,1265.63,4425.30,5261.587887,0.162667,10.206732
400,5,704.78,32123.65,42961.15,1341.45,4248.72,5247.339674,0.162833,11.092651
400,5,789.35,38154.74,49106.82,1016.95,4404.68,5530.455154,0.187917,10.471876
400,5,789.16,36847.51,47152.64,1326.69,4293.70,4684.739990,0.181583,9.346995
400,5,724.92,32562.01,44109.19,1398.17,4783.52,5365.487476,0.169667,9.694918
400,5,767.28,36556.29,45927.89,1101.26,3647.22,4623.118029,0.175833,9.698736
400,5,668.83,29227.00,40047.78,2403.48,3475.93,4941.374927,0.153750,10.274732
400,5,608.04,27335.64,36888.56,2460.43,3675.88,3416.617784,0.139250,9.118980
400,5,900.71,44910.84,54837.69,1373.63,3527.55,5025.670071,0.210417,8.390830
400,5,930.54,46975.02,56420.37,1061.59,3546.54,4837.229461,0.215167,9.023030
400,5,559.43,23613.40,33538.59,2894.22,3674.20,3356.773963,0.127500,8.990652
400,5,567.76,24043.74,34372.19,2052.54,3867.48,4408.417504,0.133417,9.152714
400,5,676.50,31937.09,41471.40,1022.07,3571.38,4940.860204,0.160500,8.361129
400,5,564.71,24308.65,33737.23,2250.25,2932.61,4245.716656,0.128500,9.258661
400,5,888.01,45046.56,53717.81,819.27,2985.16,4866.817928,0.204333,8.484024
400,5,843.67,39709.98,50822.92,1327.49,4139.02,5646.421260,0.193500,8.957500
400,5,759.51,35834.61,45327.27,656.26,3545.84,5290.564730,0.174750,8.709556
400,5,637.69,29451.60,38152.43,1360.03,3316.87,4023.932703,0.147083,8.759125
400,5,938.11,46402.84,56345.93,610.77,4128.36,5203.961213,0.214333,9.113806
400,5,694.39,33380.90,42899.16,1074.70,4418.12,4025.433309,0.161167,9.436483
400,5,693.73,32665.34,41712.03,1146.88,3756.14,4143.668730,0.158167,9.532084
400,5,723.38,35734.88,43789.11,1463.89,3212.62,3377.718291,0.167250,9.728324
400,5,729.23,36606.38,45839.77,1266.96,2999.67,4966.758524,0.175167,9.140454
400,5,480.61,19711.00,29224.61,2813.99,3446.81,3252.815688,0.111000,9.080465
400,5,828.90,40711.59,50830.67,799.44,4095.13,5224.514700,0.194167,9.277189
400,5,699.56,31651.11,42176.57,2610.91,3924.30,3990.240891,0.160833,8.827242
400,5,808.76,38879.61,48839.64,846.62,3903.55,5209.851819,0.187083,6.309130
400,5,693.22,31701.23,40906.71,1733.97,3515.02,3956.479258,0.157083,8.997899
400,5,743.16,31625.20,45711.53,2362.05,5276.84,6447.441636,0.176167,6.564657
400,5,871.15,43034.22,53335.28,1190.27,3742.63,5368.162707,0.201667,9.241694
400,5,822.77,40294.45,51206.35,915.11,4147.42,5849.368800,0.196917,9.292842
400,5,665.45,30797.09,40065.22,1814.94,3595.68,3857.512499,0.152333,8.919788
400,5,929.12,46586.68,56338.66,726.18,3359.66,5666.144512,0.215083,9.244884
400,5,565.37,25759.63,34112.65,1763.80,2995.96,3593.262219,0.129333,4.569534
400,5,644.26,31435.04,41112.33,1643.15,3828.04,4206.098571,0.154667,4.245921
400,5,763.82,35721.44,46607.58,1380.68,4653.13,4852.325070,0.176667,4.261386
400,5,660.95,29429.60,40635.98,1732.44,3768.60,5705.343981,0.155083,3.907089
400,6,828.45,38615.93,51662.23,1381.91,5511.63,6152.763135,0.196833,10.093132
400,6,1053.12,51390.46,63561.48,801.13,5001.90,6367.988426,0.244500,9.295547
400,6,987.37,47158.26,58062.54,845.29,4286.57,5772.418876,0.225833,8.876238
400,6,872.40,41238.24,54105.43,1715.40,5582.20,5569.584405,0.203667,10.912127
400,6,920.72,43068.49,55074.29,1466.48,3791.15,6748.172346,0.214667,8.818106
400,6,1084.30,54868.16,66108.04,996.16,4206.59,6037.130577,0.254000,8.942038
400,6,926.46,42200.91,55663.73,2225.15,4582.18,6655.491617,0.214417,8.744978
400,6,806.77,37623.97,47482.76,1200.05,3616.89,5041.853504,0.184333,8.651525
400,6,833.02,41247.96,53713.10,1075.26,4854.08,6535.788635,0.204250,11.433596
400,6,985.23,47675.20,59040.23,1960.11,4317.19,5087.731217,0.225000,8.824307
400,6,706.29,31883.23,41574.32,1995.19,3239.06,4456.838355,0.160833,8.611899
400,6,923.01,45457.69,56755.62,779.79,4646.32,5871.811230,0.215083,8.910561
400,6,892.84,42653.13,54185.77,833.67,4621.09,6077.871231,0.207250,10.486982
400,6,866.69,38482.09,51511.93,2064.67,4927.52,6037.652605,0.199833,9.297218
400,6,668.91,28370.28,39913.62,2381.65,4518.21,4643.481156,0.154583,9.556746
400,6,1080.17,52322.92,65159.95,989.82,5333.79,6513.419035,0.248750,9.031445
400,6,1137.15,54147.65,67599.73,1397.33,5284.41,6770.336216,0.259500,10.640328
400,6,705.29,29987.62,42778.12,1693.57,5061.11,6035.830894,0.164833,11.609562
400,6,858.30,42769.07,53529.78,1100.92,3796.11,5863.674979,0.207000,10.299244
400,6,669.31,25617.14,40012.15,3572.67,5142.81,5679.522492,0.154833,10.170247
400,6,842.55,38431.44,52077.09,1934.22,5471.86,6239.560750,0.198250,10.352294
400,6,1016.71,48692.43,62153.33,2037.12,5577.21,5846.570079,0.235250,10.202978
400,6,642.85,27840.33,40265.38,1739.79,4790.64,5894.629222,0.155250,10.187949
400,6,1122.63,56507.87,69172.78,767.09,5333.33,6564.489643,0.264250,8.968099
400,6,915.02,42327.82,54470.46,2122.82,4862.32,5157.493468,0.209583,9.583489
400,6,798.58,36786.66,47485.88,1595.29,4230.96,4872.971746,0.181917,10.077161
400,6,970.24,46061.25,58743.81,965.82,5571.88,6144.857610,0.225833,10.610213
400,6,811.02,34868.33,48444.25,2353.63,5012.67,6209.614971,0.187083,11.202650
400,6,859.61,41080.70,51929.66,1324.63,4090.61,5433.714684,0.201750,10.546612
400,6,846.87,37645.61,50410.88,2534.07,4837.33,5393.874363,0.195583,9.541412
400,6,873.43,40045.90,54275.59,2039.15,5706.42,6484.124595,0.206583,9.941357
400,6,727.72,34266.77,44971.91,2189.17,3336.92,5179.040090,0.173417,8.419477
400,6,878.85,39781.87,53837.59,1756.09,5827.14,6472.489478,0.206750,10.319815
400,6,850.07,39051.41,52239.18,2041.23,5354.89,5791.660633,0.199583,9.057129
400,6,1083.17,51502.10,64212.70,1549.14,5040.88,6120.581972,0.246417,8.781050
400,6,736.73,34602.65,45044.47,1152.55,4699.95,4589.330389,0.171833,8.623273
400,6,887.94,42730.99,53853.23,1142.32,4088.07,5891.851307,0.206333,8.788885
400,6,844.36,39978.41,50673.82,1669.79,4058.89,4966.722544,0.193417,8.772489
400,6,834.60,41177.66,51633.40,1551.34,4007.31,4897.089241,0.194333,8.962841
400,6,768.19,34545.47,46763.84,2149.89,5000.57,5067.917076,0.177500,8.966846
400,6,942.95,46299.17,57093.64,756.37,4962.80,5075.300863,0.216167,10.544397
400,6,631.26,27413.08,38697.42,2726.02,4538.96,4019.373321,0.145917,10.526745
400,6,910.05,39855.79,55368.93,1889.83,5712.02,7911.292871,0.215667,9.552676
400,6,726.14,31244.95,43906.24,2674.15,4829.86,5157.282712,0.167833,10.883880
400,6,763.63,35143.09,46127.20,1991.56,4607.80,4384.761344,0.175000,8.560617
400,6,774.75,33153.77,45601.83,2740.85,4728.80,4978.396404,0.177000,8.722969
400,6,820.73,37727.18,49032.34,934.87,4888.61,5481.673981,0.188167,9.019473
400,6,904.17,41551.89,53521.61,1613.46,4504.52,5851.741111,0.207500,8.717815
400,6,1144.48,56462.62,69580.42,945.39,4958.94,7213.466550,0.266167,9.394530
400,6,618.16,27266.03,38509.23,1603.27,4531.79,5108.144353,0.148000,9.673704
400,6,1005.88,47615.27,61190.03,1775.06,5396.98,6402.719500,0.233000,8.956372
400,6,859.73,40875.42,51554.34,1890.70,3853.27,4934.949306,0.196417,8.600854
400,6,956.35,47274.52,58275.70,1198.70,3929.76,5872.719197,0.222250,8.712774
400,6,907.62,42814.32,54746.23,1688.62,4557.12,5686.177654,0.209083,8.924969
400,6,895.70,41648.82,54062.42,2021.59,4659.17,5732.844646,0.205167,9.131964
400,6,893.70,43837.81,54893.36,1592.95,4058.23,5404.368619,0.207833,9.008906
400,6,1077.75,52241.33,65214.18,1060.46,5381.67,6530.724980,0.247583,8.792838
400,6,963.69,47159.37,58981.01,1219.72,4435.88,6166.047167,0.229000,9.056323
400,6,816.01,38181.41,49652.37,1297.20,4107.21,6066.559469,0.192167,9.087345
400,6,982.01,49090.19,60996.04,838.26,4950.38,6117.214134,0.231167,9.140411
400,6,877.89,38705.66,52237.47,2469.91,5021.99,6039.904179,0.203417,9.334814
400,6,805.69,37610.97,49334.49,1435.73,4703.94,5583.850995,0.188583,9.422496
400,6,551.38,23663.69,33522.39,2592.12,3295.80,3970.779470,0.128417,9.882665
400,6,901.69,45790.50,55790.16,935.89,3167.80,5895.979389,0.214583,10.311366
400,6,677.55,29154.51,40321.60,1766.15,4158.02,5242.917386,0.157500,9.226530
400,6,822.29,37303.57,49690.45,1608.64,4543.67,6234.571560,0.194250,9.181801
400,6,1030.93,49555.53,61909.36,1232.50,4687.10,6434.231898,0.237500,9.842476
400,6,955.98,46221.87,57561.22,1020.56,4065.70,6253.093868,0.221333,9.308903
400,6,1039.08,49620.66,62353.66,938.41,4934.36,6860.231172,0.241000,9.333821
400,6,976.75,44489.09,59218.03,2826.84,5656.45,6245.651969,0.227417,9.499520
400,6,848.01,39355.95,51242.76,1190.89,5235.50,5460.417061,0.195917,10.465850
400,6,804.01,35896.87,48929.85,2034.41,4965.95,6032.634467,0.190750,10.444475
400,6,697.16,30138.20,41912.91,2458.19,4372.69,4943.827115,0.163667,10.064097
400,6,1064.67,50581.56,63918.46,1734.77,5421.85,6180.283853,0.245333,10.544643
400,6,717.67,31539.78,42315.15,1652.53,4262.61,4860.224644,0.164083,9.988765
400,6,787.44,35701.15,47245.09,1714.81,4232.88,5596.250697,0.183083,9.434201
400,6,666.33,28733.35,39613.42,2627.52,3841.69,4410.857089,0.152750,9.957209
400,6,1053.21,52404.93,65061.30,1220.19,5210.17,6226.005889,0.247750,10.345501
400,6,980.89,45721.08,57936.99,837.06,4544.05,6834.795730,0.226583,10.199559
400,6,643.61,26992.66,37974.27,2249.49,3803.46,4928.668184,0.148333,10.525596
400,6,815.74,36411.85,49012.21,2340.26,4513.41,5746.678937,0.188750,9.271466
400,6,783.98,35520.58,47060.20,1905.65,4452.73,5181.234688,0.179667,9.194803
400,6,861.74,41125.07,52737.12,1013.93,4962.91,5635.218277,0.200500,10.614487
400,6,580.74,25789.10,35376.20,1982.37,3616.10,3988.632746,0.138167,10.627640
400,6,582.80,27057.67,38531.71,1609.51,5116.22,4748.302392,0.145167,9.087231
400,6,1064.16,51632.69,63246.79,679.40,4220.31,6714.388576,0.244083,9.082279
400,6,709.14,31958.55,44167.99,2097.21,5007.98,5104.246843,0.168917,9.714142
400,6,816.67,37217.49,48477.85,1929.23,4367.33,4963.802368,0.185417,10.461332
400,6,967.83,46413.58,58114.95,805.29,4699.81,6196.274848,0.222583,9.039980
400,6,949.99,46862.36,56270.65,743.04,3184.13,5481.116032,0.217333,9.128563
400,6,876.27,39156.00,51378.85,2621.81,3928.95,5672.091496,0.199167,9.100305
400,6,1013.53,47491.03,59687.79,1038.25,4317.87,6840.635612,0.231417,9.262585
400,6,786.49,34745.55,48294.44,2394.00,5665.49,5489.408604,0.183417,7.543136
400,6,832.23,38538.72,49494.34,1610.18,4104.78,5240.666008,0.192250,9.057227
400,6,560.46,24551.29,34597.75,1825.98,4032.10,4188.375838,0.131833,9.152658
400,6,910.10,42544.03,54685.32,1363.12,4769.33,6008.843185,0.210667,8.298128
400,6,752.90,34830.20,45526.38,1370.11,4435.19,4890.886515,0.175083,5.381886
400,6,935.30,45623.91,56723.58,837.55,4966.42,5295.696223,0.216417,4.515815
400,6,894.81,41409.27,53834.46,800.26,5199.26,6425.674341,0.210583,3.865646
400,6,996.03,46639.44,61261.54,2436.68,5624.51,6560.904228,0.231250,4.141834
400,7,759.02,31931.17,45321.62,2333.43,5308.95,5748.067841,0.176917,10.736546
400,7,1044.98,49553.35,63692.23,1818.55,5413.53,6906.809831,0.246500,8.898864
400,7,703.47,27232.35,42549.46,2973.50,5799.73,6543.885042,0.166917,10.820719
400,7,839.60,37477.49,50536.99,2128.63,5523.91,5406.961636,0.194667,8.689729
400,7,1042.28,44398.96,60584.09,2624.33,6051.57,7509.230510,0.237667,9.045352
400,7,876.03,37351.92,53657.27,2395.23,6549.68,7360.442604,0.209917,9.419466
400,7,1046.28,47996.38,62653.75,2200.81,5701.81,6754.747046,0.242000,9.391860
400,7,1097.79,53163.54,64449.13,864.28,4300.40,6120.904465,0.248833,8.657004
400,7,1018.91,48134.87,62368.38,1783.35,6064.01,6386.149003,0.237500,9.970887
400,7,827.32,38046.24,50444.34,2122.23,4079.45,6196.418944,0.197167,8.582378
400,7,850.08,38833.48,50362.84,1103.97,4220.87,6204.514833,0.197250,8.788566
400,7,881.07,40769.25,53271.15,2239.18,4866.49,5396.229256,0.200583,8.341481
400,7,887.34,41186.63,52044.22,982.74,4257.08,5617.778852,0.203167,9.210441
400,7,724.88,28813.94,42366.57,3533.70,4275.64,5743.280255,0.164833,10.196125
400,7,841.10,35291.32,49245.25,2273.46,5512.91,6167.557862,0.192833,9.367516
400,7,899.40,39875.04,52714.16,2055.49,5289.75,5493.884437,0.205833,8.894396
400,7,863.89,34811.72,50326.10,3342.22,5809.75,6362.425943,0.196750,9.963861
400,7,995.73,47084.86,58788.74,1080.76,4064.00,6559.110833,0.230000,10.343004
400,7,768.42,32972.42,49127.90,2923.35,6446.47,6785.658285,0.191583,10.938938
400,7,865.87,36014.87,52858.33,3104.87,6972.02,6766.567629,0.205583,11.441458
400,7,975.46,44618.39,58126.08,949.30,6216.72,6341.679067,0.226667,9.787215
400,7,940.30,44026.59,57457.16,1777.16,4958.37,6695.037248,0.225667,9.382138
400,7,1099.62,51200.56,66035.52,2437.24,5941.99,6455.734648,0.252583,8.232672
400,7,788.79,33608.16,46018.31,2333.89,4517.76,5558.494749,0.182000,9.585102
400,7,1159.26,53950.80,70507.39,1280.92,7341.04,7934.627520,0.273000,9.918558
400,7,1079.15,51701.15,66975.23,1547.96,6438.33,7287.789265,0.253750,9.388163
400,7,1155.67,55535.37,71677.41,1740.95,6879.63,7521.453851,0.271083,9.885364
400,7,821.66,34749.85,49930.64,2690.79,5622.52,6867.473597,0.193250,10.682131
400,7,825.70,34191.78,48196.61,2923.39,5327.16,5754.285807,0.189667,10.083471
400,7,999.08,43251.97,59815.48,3045.92,7294.05,6223.541889,0.230167,10.887687
400,7,807.47,33223.06,48295.58,3036.47,5879.39,6156.667009,0.187417,10.823302
400,7,767.94,31582.18,45978.18,3227.08,4893.66,6275.243722,0.178833,10.862924
400,7,859.93,37874.46,51381.30,2276.03,4991.36,6239.451111,0.199917,9.641542
400,7,929.52,42576.41,54914.11,1825.01,4500.43,6012.269441,0.213500,10.124738
400,7,883.15,39892.01,53017.87,1808.88,5215.25,6101.729138,0.204500,10.818483
400,7,862.25,37395.84,52129.28,2857.06,6501.16,5375.222033,0.201000,10.263530
400,7,968.73,44173.11,57312.87,1575.08,5078.18,6486.498918,0.222333,8.862352
400,7,944.19,43487.57,55894.49,1856.14,4791.27,5759.515257,0.215000,9.236396
400,7,694.52,28598.78,41709.27,2601.07,5183.74,5325.682403,0.161583,10.288396
400,7,707.95,30243.80,42700.01,2557.17,4561.29,5337.743903,0.165083,9.927634
400,7,920.80,43058.39,56502.70,2321.12,5212.04,5911.153151,0.216667,9.645747
400,7,662.92,28291.60,38633.64,1879.97,4043.71,4418.361652,0.150167,8.953266
400,7,1149.76,55184.70,69962.81,1156.61,5027.52,8593.977567,0.273833,8.291228
400,7,1102.88,50736.94,65687.28,2857.67,6067.28,6025.383437,0.251250,8.721389
400,7,754.28,31428.24,45294.78,2611.57,5554.99,5699.987617,0.176917,9.767511
400,7,957.01,41942.73,55477.40,2250.13,4633.28,6651.264379,0.217417,8.823492
400,7,835.69,37469.45,51958.39,1742.98,5985.02,6760.951703,0.201583,8.364469
400,7,983.68,47911.68,59951.94,1607.79,4101.67,6330.800414,0.234750,8.033528
400,7,942.91,40984.97,55082.09,2039.91,4935.26,7121.953684,0.215000,8.745751
400,7,780.17,33819.58,47248.39,2245.42,5396.00,5787.378917,0.185333,9.655118
400,7,1014.48,45725.42,60341.17,1234.86,6057.44,7323.448498,0.237167,8.942869
400,7,782.10,33220.70,45619.19,2027.53,5257.23,5113.726979,0.178500,8.195386
400,7,1070.08,51904.96,63785.38,1149.82,4768.24,5962.366614,0.244833,10.864762
400,7,939.61,45978.86,57376.69,1003.41,4092.51,6301.908432,0.225000,9.930025
400,7,845.19,37439.84,49825.58,1756.61,4769.25,5859.879589,0.194000,8.791071
400,7,1042.43,49205.81,62870.15,2374.35,5059.72,6230.273172,0.240750,7.711206
400,7,976.90,43338.23,57227.97,2430.34,4913.26,6546.135178,0.222667,8.895072
400,7,1031.46,49849.64,62090.30,1784.09,4739.37,5717.208975,0.240250,8.739250
400,7,1181.95,58532.93,71828.09,902.08,5438.98,6954.097811,0.275083,8.038411
400,7,948.29,44582.94,58312.62,2097.07,5472.28,6160.325141,0.225417,8.019106
400,7,992.17,45207.35,58286.67,2878.31,4245.94,5955.066773,0.226000,24.146785
400,7,855.21,38499.99,52426.73,2082.26,5403.21,6441.269337,0.204000,10.098884
400,7,883.54,42230.96,54280.20,1301.78,4979.49,5767.976960,0.209917,33.226430
400,7,1085.21,53150.63,66365.75,990.72,5466.78,6757.627070,0.252750,10.065768
400,7,935.23,43170.49,55816.05,1153.55,4913.40,6578.608721,0.217667,33.144711
400,7,1223.44,55745.22,73210.37,2578.05,7041.33,7845.771244,0.281917,10.094918
400,7,985.26,44635.21,57293.07,2101.93,4680.76,5875.164774,0.223500,33.159059
400,7,1082.95,49207.88,64560.45,2719.87,6332.59,6300.116564,0.247000,9.844216
400,7,920.87,40552.28,55923.29,2205.33,5581.91,7583.766476,0.219417,33.744863
400,7,740.51,30653.58,42944.89,2590.36,4347.71,5353.237305,0.169250,9.997877
400,7,987.64,47509.82,60346.56,1092.97,5057.34,6686.441471,0.231500,33.920647
400,7,1105.25,50725.39,65740.10,1491.45,6013.72,7509.540986,0.256833,9.958016
400,7,1018.40,46155.86,60752.32,2344.64,5789.07,6462.761374,0.236250,33.785059
400,7,868.79,38356.11,51468.48,2484.42,4603.50,6024.450198,0.200833,9.800561
400,7,861.08,39675.56,51098.54,1793.55,4512.82,5116.596794,0.196417,33.542861
400,7,1022.14,45769.49,59924.40,2144.75,5996.13,6014.025563,0.232583,10.351560
400,7,743.22,30361.13,44481.39,2785.14,5184.39,6150.733825,0.173667,33.446281
400,7,1052.04,50061.31,64964.68,2591.12,6184.72,6127.518724,0.245583,19.037599
400,7,887.59,36482.71,52615.81,3369.75,5745.73,7017.615811,0.207833,33.049294
400,7,793.50,34364.19,47664.85,2626.86,5001.58,5672.215903,0.186250,10.065815
400,7,892.46,41068.46,52733.89,1784.86,4340.01,5540.562925,0.203750,33.491116
400,7,784.36,32106.20,47542.11,2729.03,6358.95,6347.932399,0.184417,19.485348
400,7,1061.88,51280.20,63968.75,1617.93,5418.69,5651.922969,0.242417,33.304948
400,7,1020.97,48255.51,61667.69,818.88,6075.82,6517.486168,0.235500,30.339484
400,7,900.30,43334.60,54184.71,2022.25,4126.69,4701.177113,0.205750,33.426237
400,7,1072.79,51176.00,64378.12,1080.16,4932.32,7189.633391,0.250167,32.950647
400,7,747.45,33515.15,45867.14,2313.50,5172.70,4865.784938,0.174000,33.058298
400,7,1078.21,48094.87,63333.06,2323.52,6405.87,6508.804361,0.245083,32.929172
400,7,851.38,37801.60,50419.12,1968.90,4965.56,5683.057245,0.197167,32.362496
400,7,742.12,30437.00,44242.04,2864.10,5149.24,5791.696077,0.170833,30.577592
400,7,824.00,35619.86,47937.36,1929.29,4488.18,5900.029802,0.189333,32.621911
400,7,811.71,33611.99,47781.30,3139.55,5126.18,5903.583350,0.189083,27.349815
400,7,937.08,42152.40,56427.32,1995.02,5466.95,6812.951240,0.220167,19.089475
400,7,1044.70,51292.82,65580.48,1487.85,5130.90,7668.914572,0.256083,30.869613
400,7,938.23,46634.47,57907.22,1053.02,4266.29,5953.435766,0.223167,25.147570
400,7,1059.72,49610.94,63931.86,1685.75,5414.92,7220.258365,0.247500,21.694620
400,7,941.80,43952.93,56934.35,2384.17,5216.29,5380.971115,0.215583,30.607904
400,7,905.31,45605.27,56471.35,840.07,3718.19,6307.830313,0.220500,12.792388
400,7,962.39,42236.40,57016.27,2537.64,5458.91,6783.316005,0.222583,10.619224
400,7,832.22,33756.25,49006.37,3364.86,5748.68,6136.577736,0.191250,11.288246
