400,1,80.21,6313.94,7986.16,548.31,433.02,690.889689,0.029500,0.182388
400,1,112.14,10326.07,11974.82,374.21,295.24,979.303684,0.046000,0.214469
400,1,94.03,10041.14,11798.10,382.63,393.02,981.311601,0.043583,0.396928
400,1,105.66,7346.47,8960.59,507.09,394.84,712.190491,0.033500,0.158227
400,1,88.14,8303.54,10358.48,632.20,571.15,851.591919,0.037000,0.201153
400,1,131.13,13312.67,15417.52,580.24,368.83,1155.790178,0.057833,0.131539
400,1,104.94,10073.17,12369.62,744.23,479.51,1072.719925,0.045000,0.274351
400,1,119.59,9442.07,11372.59,451.72,362.18,1116.613437,0.042333,0.448911
400,1,71.98,6441.96,8462.74,807.09,519.63,694.059753,0.030000,0.173893
400,1,72.65,6309.51,8077.35,557.62,466.71,743.505862,0.029750,0.355915
400,1,69.86,8315.63,9734.99,294.84,278.01,846.515780,0.036000,0.178306
400,1,75.14,7745.40,9557.91,741.43,408.45,662.623652,0.034667,0.404939
400,1,79.06,7158.24,8922.63,388.47,411.91,964.017316,0.032500,0.078903
400,1,87.61,8873.94,10671.68,468.59,364.97,964.172135,0.039917,0.063975
400,1,62.61,7353.25,8437.48,186.56,273.56,624.103479,0.031250,0.052093
400,1,102.39,12295.94,13919.12,269.17,340.67,1013.338921,0.052167,0.056152
400,1,104.87,11348.76,13390.96,533.18,539.45,969.575202,0.048250,0.075171
400,1,101.67,8749.50,10386.65,308.76,204.34,1124.046293,0.038833,0.066622
400,1,90.05,9564.05,11224.47,359.84,288.17,1012.402175,0.041417,0.055079
400,1,110.94,10445.59,12810.50,741.46,505.08,1118.377599,0.046833,0.070241
400,1,112.84,10388.01,12365.99,482.55,421.73,1073.692005,0.045333,0.085494
400,1,73.89,6600.06,8527.31,621.71,456.55,848.991033,0.030750,0.073234
400,1,91.45,9608.75,11409.14,425.97,424.96,949.469157,0.041417,0.041889
400,1,118.78,11492.63,13917.45,832.18,472.75,1119.890984,0.052000,0.046908
400,1,81.44,9642.36,11254.93,250.43,327.43,1034.707255,0.042417,0.051605
400,1,116.10,7551.03,9515.12,808.85,426.15,729.080107,0.034833,0.076179
400,1,104.54,10023.53,12099.82,571.33,533.75,971.206614,0.042750,0.070118
400,1,113.86,9300.43,11413.46,501.71,378.86,1232.454173,0.042333,0.049027
400,1,79.13,7582.12,9168.31,486.56,410.76,688.867810,0.032833,0.088302
400,1,90.61,7972.90,9929.85,491.73,396.90,1068.320271,0.036750,0.063052
400,1,122.46,10948.92,13015.06,503.32,433.55,1129.264092,0.048917,0.054963
400,1,66.75,6966.10,8658.00,559.88,580.77,551.249414,0.031000,0.073901
400,1,118.88,9538.47,11845.59,624.11,534.88,1148.133059,0.043417,0.070140
400,1,74.67,7622.32,9500.80,644.64,484.10,749.730906,0.033667,0.057644
400,1,128.88,10827.64,13390.17,950.05,678.75,933.733647,0.048000,0.056494
400,1,73.31,6772.28,8207.39,513.35,347.02,574.739986,0.030500,0.068785
400,1,92.42,9197.53,10833.47,309.27,286.96,1039.714331,0.040583,0.089557
400,1,89.64,8866.95,10468.57,440.17,395.52,765.933769,0.038583,0.062621
400,1,97.90,10935.82,12476.34,412.57,351.00,776.952754,0.045250,0.049463
400,1,106.27,9430.63,11261.48,432.32,436.48,962.050728,0.041667,0.048902
400,1,120.67,8777.24,10740.46,634.77,361.49,966.953050,0.040083,0.078553
400,1,57.23,5232.31,6984.12,710.91,521.80,519.093071,0.024750,0.061301
400,1,112.64,12453.33,14930.96,816.13,666.32,995.188444,0.053750,0.060906
400,1,64.23,5970.06,7649.12,616.33,475.67,587.048429,0.027667,0.047441
400,1,57.86,6289.86,7709.26,426.27,347.76,645.368381,0.027750,0.083970
400,1,111.14,8917.14,10956.28,547.08,436.98,1055.089147,0.041083,0.067450
400,1,66.55,7116.77,8562.54,328.48,523.84,593.448233,0.030667,0.069597
400,1,112.22,11825.45,14230.24,778.23,595.77,1030.783478,0.051917,0.080400
400,1,139.26,10512.50,13117.97,973.93,619.95,1011.584259,0.048250,0.079284
400,1,92.11,6393.58,8494.24,857.89,478.90,763.862675,0.031083,0.064223
400,1,86.57,9456.17,11046.77,289.23,440.97,860.404395,0.040417,0.055983
400,1,101.60,11030.16,12508.18,311.77,327.85,838.399562,0.047667,0.039380
400,1,77.46,7622.22,9495.51,689.53,549.03,634.737630,0.034667,0.086538
400,1,84.44,8632.32,10672.59,499.17,467.69,1073.409652,0.038250,0.069195
400,1,84.59,7404.05,9640.96,570.24,579.22,1087.449664,0.035333,0.071912
400,1,85.93,8693.36,10917.29,865.93,539.34,818.664151,0.040417,0.074858
400,1,110.33,11522.41,13333.50,314.69,444.96,1051.440921,0.048750,0.080518
400,1,101.75,10870.31,13140.74,752.01,449.40,1069.034472,0.049333,0.065318
400,1,81.14,6202.97,8071.69,549.25,392.34,927.130175,0.029917,0.037557
400,1,60.91,5307.03,6913.99,570.75,435.76,600.444131,0.024583,0.085250
400,1,110.10,9987.47,12197.76,674.53,565.25,970.515587,0.044167,0.048701
400,1,100.12,8039.27,10048.21,753.85,348.75,906.344494,0.037500,0.053798
400,1,82.77,6075.86,7601.64,414.27,299.54,811.963619,0.028917,0.045986
400,1,79.77,8165.36,9716.71,407.29,444.42,699.639360,0.035083,0.048727
400,1,121.77,10867.04,12850.15,530.58,341.16,1111.375217,0.047917,0.064163
400,1,106.54,9094.67,11265.95,718.05,539.78,913.452841,0.040833,0.064401
400,1,99.25,9795.27,11989.64,681.31,476.08,1036.981243,0.042500,0.055226
400,1,88.91,8872.34,11233.12,816.64,580.35,963.792923,0.041000,0.054346
400,1,88.23,6306.87,7887.24,528.67,366.32,685.375118,0.028083,0.052317
400,1,118.89,8609.63,11271.99,850.94,624.40,1187.021154,0.040417,0.045651
400,1,78.57,8377.49,10201.97,636.42,346.93,841.133877,0.037500,0.051837
400,1,67.00,7566.73,8920.81,339.14,385.40,629.537236,0.033250,0.062581
400,1,88.70,8091.59,10210.11,648.98,495.77,973.769036,0.036917,0.045031
400,1,72.06,6749.26,8145.50,358.15,338.13,699.951139,0.030250,0.049335
400,1,70.09,5172.54,6955.98,682.72,480.62,620.092118,0.026083,0.052978
400,1,127.39,11377.39,13354.14,413.75,372.76,1190.230875,0.050000,0.062315
400,1,95.94,8395.29,10481.00,619.29,464.41,1002.008972,0.038167,0.064935
400,1,78.98,8786.46,10312.51,331.40,298.54,896.111075,0.037750,0.059431
400,1,84.96,8433.97,10063.60,450.65,448.48,730.500432,0.035417,0.064448
400,1,81.04,6730.01,8804.96,593.43,433.79,1047.722788,0.032000,0.054888
400,1,94.19,8581.82,10464.08,598.69,469.72,813.847728,0.038667,0.074050
400,1,85.99,7801.65,9344.61,355.66,337.79,849.507940,0.034583,0.073230
400,1,63.30,5880.54,7596.22,649.87,461.16,604.648660,0.027000,0.046039
400,1,78.87,8078.44,9937.21,641.19,387.51,830.067718,0.036250,0.046715
400,1,93.95,7810.44,9435.29,538.62,378.06,708.167991,0.034083,0.070804
400,1,91.38,10462.06,12140.62,308.64,317.91,1052.015028,0.044667,0.056771
400,1,80.92,10012.08,11570.65,344.80,392.86,820.910329,0.041667,0.063431
400,1,71.66,8341.03,9763.29,371.96,317.90,732.402494,0.036250,0.056004
400,1,104.17,10882.58,13103.32,602.95,621.55,996.241240,0.046583,0.053386
400,1,69.70,6478.70,8399.85,515.58,506.44,899.134149,0.030750,0.040124
400,1,99.84,9039.21,11095.04,565.84,585.52,904.470718,0.040000,0.053501
400,1,104.80,11720.20,13716.06,593.68,384.12,1018.066606,0.051250,0.043939
400,1,74.94,8130.00,9744.83,464.97,484.40,665.448244,0.035083,0.079354
400,1,95.87,8581.68,10578.07,684.14,535.09,777.164160,0.039417,0.066522
400,1,64.67,6195.19,7322.72,250.06,299.94,577.530668,0.026750,0.053410
400,1,113.73,11547.07,13792.57,755.66,522.03,967.808771,0.051000,0.056661
400,1,66.96,7862.09,9497.74,633.56,412.65,589.437783,0.034500,0.027340
400,1,63.92,7279.46,8383.38,190.75,310.24,602.932370,0.032250,0.032657
400,1,104.93,10650.18,12549.37,489.63,383.99,1025.572676,0.047000,0.025780
400,1,123.54,12944.41,15530.55,895.26,524.39,1166.483007,0.057167,0.026144
400,2,187.87,16555.38,19896.36,822.37,766.26,1752.357539,0.073583,0.500619
400,2,168.95,12669.69,16709.44,1184.95,1061.96,1792.827375,0.061250,0.386910
400,2,255.78,19101.43,23195.29,1062.05,873.41,2158.397051,0.087333,0.293023
400,2,151.16,12051.12,15478.86,1014.15,749.64,1663.949454,0.056917,0.191463
400,2,187.08,14718.79,19326.51,1355.52,1085.46,2166.732778,0.071667,0.493134
400,2,178.36,14575.84,19415.78,1735.42,1100.11,2004.418941,0.070500,0.272589
400,2,281.16,23474.57,28143.98,1477.62,992.08,2199.710548,0.106167,0.274500
400,2,211.33,16358.89,20898.73,1344.94,884.95,2309.950756,0.077250,0.368316
400,2,237.41,16182.64,20491.68,1172.21,760.21,2376.610158,0.075750,0.188729
400,2,224.96,16464.93,20601.36,1201.84,843.94,2090.650852,0.077000,0.337752
400,2,120.37,9886.77,13178.99,939.19,786.03,1566.997549,0.047917,0.168541
400,2,131.02,11550.83,14247.65,520.58,552.83,1623.422514,0.052000,0.126806
400,2,183.67,13944.69,17412.87,790.73,821.33,1856.122125,0.064500,0.098377
400,2,161.69,13099.32,17155.28,1314.53,1025.57,1715.868276,0.061667,0.106230
400,2,179.37,12033.54,15954.96,1395.52,878.40,1647.499996,0.058750,0.091944
400,2,205.05,18075.83,21705.30,874.11,900.77,1854.596132,0.079917,0.105937
400,2,251.83,18205.89,22700.31,1146.92,956.02,2391.484386,0.084667,0.097066
400,2,172.22,14106.08,18058.40,1163.07,865.29,1923.948839,0.066667,0.111861
400,2,187.18,14718.85,18857.15,1428.32,915.24,1794.744616,0.070583,0.100802
400,2,207.15,19812.05,23498.90,833.69,695.06,2158.105207,0.088083,0.067271
400,2,252.73,18034.82,22888.92,1549.35,952.83,2351.910439,0.083750,0.091966
400,2,232.18,17011.24,21564.33,1467.36,936.38,2149.350128,0.080250,0.112523
400,2,165.32,12755.69,17131.62,1513.22,971.71,1890.999928,0.062417,0.102894
400,2,209.68,20062.68,24320.44,1399.58,951.95,1906.234619,0.091167,0.117272
400,2,170.12,14531.88,18368.49,1147.09,901.81,1787.710326,0.067667,0.084082
400,2,191.44,15182.65,19049.94,989.07,1116.62,1761.594488,0.068583,0.103492
400,2,270.78,22438.22,26561.71,1043.66,737.06,2342.777719,0.099500,0.101220
400,2,179.92,14550.08,18464.49,1225.56,897.71,1791.139313,0.070083,0.104282
400,2,161.61,12958.90,17285.88,1601.40,1039.00,1686.579450,0.064000,0.091963
400,2,167.78,14197.05,18141.97,1209.71,865.71,1869.496933,0.067333,0.111785
400,2,169.04,13443.15,17904.92,1521.20,942.75,1997.808039,0.066250,0.118452
400,2,189.05,16593.33,19922.03,695.30,806.15,1827.243406,0.074167,0.111173
400,2,187.15,14413.39,18229.73,788.93,910.83,2116.579366,0.068667,0.093569
400,2,172.23,14928.58,18810.99,1163.09,881.07,1838.249535,0.069000,0.101417
400,2,186.85,18639.16,23334.11,1646.17,1026.53,2022.253389,0.087417,0.090434
400,2,153.62,13525.14,17016.29,1284.25,894.58,1312.320798,0.063000,0.100759
400,2,142.76,12215.69,16069.40,1198.51,909.47,1745.733833,0.059083,0.107166
400,2,236.76,17413.74,21151.24,953.30,577.55,2206.652875,0.079917,0.087625
400,2,161.75,15216.03,18566.68,1045.71,764.35,1540.589136,0.068667,0.100929
400,2,224.62,16680.24,20244.76,1026.44,729.71,1808.366741,0.077417,0.114651
400,2,162.46,13660.51,16979.98,767.07,828.76,1723.629019,0.063250,0.053482
400,2,124.37,13280.67,15824.72,656.35,526.45,1361.250242,0.060167,0.106389
400,2,157.75,13961.42,18598.70,1456.24,1057.01,2124.037226,0.068500,0.096556
400,2,177.93,14283.02,17775.13,1118.09,860.30,1513.715421,0.066083,0.107817
400,2,121.62,11380.71,13893.70,355.34,632.17,1525.489842,0.051833,0.092908
400,2,213.87,18244.61,22389.84,1130.50,995.69,2019.040607,0.085167,0.093863
400,2,118.54,11490.54,14256.40,660.98,632.14,1472.735791,0.055000,0.083250
400,2,235.45,17415.54,21347.15,813.98,704.63,2413.007828,0.082083,0.123611
400,2,255.08,21692.88,25710.16,1098.27,914.35,2004.661566,0.096833,0.093511
400,2,128.54,13717.66,16448.61,716.41,642.02,1372.513787,0.062250,0.104087
400,2,187.89,17365.15,20631.15,656.30,740.41,1869.299276,0.077750,0.118596
400,2,162.07,11755.64,15591.83,1042.21,885.32,1908.667833,0.057333,0.113735
400,2,188.53,16912.73,20389.89,1013.12,681.27,1782.764424,0.075333,0.049600
400,2,248.07,16711.11,21042.76,1211.82,750.18,2369.654025,0.079167,0.102976
400,2,220.57,19032.71,22786.12,674.83,684.76,2393.826241,0.085417,0.091969
400,2,174.97,15791.22,19020.07,537.18,630.88,2060.787302,0.071083,0.106780
400,2,178.64,14332.51,18605.72,1441.96,1007.35,1823.894378,0.068333,0.124468
400,2,179.04,16821.18,21170.45,1521.93,1092.30,1735.046187,0.078417,0.108811
400,2,177.35,13226.37,16737.37,949.00,858.95,1703.047968,0.061167,0.107118
400,2,226.73,18336.19,22009.63,964.85,803.03,1905.562646,0.083583,0.082680
400,2,234.60,16546.75,21483.21,1497.51,1013.60,2425.350781,0.080750,0.054459
400,2,178.48,13361.05,17135.75,1276.68,987.97,1510.051499,0.063667,0.089258
400,2,182.94,16867.26,19755.58,809.57,696.94,1381.809478,0.075417,0.103227
400,2,162.16,13747.17,17560.82,1025.75,931.05,1856.857710,0.064250,0.076810
400,2,200.92,15949.18,20572.27,1709.20,996.02,1917.871810,0.075750,0.086313
400,2,209.00,15375.06,19067.35,986.93,735.13,1970.225565,0.072500,0.108175
400,2,256.09,21504.11,25675.25,1170.88,821.42,2178.838409,0.097833,0.070272
400,2,222.32,18924.37,23009.89,968.43,913.90,2203.182710,0.085917,0.084921
400,2,133.59,13156.35,16177.50,757.77,938.81,1324.568238,0.058917,0.100953
400,2,254.79,19989.01,24666.65,1303.70,887.30,2486.643461,0.091167,0.094183
400,2,132.37,14193.08,16928.05,549.03,775.94,1409.992853,0.061750,0.075466
400,2,125.66,10297.55,13381.82,631.80,868.33,1584.141229,0.049417,0.081276
400,2,223.68,19520.78,23885.46,1250.38,1044.86,2069.433304,0.089333,0.070647
400,2,143.79,12811.02,15958.51,986.01,796.94,1364.543810,0.060333,0.092517
400,2,147.43,12340.85,15690.45,945.99,801.52,1602.094160,0.058667,0.072718
400,2,228.48,17620.56,21543.26,1090.76,744.74,2087.191970,0.082083,0.077643
400,2,181.96,19218.66,22845.05,882.17,872.85,1871.380205,0.086750,0.073790
400,2,160.30,15131.05,18260.16,805.43,727.35,1596.320123,0.067917,0.076134
400,2,236.77,17785.21,21903.42,1021.24,936.41,2160.553619,0.079833,0.115910
400,2,183.15,16524.84,20371.30,1083.46,848.20,1914.805898,0.077083,0.075543
400,2,170.73,15423.34,19802.26,1632.97,1097.76,1648.182718,0.074250,0.093112
400,2,124.55,10640.83,14046.00,916.80,731.90,1756.478048,0.050917,0.106116
400,2,123.31,11210.56,13912.56,577.16,692.61,1432.228308,0.052083,0.077899
400,2,201.33,16507.75,19849.98,828.85,666.56,1846.818631,0.075000,0.071379
400,2,131.38,12580.02,15386.18,761.82,591.44,1452.899054,0.058417,0.054131
400,2,176.53,15485.87,19202.33,1149.91,788.12,1778.437281,0.072667,0.093357
400,2,175.40,17671.34,21318.18,1053.18,874.99,1718.672992,0.079417,0.082212
400,2,185.04,15952.12,19409.68,977.63,863.95,1615.991328,0.073417,0.082999
400,2,185.56,13353.05,17218.66,875.46,668.63,2321.520912,0.065000,0.076945
400,2,171.19,15518.35,19092.40,904.65,900.00,1769.398228,0.073750,0.070296
400,2,197.55,20118.29,24216.27,1266.67,925.86,1905.445740,0.090000,0.082602
400,2,188.12,17626.59,22320.70,1514.93,1107.06,2072.117788,0.083333,0.117647
400,2,166.30,12901.03,16742.00,982.94,997.46,1860.577127,0.061500,0.054841
400,2,171.70,14933.90,19140.48,1420.86,1063.86,1721.851540,0.071500,0.102377
400,2,180.32,12587.58,16141.79,1217.85,749.75,1586.607741,0.060250,0.080756
400,2,219.04,18919.53,22751.17,842.92,720.41,2268.306421,0.085333,0.081543
400,2,233.91,17350.09,21492.82,1318.00,790.36,2034.374706,0.078500,0.036681
400,2,137.50,10308.92,13858.94,1397.63,835.36,1317.035899,0.051333,0.037990
400,2,193.95,15526.87,19805.59,1487.26,868.35,1923.101122,0.074750,0.034495
400,2,169.84,16322.97,20806.17,1386.44,934.18,2162.575037,0.075083,0.038325
400,3,210.05,17173.43,22486.15,1650.29,1400.99,2261.439432,0.085167,0.145454
400,3,291.92,20576.89,26399.68,1696.07,1118.31,3008.413434,0.099917,0.140546
400,3,322.24,24437.12,29992.27,1393.26,1162.59,2999.291970,0.117000,0.143529
400,3,216.49,16156.67,21170.05,1700.17,1115.80,2197.400076,0.080000,0.144304
400,3,363.70,24591.25,31524.94,1747.38,1571.46,3614.860861,0.118667,0.128128
400,3,244.39,21710.16,26374.67,985.26,967.05,2712.202651,0.101083,0.111283
400,3,279.60,23316.91,29138.90,1636.08,1295.93,2889.986742,0.110167,0.102386
400,3,313.02,23142.02,29784.59,1937.24,1408.57,3296.759357,0.113250,0.137558
400,3,247.87,17571.37,23307.95,1576.25,1229.13,2931.193741,0.087333,0.148177
400,3,304.51,20593.83,25999.12,1200.51,979.91,3224.879734,0.098417,0.128387
400,3,344.88,29290.14,34496.51,1235.52,1140.83,2830.015691,0.131333,0.117515
400,3,252.11,16824.06,22341.34,1658.47,1167.29,2691.516262,0.083583,0.144063
400,3,264.65,19191.54,25019.16,2044.93,1313.01,2469.684631,0.093083,0.119621
400,3,332.62,25401.26,31589.25,1673.22,1328.81,3185.951279,0.117750,0.110657
400,3,195.12,12280.41,18742.90,2520.45,1667.49,2274.561268,0.068000,0.175488
400,3,285.03,25423.69,31423.85,1812.33,1182.40,3005.437305,0.119000,0.113013
400,3,277.94,22796.24,29218.24,1755.12,1408.92,3257.957115,0.110500,0.078447
400,3,283.18,19427.65,24967.27,1580.01,1233.01,2726.598972,0.094250,0.073360
400,3,254.36,18626.59,23750.24,1395.44,1098.01,2630.196196,0.089000,0.125626
400,3,374.07,27948.39,34080.10,1315.01,1486.72,3329.969245,0.129583,0.080736
400,3,339.64,23789.91,30495.83,1872.57,1275.66,3557.700307,0.114500,0.118595
400,3,288.92,25179.55,30999.57,1547.11,1384.49,2888.435532,0.117833,0.080003
400,3,266.90,23601.51,29256.01,1670.24,1373.39,2610.865718,0.111417,0.145357
400,3,237.42,17046.86,22124.12,1262.99,969.68,2844.589573,0.084833,0.096933
400,3,254.76,20958.71,26714.83,1570.29,1461.64,2724.187741,0.100000,0.108296
400,3,253.93,21785.78,27456.82,1900.57,1239.71,2530.760131,0.104250,0.106998
400,3,306.36,24164.74,29758.48,1451.29,1075.30,3067.150148,0.114917,0.125236
400,3,286.67,23919.79,30672.06,2285.85,1656.93,2809.492022,0.113417,0.086542
400,3,274.00,21961.18,27845.63,1791.64,1347.59,2745.221576,0.105083,0.130070
400,3,277.38,21227.13,26410.67,1094.58,1123.32,2965.634410,0.100167,0.103172
400,3,287.56,18774.58,25404.73,2132.36,1458.42,3039.373176,0.095333,0.086388
400,3,236.39,19941.47,24828.65,1063.76,1060.73,2762.684732,0.094833,0.085308
400,3,254.56,23560.73,28371.05,981.57,977.89,2850.864010,0.109333,0.098299
400,3,290.77,22702.54,27746.24,1123.91,1055.85,2863.939024,0.104583,0.081109
400,3,384.29,28802.95,34976.67,1496.79,1154.30,3522.621677,0.135000,0.098039
400,3,230.16,20118.86,24432.82,1225.66,1083.78,2004.520223,0.091750,0.097076
400,3,323.59,20225.69,27403.39,2307.77,1545.09,3324.839452,0.101417,0.125923
400,3,218.04,18417.26,23308.17,1347.06,1128.82,2415.032549,0.086917,0.085912
400,3,206.67,16876.98,21830.84,1217.73,1155.25,2580.876084,0.081583,0.109706
400,3,184.21,18765.85,22222.68,434.96,806.45,2215.411198,0.083750,0.090628
400,3,265.95,17255.05,23309.67,2014.04,1092.53,2948.049192,0.087333,0.116925
400,3,256.00,17798.48,23126.26,1641.63,1214.49,2471.660397,0.086250,0.125753
400,3,232.87,17783.40,24785.58,1962.43,1570.71,3469.027609,0.092417,0.138504
400,3,217.90,20292.87,25039.46,1410.24,1166.34,2169.995192,0.094667,0.134092
400,3,176.49,14092.43,18578.36,1163.98,1176.80,2145.144988,0.070583,0.147439
400,3,316.73,23291.84,29526.48,1696.65,1328.83,3209.155505,0.113750,0.097954
400,3,238.35,17790.12,22775.96,1480.44,1203.60,2301.793075,0.087000,0.141760
400,3,316.33,21566.82,27371.99,1269.18,1010.66,3525.333070,0.105250,0.126912
400,3,311.47,21173.79,28011.15,2293.32,1401.87,3142.167420,0.103833,0.128907
400,3,217.85,16021.79,20864.80,1246.75,1261.94,2334.321705,0.077833,0.153156
400,3,259.05,20919.81,26245.03,1602.44,1173.28,2549.490719,0.101000,0.065957
400,3,338.41,28162.25,33766.67,1576.48,1327.66,2700.280537,0.128333,0.072411
400,3,247.18,17889.57,24277.06,2071.36,1455.35,2860.783968,0.089750,0.133691
400,3,251.17,17764.84,23693.05,1665.84,1100.54,3161.818463,0.088000,0.098490
400,3,349.56,24637.39,31233.17,1775.12,1272.79,3547.868461,0.117167,0.124880
400,3,268.69,22351.59,27489.90,1404.05,1193.93,2540.327608,0.103500,0.083724
400,3,290.49,19538.37,26522.66,2052.01,1439.86,3492.412151,0.099417,0.141287
400,3,284.05,20370.35,26198.89,1639.62,1247.64,2941.277593,0.100500,0.100337
400,3,334.92,26593.36,31821.01,1392.12,1134.81,2700.721517,0.119167,0.119237
400,3,236.06,19086.39,23914.58,1197.76,1039.14,2591.284491,0.091583,0.109436
400,3,293.30,19732.00,26772.74,2042.71,1503.67,3494.360359,0.100250,0.121498
400,3,237.27,22293.40,27365.18,1256.59,1100.64,2714.548956,0.104250,0.125899
400,3,257.42,18758.70,24454.70,2008.05,1336.41,2351.547934,0.092833,0.149070
400,3,286.79,21066.48,26899.29,1693.37,1244.71,2894.731086,0.100000,0.090787
400,3,278.63,23706.58,28882.24,1406.92,1111.57,2657.172762,0.110333,0.116671
400,3,275.03,25401.68,30450.14,1118.30,1270.68,2659.476331,0.115083,0.123962
400,3,379.81,25608.21,32190.58,1809.28,1372.35,3400.740584,0.123000,0.130435
400,3,257.69,21260.12,26593.20,1161.58,1107.36,3064.146588,0.100500,0.088763
400,3,265.17,20246.85,26082.65,1951.62,1304.83,2579.347371,0.098000,0.118477
400,3,328.01,23598.52,30685.08,2132.50,1301.92,3652.128240,0.114750,0.137083
400,3,202.92,15067.64,19932.14,1279.83,1142.87,2441.798187,0.075667,0.145131
400,3,299.16,21761.13,27759.63,1672.74,1294.01,3031.743070,0.105167,0.128532
400,3,323.36,30426.81,35671.62,1140.63,1174.58,2929.598386,0.137250,0.098708
400,3,258.08,18874.19,24534.22,1893.64,1239.30,2527.089779,0.093167,0.095630
400,3,264.35,19959.16,26026.33,1905.92,1408.57,2752.683129,0.098250,0.153220
400,3,218.14,17467.84,23843.43,2323.93,1588.55,2463.103416,0.088500,0.125283
400,3,320.11,23130.66,29304.48,1823.16,1077.88,3272.781206,0.109333,0.102566
400,3,227.22,19855.49,24994.82,1224.53,1161.30,2753.511265,0.094000,0.094421
400,3,382.29,26624.47,33517.26,1947.16,1514.16,3431.471746,0.126250,0.147615
400,3,264.54,23785.66,29660.77,2021.36,1312.91,2540.840936,0.111917,0.113117
400,3,282.83,18183.73,24417.53,1973.21,1263.58,2997.012979,0.092500,0.114951
400,3,241.70,21902.90,27479.29,1812.83,1406.59,2356.957554,0.103583,0.091528
400,3,206.15,18181.77,22221.96,922.45,946.00,2171.738264,0.085000,0.109742
400,3,220.71,18640.91,22907.60,879.85,957.62,2429.216651,0.088417,0.086154
400,3,152.32,12303.50,16178.90,950.61,892.97,2031.824081,0.061500,0.116579
400,3,424.25,29717.72,35742.12,1646.20,1181.27,3196.923213,0.136833,0.138094
400,3,244.90,20523.18,25250.53,1125.36,1059.46,2542.531838,0.093000,0.108137
400,3,271.75,21283.57,26971.32,1581.71,1217.88,2888.161058,0.102000,0.094842
400,3,187.34,15123.15,20667.24,1450.08,1225.63,2868.374103,0.079417,0.121106
400,3,279.34,23313.13,28744.92,1374.36,1146.69,2910.743394,0.108000,0.133657
400,3,329.99,25520.97,32082.94,1838.80,1414.05,3309.124438,0.121250,0.091875
400,3,222.61,19674.34,25572.62,1634.93,1365.43,2897.923023,0.095833,0.088848
400,3,244.03,21949.63,27041.23,1099.57,1113.40,2878.638057,0.101917,0.060640
400,3,191.03,17233.52,22108.81,1147.11,1158.39,2569.787955,0.084333,0.106615
400,3,310.22,20410.60,25769.76,1732.92,1176.20,2450.037728,0.099083,0.090624
400,3,388.05,28443.30,34900.50,1421.06,1094.31,3941.835523,0.133000,0.095185
400,3,212.22,18230.97,22775.24,849.58,752.15,2942.542238,0.085000,0.054911
400,3,201.14,15435.69,20724.42,1720.45,1364.65,2203.627117,0.077583,0.059608
400,3,304.29,20417.09,26722.62,1857.48,1099.30,3348.744554,0.101417,0.044239
400,3,255.77,20442.14,26267.59,1305.47,1139.67,3380.308372,0.097833,0.053929
400,4,403.39,23804.95,31827.83,2685.40,1501.63,3835.852101,0.122917,0.098714
400,4,401.88,28466.36,36451.11,2352.93,1636.80,3995.023904,0.137417,0.101310
400,4,364.94,26254.15,34034.92,2369.38,1650.59,3760.795852,0.131833,0.122900
400,4,290.70,23577.41,30407.43,2303.87,1706.13,2820.021151,0.113667,0.130517
400,4,428.26,32077.62,40507.33,1896.31,1797.09,4736.304789,0.152583,0.101162
400,4,342.43,25181.18,32424.01,1623.85,1489.27,4129.702788,0.122250,0.133283
400,4,397.87,28997.53,37926.89,2707.34,1876.33,4345.692588,0.144000,0.161938
400,4,303.94,20616.63,28113.31,1777.45,1368.24,4350.988289,0.107250,0.108707
400,4,229.56,20055.39,26114.00,1318.09,1386.93,3353.585594,0.098250,0.145567
400,4,324.84,24938.71,32371.82,2020.46,1520.69,3891.966572,0.124667,0.138729
400,4,447.83,28886.93,36792.16,2136.00,1510.60,4258.617751,0.139917,0.125098
400,4,363.94,25331.88,31696.76,1760.24,1383.62,3221.019638,0.120083,0.142522
400,4,335.69,26855.57,35525.75,3490.45,2239.68,2940.050584,0.134750,0.185717
400,4,378.45,22779.47,32416.96,3158.99,1893.82,4584.678398,0.122167,0.159930
400,4,299.68,20492.98,27424.96,2080.01,1469.69,3382.287354,0.103500,0.123863
400,4,424.11,28847.46,37196.35,2621.97,1600.88,4126.045915,0.141167,0.100822
400,4,464.29,28946.51,38458.91,3072.16,1899.72,4540.525720,0.147333,0.128994
400,4,314.16,23891.26,31732.80,2400.69,2012.03,3428.831077,0.121333,0.119037
400,4,473.01,37807.56,45555.01,2332.73,1701.68,3713.046442,0.176917,0.148314
400,4,289.51,19374.22,26376.56,1701.28,1414.03,3887.033292,0.101000,0.186334
400,4,399.48,31427.99,38696.68,1688.78,1405.12,4174.782357,0.148667,0.129819
400,4,352.20,23877.45,32287.84,2441.37,1790.78,4178.239911,0.123667,0.163160
400,4,373.89,29005.50,35908.62,1730.52,1490.20,3682.406396,0.137167,0.098808
400,4,275.87,22833.84,29648.22,1753.01,1578.09,3483.269841,0.114917,0.115979
400,4,430.55,27952.50,36282.34,2332.90,1725.20,4271.740764,0.137833,0.159420
400,4,371.45,26372.55,33954.98,2055.94,1627.37,3899.120133,0.128750,0.172229
400,4,378.62,27148.56,34487.36,1951.56,1701.19,3686.053105,0.131667,0.140512
400,4,261.93,20654.07,26913.12,1319.06,1464.02,3475.969185,0.102417,0.122413
400,4,269.43,24365.31,31308.02,1950.13,1696.73,3295.858760,0.120083,0.134149
400,4,387.62,31691.76,38828.01,1710.25,1626.69,3799.312458,0.150667,0.141385
400,4,385.64,25142.94,33224.66,2443.11,1713.39,3925.217855,0.124333,0.137535
400,4,407.80,29721.50,36893.18,1807.71,1314.26,4049.709179,0.141667,0.124595
400,4,313.98,22085.07,29477.01,1795.59,1409.04,4187.310398,0.111500,0.150206
400,4,414.52,30291.80,38646.86,2652.39,1726.31,3976.362901,0.148583,0.102911
400,4,474.68,28191.68,37864.56,2596.66,1561.45,5514.773498,0.143583,0.126787
400,4,250.48,19123.67,25654.56,1941.83,1588.16,3000.904361,0.095667,0.161831
400,4,307.96,28620.39,36003.41,2360.38,1593.60,3429.041389,0.139083,0.138493
400,4,395.87,26361.54,35292.92,3026.59,2215.16,3689.627939,0.131583,0.101996
400,4,296.52,21736.28,28869.99,2047.40,1553.10,3533.204652,0.109000,0.164121
400,4,236.42,20275.62,26695.38,1895.12,1610.54,2914.103266,0.102083,0.098036
400,4,290.74,23206.83,29099.99,1087.81,1299.47,3505.887786,0.111833,0.157574
400,4,273.52,20945.45,27401.44,2288.53,1375.27,2792.197845,0.105250,0.136531
400,4,449.11,30398.98,40111.63,2896.79,1635.43,5180.424996,0.152750,0.117340
400,4,264.55,22111.79,29609.02,2584.84,1849.00,3063.395266,0.113833,0.144517
400,4,261.44,16946.16,23755.43,2050.07,1546.14,3213.061021,0.090333,0.107936
400,4,340.27,23190.41,32193.60,2841.90,1991.80,4169.492513,0.123000,0.173196
400,4,333.12,24635.50,31453.31,2080.92,1570.68,3166.202482,0.121333,0.118032
400,4,345.02,25661.94,33943.94,2571.81,1739.79,3970.396846,0.128250,0.165925
400,4,392.00,32358.76,40710.30,2649.12,1889.55,3812.862628,0.157250,0.171301
400,4,298.97,18602.92,26579.66,2304.46,1676.27,3996.022593,0.100500,0.107995
400,4,423.08,29200.84,37799.99,2723.76,1794.28,4081.099777,0.142750,0.112449
400,4,374.39,24619.44,31466.60,1610.38,1369.04,3867.731756,0.121917,0.104040
400,4,337.96,29262.54,36557.01,2346.60,1758.20,3189.674171,0.138833,0.106912
400,4,429.20,30492.45,39471.52,3179.01,1836.45,3963.603441,0.148583,0.178676
400,4,341.51,23999.20,31533.08,2122.20,1601.04,3810.638898,0.120667,0.128991
400,4,474.81,29484.62,37798.11,2383.42,1733.18,4196.884528,0.142333,0.163431
400,4,328.68,27976.80,34387.80,1130.23,1273.80,4006.966831,0.132417,0.154265
400,4,433.39,30287.08,37770.19,1842.23,1314.81,4326.063152,0.146417,0.106311
400,4,362.80,26540.57,34267.19,2318.70,1719.80,3688.121905,0.129333,0.083191
400,4,324.61,26193.96,32569.48,1560.20,1456.00,3359.325560,0.123417,0.120081
400,4,394.13,26092.38,34430.52,1921.27,1497.64,4919.236466,0.132500,0.181116
400,4,283.95,24519.78,30751.43,1371.42,1514.20,3346.032635,0.118583,0.130486
400,4,275.74,24380.90,30670.08,1845.94,1595.61,2847.629405,0.116667,0.098502
400,4,369.46,28527.60,36139.67,2142.58,1586.11,3883.383189,0.137250,0.132112
400,4,447.51,31031.70,38370.53,1910.18,1443.83,3984.811490,0.145500,0.138002
400,4,385.52,26714.23,34687.28,2035.12,2193.75,3744.181082,0.130167,0.142052
400,4,452.50,31935.94,40526.89,2607.33,1593.67,4389.951492,0.156000,0.127134
400,4,432.27,28946.83,37236.21,2224.41,1826.40,4238.569446,0.140750,0.145462
400,4,365.36,27277.43,36079.37,2807.94,2063.93,3930.077168,0.135583,0.198379
400,4,367.17,25716.83,34199.52,2205.88,1987.91,4288.897757,0.129500,0.172158
400,4,289.67,19397.82,27032.38,2362.73,1768.88,3502.948998,0.099250,0.153054
400,4,389.12,25874.23,33205.77,1729.74,1487.20,4114.596761,0.127333,0.143286
400,4,330.51,28265.84,34945.66,1389.44,1404.89,3885.492008,0.134833,0.107545
400,4,242.51,19654.20,25553.33,1405.58,1390.80,3102.743905,0.097833,0.200822
400,4,306.66,24277.20,31720.73,2096.00,1773.49,3574.031541,0.122833,0.129550
400,4,363.59,28758.84,37006.57,2535.62,1988.87,3723.239116,0.141833,0.179637
400,4,379.71,31042.00,38622.49,2014.47,1824.54,3741.475004,0.147750,0.173156
400,4,404.86,27331.13,35249.43,2103.26,1584.54,4230.501992,0.133667,0.158381
400,4,402.56,29216.09,36992.36,1689.06,1861.68,4225.529424,0.140250,0.136650
400,4,416.59,29264.12,37699.62,2618.71,1840.56,3976.238188,0.142750,0.152909
400,4,368.16,26574.11,34303.68,2108.26,1558.70,4062.609504,0.131417,0.138132
400,4,353.00,26453.31,35233.67,3458.12,1764.41,3557.828942,0.133917,0.180830
400,4,343.63,27749.99,34705.55,2154.54,1866.82,2934.190656,0.131333,0.150856
400,4,303.58,24977.37,31015.42,1574.21,1106.68,3357.156990,0.118250,0.103644
400,4,245.89,21600.19,26422.29,1252.60,1066.30,2503.199281,0.100917,0.127557
400,4,422.43,28301.28,36209.90,2423.58,1675.84,3809.205592,0.137417,0.209752
400,4,318.92,25961.65,31582.34,1070.45,1295.77,3254.469021,0.120250,0.145670
400,4,290.68,24343.91,32307.08,2666.96,1828.75,3467.466783,0.124000,0.099342
400,4,478.88,31107.85,39315.28,2296.52,1430.11,4480.792720,0.151333,0.137260
400,4,326.78,28081.85,35686.93,2030.92,1751.90,3822.258477,0.135167,0.135444
400,4,458.17,28706.70,37239.69,2217.83,1503.41,4811.749049,0.142917,0.182980
400,4,338.02,29714.08,37337.07,1787.68,1741.53,4093.772683,0.144500,0.137252
400,4,315.58,23642.62,30639.80,1607.07,1483.96,3906.148130,0.117583,0.122596
400,4,472.72,35240.05,44160.71,2847.22,1898.58,4174.860660,0.170333,0.179478
400,4,316.19,20777.24,27507.25,2156.82,1464.29,3108.903911,0.103500,0.154629
400,4,381.52,26611.93,33943.87,1608.85,1238.92,4484.168664,0.128833,0.122143
400,4,332.91,28330.23,35538.57,2309.91,1520.08,3378.354364,0.135167,0.084190
400,4,355.69,23869.10,29575.65,1569.70,1194.47,2942.376470,0.116417,0.066929
400,4,408.47,24368.15,33085.15,2536.37,1577.27,4603.358000,0.124917,0.061828
400,4,300.97,25584.28,34238.06,2639.78,2095.35,3918.656093,0.128333,0.063245
400,5,572.08,40423.99,49864.11,2560.06,2075.71,4804.345512,0.191500,0.194587
400,5,540.43,40760.86,50012.96,2416.41,1894.99,4940.705481,0.193750,0.124063
400,5,446.48,30187.86,40789.42,3609.60,2372.39,4619.560916,0.156750,0.214718
400,5,395.20,23557.05,32704.72,2953.51,1949.61,4244.541961,0.122417,0.118749
400,5,393.51,24951.65,36496.77,3311.40,2154.62,6079.104419,0.138917,0.124352
400,5,386.22,27269.09,36757.05,2389.86,1904.22,5193.879078,0.138667,0.161335
400,5,471.09,31503.78,41301.04,2485.30,1643.44,5668.523973,0.160750,0.148412
400,5,628.80,41932.74,52499.11,2939.53,2159.83,5467.001152,0.203167,0.116980
400,5,466.17,32290.05,43099.17,3532.65,2355.53,4920.928499,0.162500,0.112510
400,5,414.75,27768.77,36958.51,2364.85,2029.83,4795.066330,0.139417,0.162537
400,5,594.14,35883.11,46732.81,3197.99,2015.70,5636.010170,0.178583,0.146941
400,5,464.33,29818.90,39206.08,3178.83,2118.82,4089.528144,0.148750,0.220623
400,5,312.55,24726.71,32779.24,1944.99,2196.49,3911.042269,0.125583,0.186863
400,5,431.94,27854.04,37814.39,2516.98,1724.08,5719.288351,0.143750,0.158316
400,5,385.15,29792.45,39047.96,2962.26,2159.49,4133.757509,0.149917,0.141398
400,5,605.23,40861.52,51176.36,2868.87,2070.98,5374.983361,0.195667,0.206444
400,5,469.11,34543.03,43615.78,2458.37,1532.46,5081.916868,0.169917,0.155587
400,5,344.30,22589.96,32019.97,2359.27,2221.83,4848.905693,0.117333,0.130501
400,5,574.46,36028.76,47431.41,3652.98,2293.55,5456.122795,0.180833,0.195229
400,5,576.09,37962.87,47548.07,2332.97,1836.06,5416.169312,0.184000,0.122168
400,5,466.47,36315.93,45818.03,2614.60,2006.14,4881.351886,0.178333,0.134344
400,5,567.66,33344.31,44413.31,3551.47,1956.27,5561.259772,0.170083,0.158089
400,5,346.63,24097.80,33184.45,2337.63,1835.85,4913.166832,0.127750,0.173707
400,5,432.16,31226.61,40586.55,2788.17,2003.87,4567.905205,0.157583,0.136248
400,5,489.80,32224.58,42156.42,2632.05,2151.07,5148.730987,0.162250,0.203119
400,5,528.02,33176.59,43891.12,3420.29,2103.27,5190.967275,0.166500,0.155677
400,5,450.50,27265.81,38275.80,3640.24,2158.12,5211.635293,0.145583,0.128336
400,5,575.48,39376.57,49999.02,2843.33,2204.78,5574.334741,0.190000,0.227696
400,5,405.76,33325.88,41914.14,2140.73,1921.15,4526.377446,0.161750,0.178324
400,5,521.76,35219.38,45400.35,3009.37,2041.96,5129.638577,0.175250,0.121931
400,5,301.27,22373.66,30488.40,2169.56,2104.32,3840.859971,0.117167,0.118659
400,5,494.40,31713.33,42167.77,3030.06,2225.41,5198.970842,0.160833,0.144071
400,5,588.35,40621.35,51139.80,2947.33,2086.38,5484.733398,0.195583,0.219178
400,5,375.62,24668.44,34195.37,2560.96,1942.37,5023.605560,0.129833,0.164912
400,5,539.07,37703.33,47293.92,2248.68,1977.47,5364.440357,0.182083,0.171603
400,5,449.35,28350.94,36603.71,2283.05,1811.07,4158.645620,0.138917,0.160664
400,5,570.10,37069.43,47719.95,3021.50,1981.39,5647.643953,0.183917,0.189943
400,5,369.96,27589.91,36188.66,2453.88,1865.76,4279.112945,0.138000,0.214824
400,5,458.96,32552.42,41887.95,2740.65,1948.58,4646.305303,0.160583,0.258366
400,5,439.08,26645.55,36311.90,3114.27,1958.84,4593.250625,0.138250,0.106374
400,5,428.44,33843.81,41154.99,1990.37,1444.29,3876.510422,0.161250,0.153295
400,5,404.39,31189.50,40200.82,3138.79,2129.93,3742.594412,0.155750,0.204070
400,5,511.70,34682.67,47144.46,3871.29,2680.45,5910.048566,0.179333,0.191587
400,5,434.24,29352.05,40485.14,4131.39,2264.60,4737.108453,0.157667,0.186461
400,5,510.15,31852.47,41518.29,2718.42,2184.95,4762.447623,0.155917,0.163554
400,5,554.69,37646.21,47592.08,2358.14,1934.20,5653.532168,0.184667,0.163384
400,5,477.50,29829.02,39017.87,2618.54,1960.23,4610.080953,0.150000,0.200451
400,5,476.62,31404.24,40976.75,2249.30,2092.40,5230.810641,0.157000,0.177814
400,5,473.39,33425.94,44289.36,3327.64,2326.26,5209.519317,0.170667,0.174603
400,5,391.02,30674.76,38995.96,2336.93,2035.33,3948.940617,0.149667,0.178849
400,5,466.34,28325.19,38942.75,3274.41,2204.53,5138.616883,0.150500,0.159423
400,5,387.06,27642.83,35499.45,1770.07,1652.99,4433.558500,0.137583,0.133108
400,5,397.63,24540.34,33723.98,2286.62,1652.68,5244.343877,0.126833,0.132292
400,5,420.24,33027.08,42197.45,2934.07,1978.06,4258.240263,0.163417,0.187008
400,5,573.12,39605.94,48774.77,2191.11,1673.45,5304.279708,0.188250,0.121172
400,5,404.31,27483.56,36487.31,2500.48,1771.16,4732.116496,0.142417,0.126949
400,5,321.89,24963.39,33871.57,1969.18,1878.50,5060.500949,0.131333,0.148095
400,5,577.02,38585.33,48609.40,2847.73,2064.94,5111.404200,0.187750,0.164082
400,5,461.29,32783.59,42019.01,2345.91,2296.14,4593.366640,0.158167,0.213507
400,5,491.67,30363.56,40061.49,2555.21,2152.93,4989.794862,0.150750,0.141330
400,5,384.08,29553.56,39855.13,3151.16,2321.83,4828.589962,0.151083,0.141919
400,5,449.14,30238.44,40039.48,2453.75,2094.87,5252.420645,0.153917,0.154287
400,5,334.78,26128.38,33192.63,1814.54,1854.98,3394.740734,0.125917,0.161006
400,5,512.69,30459.73,41112.26,3010.74,2315.53,5326.267187,0.155167,0.197393
400,5,330.71,24489.45,33675.43,2532.50,2255.58,4397.901420,0.127000,0.167676
400,5,421.17,28746.37,38639.27,2738.88,2489.80,4664.218904,0.148250,0.202843
400,5,647.98,37737.57,49307.99,3440.59,2174.57,5955.263989,0.188750,0.127321
400,5,569.23,32926.65,44201.65,3233.25,2152.78,5888.967697,0.167750,0.207932
400,5,566.20,33399.45,44301.59,3034.79,2039.72,5827.631465,0.170750,0.184037
400,5,458.36,31507.83,40993.38,2015.28,1767.27,5703.003049,0.154667,0.138066
400,5,586.30,33202.43,45669.39,4912.68,2226.87,5327.411741,0.174417,0.181795
400,5,443.54,33027.23,42026.54,2463.36,1939.96,4595.993145,0.165500,0.107334
400,5,381.29,34453.89,43044.33,2164.28,2176.27,4249.891317,0.165333,0.162877
400,5,531.13,33720.31,42717.18,2260.81,1584.22,5151.848961,0.165000,0.180197
400,5,501.94,28761.40,39292.82,2924.08,1912.56,5694.784833,0.151667,0.207147
400,5,486.68,30388.00,40914.52,2905.14,2114.67,5506.720289,0.155333,0.207381
400,5,344.21,25666.26,33850.78,1873.49,1498.70,4812.326726,0.130667,0.155547
400,5,338.46,30987.97,38754.93,2088.98,1659.05,4018.928634,0.148750,0.143570
400,5,487.95,33896.65,43662.13,2545.12,1910.39,5309.973705,0.168167,0.122773
400,5,501.97,30468.29,41577.03,3640.88,2198.88,5268.977694,0.159250,0.213579
400,5,516.15,31396.66,41288.77,2690.22,1756.68,5445.220131,0.160167,0.156421
400,5,386.88,30213.63,38819.79,2596.85,2096.68,3912.632455,0.148833,0.121452
400,5,553.39,34054.80,43853.86,2761.31,2072.62,4965.127054,0.166250,0.227055
400,5,397.87,28418.68,36232.04,2111.78,1627.82,4073.771155,0.139833,0.141935
400,5,431.63,32877.24,40979.90,2808.76,1754.46,3539.446545,0.156250,0.119423
400,5,351.65,27824.57,35243.33,1418.12,1695.90,4304.742996,0.136500,0.138089
400,5,458.15,26889.25,36717.81,2940.63,1900.56,4987.371666,0.139417,0.264557
400,5,337.81,26021.52,36202.69,3661.17,2366.09,4153.907335,0.138417,0.155104
400,5,479.86,32676.72,41642.32,2298.50,1707.71,4959.387844,0.160083,0.197822
400,5,421.38,30287.35,39845.23,2914.51,1923.02,4720.346737,0.150750,0.193300
400,5,463.14,32650.16,41498.12,1828.93,1911.47,5107.552578,0.161750,0.159587
400,5,447.74,27118.06,38388.40,3193.79,2517.16,5559.379856,0.143667,0.161959
400,5,520.00,36423.96,45337.68,1944.79,1723.54,5245.388158,0.173917,0.114973
400,5,490.96,32335.25,43510.74,3278.36,2502.30,5394.841201,0.165417,0.172068
400,5,383.59,25936.91,34858.64,3088.69,1977.97,3855.077356,0.132583,0.146110
400,5,456.95,34711.14,43918.01,2429.70,1828.92,4948.256386,0.168500,0.144875
400,5,295.09,23816.31,31057.33,1822.09,1628.84,3790.091500,0.118750,0.083876
400,5,418.95,28790.57,38395.24,2934.97,2388.74,4280.961898,0.146083,0.091795
400,5,492.23,30711.40,41404.49,3710.25,2345.50,4637.338354,0.157083,0.109440
400,5,336.85,23599.56,33363.75,2658.16,1971.62,5134.419995,0.127833,0.070744
400,6,533.59,33588.78,45470.38,3529.51,2617.82,5734.278709,0.172583,0.200920
400,6,739.69,50081.47,61817.29,2646.16,2430.40,6659.260015,0.237917,0.203842
400,6,573.44,38577.46,50711.53,3978.13,2394.15,5761.796353,0.198417,0.192411
400,6,502.27,33548.89,46167.32,4656.14,2998.53,4963.759745,0.175333,0.292807
400,6,481.68,33551.20,46109.57,3597.25,2409.29,6551.829862,0.179250,0.225677
400,6,510.52,40109.04,51469.07,3646.83,2363.33,5349.869923,0.200500,0.158458
400,6,493.58,35614.83,47639.10,3255.51,2395.63,6373.135512,0.184500,0.219232
400,6,580.12,38506.68,49003.71,2547.75,1819.17,6130.112043,0.192250,0.176239
400,6,432.11,28617.69,40842.51,3892.40,3157.12,5175.293784,0.154500,0.297105
400,6,530.85,39477.14,51276.18,4035.27,2568.06,5195.719303,0.198500,0.193359
400,6,425.35,30880.80,40608.29,2632.07,1981.27,5114.146142,0.157917,0.115467
400,6,471.62,33835.39,44266.18,3020.52,2380.03,5030.241498,0.170250,0.270821
400,6,584.75,38351.04,49682.77,3002.83,2225.29,6103.619546,0.191917,0.240980
400,6,613.54,40249.43,52968.70,3128.68,2523.34,7067.256291,0.203250,0.241853
400,6,504.89,30274.79,41329.46,2799.11,2125.46,6130.096095,0.157083,0.205387
400,6,563.39,39183.99,51313.11,3760.32,2800.10,5568.698176,0.198167,0.221747
400,6,498.64,37821.11,49591.49,3247.77,2773.18,5749.426344,0.192917,0.144300
400,6,395.96,25302.48,35637.61,2580.88,2305.16,5449.085222,0.134667,0.218879
400,6,449.58,33131.45,44808.78,3625.65,2709.98,5341.700221,0.171333,0.173912
400,6,533.79,31342.72,43927.65,3319.49,2289.58,6975.858056,0.166917,0.216620
400,6,632.49,40831.29,52423.38,2616.96,2314.60,6660.521877,0.199333,0.213917
400,6,584.25,39438.18,51641.77,3839.16,2716.59,5647.830779,0.198500,0.226726
400,6,379.25,23029.06,34400.72,3286.44,2689.42,5395.800449,0.130333,0.255163
400,6,623.44,41619.71,55101.35,4805.09,3070.63,5605.930016,0.212750,0.218488
400,6,567.97,40883.24,51610.75,2496.72,2136.33,6094.458488,0.200750,0.155980
400,6,528.40,33469.71,43845.31,2723.19,1892.83,5759.579918,0.168083,0.192554
400,6,487.43,32137.23,44112.53,3865.02,2718.23,5392.054906,0.169667,0.179015
400,6,508.77,33880.84,45571.30,3021.91,2294.34,6374.211948,0.171333,0.147169
400,6,609.31,37422.47,49625.61,3698.08,2262.81,6242.259374,0.192250,0.201168
400,6,443.70,32394.52,42025.03,2061.12,2206.88,5362.516135,0.164000,0.211004
400,6,483.67,31609.72,43466.94,3284.68,2762.92,5809.614977,0.164917,0.270665
400,6,374.05,29025.79,38623.10,2578.79,1927.19,5091.329755,0.147750,0.285870
400,6,642.24,37458.56,51213.49,4251.01,2818.81,6685.110895,0.194000,0.276714
400,6,659.04,40424.34,53258.09,3694.17,2633.70,6505.879563,0.205583,0.205288
400,6,558.37,40501.37,52174.05,3552.02,2672.59,5448.075175,0.203833,0.125325
400,6,575.42,36079.69,46068.90,2658.91,2081.85,5248.450061,0.176750,0.280045
400,6,477.10,34527.91,46066.99,3446.83,2358.42,5733.843804,0.177667,0.248390
400,6,657.62,42380.21,53586.22,2757.22,2160.56,6288.230277,0.205500,0.253826
400,6,472.29,35657.71,44948.00,2429.01,1923.83,4937.446367,0.172167,0.182985
400,6,497.82,31121.69,42724.17,3883.80,2679.19,5039.481059,0.165667,0.188983
400,6,497.22,35449.66,45693.58,3124.84,2242.58,4876.501238,0.177167,0.217155
400,6,548.25,31959.96,42747.36,3381.23,2205.76,5200.405539,0.164250,0.224258
400,6,682.54,38150.63,52864.64,4007.87,2718.42,7987.727517,0.202500,0.225570
400,6,532.89,31994.39,45130.55,4204.79,2696.29,6235.077006,0.171917,0.207239
400,6,522.91,36028.60,45332.09,2163.16,2020.43,5119.898599,0.175167,0.243458
400,6,580.22,38227.88,49561.40,2524.17,1945.53,6863.828335,0.190500,0.165328
400,6,482.00,32115.61,42698.26,3034.00,2254.04,5294.613592,0.164333,0.177701
400,6,645.01,40234.16,52430.38,3327.80,2178.47,6689.940730,0.203583,0.136560
400,6,655.83,42140.31,55533.85,4499.29,2559.22,6335.020921,0.216083,0.156552
400,6,487.70,27417.31,39536.61,4051.46,2345.25,5722.594065,0.151000,0.219947
400,6,494.49,35091.68,47227.40,3942.04,2735.45,5458.236002,0.181500,0.223289
400,6,492.94,37848.24,47605.60,2307.67,2149.71,5299.983651,0.185750,0.183836
400,6,426.46,33795.08,43882.58,2806.96,2121.30,5159.233903,0.169750,0.190024
400,6,486.24,34513.18,45990.03,3558.35,2364.44,5554.056232,0.178583,0.154393
400,6,509.52,36153.37,47376.49,3129.87,2476.04,5617.206216,0.182750,0.172884
400,6,506.95,36330.70,47678.22,3594.01,2442.79,5310.721187,0.184000,0.208870
400,6,509.96,38632.82,50401.73,3447.99,2826.07,5494.856385,0.194500,0.212330
400,6,638.84,42381.52,53447.23,2636.79,2192.40,6236.514897,0.208667,0.219339
400,6,410.32,29930.08,39518.38,2028.67,2206.57,5353.053349,0.149750,0.195542
400,6,556.74,38302.57,49485.56,3120.66,2691.92,5370.421258,0.187417,0.246368
400,6,540.21,35988.33,47753.44,2844.36,2497.32,6423.434003,0.189167,0.153149
400,6,644.03,41675.49,52831.05,2400.37,2346.10,6409.096777,0.200333,0.205534
400,6,385.77,25941.87,35392.85,2540.90,1966.84,4943.250903,0.134667,0.178156
400,6,443.16,32984.94,44475.41,3808.93,2486.21,5195.336040,0.171833,0.220290
400,6,443.98,26908.79,37705.54,3096.16,2139.87,5560.712704,0.146167,0.236686
400,6,585.14,35078.32,47152.88,3144.99,2428.98,6500.600059,0.180750,0.194064
400,6,607.30,40626.11,52813.88,3814.19,2406.95,5966.624037,0.203083,0.202591
400,6,516.57,36383.11,48114.84,3445.86,2439.29,5846.592072,0.183833,0.200687
400,6,644.57,42406.17,53681.58,2667.65,2221.75,6386.010768,0.207167,0.251224
400,6,533.72,35677.03,47860.73,3433.28,2695.50,6054.910026,0.183833,0.156246
400,6,499.80,31639.00,43905.09,4270.22,2947.74,5048.134297,0.168333,0.169733
400,6,473.58,32527.44,43666.74,2704.58,2475.34,5959.388066,0.166917,0.245447
400,6,460.26,28015.94,39271.78,2666.44,2148.50,6440.895263,0.151000,0.217832
400,6,398.57,31586.06,42698.13,3612.13,2908.60,4591.343135,0.165500,0.225791
400,6,452.13,31198.32,41366.22,2667.71,2137.24,5362.955387,0.162500,0.152700
400,6,551.12,34807.45,46742.78,3389.87,2128.87,6416.594982,0.182000,0.238911
400,6,513.95,36563.69,46885.59,2341.81,1816.89,6163.205724,0.180333,0.155666
400,6,469.76,33954.37,46238.43,4227.77,3187.72,4868.569379,0.178500,0.186073
400,6,684.05,42951.86,55226.37,3060.79,2231.18,6982.549594,0.212917,0.204269
400,6,426.23,25845.18,37614.90,3659.34,2434.10,5676.282573,0.143833,0.242987
400,6,419.77,30697.70,41049.57,2432.84,2266.07,5652.964559,0.157167,0.207465
400,6,500.47,32645.44,44000.42,3549.53,2472.43,5333.017267,0.168250,0.221443
400,6,487.14,32767.28,43634.36,3270.17,2651.24,4945.668277,0.165583,0.182811
400,6,492.70,29474.46,39765.65,2554.38,2100.94,5635.870327,0.151167,0.169832
400,6,469.38,26938.62,38739.49,3924.12,2838.06,5038.688776,0.144000,0.321859
400,6,451.59,37059.04,47221.87,2490.56,2325.72,5346.544907,0.183667,0.186061
400,6,452.05,27327.40,38625.32,3560.75,2361.00,5376.168334,0.148250,0.241309
400,6,486.42,33991.53,44566.55,2882.03,2330.37,5362.626138,0.171750,0.238749
400,6,555.11,35610.96,49331.99,5026.57,3022.15,5672.302381,0.190083,0.240078
400,6,405.41,35361.51,44158.16,1934.98,1778.70,5082.967985,0.173417,0.216738
400,6,469.17,32874.90,42393.59,2075.63,1876.60,5566.460876,0.164583,0.146127
400,6,389.45,32357.50,42815.14,2714.01,2385.32,5358.294790,0.165917,0.195273
400,6,636.40,39806.89,52081.94,3276.08,2608.99,6389.976701,0.197667,0.164649
400,6,501.23,35324.58,46995.69,3217.75,2176.57,6276.787925,0.183250,0.181980
400,6,466.93,27829.21,37478.68,2472.69,2005.71,5171.064631,0.144083,0.167049
400,6,506.04,34234.88,45732.63,3107.73,2652.87,5737.153090,0.173250,0.247005
400,6,491.31,32566.91,42963.48,2728.22,2290.06,5378.277849,0.164750,0.227185
400,6,429.52,33151.49,43929.84,3397.45,2772.39,4608.513755,0.170417,0.194866
400,6,534.93,31534.34,45230.24,4714.81,3123.53,5857.564523,0.173750,0.151433
400,6,557.95,40224.76,52094.84,3175.96,2751.13,5942.988032,0.197667,0.109328
400,7,535.61,32597.39,44784.35,3245.15,2573.71,6368.108379,0.170500,0.203933
400,7,643.83,45076.90,57899.90,3119.96,2816.72,6886.308785,0.224250,0.200111
400,7,534.35,29644.16,44929.63,4722.77,3153.18,7409.523975,0.174083,0.240263
400,7,472.29,33404.17,44840.67,3067.27,2492.12,5877.107166,0.173333,0.228484
400,7,669.17,41724.91,57231.81,4268.69,2947.72,8290.487226,0.223583,0.252192
400,7,571.26,31960.58,47948.12,5324.86,3500.96,7161.724315,0.182750,0.233626
400,7,662.05,44017.40,58932.67,4646.15,2970.43,7298.692018,0.227667,0.212998
400,7,611.85,46057.25,57605.77,2922.09,2312.02,6314.396251,0.228417,0.147581
400,7,676.59,42099.00,57587.25,5365.49,3444.27,6678.494605,0.219750,0.155634
400,7,403.81,28439.20,39601.70,3073.39,2356.59,5732.516861,0.154083,0.207631
400,7,436.15,31189.15,42310.54,2869.57,2391.54,5860.272187,0.163333,0.158372
400,7,526.75,38154.24,48873.82,2707.81,2278.87,5732.899199,0.188583,0.212487
400,7,624.83,40296.98,51840.94,2806.27,2067.39,6670.296044,0.202417,0.228768
400,7,614.07,37044.41,50999.22,3851.27,2169.49,7934.049589,0.198000,0.267587
400,7,543.63,33825.14,46074.13,3308.14,2719.81,6221.042471,0.178250,0.212254
400,7,766.62,45738.38,59348.33,3545.18,2629.59,7435.179614,0.231083,0.193420
400,7,814.73,46086.37,60917.32,3617.00,2543.39,8670.551924,0.237833,0.238033
400,7,449.00,35569.68,46998.85,2758.74,2760.10,5910.331205,0.184167,0.260296
400,7,587.05,32732.61,47269.11,4146.49,3577.58,6812.443246,0.180583,0.261211
400,7,673.42,37596.23,52406.68,4378.55,2863.64,7568.253700,0.201333,0.250424
400,7,756.08,42916.78,58031.74,4248.50,3551.52,7314.938246,0.222417,0.278302
400,7,662.52,40579.60,55234.80,4494.99,2828.29,7331.922704,0.213333,0.265303
400,7,521.96,37097.30,50906.55,4749.16,3212.57,5847.515451,0.199417,0.219217
400,7,625.24,36782.70,50328.20,3730.50,2291.98,7523.020151,0.196083,0.255837
400,7,784.25,47157.98,62725.61,4517.90,3704.07,7345.664024,0.239167,0.271878
400,7,756.47,47971.30,61921.18,3697.03,2972.87,7279.973544,0.236000,0.274871
400,7,648.25,45607.56,59626.85,3994.92,3438.46,6585.912346,0.226833,0.336958
400,7,610.18,35969.00,51887.29,4992.89,3175.76,7749.641682,0.196167,0.201268
400,7,592.76,36512.75,50039.10,3714.59,2807.34,7004.411955,0.192583,0.183296
400,7,816.54,49779.51,64622.51,4172.86,3220.79,7449.348861,0.249250,0.226359
400,7,557.87,34462.40,47893.74,3728.89,2801.90,6900.562341,0.184667,0.217815
400,7,463.75,30174.60,42358.13,3287.53,2559.54,6336.456744,0.164500,0.170874
400,7,550.29,37256.71,48610.50,2422.29,2337.13,6594.373531,0.186250,0.181018
400,7,668.07,43653.59,57381.47,4084.91,2351.29,7291.677385,0.226500,0.203295
400,7,688.41,41524.99,55021.10,3569.94,2273.05,7653.119938,0.212000,0.202237
400,7,680.01,39629.61,53390.06,4308.96,3109.54,6341.951992,0.204167,0.198008
400,7,459.55,34066.53,46586.03,3702.02,2744.82,6072.656486,0.180500,0.288237
400,7,622.33,44565.56,55893.29,2119.34,2456.77,6751.627103,0.215583,0.232379
400,7,524.87,32288.36,44058.58,2910.38,2679.88,6179.968413,0.168667,0.265365
400,7,484.63,31891.46,43802.63,3137.43,2547.73,6226.009909,0.167917,0.309755
400,7,497.11,34729.81,46080.77,3548.95,2509.16,5292.842047,0.177917,0.248018
400,7,436.72,28801.16,39079.71,2617.44,2217.81,5443.301450,0.149917,0.222835
400,7,489.80,36061.59,51256.16,4826.65,3493.74,6874.187491,0.199500,0.243792
400,7,731.32,48277.91,62087.27,4143.47,2786.94,6878.951585,0.242917,0.210232
400,7,595.00,35056.74,48051.19,3519.66,2526.14,6948.638577,0.182583,0.243120
400,7,457.21,35152.46,46000.20,1999.05,1972.55,6876.152963,0.179333,0.166481
400,7,575.69,34019.52,47556.06,3918.50,3012.52,6605.522272,0.181667,0.443854
400,7,516.79,39063.78,51480.68,3551.32,2607.51,6258.072804,0.202833,0.245681
400,7,593.98,36101.55,51869.89,5497.17,3120.06,7151.117198,0.200000,0.324679
400,7,637.50,34153.78,49718.10,5560.00,3102.15,6902.158331,0.192167,0.214075
400,7,648.66,42056.23,56153.97,3727.24,2997.94,7372.561735,0.216000,0.274508
400,7,732.24,42823.23,55934.18,3183.10,2424.79,7503.065130,0.219333,0.223672
400,7,487.21,38200.88,49247.82,3094.22,2465.87,5486.850039,0.192333,0.225391
400,7,630.13,39866.36,53381.62,4195.25,2707.89,6612.129651,0.206833,0.227641
400,7,510.17,34786.87,46314.30,2689.39,2287.81,6550.227951,0.178333,0.263402
400,7,579.56,41042.56,54469.61,4378.91,2829.56,6218.578309,0.212000,0.295349
400,7,511.49,37061.67,49021.30,2923.74,2611.68,6424.206947,0.188417,0.201338
400,7,677.87,45280.08,58831.44,4038.24,2854.68,6658.443238,0.232667,0.166024
400,7,529.97,40897.91,54192.06,4209.84,3131.96,5952.341374,0.213333,0.356196
400,7,819.45,50670.44,63628.98,3138.98,2568.11,7251.445739,0.244750,0.358555
400,7,534.84,40796.45,52834.24,3093.83,2510.38,6433.575224,0.209833,0.210527
400,7,579.58,37685.10,50576.86,3103.99,2806.70,6981.066847,0.193667,0.284239
400,7,639.84,39644.88,52418.27,3811.63,2649.39,6312.363605,0.204833,0.332248
400,7,647.09,45945.88,59431.61,3944.38,2889.05,6652.309671,0.229750,0.247062
400,7,571.38,35372.93,50111.61,5038.74,3109.37,6590.566639,0.191250,1.090368
400,7,637.82,45252.29,60275.66,4604.32,3397.67,7021.376137,0.234167,0.276131
400,7,753.42,47753.20,60704.66,3186.50,2222.99,7541.979418,0.239500,0.910198
400,7,721.04,47944.18,62048.93,4230.90,3048.25,6825.598539,0.238750,0.278581
400,7,482.32,32331.05,45798.24,3624.50,3072.31,6770.384375,0.177833,1.176853
400,7,643.62,38291.11,50646.49,2601.93,2138.54,7614.915943,0.194250,0.221965
400,7,509.10,35770.62,48459.47,3754.13,2930.94,6003.776521,0.185500,0.989338
400,7,518.74,38042.91,50625.33,3215.18,3002.15,6365.081963,0.197833,0.311055
400,7,609.48,39854.74,54145.26,4179.01,3061.09,7050.411238,0.210833,1.112183
400,7,465.14,34757.72,44520.88,1709.17,1978.09,6075.898402,0.173000,0.195316
400,7,627.31,39345.34,52009.97,4073.31,2335.48,6255.829272,0.203500,0.858695
400,7,759.42,45816.50,59968.32,4124.61,2632.77,7394.442223,0.235833,0.232896
400,7,498.87,31830.97,44237.52,3119.06,2695.10,6592.383548,0.170333,0.908115
400,7,673.70,45280.36,58132.30,3560.97,2942.62,6348.350628,0.227000,0.225495
400,7,788.11,43937.39,59778.35,4454.58,2610.65,8775.723918,0.230250,0.280029
400,7,504.61,33025.80,44820.29,2915.79,2723.72,6154.973644,0.174250,0.238337
400,7,530.77,41673.28,52533.55,2065.94,2348.06,6446.264616,0.206000,0.769584
400,7,627.38,34306.25,48179.16,3859.44,2869.80,7143.673470,0.184000,0.272847
400,7,629.20,46181.27,58127.08,3316.55,2558.24,6071.015856,0.228667,1.003875
400,7,559.37,37222.89,50005.55,4092.61,3172.99,5517.066617,0.188833,0.339650
400,7,521.34,38532.45,48489.84,2833.74,2165.14,4958.520105,0.189333,0.839442
400,7,608.10,42519.02,55574.98,3336.93,2955.90,6763.125180,0.216083,1.178270
400,7,644.60,39240.70,51689.69,3185.76,2696.23,6566.990794,0.197833,1.037742
400,7,758.34,46881.65,60497.24,3551.24,2633.51,7430.846968,0.236333,1.067582
400,7,635.10,37343.66,50923.27,4042.53,2739.71,6797.372885,0.197333,1.081888
400,7,622.09,37941.97,51461.11,3800.72,2432.74,7285.687991,0.197000,1.011120
400,7,570.93,40275.37,51869.97,1884.57,2206.03,7503.995209,0.201333,0.946399
400,7,593.43,35475.66,48435.97,2954.77,2511.46,7494.073768,0.188167,0.990896
400,7,613.87,38348.70,52192.25,3889.16,2914.68,7039.712563,0.200917,1.060705
400,7,596.35,40078.03,55434.34,4740.65,3533.99,7081.667523,0.213500,1.298338
400,7,553.22,36779.19,50835.65,5151.65,3111.28,5793.535195,0.197833,1.109370
400,7,573.12,41637.21,54860.38,3561.89,2823.83,6837.460541,0.209583,0.999094
400,7,595.78,44485.97,56383.97,3158.46,2745.53,5994.006245,0.217250,0.987246
400,7,434.86,32863.48,44603.29,3395.83,2811.47,5532.507392,0.172167,0.884649
400,7,593.36,38053.39,52922.29,4759.58,3006.94,7102.382259,0.204917,0.663779
400,7,589.53,39573.48,52777.80,2910.55,2546.51,7747.269660,0.204583,0.568159
