400,1,73.67,1538.72,4546.12,1547.87,584.14,875.393581,0.019250,0.184025
400,1,112.86,3556.98,6395.55,1154.48,436.95,1247.126781,0.026250,0.082220
400,1,117.82,3734.19,7186.15,1434.44,584.32,1433.196871,0.029583,0.146819
400,1,64.76,1088.98,3788.80,1404.33,508.14,787.351205,0.015833,0.092980
400,1,88.87,2283.34,5702.18,1550.64,675.79,1192.411325,0.023917,0.096731
400,1,137.44,4957.39,8283.12,1301.13,484.73,1539.855458,0.035083,0.084374
400,1,115.78,3530.03,7195.24,1583.73,617.32,1464.154965,0.029333,0.081937
400,1,108.69,3290.56,6832.64,1497.06,576.01,1469.007161,0.028000,0.081608
400,1,66.30,983.15,4125.01,1551.76,643.14,946.956611,0.017250,0.079300
400,1,71.81,1290.42,4723.69,1661.91,585.64,1185.714284,0.018917,0.331205
400,1,87.53,2966.59,5660.70,1165.87,370.69,1157.546614,0.023417,0.124549
400,1,75.40,1748.06,4619.41,1400.83,518.80,951.724514,0.019500,0.080190
400,1,93.50,2781.57,5791.20,1204.98,476.58,1328.059553,0.024167,0.043620
400,1,95.60,3226.09,6066.67,1111.23,435.96,1293.380340,0.025500,0.050259
400,1,83.22,2423.76,4814.19,1092.61,446.79,851.030840,0.020333,0.021340
400,1,143.75,5079.08,8445.22,1347.68,483.95,1534.513559,0.035083,0.043258
400,1,126.39,4637.01,8628.84,1687.91,687.97,1615.939538,0.035500,0.054418
400,1,115.94,3277.54,6359.65,1129.08,366.51,1586.525849,0.027000,0.030141
400,1,114.09,4007.85,7042.34,1254.91,424.81,1354.771717,0.028667,0.032991
400,1,89.92,2545.51,6015.28,1459.00,576.12,1434.651272,0.025833,0.085250
400,1,123.78,4402.81,7891.76,1432.66,547.16,1509.142569,0.033583,0.046686
400,1,82.57,2029.97,5192.50,1363.20,564.03,1235.288281,0.021250,0.023511
400,1,116.54,3798.04,6915.26,1285.97,484.55,1346.704053,0.028583,0.026676
400,1,122.98,3712.66,7184.07,1397.12,554.03,1520.274040,0.030167,0.047928
400,1,114.09,3575.75,6919.99,1234.93,542.75,1566.557843,0.028583,0.042443
400,1,76.45,1777.02,4508.34,1343.46,504.18,883.670808,0.018750,0.027428
400,1,107.56,3552.86,7000.46,1384.37,648.41,1414.831908,0.029333,0.044179
400,1,107.65,4427.84,7406.84,1060.13,372.85,1546.015476,0.030250,0.058287
400,1,80.09,2114.84,5320.50,1635.94,562.80,1006.929089,0.022417,0.041861
400,1,106.39,3077.14,6241.19,1330.47,459.98,1373.605956,0.025917,0.031128
400,1,120.15,3595.71,7052.99,1503.46,540.89,1412.940338,0.029750,0.021077
400,1,64.13,1068.31,4140.65,1522.55,692.54,857.245473,0.017333,0.043149
400,1,125.43,4284.17,7674.65,1280.63,569.61,1540.234931,0.032000,0.044531
400,1,73.97,1711.12,4699.75,1425.30,597.47,965.868545,0.019667,0.027829
400,1,104.73,3420.21,7025.16,1572.86,774.34,1257.748532,0.029083,0.034690
400,1,69.59,1265.64,4167.63,1559.85,515.88,826.253137,0.017750,0.059927
400,1,100.41,2660.78,5682.01,1122.09,489.90,1409.237174,0.024417,0.036379
400,1,78.13,1887.72,5017.96,1454.62,601.60,1074.022075,0.020500,0.044411
400,1,125.11,4886.35,7843.33,1350.17,426.50,1180.300205,0.032333,0.044245
400,1,117.12,4426.07,7504.13,1290.41,533.93,1253.726996,0.030833,0.044518
400,1,97.10,2558.22,5546.90,1340.53,492.18,1155.976450,0.024167,0.039741
400,1,65.82,1075.65,3983.56,1500.12,615.31,792.485863,0.016917,0.021533
400,1,122.66,4299.06,8104.24,1637.23,727.99,1439.958999,0.034000,0.036676
400,1,59.58,740.10,3702.49,1556.36,585.77,820.262007,0.015417,0.094602
400,1,64.79,1339.60,3947.93,1306.18,409.50,892.653471,0.016333,0.061740
400,1,97.58,2882.61,6327.58,1418.70,581.92,1444.341150,0.027333,0.028404
400,1,83.19,2304.15,5190.61,1379.54,557.30,949.623384,0.022167,0.023217
400,1,113.01,3824.26,7409.72,1454.38,618.46,1512.606685,0.030750,0.065450
400,1,83.55,1914.99,5514.97,1699.74,715.72,1184.524641,0.023083,0.059788
400,1,61.70,1162.29,4062.83,1434.66,544.17,921.704358,0.017000,0.023013
400,1,121.84,3442.45,6965.07,1538.47,648.49,1335.653991,0.028917,0.028600
400,1,126.53,4165.57,7268.26,1348.49,497.38,1256.812165,0.030917,0.082031
400,1,73.19,1303.05,4531.09,1762.70,656.82,808.520996,0.018250,0.039194
400,1,107.36,3673.23,7162.65,1347.82,571.86,1569.732734,0.029000,0.029367
400,1,95.22,2493.61,6096.67,1424.59,638.96,1539.508968,0.024833,0.025152
400,1,87.27,1724.57,5240.46,1557.55,707.21,1251.128905,0.022000,0.047948
400,1,137.02,4544.01,8087.77,1448.83,524.37,1570.564790,0.034000,0.042671
400,1,114.34,3584.45,6952.43,1389.45,434.01,1544.510926,0.028750,0.040529
400,1,80.14,1919.12,4751.32,1198.31,417.91,1215.972759,0.019667,0.027934
400,1,72.39,1140.85,4225.36,1652.66,570.09,861.750361,0.017917,0.035802
400,1,91.28,3160.19,6368.61,1373.12,542.51,1292.772805,0.026250,0.040275
400,1,102.36,3035.89,5712.64,1125.01,425.18,1126.564211,0.024083,0.027911
400,1,92.65,2633.99,5553.85,1383.76,435.22,1100.885176,0.023417,0.031133
400,1,66.13,1125.05,4323.47,1603.66,626.86,967.904134,0.018083,0.036231
400,1,104.88,2666.27,5877.73,1337.58,486.21,1387.677507,0.025167,0.033445
400,1,107.93,3112.86,6475.29,1487.93,616.77,1257.729824,0.027417,0.033026
400,1,93.34,2436.56,6136.58,1535.30,662.15,1502.567609,0.025417,0.038727
400,1,113.69,2808.52,6875.16,1852.28,748.38,1465.978879,0.029167,0.036833
400,1,73.86,1459.93,4241.67,1416.76,488.84,876.142423,0.017417,0.047387
400,1,104.03,2272.29,6273.71,1698.80,684.52,1618.108247,0.025667,0.043023
400,1,90.30,2688.93,5291.73,1132.24,362.33,1108.239420,0.022167,0.023603
400,1,70.95,1537.83,4734.69,1637.79,632.06,927.006668,0.019333,0.040016
400,1,97.00,2445.24,6097.04,1629.91,646.61,1375.272961,0.025500,0.027719
400,1,70.53,1270.65,4131.44,1386.37,551.92,922.502706,0.017333,0.028882
400,1,57.47,843.67,3566.81,1408.75,532.19,782.202985,0.015083,0.021087
400,1,112.05,3697.98,7093.93,1309.69,492.47,1593.791562,0.029333,0.023116
400,1,122.39,4146.35,7753.22,1466.38,625.47,1515.012959,0.031917,0.023682
400,1,88.62,2130.41,5475.80,1542.40,463.42,1339.581995,0.022500,0.035519
400,1,76.70,1978.76,5020.52,1417.71,536.91,1087.126859,0.021250,0.022799
400,1,79.98,1991.87,4952.96,1173.94,444.81,1342.345147,0.021583,0.028087
400,1,98.54,2755.63,5755.50,1343.79,570.44,1085.639231,0.024167,0.047980
400,1,74.19,1495.72,4791.90,1713.00,544.12,1039.053901,0.019667,0.021071
400,1,64.11,1161.06,4050.09,1507.72,577.20,804.107717,0.016333,0.035040
400,1,78.86,1677.69,4849.39,1539.40,477.73,1154.566030,0.020833,0.049785
400,1,77.58,1912.40,4601.26,1312.19,532.76,843.899393,0.019667,0.042756
400,1,123.92,4558.86,7620.54,1130.38,478.49,1452.815189,0.031750,0.050936
400,1,95.16,2422.00,5799.78,1599.35,606.26,1172.160215,0.024417,0.029517
400,1,75.22,2098.41,4930.63,1312.22,433.51,1086.498006,0.020500,0.022571
400,1,97.95,2599.25,6268.34,1569.39,703.34,1396.356230,0.026333,0.022628
400,1,89.88,2311.48,5469.23,1256.79,598.42,1302.543980,0.022833,0.023170
400,1,100.17,2756.71,6304.11,1628.09,679.37,1239.934275,0.025750,0.029659
400,1,101.70,3203.36,6559.19,1312.30,508.71,1534.821838,0.027333,0.036784
400,1,84.19,2647.18,5781.91,1489.45,609.94,1035.341946,0.023333,0.036303
400,1,87.01,2118.86,5238.01,1441.33,613.21,1064.612872,0.022083,0.034478
400,1,76.59,2027.23,4345.87,1073.03,392.92,852.687898,0.018250,0.038946
400,1,110.62,3380.71,6926.59,1572.09,641.22,1332.579678,0.029000,0.049216
400,1,79.31,1987.51,4849.64,1453.80,533.09,875.239677,0.019583,0.036770
400,1,80.42,2519.65,5095.32,1238.25,456.50,880.914278,0.020917,0.042907
400,1,124.50,3726.88,7225.32,1466.89,542.06,1489.491441,0.030333,0.026429
400,1,117.56,3745.56,7534.75,1544.42,621.66,1623.121919,0.032167,0.032005
400,2,216.15,7335.22,13604.54,2919.38,1057.95,2291.991418,0.056250,0.383204
400,2,124.03,1204.48,7767.91,3081.26,1384.47,2097.709253,0.033083,0.332946
400,2,239.90,7917.04,14464.15,2782.98,1169.18,2594.950214,0.060417,0.134697
400,2,137.60,3691.40,8598.22,2264.56,876.42,1765.846745,0.035167,0.249360
400,2,172.41,4784.37,11688.87,2902.24,1271.09,2731.172362,0.048083,0.238379
400,2,148.61,3661.73,9993.70,2723.80,1169.92,2438.247474,0.041500,0.097366
400,2,263.04,9632.32,16626.10,2983.49,1289.86,2720.421152,0.069083,0.084913
400,2,171.32,4585.16,11046.08,2738.94,1227.58,2494.406043,0.045667,0.280178
400,2,163.72,3998.37,10220.82,2762.93,1126.65,2332.862909,0.041667,0.087170
400,2,175.68,4235.29,10594.34,2840.03,1075.70,2443.319982,0.044750,0.291569
400,2,138.28,2807.71,8321.17,2503.27,1025.71,1984.473046,0.034083,0.084216
400,2,139.93,3192.83,8181.69,2348.71,822.72,1817.428488,0.033667,0.134295
400,2,146.30,3591.45,9330.81,2694.57,928.85,2115.939424,0.038000,0.044825
400,2,143.62,2693.47,9246.86,3189.27,1288.68,2075.433807,0.039250,0.048732
400,2,116.68,1905.66,7306.01,2705.90,1170.28,1524.169945,0.030250,0.060080
400,2,198.80,5559.84,12167.74,3190.10,1126.01,2291.790337,0.050000,0.032531
400,2,207.41,6111.11,13226.55,2916.51,1231.08,2967.851659,0.055333,0.055558
400,2,163.03,4292.08,10320.54,2600.79,1178.35,2249.314167,0.042833,0.061906
400,2,168.34,4001.87,10082.19,2807.99,1125.46,2146.868226,0.043333,0.050278
400,2,202.20,6427.20,12647.61,2548.72,1001.22,2670.476328,0.052583,0.059820
400,2,184.76,5142.55,11854.80,2987.51,1121.97,2602.757068,0.048583,0.058845
400,2,171.67,5299.80,11159.89,2595.05,972.17,2292.871626,0.047917,0.025361
400,2,144.55,3267.27,9401.10,2803.11,1083.46,2247.263504,0.038417,0.028086
400,2,229.10,7160.98,13987.65,3125.23,1265.26,2436.182696,0.057583,0.050086
400,2,199.29,5112.02,11373.07,2918.98,1066.13,2275.943749,0.048167,0.042835
400,2,136.76,2525.13,8525.18,2831.14,1320.43,1848.475618,0.036667,0.053072
400,2,262.36,9312.99,15601.34,2499.97,1049.14,2739.252289,0.064833,0.041934
400,2,147.19,3651.01,9617.48,2766.33,1037.15,2162.990421,0.040083,0.050854
400,2,153.27,3257.70,9823.47,3146.81,1245.90,2173.055657,0.041417,0.054869
400,2,152.87,3468.39,9684.89,2881.33,1166.15,2169.024004,0.040167,0.053318
400,2,159.51,3812.67,9949.07,2806.61,975.37,2354.426125,0.042083,0.067618
400,2,158.31,4307.26,10076.12,2618.76,999.65,2150.443521,0.042583,0.055071
400,2,195.42,5536.33,12098.72,2883.12,1123.23,2556.045989,0.050250,0.027335
400,2,161.84,3561.84,9616.76,2653.10,1171.58,2230.228239,0.040833,0.040304
400,2,205.63,5480.71,12804.56,3422.97,1319.68,2581.196311,0.053500,0.050149
400,2,141.42,2978.77,8976.13,3052.72,1160.97,1783.669907,0.037750,0.070683
400,2,147.16,2938.97,9326.91,3040.44,1145.97,2201.530186,0.038167,0.044125
400,2,164.28,4812.31,10600.62,2503.28,924.80,2360.233070,0.044250,0.028647
400,2,157.13,3437.11,9230.51,2935.24,1010.21,1847.959536,0.038417,0.045172
400,2,173.04,5655.17,11138.50,2486.66,918.08,2078.597819,0.046750,0.056207
400,2,149.17,3907.49,10011.76,2799.22,1156.49,2148.565668,0.041750,0.029667
400,2,152.33,4002.52,9163.29,2474.32,877.02,1809.436327,0.038167,0.045446
400,2,173.68,4387.96,11480.89,2967.16,1260.04,2865.722088,0.047500,0.051023
400,2,160.93,4701.15,10576.75,2621.15,1179.47,2074.985163,0.043417,0.055093
400,2,142.61,3206.16,8826.12,2487.21,998.12,2134.625729,0.037500,0.070849
400,2,175.84,5772.51,11943.95,2520.75,1193.31,2457.382806,0.049333,0.044854
400,2,150.35,3249.94,8936.33,2708.78,983.16,1994.451254,0.036750,0.060056
400,2,212.39,6266.30,12922.01,2563.40,1130.65,2961.669775,0.053583,0.064061
400,2,257.39,10103.97,16984.72,3013.60,1279.74,2587.413571,0.069500,0.044293
400,2,153.00,3765.93,9387.06,2720.78,1054.38,1845.973551,0.039167,0.052963
400,2,186.02,5457.02,11572.62,2694.95,1008.67,2411.977306,0.048167,0.061267
400,2,145.78,2279.41,8735.64,3055.23,1261.15,2139.842686,0.037083,0.058962
400,2,164.01,4040.36,9836.61,2836.85,944.66,2014.741804,0.041000,0.038187
400,2,209.45,6320.98,12582.11,2586.22,1020.18,2654.722649,0.052833,0.040130
400,2,196.11,6314.81,12237.16,2247.10,810.67,2864.585672,0.051000,0.040863
400,2,204.16,6865.93,12703.17,2354.68,855.60,2626.963143,0.053333,0.049574
400,2,185.26,4653.74,11453.89,3155.63,1219.99,2424.535558,0.047000,0.027191
400,2,207.83,5980.81,12732.25,3170.71,1269.78,2310.962987,0.053083,0.032540
400,2,150.21,3475.49,9341.84,2805.73,1029.43,2031.190083,0.039083,0.047282
400,2,189.91,5974.46,12258.85,2812.62,1210.49,2261.278659,0.051333,0.065579
400,2,176.19,4339.12,11103.97,2785.79,1349.76,2629.289268,0.045583,0.039856
400,2,135.63,2402.04,8290.13,2738.01,1225.35,1924.728828,0.034417,0.038179
400,2,188.91,5582.45,11148.98,2735.39,990.96,1840.178486,0.046583,0.051080
400,2,149.50,3270.41,9419.06,2835.41,1144.24,2168.987325,0.038583,0.044490
400,2,156.23,3862.02,10167.26,3019.74,1171.59,2113.899262,0.042083,0.057410
400,2,174.72,3962.51,10301.14,2836.24,1135.89,2366.507915,0.043583,0.041443
400,2,232.44,7642.27,13970.14,2688.58,1039.72,2599.570867,0.059250,0.041521
400,2,240.65,7454.58,14432.20,2920.32,1179.79,2877.512701,0.059833,0.051452
400,2,127.46,1331.56,7735.31,3445.85,1340.59,1617.320623,0.032750,0.051084
400,2,241.32,8300.41,15030.76,2719.51,1003.03,3007.804134,0.062250,0.052962
400,2,165.49,4591.60,10216.34,2607.66,1101.71,1915.367675,0.042417,0.040735
400,2,132.02,1623.04,7930.64,2960.97,1158.55,2188.086134,0.034250,0.032398
400,2,229.04,6812.73,13952.16,3126.67,1271.61,2741.155552,0.059250,0.042586
400,2,173.87,4949.96,10833.31,2958.35,1060.56,1864.437453,0.045917,0.060445
400,2,139.87,2758.82,8819.08,2938.73,1101.38,2020.142760,0.037000,0.051286
400,2,197.30,6069.06,11981.90,2556.53,954.72,2401.588381,0.049167,0.053989
400,2,218.77,6674.78,13404.30,2950.08,1096.76,2682.679030,0.055833,0.032374
400,2,162.23,4724.34,10412.03,2707.86,949.64,2030.201685,0.043000,0.047939
400,2,192.59,5493.48,12086.46,2831.68,1291.24,2470.069458,0.050250,0.042177
400,2,175.67,5187.02,11272.30,2530.10,1063.41,2491.770499,0.048250,0.044646
400,2,156.97,3351.35,9916.23,3151.98,1334.59,2078.312678,0.041583,0.054811
400,2,136.90,1986.13,8228.83,3123.88,986.86,2131.960636,0.034083,0.025826
400,2,141.36,3171.36,8669.36,2702.21,930.15,1865.643120,0.035833,0.057974
400,2,183.62,5183.02,11086.39,2851.96,999.66,2051.753963,0.045917,0.056379
400,2,163.73,4779.69,10110.18,2366.09,900.34,2064.051320,0.041667,0.043545
400,2,179.73,4168.45,10502.39,2903.15,1122.94,2307.852380,0.044833,0.026506
400,2,183.35,5235.15,11281.21,2814.36,1125.45,2106.243501,0.047083,0.027734
400,2,167.68,4290.91,10495.34,3044.94,1166.18,1993.313119,0.044083,0.034881
400,2,184.81,4532.36,11169.93,2817.82,983.17,2836.586449,0.046000,0.051339
400,2,169.95,4327.41,10776.17,2927.74,1123.17,2397.853145,0.045167,0.052997
400,2,218.91,7514.60,13945.08,2707.30,1205.61,2517.564279,0.057750,0.062876
400,2,202.29,5947.10,13001.38,3033.24,1254.37,2766.675858,0.054000,0.058540
400,2,147.72,2396.82,8920.16,3113.69,1260.96,2148.686834,0.037917,0.041811
400,2,154.00,4478.82,10881.74,2862.12,1223.17,2317.625607,0.045417,0.031485
400,2,127.19,2207.07,7339.11,2425.37,1006.62,1700.041666,0.030833,0.036527
400,2,216.36,7394.39,13877.87,2574.47,1098.66,2810.348976,0.056417,0.037919
400,2,164.78,3671.61,10354.21,3415.56,1193.41,2073.635801,0.043167,0.048808
400,2,122.06,2415.66,7614.59,2666.09,981.79,1551.051135,0.031500,0.048626
400,2,157.18,3878.45,9859.86,2676.88,1056.02,2248.513232,0.040583,0.049813
400,2,187.40,5224.84,12459.14,3050.62,1237.08,2946.590754,0.051667,0.047180
400,3,240.57,6081.14,14961.20,4233.95,1701.75,2944.359519,0.062583,0.039979
400,3,266.51,6632.53,15986.73,4309.28,1622.39,3422.527267,0.067667,0.076268
400,3,313.88,10565.05,19800.46,4093.11,1494.88,3647.418320,0.083417,0.060152
400,3,195.40,3878.12,12088.92,4203.60,1538.05,2469.156347,0.050250,0.076803
400,3,309.65,8288.25,18514.64,4363.72,1844.99,4017.672895,0.076917,0.065896
400,3,269.19,6960.27,16517.83,4338.39,1620.14,3599.031245,0.068833,0.093750
400,3,312.11,9861.90,19609.94,4336.55,1669.10,3742.377910,0.081417,0.074429
400,3,245.57,5743.22,15629.13,4480.75,1834.37,3570.780417,0.065333,0.088956
400,3,226.67,4723.23,14092.07,4320.72,1648.80,3399.318601,0.058083,0.045888
400,3,233.14,5280.27,13796.83,3634.03,1393.82,3488.711362,0.058917,0.049228
400,3,275.12,9184.39,17704.53,4050.14,1544.66,2925.348286,0.073417,0.068288
400,3,168.88,1919.21,10429.13,4300.64,1655.74,2553.549886,0.043583,0.062502
400,3,210.09,4355.34,13188.20,4403.60,1719.83,2709.430460,0.055333,0.065360
400,3,252.04,5745.59,15564.30,4381.20,1945.65,3491.858987,0.065750,0.063983
400,3,152.59,237.42,9626.19,4696.18,2082.07,2610.520508,0.040500,0.051594
400,3,290.72,8672.26,18432.71,4313.04,1666.34,3781.069219,0.075167,0.039933
400,3,293.51,8252.03,18658.13,4440.12,1735.88,4230.110760,0.077667,0.072804
400,3,247.22,5776.89,14880.92,4470.07,1659.29,2974.674049,0.061833,0.061241
400,3,210.11,4200.21,13016.62,4122.00,1726.52,2967.896242,0.053417,0.065745
400,3,299.33,10295.51,19804.76,3896.87,1810.65,3801.718052,0.081500,0.043631
400,3,273.94,7807.79,17451.67,4396.25,1583.15,3664.480962,0.072833,0.054938
400,3,297.71,9588.54,18822.60,4175.93,1673.18,3384.963597,0.078833,0.051393
400,3,262.31,6875.01,16216.97,4322.11,1672.72,3347.122070,0.067083,0.051379
400,3,226.77,5161.73,13524.38,3683.22,1470.13,3209.309040,0.056833,0.069198
400,3,258.67,5922.24,15436.44,4460.52,1870.87,3182.813461,0.064750,0.083293
400,3,251.57,6642.71,15609.40,4248.36,1720.58,2997.759218,0.064750,0.071651
400,3,285.60,7979.30,17363.85,4287.41,1639.46,3457.680083,0.071167,0.054536
400,3,247.22,6407.36,16356.19,4761.95,1917.25,3269.627810,0.068083,0.075710
400,3,277.84,7505.80,17080.50,4363.97,1800.53,3410.201435,0.072667,0.058840
400,3,262.45,7065.88,15873.47,4110.82,1410.81,3285.961796,0.067083,0.071384
400,3,203.66,4656.07,14142.88,4427.22,1797.82,3261.773211,0.057417,0.043897
400,3,271.82,7821.57,16723.08,3936.74,1571.59,3393.188332,0.068500,0.077918
400,3,298.49,10254.67,18924.04,3879.39,1304.41,3485.574539,0.079833,0.083947
400,3,260.87,8106.66,16857.03,3886.98,1437.26,3426.126011,0.069667,0.059301
400,3,330.59,10559.57,20109.48,4130.59,1757.64,3661.674949,0.083333,0.047512
400,3,246.88,7091.06,15125.04,4055.48,1494.88,2483.618196,0.062417,0.048915
400,3,215.16,3696.95,13629.07,4477.96,1978.43,3475.723915,0.056917,0.060917
400,3,268.64,7601.52,16283.86,4151.40,1577.72,2953.224251,0.067667,0.056345
400,3,239.37,5760.88,14563.53,3928.35,1417.37,3456.931704,0.060500,0.068048
400,3,214.97,4476.27,12727.14,3932.02,1500.39,2818.458672,0.053167,0.054078
400,3,200.65,3355.36,11737.24,3874.96,1501.21,3005.712340,0.049167,0.054369
400,3,195.50,3656.84,12178.33,4178.47,1740.76,2602.253821,0.049417,0.060678
400,3,255.80,4377.70,15402.79,4668.37,2000.26,4356.462623,0.064083,0.066434
400,3,226.64,5438.74,14258.14,4376.55,1675.06,2767.792879,0.059167,0.057452
400,3,192.19,3202.06,11510.68,4016.00,1738.74,2553.894277,0.049167,0.064681
400,3,295.49,9174.12,18669.90,4155.74,1629.67,3710.368245,0.078083,0.058850
400,3,220.97,5835.92,14313.80,4115.51,1617.26,2745.110018,0.059583,0.043875
400,3,240.73,4937.94,14516.03,4292.43,1604.17,3681.498343,0.060750,0.055924
400,3,226.99,4590.79,14129.91,4445.33,1821.50,3272.284131,0.059250,0.072180
400,3,187.55,2973.78,11739.34,4282.77,1827.04,2655.736737,0.048917,0.063770
400,3,265.63,6780.08,15866.31,4426.97,1475.00,3184.267885,0.066667,0.056032
400,3,341.14,11643.40,21032.97,4575.97,1662.99,3150.606251,0.087417,0.062546
400,3,206.63,2963.62,12643.05,4508.09,1911.18,3260.164595,0.052833,0.078378
400,3,225.30,4867.32,14031.66,4210.16,1481.98,3472.197596,0.058667,0.086233
400,3,275.94,6931.15,16877.00,4590.50,1569.50,3785.846031,0.069750,0.063720
400,3,292.04,9370.65,17992.46,3901.61,1514.01,3206.186051,0.073417,0.057027
400,3,242.60,5699.85,15807.65,4411.13,1744.98,3951.679974,0.064917,0.061974
400,3,270.15,6537.19,16391.13,4734.77,1650.27,3468.905423,0.068750,0.078880
400,3,323.47,12096.36,20545.17,3827.91,1408.08,3212.822678,0.086000,0.037172
400,3,230.16,6084.05,14549.68,3622.97,1596.39,3246.266340,0.060750,0.056457
400,3,230.50,4665.73,14861.19,4405.05,1967.62,3822.796015,0.062333,0.047182
400,3,262.70,6327.57,15782.79,4554.43,1606.48,3294.312149,0.065333,0.058812
400,3,206.66,3888.86,12840.86,4615.73,1689.37,2646.897044,0.053833,0.057767
400,3,245.50,6023.84,14818.45,4180.02,1606.97,3007.620019,0.061000,0.059349
400,3,268.29,6897.75,16216.16,4558.62,1494.27,3265.519396,0.066917,0.062232
400,3,281.41,8496.10,17579.22,4275.45,1557.23,3250.437993,0.072917,0.063834
400,3,261.91,7724.35,16719.17,3981.08,1676.44,3337.298152,0.069250,0.062048
400,3,318.82,10375.09,19794.46,4128.19,1438.32,3852.858888,0.081917,0.036195
400,3,228.03,5584.10,14671.26,4286.28,1756.10,3044.786447,0.060500,0.050451
400,3,287.27,8693.16,18465.20,4142.95,1577.29,4051.801991,0.076500,0.062623
400,3,174.64,2597.51,10632.50,3784.13,1513.11,2737.746846,0.044667,0.033876
400,3,256.30,5957.18,14975.55,4067.06,1613.76,3337.545722,0.064000,0.070982
400,3,362.45,12871.04,21945.19,3795.72,1569.19,3709.248612,0.091333,0.033163
400,3,228.08,4677.93,14276.22,4863.07,1751.66,2983.555303,0.060083,0.064872
400,3,208.98,4215.59,13311.76,4246.86,1769.71,3079.593805,0.056000,0.064071
400,3,232.75,5168.20,14888.19,4630.04,1828.84,3261.107868,0.060917,0.052954
400,3,272.01,7577.96,17053.07,4271.67,1496.38,3707.069080,0.070500,0.048886
400,3,287.69,8573.88,17644.52,3995.99,1494.69,3579.956556,0.073833,0.076075
400,3,263.52,6751.55,16872.41,4526.85,1984.02,3609.985622,0.070167,0.077990
400,3,299.41,8751.08,18351.61,4795.13,1667.05,3138.348742,0.076833,0.045292
400,3,237.61,5057.87,14146.95,4083.46,1536.44,3469.192261,0.059000,0.037869
400,3,275.96,7510.89,17083.73,4674.17,1779.43,3119.241163,0.071333,0.082786
400,3,250.29,7786.93,15697.05,3856.14,1341.71,2712.271526,0.064500,0.052838
400,3,267.99,7286.72,15943.15,4029.91,1464.81,3161.702662,0.064333,0.076189
400,3,186.91,4304.67,11450.75,3432.94,1104.09,2609.052283,0.047917,0.033310
400,3,288.60,8934.00,18084.60,4176.20,1713.03,3261.366450,0.073667,0.046842
400,3,219.16,4835.69,13047.60,3891.36,1539.80,2780.749909,0.055750,0.043457
400,3,238.93,6503.98,14875.84,3736.49,1579.19,3056.171449,0.063000,0.068042
400,3,219.80,4818.44,13781.90,3856.65,1552.48,3554.332175,0.057750,0.044368
400,3,296.34,8268.14,17621.18,4165.06,1666.33,3521.657698,0.073250,0.060871
400,3,299.69,8427.92,18501.18,4293.66,1778.68,4000.919254,0.077750,0.066842
400,3,259.93,6443.02,16660.77,4528.51,1774.32,3914.926293,0.069750,0.070067
400,3,251.26,6291.46,15692.83,4326.95,1678.18,3396.239762,0.065333,0.052555
400,3,264.37,7409.77,16645.01,4115.04,1556.60,3563.598968,0.069333,0.065436
400,3,199.48,4019.02,12152.98,4042.18,1643.56,2448.215613,0.051500,0.076219
400,3,372.25,12506.57,22339.30,3899.15,1568.02,4365.567163,0.093500,0.046933
400,3,254.27,7401.74,15485.40,3449.60,1221.73,3412.333800,0.064333,0.044809
400,3,176.26,2103.63,10715.53,4462.64,1678.80,2470.453512,0.044917,0.071482
400,3,268.40,7312.82,16158.00,3821.51,1390.05,3633.619028,0.068083,0.042433
400,3,252.27,5508.63,15470.51,4037.80,1825.42,4098.672164,0.064000,0.080144
400,4,275.10,5710.29,16739.38,5177.95,1972.69,3878.448157,0.069167,0.059517
400,4,324.83,9554.84,21430.58,5605.42,2063.49,4206.836522,0.088750,0.179981
400,4,368.16,9724.15,22304.27,5950.91,2282.14,4347.074102,0.093833,0.092101
400,4,273.46,6359.98,17204.86,5332.77,2218.50,3293.606270,0.072500,0.071088
400,4,427.19,12481.04,25886.98,5752.62,2324.17,5329.157848,0.107500,0.080310
400,4,347.14,8652.00,21510.89,5867.60,2294.18,4697.097736,0.089167,0.095997
400,4,371.00,9560.29,23091.51,6383.26,2364.64,4783.321035,0.096667,0.244435
400,4,304.60,6505.71,19035.85,5798.67,1965.82,4765.658083,0.079167,0.059150
400,4,291.60,6214.43,18631.02,5758.38,2347.94,4310.257889,0.076167,0.098460
400,4,307.06,8460.92,19773.91,4948.80,2051.33,4312.857277,0.082167,0.062780
400,4,306.26,7679.39,19596.63,5720.56,2074.83,4121.852770,0.081250,0.165948
400,4,270.72,6000.25,16786.36,5315.33,2200.68,3270.093472,0.068750,0.059369
400,4,350.56,10087.98,23113.68,6478.42,2661.50,3885.774205,0.096000,0.084342
400,4,270.03,3403.80,16270.31,6023.33,2510.73,4332.464253,0.068583,0.075163
400,4,237.71,3191.77,14670.31,5928.80,2138.58,3411.156914,0.060833,0.095826
400,4,341.24,9076.23,21660.79,5841.44,2287.08,4456.035381,0.089333,0.073306
400,4,354.14,9316.55,22620.43,6297.69,2339.20,4666.980145,0.096167,0.076850
400,4,315.16,6424.84,19260.97,6315.57,2588.13,3932.419914,0.080250,0.072538
400,4,407.75,12205.70,24622.96,6051.24,2458.28,3907.740121,0.102083,0.060924
400,4,272.11,4236.81,16346.70,5551.00,2200.44,4358.451198,0.068500,0.056570
400,4,376.56,11830.64,24240.53,5441.09,2174.89,4793.909973,0.100083,0.076187
400,4,283.94,4523.31,17666.18,6076.92,2600.23,4465.723950,0.073167,0.071699
400,4,337.30,9329.31,21222.75,5474.77,2172.25,4246.425884,0.086917,0.060122
400,4,285.98,5464.66,17485.84,5735.01,2372.11,3914.058035,0.073250,0.065218
400,4,289.75,5715.64,17905.69,5576.52,2300.25,4313.269757,0.075417,0.083991
400,4,334.22,8992.57,20980.66,5699.75,2034.05,4254.287679,0.087583,0.067543
400,4,352.36,10346.16,22665.72,5743.29,2314.86,4261.407000,0.094167,0.079389
400,4,299.00,6686.29,18061.89,5039.98,1996.73,4338.888552,0.075083,0.071685
400,4,324.07,8440.09,20888.61,5774.87,2279.07,4394.578431,0.085750,0.040147
400,4,366.09,10647.20,22741.12,5444.22,2249.48,4400.214307,0.097000,0.072331
400,4,268.18,4994.24,17348.23,5947.46,2354.08,4052.447059,0.072083,0.046094
400,4,357.29,10210.61,22058.46,5440.56,2027.22,4380.070564,0.091500,0.073850
400,4,274.63,5878.52,17492.33,5234.13,2018.61,4361.071432,0.072417,0.060461
400,4,369.53,10764.31,22929.28,5753.95,2218.30,4192.724677,0.095917,0.060561
400,4,315.38,6046.67,19116.50,5939.44,2303.46,4826.931196,0.079333,0.087751
400,4,239.42,3619.16,14849.83,5740.33,2134.77,3355.575827,0.062083,0.087501
400,4,417.88,13688.09,25859.87,5357.79,2186.03,4627.958452,0.107667,0.080962
400,4,270.74,5049.26,17522.47,6114.32,2696.90,3661.989729,0.073250,0.103519
400,4,294.20,6249.68,18239.50,5737.50,2207.56,4044.757385,0.075417,0.064658
400,4,288.95,4704.75,16371.08,5841.08,2290.70,3534.544334,0.069667,0.081044
400,4,302.48,7891.68,18851.58,5107.39,1883.38,3969.134806,0.077583,0.063535
400,4,289.73,6940.93,17697.83,5516.95,2056.49,3183.464085,0.074167,0.049231
400,4,356.99,8746.41,21925.46,5814.74,2113.27,5251.033314,0.091000,0.069889
400,4,317.45,8323.17,19923.23,5582.06,2295.21,3722.794564,0.082083,0.076002
400,4,229.30,3142.00,14103.99,5528.52,2124.74,3308.731297,0.060250,0.078588
400,4,327.22,7092.51,20780.06,6098.16,2552.42,5036.971759,0.087083,0.067737
400,4,251.28,4638.12,15879.78,5661.89,2236.12,3343.649299,0.065583,0.090078
400,4,360.72,9488.93,22246.42,5753.40,2214.77,4789.312946,0.092917,0.078983
400,4,404.17,13545.46,26554.28,6236.96,2430.69,4341.163850,0.109833,0.079421
400,4,243.03,2451.17,14655.00,6046.53,2218.13,3939.169922,0.061833,0.056168
400,4,339.26,9489.32,21767.16,5780.86,2308.17,4188.816182,0.091167,0.072126
400,4,310.92,7727.67,19225.00,5272.64,2119.53,4105.158608,0.080333,0.040401
400,4,336.62,9037.83,20695.03,5785.91,2159.13,3712.164372,0.086583,0.056722
400,4,347.74,9838.70,22364.93,5831.96,2437.32,4256.953016,0.092917,0.074348
400,4,305.82,7356.85,19567.22,5766.72,2232.69,4210.952519,0.081583,0.068603
400,4,278.86,5451.80,17767.88,6002.37,2367.55,3946.159404,0.073917,0.056196
400,4,406.39,12011.62,24270.26,5356.24,1900.28,5002.116434,0.101083,0.073795
400,4,420.09,12880.66,24781.85,5271.40,2120.99,4508.798771,0.104000,0.068457
400,4,300.31,6818.89,18671.98,5662.66,2290.85,3899.570398,0.077500,0.056132
400,4,345.39,8707.70,20617.62,5483.31,2233.93,4192.672838,0.086500,0.042535
400,4,322.44,6352.46,19794.20,6022.36,2324.08,5095.297682,0.082917,0.072139
400,4,332.27,9330.24,20286.37,5013.43,1930.61,4012.094273,0.084583,0.061734
400,4,338.91,9773.93,20814.23,5298.19,2033.99,3708.112663,0.086417,0.071351
400,4,369.26,10572.91,22771.65,5690.69,2154.45,4353.591426,0.093917,0.065580
400,4,378.91,10580.86,22936.73,5723.80,2299.15,4332.910690,0.095250,0.069475
400,4,278.75,5595.53,18363.06,6315.97,2519.87,3931.685915,0.075750,0.100321
400,4,335.37,9119.21,20831.17,5317.57,2047.93,4346.463202,0.085833,0.057108
400,4,399.82,11092.23,24362.48,5979.15,2521.46,4769.641849,0.101250,0.082914
400,4,317.68,7668.00,20376.67,5755.66,2554.30,4398.709155,0.085250,0.089941
400,4,335.91,8075.49,21211.53,5801.25,2411.68,4923.113923,0.087000,0.065077
400,4,234.43,2870.38,14607.54,5707.29,2324.03,3705.830384,0.060750,0.047481
400,4,300.56,6531.54,18244.11,5384.28,2032.82,4295.471996,0.076333,0.054437
400,4,378.93,10395.82,22791.37,5543.54,2009.18,4842.835992,0.095583,0.050223
400,4,292.65,6471.46,17954.58,5700.01,2095.66,3687.449846,0.073583,0.053097
400,4,330.15,8295.87,20023.56,5385.27,2242.42,4099.989828,0.083417,0.070105
400,4,349.06,9127.36,21368.48,5651.37,2339.26,4250.501134,0.089917,0.078378
400,4,445.83,15722.89,27973.88,5621.57,2228.69,4400.721408,0.117667,0.078117
400,4,297.77,6520.32,18777.75,5776.56,2413.09,4067.775266,0.078583,0.084181
400,4,329.06,8728.36,21509.97,5794.48,2519.78,4467.350934,0.088917,0.092236
400,4,306.52,6983.76,19291.52,5740.82,2477.14,4089.804550,0.080667,0.091241
400,4,370.06,10438.54,23109.20,5629.75,2340.78,4700.130516,0.095417,0.042232
400,4,313.81,8060.15,19873.68,5778.56,2287.65,3747.327601,0.082083,0.063347
400,4,356.72,10916.61,22325.18,5610.53,2221.23,3576.811361,0.091833,0.047655
400,4,358.62,11597.11,21316.98,4284.01,1544.29,3891.572416,0.088250,0.082429
400,4,339.91,10228.27,20567.71,5158.06,1941.95,3239.423239,0.085667,0.056648
400,4,319.32,7699.09,19747.71,5969.14,2196.48,3882.995778,0.082417,0.046322
400,4,337.87,9397.60,20297.21,4851.90,2011.85,4035.854859,0.083583,0.059257
400,4,317.89,7739.79,19784.75,5686.16,2100.08,4258.723074,0.083667,0.052445
400,4,297.08,7540.05,19684.18,5751.53,2034.92,4357.674443,0.081333,0.077762
400,4,345.75,8352.99,21144.03,6000.34,2239.23,4551.474089,0.086750,0.074554
400,4,333.03,8421.48,21276.41,5707.72,2268.94,4878.264009,0.087833,0.064128
400,4,348.79,10176.30,22862.34,5411.35,2361.71,4912.983929,0.095917,0.058352
400,4,307.12,7092.60,19543.06,5707.38,2305.65,4437.428086,0.082000,0.056049
400,4,385.59,11469.20,24338.03,5914.19,2415.99,4538.654268,0.100417,0.075897
400,4,255.55,5076.80,15641.47,5450.18,1983.53,3130.959183,0.064833,0.088113
400,4,339.94,9084.08,20552.58,5190.43,1754.77,4523.300321,0.086583,0.061784
400,4,366.91,11185.07,22613.15,5258.69,1992.60,4176.795350,0.093083,0.083775
400,4,326.29,8812.10,19006.99,5007.09,1817.21,3370.583919,0.078750,0.043687
400,4,265.83,4013.79,16457.97,5671.86,2390.02,4382.298014,0.069667,0.059003
400,4,371.85,9839.62,23093.66,5781.15,2234.55,5238.330978,0.096000,0.069166
400,5,474.41,15804.09,29945.56,6353.93,2672.56,5114.973829,0.125000,0.137566
400,5,508.17,16576.59,31786.29,6927.55,2676.90,5605.244191,0.133167,0.095014
400,5,389.36,9234.04,24212.10,7036.67,2769.48,5171.915013,0.102833,0.077716
400,5,266.73,2747.69,16635.22,7214.46,2674.70,3998.374073,0.068500,0.065108
400,5,355.44,5367.27,21354.56,7236.29,2729.63,6021.365021,0.088833,0.082538
400,5,369.43,7715.04,22477.90,6691.78,2595.36,5475.715038,0.093250,0.102235
400,5,395.94,8961.26,23915.47,6755.35,2513.49,5685.368568,0.100500,0.079825
400,5,527.50,17958.71,33651.67,7267.22,2938.16,5487.577571,0.139417,0.076322
400,5,411.85,10335.17,25843.47,7417.78,3012.13,5078.382737,0.106167,0.156721
400,5,367.30,7459.66,22993.40,7366.42,3061.22,5106.105353,0.095667,0.082422
400,5,402.07,8929.84,24121.40,7209.43,3011.38,4970.748325,0.101417,0.082405
400,5,344.31,7457.54,22186.07,7562.68,2902.07,4263.768842,0.091333,0.100312
400,5,375.07,8103.86,22974.52,7028.61,3201.64,4640.404031,0.096833,0.071017
400,5,370.46,7982.18,23214.90,6726.69,2548.74,5957.291750,0.096667,0.070335
400,5,413.77,11140.28,25590.96,6997.64,2964.12,4488.930299,0.106000,0.084500
400,5,482.58,15624.16,30966.74,6804.24,2991.46,5546.884909,0.128250,0.082336
400,5,461.67,14948.23,28368.29,5707.64,2002.61,5709.812894,0.119750,0.085077
400,5,299.99,3358.77,19005.99,7584.66,2905.10,5157.467347,0.079417,0.079293
400,5,352.20,7644.28,22477.58,7131.15,2837.03,4865.128502,0.094333,0.084999
400,5,475.13,13765.50,29591.37,7509.09,2822.42,5494.360167,0.124167,0.093057
400,5,469.20,14024.23,29425.48,7255.54,2623.94,5521.779209,0.122250,0.111542
400,5,391.38,9471.22,24525.43,7161.15,2674.94,5218.116517,0.103250,0.087280
400,5,346.31,7280.92,21337.41,6334.61,2529.01,5192.863828,0.088417,0.108651
400,5,402.68,9319.87,24319.00,7233.39,2806.55,4959.205166,0.100833,0.099668
400,5,411.74,8710.58,24663.39,7966.35,2872.94,5113.527905,0.102917,0.058739
400,5,365.62,7594.04,22922.80,7586.37,2860.04,4882.348564,0.094667,0.099180
400,5,329.73,5324.80,20511.46,7491.75,2658.14,5036.766653,0.085750,0.106092
400,5,421.06,10961.36,26607.94,7250.79,2854.07,5541.718814,0.111000,0.085082
400,5,461.31,12266.14,27661.10,7102.90,2922.04,5370.010540,0.114917,0.082771
400,5,411.70,11088.56,25819.16,7084.31,2488.37,5157.926271,0.107333,0.093039
400,5,308.04,6608.62,20225.75,6680.10,2625.81,4311.231681,0.083667,0.074195
400,5,353.58,6514.72,22020.80,7614.82,3064.02,4827.240783,0.092750,0.048010
400,5,431.58,10785.75,26513.50,7365.46,3071.60,5290.689573,0.111250,0.087889
400,5,337.26,6661.53,21055.28,6383.54,2518.08,5492.129757,0.086333,0.078959
400,5,533.95,17331.82,32148.37,6707.58,2475.38,5633.588960,0.134083,0.072484
400,5,319.46,6809.23,19950.22,6509.79,2531.19,4100.005816,0.083167,0.071248
400,5,427.30,11732.45,26735.79,6845.57,2935.67,5222.101960,0.111083,0.066160
400,5,309.62,5881.71,19560.95,6592.63,2604.62,4481.990874,0.081500,0.064878
400,5,376.99,8832.99,23603.86,7171.96,2707.70,4891.211851,0.098333,0.080881
400,5,334.13,6239.69,20538.31,6990.62,2815.83,4492.160769,0.086750,0.094231
400,5,451.02,14086.40,26692.61,5788.59,2175.47,4642.153009,0.111583,0.059650
400,5,377.03,9059.55,23115.90,7144.84,2908.70,4002.813788,0.096000,0.082569
400,5,429.55,11326.26,28005.61,7369.06,3205.69,6104.592568,0.116500,0.087122
400,5,380.64,8673.71,23559.90,7084.44,2833.32,4968.426958,0.096917,0.086724
400,5,384.52,9193.53,23780.13,7082.09,2856.62,4647.889221,0.100333,0.108262
400,5,472.59,12784.05,28800.69,7334.08,2738.11,5944.455880,0.120083,0.093275
400,5,325.16,6252.98,20618.66,7108.25,2916.85,4340.577765,0.085500,0.070878
400,5,435.63,10702.27,26349.46,7252.77,2901.96,5492.457308,0.110000,0.070475
400,5,444.03,11057.69,26880.13,7126.18,3077.53,5618.730505,0.113667,0.075480
400,5,400.78,9961.80,24919.84,7326.04,2828.33,4803.669410,0.104667,0.088456
400,5,352.69,6469.07,22058.58,7636.50,3099.87,4853.140937,0.091167,0.076512
400,5,406.55,10247.45,24507.82,6756.16,2509.32,4994.886187,0.102667,0.077167
400,5,308.85,4320.35,18599.21,6567.08,2608.49,5103.292990,0.078583,0.051087
400,5,442.23,12469.09,27346.11,7288.24,2822.91,4765.865182,0.112167,0.064675
400,5,462.06,13844.53,28340.19,6733.81,2556.66,5205.191397,0.119250,0.092192
400,5,354.70,8254.46,22057.24,6604.41,2370.72,4827.648156,0.091083,0.075193
400,5,341.31,6189.07,20886.79,6784.58,2637.93,5275.204833,0.086333,0.096424
400,5,485.34,15327.70,30204.51,7040.37,2737.86,5098.586477,0.127500,0.097585
400,5,350.52,7011.92,22118.12,7479.26,3064.91,4562.022590,0.092500,0.068984
400,5,329.54,6802.76,20984.03,6536.70,2823.04,4821.526046,0.086833,0.058077
400,5,397.77,10660.55,26106.72,6894.13,2941.77,5610.271904,0.109333,0.107036
400,5,377.44,7616.20,22716.73,6825.98,2767.28,5507.281299,0.093667,0.092955
400,5,400.31,10108.35,24213.08,7057.65,2802.50,4244.585579,0.100250,0.108579
400,5,321.68,4545.54,20256.73,7538.06,3225.11,4948.013133,0.083917,0.079481
400,5,325.87,4847.84,20084.20,7455.60,3127.38,4653.384376,0.083750,0.086861
400,5,341.30,6567.57,22427.76,7576.14,3185.94,5098.105594,0.093000,0.105480
400,5,400.15,9950.65,25179.31,7043.56,2893.69,5291.419540,0.104583,0.093509
400,5,354.75,6386.70,22198.28,7387.21,3003.10,5421.278287,0.092750,0.054981
400,5,429.89,10846.09,26569.14,7392.80,2959.80,5370.451246,0.110417,0.100029
400,5,414.07,10540.34,25912.73,6743.40,2539.02,6089.969845,0.108167,0.108624
400,5,395.51,9740.55,24306.56,7088.05,2730.18,4747.780363,0.101083,0.067197
400,5,425.99,11924.70,26233.66,6791.61,2655.11,4862.250521,0.111167,0.061946
400,5,471.08,14817.49,29959.98,6760.66,2802.65,5579.181840,0.126500,0.072705
400,5,415.57,11111.04,25136.94,6570.94,2608.94,4846.024279,0.103500,0.078248
400,5,339.38,5981.54,20997.56,6805.43,2751.41,5459.181302,0.087917,0.058727
400,5,369.31,7648.01,22822.47,7019.38,2699.65,5455.434699,0.094167,0.071767
400,5,399.31,9161.19,24447.20,7122.32,2576.99,5586.704092,0.102500,0.081523
400,5,403.35,10451.68,24462.29,6826.02,2560.45,4624.138458,0.101917,0.072760
400,5,451.99,11141.71,27166.89,7642.80,2763.83,5618.552783,0.112333,0.085053
400,5,346.13,6695.38,21920.26,7008.50,2835.18,5381.197922,0.091083,0.083350
400,5,384.36,9602.94,23765.17,6282.09,2586.66,5293.482886,0.098917,0.087348
400,5,389.15,8950.97,23494.71,7091.20,2851.89,4600.633682,0.097667,0.072868
400,5,378.31,9563.25,24329.34,7197.72,3010.82,4557.550779,0.099417,0.090441
400,5,372.09,9955.33,23386.46,6337.23,2371.90,4721.991596,0.096083,0.081431
400,5,392.91,10339.67,23894.93,7014.00,2693.58,3847.686424,0.099583,0.059842
400,5,361.36,7844.95,22810.78,6856.06,2829.33,5280.442732,0.094750,0.056005
400,5,332.64,6123.32,20344.63,7093.31,2587.04,4540.954260,0.086250,0.064295
400,5,355.57,7956.03,22919.63,7418.38,2902.28,4642.928793,0.095333,0.084570
400,5,454.13,12106.89,26812.39,7053.26,2720.75,4931.493660,0.111917,0.050102
400,5,376.88,8192.01,23284.52,7402.39,2678.91,5011.208043,0.097167,0.071347
400,5,432.96,12955.77,27498.73,6880.38,2746.01,4916.572741,0.113667,0.051790
400,5,354.78,4702.36,22171.88,8314.15,3249.21,5906.148694,0.093333,0.122642
400,5,419.54,11184.24,26098.85,6883.29,2657.07,5374.242257,0.109667,0.059580
400,5,381.73,8551.90,24313.45,7198.43,2994.87,5568.245388,0.101667,0.055984
400,5,325.11,6458.88,20607.61,7073.74,2875.07,4199.923588,0.086833,0.092257
400,5,424.38,11594.17,26578.52,6893.27,2573.77,5517.313183,0.109333,0.109014
400,5,347.48,8444.72,21544.14,6393.42,2151.14,4554.869779,0.089250,0.039446
400,5,371.40,8388.85,22592.08,6795.17,2969.51,4438.551385,0.094500,0.081332
400,5,372.94,8394.30,23393.00,7361.74,3010.21,4626.751413,0.096083,0.085053
400,5,345.65,5082.47,20464.83,7095.64,2736.24,5550.480080,0.085500,0.086869
400,6,426.93,8269.65,26511.98,8904.36,3695.00,5642.961901,0.108417,0.072700
400,6,523.47,13943.15,32774.02,9007.17,3513.04,6310.665084,0.135583,0.073438
400,6,505.18,12850.26,30178.14,8298.82,3104.06,5925.002767,0.127833,0.049419
400,6,415.29,8487.23,25769.00,8796.24,3641.19,4844.343745,0.107750,0.087292
400,6,471.55,10418.23,28581.66,8229.44,3122.92,6811.082574,0.118917,0.056501
400,6,494.82,13750.58,31720.44,8855.66,3456.46,5657.729298,0.130833,0.096356
400,6,489.69,11432.05,29561.41,8192.25,3385.63,6551.483228,0.124333,0.069125
400,6,471.20,11245.14,28342.49,8055.73,2917.11,6124.514454,0.119000,0.061105
400,6,354.81,5737.36,23540.77,8677.01,3715.62,5410.788989,0.096750,0.102447
400,6,522.89,15017.00,32638.88,8968.06,3444.08,5209.752086,0.135417,0.054357
400,6,440.12,10852.23,26803.37,7552.15,2754.77,5644.224548,0.112167,0.079507
400,6,394.22,8312.54,24805.70,8152.26,3164.99,5175.915331,0.103500,0.067263
400,6,442.73,8695.07,28053.76,9472.88,3664.07,6221.741558,0.116333,0.116794
400,6,491.75,11324.10,30004.00,8441.90,3640.61,6597.385857,0.126333,0.089323
400,6,432.02,9694.87,26996.20,8175.94,3057.28,6068.106117,0.112833,0.096290
400,6,495.80,14447.98,31910.19,8288.81,3359.74,5813.662301,0.132083,0.053359
400,6,579.93,17112.83,35489.77,8323.65,3364.05,6689.240919,0.147167,0.082599
400,6,343.72,4448.71,21909.49,8474.76,3294.83,5691.198996,0.090333,0.117793
400,6,403.20,7611.56,25562.90,8793.29,3555.69,5602.358379,0.106667,0.093817
400,6,402.78,7472.83,25402.10,8212.73,3285.95,6430.591100,0.105167,0.122328
400,6,445.26,9366.02,27714.56,8662.50,3437.02,6249.008091,0.115417,0.089349
400,6,489.54,13590.06,31537.68,8794.37,3599.39,5553.862228,0.130000,0.084682
400,6,339.31,2166.49,20779.85,9113.48,3683.79,5816.083551,0.087000,0.107554
400,6,475.63,11853.86,29747.16,8910.43,3444.17,5538.697601,0.125000,0.102056
400,6,572.63,17610.81,35063.98,8191.81,3193.25,6068.112611,0.147667,0.090760
400,6,475.74,12078.86,28843.16,7972.32,2878.69,5913.303106,0.119833,0.096522
400,6,450.35,10421.19,28790.97,8814.04,3758.22,5797.513267,0.118667,0.117054
400,6,441.31,9148.44,27153.22,8247.26,3311.09,6446.419204,0.111917,0.095494
400,6,452.68,11531.82,29437.51,8630.01,3200.04,6075.641255,0.121500,0.076816
400,6,460.45,10758.53,27926.04,8434.55,3367.39,5365.581588,0.117000,0.088902
400,6,438.51,8834.09,27420.67,8980.20,3572.83,6033.560333,0.112917,0.138847
400,6,434.27,9681.46,26896.89,8583.58,2886.38,5745.471083,0.109750,0.061091
400,6,457.07,9202.01,28793.92,9413.37,3828.20,6350.338157,0.118667,0.054050
400,6,475.18,11837.14,30460.50,8958.94,3578.84,6085.584848,0.126250,0.060775
400,6,549.17,16766.16,33908.32,8265.60,3197.00,5679.563971,0.139917,0.061445
400,6,406.40,8915.95,25162.04,7941.18,3194.41,5110.497785,0.105250,0.076917
400,6,498.46,13420.41,30555.34,7887.26,2868.66,6379.009684,0.127083,0.060535
400,6,488.62,12927.06,29876.44,8127.98,3025.69,5795.708303,0.126000,0.082008
400,6,474.70,13345.38,29435.40,7900.91,2914.61,5274.498340,0.122000,0.080385
400,6,379.59,6261.27,23573.75,9144.29,3260.43,4907.764154,0.099583,0.096852
400,6,457.91,12345.24,29030.25,8264.16,3282.27,5138.588512,0.119250,0.092702
400,6,410.25,9667.88,25423.41,7644.08,3126.81,4984.644551,0.105250,0.073686
400,6,435.17,7449.67,28142.68,9505.33,3756.70,7430.984769,0.116000,0.070051
400,6,402.73,7559.46,25236.22,8589.23,3533.30,5554.224258,0.106083,0.096865
400,6,493.17,12644.06,29670.56,8520.50,3201.88,5304.121545,0.123083,0.071234
400,6,584.35,17472.28,35257.93,7876.66,3096.62,6812.363825,0.147583,0.045967
400,6,388.92,7522.15,24388.06,8341.23,3205.32,5319.366466,0.101417,0.072300
400,6,484.36,10975.33,29546.85,8942.27,3455.13,6174.116905,0.123167,0.090354
400,6,523.98,15692.97,34250.89,8642.28,3271.00,6644.644220,0.141667,0.092444
400,6,346.59,4227.60,21631.23,8737.74,3467.80,5198.091339,0.089750,0.086381
400,6,483.33,11321.85,29602.65,8991.75,3528.48,5760.575808,0.122750,0.088449
400,6,544.51,16883.13,33030.78,7480.50,2787.44,5879.712959,0.138833,0.051524
400,6,447.67,9597.93,27224.22,8400.37,3358.44,5867.485508,0.115250,0.101457
400,6,481.14,12087.46,29034.73,7964.94,3090.20,5892.124490,0.122333,0.100648
400,6,515.05,13436.32,32049.20,8891.80,3572.87,6148.212042,0.133417,0.074662
400,6,448.12,10958.70,27910.80,8398.15,3272.51,5281.440603,0.117083,0.084524
400,6,523.73,15607.10,33004.35,8238.80,3339.53,5818.911341,0.136000,0.071850
400,6,507.15,15224.25,32995.75,8093.33,3160.45,6517.714723,0.137750,0.090634
400,6,409.26,7929.89,25438.82,8256.73,3449.38,5802.810197,0.105083,0.099029
400,6,419.52,8466.13,26954.75,9475.14,3514.96,5498.524559,0.113333,0.098295
400,6,502.39,13084.95,31183.31,8146.68,3270.29,6681.388047,0.131333,0.084806
400,6,468.11,11395.11,29349.47,8486.75,3267.56,6200.045333,0.122833,0.058912
400,6,346.68,5598.69,21210.74,8008.16,2808.52,4795.379800,0.089000,0.076361
400,6,406.02,8046.79,25757.41,8684.85,3337.86,5687.909581,0.106750,0.109979
400,6,342.62,5167.80,21599.29,8155.85,2987.15,5288.493506,0.089750,0.081132
400,6,416.07,7785.39,26163.14,8648.56,3534.79,6194.398752,0.109583,0.078368
400,6,502.52,13984.71,31447.09,8321.75,3020.72,6119.900355,0.131083,0.050464
400,6,449.78,10454.44,28251.41,8688.19,3235.64,5873.152995,0.116417,0.112810
400,6,452.32,10525.72,28383.85,8699.25,3231.44,5927.442732,0.118333,0.085193
400,6,534.39,14158.72,32942.45,8936.37,3512.28,6335.083368,0.138083,0.070501
400,6,389.26,5967.79,23476.71,9102.41,3450.78,4955.729997,0.098750,0.093983
400,6,442.57,8026.37,26804.43,8736.14,3757.07,6284.856367,0.112583,0.058532
400,6,419.84,7703.71,25445.22,8501.00,3289.73,5950.785889,0.105167,0.093978
400,6,473.91,11248.69,29551.48,9315.34,3446.94,5540.507114,0.123167,0.056242
400,6,425.08,9171.78,25693.84,8000.87,3038.66,5482.533184,0.108333,0.083851
400,6,477.20,11493.30,28723.48,7910.72,2989.76,6329.701652,0.120417,0.092159
400,6,477.17,11897.06,28702.51,8007.98,2947.42,5850.049951,0.120500,0.089640
400,6,438.92,10144.31,27478.12,8577.16,3695.24,5061.423194,0.114667,0.064094
400,6,482.93,11090.75,29149.28,8246.93,3210.56,6601.032048,0.121583,0.084818
400,6,416.46,7965.52,25741.17,8403.95,3190.06,6181.643266,0.106750,0.068938
400,6,449.43,9243.20,27320.99,8855.58,3335.29,5886.917382,0.113500,0.087164
400,6,391.88,8201.45,25291.33,8667.79,3257.38,5164.702742,0.103500,0.090891
400,6,410.81,7846.56,25550.28,9010.63,3566.35,5126.750945,0.105750,0.118167
400,6,360.07,6503.13,22544.99,7731.92,3130.64,5179.297872,0.094167,0.057477
400,6,293.35,1040.77,18694.33,9162.11,4033.88,4457.578879,0.077417,0.075357
400,6,504.93,13035.57,30830.67,8310.85,3169.99,6314.256107,0.129500,0.047320
400,6,363.15,6614.52,23617.75,8591.23,3341.96,5070.043593,0.097333,0.085543
400,6,494.05,12389.01,29865.80,8413.46,3391.08,5672.249755,0.125917,0.076378
400,6,421.08,8862.85,26658.41,8506.80,3587.38,5701.383399,0.110750,0.093853
400,6,485.24,13802.04,29449.58,7197.15,2591.67,5858.721261,0.122083,0.102088
400,6,510.50,12334.97,30624.77,8804.48,3150.69,6334.640654,0.126250,0.098278
400,6,494.06,11781.44,30004.61,8556.64,3490.48,6176.049677,0.125083,0.085347
400,6,470.51,10144.20,29220.48,9271.53,3822.23,5982.528290,0.120583,0.093838
400,6,478.64,10755.87,28876.80,8390.63,3324.11,6406.184224,0.120250,0.065753
400,6,343.13,5433.42,21094.69,7796.42,3006.23,4858.620168,0.088500,0.100959
400,6,463.71,10398.06,29066.96,8781.55,3591.57,6295.771525,0.120833,0.102884
400,6,388.96,9512.52,24972.36,7259.12,3056.92,5143.796106,0.103000,0.078021
400,6,434.59,9654.69,26843.37,8867.85,3445.08,4875.751928,0.110833,0.082322
400,6,406.45,6905.09,25480.41,8965.12,3773.53,5836.672704,0.106500,0.098132
400,6,516.45,15694.44,33279.80,8375.58,3285.22,5924.561668,0.138333,0.114652
400,7,466.51,8624.50,28718.78,9824.68,3740.86,6528.741658,0.119333,0.073185
400,7,552.01,13839.17,33793.13,9365.19,4015.29,6573.471923,0.141750,0.088221
400,7,413.24,4679.01,25358.49,9704.60,4187.10,6787.774061,0.106917,0.110172
400,7,505.94,11884.63,31250.04,9558.76,3740.37,6066.286084,0.130917,0.101694
400,7,589.94,15598.38,37257.76,9790.15,3894.53,7974.693306,0.154833,0.099385
400,7,436.33,5998.50,27885.87,10742.48,4671.08,6473.817177,0.115333,0.142367
400,7,597.17,16701.65,37021.93,9460.14,3781.12,7079.020259,0.154500,0.108564
400,7,641.43,18866.77,38472.56,9310.94,3529.84,6765.011992,0.160583,0.122799
400,7,482.77,8802.29,30121.47,11135.27,4379.65,5804.262016,0.125917,0.064836
400,7,457.44,8650.04,28277.80,9742.34,3464.75,6420.663335,0.117417,0.062468
400,7,428.13,8550.66,26349.70,8585.35,3019.48,6194.208160,0.111250,0.090870
400,7,526.98,12216.40,31081.95,9583.80,3481.20,5800.557993,0.130083,0.083394
400,7,502.93,11214.64,30091.62,9364.53,3420.03,6092.416823,0.125667,0.080612
400,7,526.87,11837.14,32895.93,9843.57,3431.90,7783.317327,0.136750,0.087934
400,7,457.38,8802.53,28562.59,9626.72,3870.66,6262.674063,0.119333,0.112195
400,7,566.38,14325.64,35101.24,10017.94,3988.67,6768.991876,0.146500,0.094012
400,7,627.79,16246.45,38014.65,9937.32,3911.23,7919.644552,0.158750,0.092473
400,7,536.82,11313.59,31959.98,9965.12,3833.39,6847.867454,0.134583,0.060278
400,7,409.17,3846.31,25738.14,11098.36,4657.87,6135.600382,0.107833,0.128207
400,7,487.60,10131.65,31624.00,10229.23,4251.30,7011.828302,0.131333,0.127408
400,7,472.60,9228.24,31476.13,10798.27,4652.48,6797.141511,0.131250,0.095100
400,7,481.03,10058.31,31068.91,10313.75,3911.03,6785.813410,0.128833,0.121953
400,7,578.33,14085.58,34774.77,10581.21,4069.76,6038.227339,0.147083,0.081345
400,7,484.97,10176.16,30548.55,9944.54,3588.31,6839.548855,0.126500,0.127265
400,7,512.12,10052.33,32640.16,11186.18,4676.26,6725.393961,0.137000,0.077549
400,7,591.36,15653.40,36920.09,10297.17,4062.29,6907.231051,0.152167,0.079158
400,7,575.61,15170.34,36432.52,10469.43,4306.86,6485.894453,0.151333,0.106300
400,7,437.38,7334.69,27887.99,9847.04,3986.91,6719.339092,0.115000,0.108094
400,7,515.80,12017.21,32025.61,9522.98,3803.80,6681.621361,0.133083,0.125891
400,7,563.78,15079.49,36576.45,10452.80,4487.85,6556.307638,0.152750,0.096771
400,7,450.45,9012.67,28931.51,9773.46,3879.48,6265.896219,0.119500,0.146412
400,7,429.07,8300.71,26468.66,8710.40,3255.73,6201.822671,0.110083,0.080385
400,7,501.31,10506.88,30716.13,9755.41,3687.68,6766.159393,0.129083,0.115618
400,7,547.14,11951.64,32056.94,9572.31,3710.68,6822.317557,0.134500,0.095293
400,7,583.38,14548.06,35704.12,9589.46,3893.10,7673.495164,0.148000,0.075987
400,7,460.01,9219.95,29496.82,10435.46,4260.57,5580.834612,0.122167,0.093649
400,7,539.64,13104.67,32240.23,9226.79,3417.66,6491.112861,0.133500,0.096583
400,7,563.58,14712.31,34170.99,9060.57,3691.95,6706.159716,0.142000,0.069672
400,7,433.54,7116.53,26445.24,9632.45,3744.25,5952.007278,0.109417,0.099397
400,7,419.06,7761.50,25768.13,8824.42,3400.63,5781.579648,0.108750,0.090444
400,7,473.77,8025.46,28491.77,10828.27,4005.79,5632.254645,0.118583,0.085487
400,7,421.40,7812.95,26088.88,9372.86,3420.05,5483.023122,0.107500,0.102971
400,7,539.41,12071.02,33963.53,10088.03,4138.40,7666.080274,0.141250,0.090618
400,7,635.80,19778.23,39991.00,9901.22,3861.33,6450.228516,0.166667,0.112667
400,7,431.35,5862.32,25783.69,9860.08,4073.78,5987.512286,0.109167,0.085957
400,7,609.51,16750.06,36981.77,9070.42,3259.84,7901.451542,0.157167,0.064287
400,7,432.94,5837.51,27030.21,10413.79,4398.61,6380.296593,0.112167,0.068684
400,7,523.07,11338.13,31407.28,9721.81,3779.16,6568.178525,0.132000,0.080051
400,7,521.90,11883.02,32334.98,9624.67,3868.82,6958.478069,0.134667,0.119282
400,7,419.17,6702.73,27018.81,10173.45,4229.97,5912.658397,0.111583,0.114065
400,7,467.95,7959.42,29302.90,10606.11,4171.64,6565.739652,0.122917,0.064996
400,7,535.99,12997.95,33066.24,9632.11,3829.87,6606.308205,0.139250,0.102268
400,7,526.84,11825.95,31688.15,10110.90,3794.12,5957.176034,0.132750,0.088515
400,7,505.50,10842.90,30979.97,9922.52,3610.84,6603.713758,0.129417,0.049207
400,7,565.87,14471.32,33945.26,9060.79,3344.49,7068.652364,0.140583,0.109548
400,7,529.89,13343.56,33172.62,9788.03,3857.27,6183.756890,0.137000,0.080547
400,7,520.39,12708.34,32490.30,9566.09,3493.16,6722.709243,0.136250,0.106072
400,7,574.78,16107.64,37535.72,10013.72,4339.19,7075.160978,0.155833,0.070496
400,7,558.10,14478.74,35518.54,10273.75,4163.11,6602.934726,0.149333,0.113627
400,7,524.51,12910.58,32420.39,9570.16,3868.35,6071.302750,0.135583,0.112459
400,7,617.82,17469.90,38101.83,9616.06,3633.32,7382.545387,0.158417,0.106462
400,7,465.32,7618.02,28742.19,10285.89,4143.10,6695.179771,0.120583,0.083179
400,7,457.47,8755.88,28426.13,10139.20,3952.42,5578.634953,0.116667,0.100903
400,7,604.52,14968.58,36449.33,10618.22,4178.50,6684.029768,0.152083,0.093738
400,7,438.26,6382.19,27359.41,10487.52,4208.98,6280.713601,0.113167,0.092403
400,7,598.11,17929.05,38890.23,9974.03,4143.79,6843.366347,0.161167,0.083161
400,7,642.40,20043.96,38992.11,8473.18,3351.34,7123.628438,0.160917,0.076117
400,7,607.61,16883.21,37181.26,9843.52,4067.64,6386.889990,0.154750,0.083857
400,7,473.48,9465.08,30128.74,9586.16,3953.34,7124.160719,0.126583,0.082069
400,7,511.30,11484.86,31297.56,9381.37,3374.23,7057.112943,0.130167,0.063488
400,7,478.75,9595.59,30081.83,9968.01,4086.74,6431.482835,0.125583,0.119512
400,7,527.30,11543.95,32649.61,10476.33,3887.56,6741.770735,0.136667,0.111284
400,7,536.30,12428.96,33476.78,10382.78,4076.26,6588.778547,0.139417,0.098729
400,7,494.20,11398.93,30055.10,9038.57,3371.02,6246.582674,0.123000,0.059796
400,7,577.45,14690.62,34232.89,9861.21,3339.03,6342.028554,0.143750,0.073055
400,7,596.47,15900.73,36453.02,10218.05,3904.79,6429.443814,0.152333,0.104027
400,7,434.21,8059.40,26897.55,8901.90,3429.56,6506.702100,0.112250,0.384265
400,7,623.53,17917.94,38680.42,10333.24,4115.88,6313.362316,0.161083,0.079869
400,7,544.53,11254.46,32928.00,10099.88,3882.90,7690.760775,0.137417,0.072476
400,7,463.13,8733.33,28567.76,9825.10,3757.17,6252.154114,0.119667,0.099005
400,7,585.89,15962.24,35610.84,9485.52,3588.51,6574.567820,0.147417,0.358876
400,7,429.09,5838.78,26886.42,10246.82,4319.02,6481.804024,0.112083,0.101951
400,7,613.46,18615.37,37970.78,9648.98,3510.55,6195.884308,0.157917,0.385936
400,7,447.57,7909.18,28241.03,10631.66,4149.41,5550.781699,0.116667,0.082985
400,7,529.43,13160.44,31881.69,9764.43,3678.34,5278.491666,0.133333,0.371924
400,7,518.32,12320.15,32638.07,9629.60,3790.71,6897.599472,0.136500,0.413176
400,7,463.03,8553.12,27995.10,9867.85,3885.12,5689.010145,0.118083,0.355047
400,7,596.12,16854.14,37566.26,9938.82,3930.34,6842.957018,0.155750,0.396537
400,7,478.04,9621.72,29786.11,9735.30,3894.24,6534.837371,0.125417,0.467876
400,7,464.83,8933.46,28372.67,9412.52,3594.88,6431.816870,0.117917,0.394950
400,7,511.17,11672.75,30796.32,8704.84,3306.74,7111.992905,0.129333,0.369286
400,7,508.15,10588.89,32125.06,10078.20,4026.00,7431.966683,0.133917,0.390267
400,7,508.82,10852.01,31698.93,9967.94,3845.45,7033.529179,0.132833,0.460812
400,7,485.95,10400.72,31629.24,10163.56,4259.88,6805.075635,0.131417,0.391984
400,7,468.72,8958.63,29161.77,10270.65,4056.74,5875.752128,0.124333,0.465752
400,7,539.06,12620.66,33436.91,10181.96,3869.88,6764.415122,0.139500,0.390271
400,7,528.60,14454.81,33327.86,9351.68,3921.96,5599.407536,0.138167,0.354529
400,7,414.62,6709.60,26067.54,9811.52,3748.83,5797.595927,0.109750,0.369745
400,7,501.15,10409.21,32086.66,10405.85,4232.75,7038.850312,0.132250,0.469524
400,7,544.44,11453.90,32742.73,10126.86,3973.25,7188.717985,0.137583,0.397817
