400,1,235.03,12114.54,15012.86,979.71,782.73,1135.882957,0.059667,2.060231
400,1,328.58,17634.43,21008.38,1035.43,579.34,1759.186992,0.083333,1.881784
400,1,396.99,18274.83,22352.48,1200.53,953.52,1923.599124,0.092667,2.407979
400,1,243.14,12256.71,14617.86,585.33,716.51,1059.315126,0.058500,1.890449
400,1,267.00,13806.62,16764.65,322.91,1190.36,1444.764556,0.062167,2.700960
400,1,413.70,21253.45,25147.32,1205.17,614.61,2074.088884,0.101667,1.292330
400,1,334.12,16171.23,19919.28,938.97,971.66,1837.424781,0.077583,2.553533
400,1,323.16,18449.27,21973.15,944.72,649.01,1930.143149,0.091167,1.498868
400,1,232.86,11868.21,14608.56,543.89,955.27,1241.186332,0.054750,2.560436
400,1,256.96,12914.58,16309.01,945.95,945.83,1502.639373,0.063500,1.563433
400,1,325.61,15645.05,18634.21,797.66,527.84,1663.657511,0.073917,1.464502
400,1,288.11,14762.81,17359.97,672.46,667.69,1257.005581,0.070583,1.861601
400,1,245.91,12348.57,15660.32,981.86,660.89,1668.999457,0.058917,0.953380
400,1,361.14,17961.36,21613.76,1025.02,621.30,2006.083885,0.086917,1.005132
400,1,263.78,12774.59,15475.37,984.84,543.83,1172.123448,0.061333,0.844366
400,1,461.80,22951.70,26825.93,1040.50,649.06,2184.662179,0.110667,0.868532
400,1,446.16,21486.96,25265.45,560.94,1167.23,2050.329137,0.105333,1.280188
400,1,335.87,16309.68,19426.46,595.24,423.55,2097.987698,0.076083,0.889520
400,1,339.06,17126.10,20792.25,1241.91,616.72,1807.526644,0.082917,0.799400
400,1,340.14,17779.31,21691.55,1148.44,754.21,2009.596173,0.086583,0.907024
400,1,367.36,19539.81,23373.99,1065.68,802.91,1965.586740,0.093750,1.062819
400,1,232.01,12439.41,15663.58,825.43,797.67,1601.073163,0.058667,1.111992
400,1,370.09,17744.55,21082.79,769.05,791.33,1777.864842,0.083833,0.824730
400,1,369.13,19964.53,23826.11,1158.14,697.33,2006.110236,0.096417,0.936677
400,1,394.12,19623.76,23141.86,788.42,704.92,2024.763043,0.092333,0.989858
400,1,267.82,13260.58,15504.37,461.05,702.10,1080.628942,0.060667,1.040567
400,1,365.73,17996.39,21994.68,924.74,1201.54,1872.013817,0.087833,0.980782
400,1,354.70,17236.95,20662.69,884.06,526.84,2014.837620,0.082667,0.793941
400,1,305.34,14346.49,17223.74,686.80,874.87,1315.582974,0.069167,1.148706
400,1,298.50,14399.63,18053.42,1173.64,622.20,1857.949371,0.070250,0.852824
400,1,361.26,18248.69,22151.31,1134.64,762.38,2005.600970,0.087417,0.884941
400,1,211.27,11672.30,13931.52,193.13,1106.52,959.567969,0.049917,1.293795
400,1,388.45,18791.05,22508.13,801.03,909.36,2006.693695,0.090417,0.951580
400,1,244.45,12336.78,14911.45,389.81,932.53,1252.326952,0.055583,1.216094
400,1,344.50,17585.82,21362.84,695.09,1516.38,1565.557420,0.081250,1.232948
400,1,237.45,12580.87,15163.62,808.38,687.84,1086.528621,0.060583,1.005277
400,1,328.28,15391.49,18641.45,692.89,592.93,1964.140091,0.074417,0.951403
400,1,283.82,15479.82,18647.81,930.07,789.25,1448.669149,0.076250,0.998320
400,1,366.95,19656.99,23151.70,1256.06,654.41,1584.236131,0.093500,0.975818
400,1,387.17,18856.83,22602.96,1202.76,791.03,1752.337875,0.091917,0.866327
400,1,299.90,15054.24,18331.48,1059.21,671.28,1546.749432,0.071833,1.019723
400,1,207.73,10322.54,12849.87,586.98,973.83,966.514382,0.047583,1.181401
400,1,431.97,21445.62,25507.74,950.76,1256.98,1854.379705,0.104250,1.076159
400,1,223.61,10675.70,13199.52,545.68,950.68,1027.457162,0.050917,1.042477
400,1,203.61,10990.39,13687.27,903.17,637.87,1155.837072,0.051917,1.142067
400,1,324.93,15970.76,20033.43,1321.75,831.91,1909.009079,0.081083,0.919371
400,1,276.38,13485.86,16902.49,1242.44,900.19,1274.001821,0.067083,0.892741
400,1,436.26,20884.76,24391.50,368.12,1216.62,1921.996784,0.101167,1.088469
400,1,347.66,16944.47,20186.57,463.94,1210.73,1567.434910,0.079333,1.268244
400,1,212.17,10142.40,13156.69,1033.89,813.09,1167.305474,0.050083,0.882119
400,1,350.28,17654.47,21244.95,936.38,925.34,1728.772940,0.084667,0.930327
400,1,386.58,19072.48,22456.62,1052.97,666.34,1664.829212,0.092417,0.884430
400,1,227.85,12602.56,15147.76,541.93,962.15,1041.111024,0.056750,1.376844
400,1,303.18,15270.55,19467.21,1336.68,781.30,2078.687254,0.076000,0.960929
400,1,238.38,12541.83,16309.67,789.20,1098.26,1880.377259,0.058250,1.145379
400,1,280.72,15320.75,18724.82,976.63,913.01,1514.427698,0.073083,1.061095
400,1,393.98,20790.28,24693.46,1083.17,718.57,2101.442088,0.098833,1.012233
400,1,426.87,21722.88,25232.31,838.72,683.32,1987.391932,0.104333,1.016868
400,1,284.30,13763.09,16994.54,1102.69,546.12,1582.639017,0.067667,0.892225
400,1,198.44,9884.85,12532.91,835.90,811.58,1000.585052,0.046583,1.066436
400,1,321.34,16735.38,20539.70,1127.64,959.73,1716.941776,0.083667,1.033958
400,1,296.55,14703.04,18219.36,1352.95,629.76,1533.612730,0.071917,0.868708
400,1,283.18,15442.15,18153.13,705.65,603.43,1401.892943,0.072417,0.831218
400,1,309.23,14722.60,17457.71,525.43,898.92,1310.763381,0.071417,1.032048
400,1,322.53,17188.63,20835.58,1085.03,674.88,1887.041780,0.083333,0.821673
400,1,323.50,16312.87,20029.40,997.31,1093.47,1625.744605,0.077917,1.089078
400,1,395.18,18318.82,22179.32,900.18,1001.77,1958.554409,0.089833,1.056164
400,1,359.18,17225.72,21059.71,839.93,1092.69,1901.365081,0.083417,1.095768
400,1,195.53,9582.56,12146.87,862.79,682.23,1019.304200,0.045083,1.033301
400,1,338.95,15813.92,20184.50,1161.06,1212.01,1997.515367,0.076833,1.020510
400,1,320.93,16760.71,19177.10,350.60,491.31,1574.474241,0.078833,0.799793
400,1,256.08,12888.14,15656.70,820.21,784.12,1164.236156,0.064583,1.030021
400,1,339.97,15575.73,19613.36,1317.19,939.70,1780.735423,0.078750,0.917388
400,1,206.37,10639.15,13299.59,761.05,696.36,1203.034765,0.049750,1.000112
400,1,192.62,9566.05,12165.80,722.27,853.09,1024.401643,0.046583,0.912485
400,1,367.32,19192.02,22529.02,648.68,668.45,2019.881093,0.089000,0.847539
400,1,342.73,17740.50,21700.42,1041.00,1044.94,1873.984135,0.086750,1.018331
400,1,342.77,16524.92,20072.98,1113.00,627.85,1807.224551,0.081333,0.866340
400,1,272.42,14095.00,16914.30,494.46,1020.19,1304.647290,0.063500,1.099355
400,1,292.88,14766.15,18475.87,1225.89,655.22,1828.617740,0.074667,0.875243
400,1,296.30,15599.04,19163.96,1293.30,750.61,1521.003409,0.076917,0.892091
400,1,238.92,11748.28,14855.21,1149.58,608.35,1349.013168,0.057333,0.912942
400,1,207.07,11162.51,13369.78,467.50,745.15,994.622904,0.049750,0.966198
400,1,282.91,15102.03,17953.37,797.74,637.16,1416.449605,0.072500,1.011617
400,1,274.08,13238.15,16242.95,1117.81,698.48,1188.516118,0.065667,0.948805
400,1,390.42,19428.65,23199.65,986.30,761.33,2023.359556,0.091917,0.922892
400,1,313.14,16783.07,20208.24,1091.53,779.99,1553.652190,0.080000,1.014582
400,1,265.38,14485.51,17362.58,910.91,539.12,1427.057038,0.070333,0.962709
400,1,394.36,17863.38,21759.93,749.05,1375.14,1772.352985,0.089667,1.086174
400,1,266.60,13127.15,16782.41,1194.97,821.56,1638.733712,0.065500,0.971346
400,1,301.37,16119.08,19889.71,1090.98,1007.10,1672.544618,0.079833,1.054135
400,1,360.17,20527.55,24134.39,1057.52,685.56,1863.757841,0.098917,1.023519
400,1,261.46,15015.01,18002.20,871.41,819.59,1296.185071,0.071500,1.065135
400,1,311.43,14916.84,18315.36,1115.58,902.24,1380.696520,0.073917,1.032609
400,1,233.02,11320.84,14006.87,1036.13,532.46,1117.447594,0.054417,0.874741
400,1,369.13,19222.28,23013.29,1118.95,906.37,1765.700290,0.091833,1.152238
400,1,254.57,13716.99,16246.76,707.59,701.84,1120.346278,0.065500,0.520890
400,1,242.48,12770.79,15763.78,1114.64,641.05,1237.301621,0.062250,0.462866
400,1,393.30,19442.37,23312.68,1166.55,703.23,2000.521660,0.094833,0.479575
400,1,433.17,21554.01,25533.50,877.99,1066.30,2035.201974,0.103917,0.525979
400,2,465.17,24885.16,30968.57,1842.47,1545.01,2695.933155,0.110833,6.014524
400,2,297.52,16816.86,21784.08,685.39,1918.22,2363.614355,0.071083,8.705732
400,2,505.18,26183.99,32568.68,1676.19,1718.52,2989.976620,0.118333,4.327432
400,2,320.43,16976.97,22027.93,1431.06,1413.28,2206.623203,0.078250,6.215976
400,2,385.66,21941.23,27789.57,867.85,1944.01,3036.488593,0.092000,8.263900
400,2,335.93,19830.52,24896.05,669.09,1751.60,2644.837214,0.081500,8.380473
400,2,636.31,34759.35,41791.82,1797.99,1853.43,3381.050257,0.161750,3.879003
400,2,397.61,22079.45,28143.67,1273.03,1841.12,2950.082616,0.097000,8.067544
400,2,349.42,19504.07,24651.86,1025.95,1509.22,2612.621666,0.082667,5.191041
400,2,440.15,23786.16,30204.84,1879.92,1447.98,3090.775855,0.113167,6.025855
400,2,277.73,14988.67,19590.46,949.15,1356.72,2295.918957,0.064833,4.433819
400,2,292.62,15678.12,20079.05,1015.51,1144.80,2240.623276,0.070500,3.668994
400,2,329.79,18818.79,23307.90,654.83,1400.08,2434.196730,0.077417,4.175478
400,2,323.64,19039.28,23785.78,479.08,1954.64,2312.791302,0.074333,7.204542
400,2,349.06,17582.25,23107.39,1745.87,1728.51,2050.761166,0.087083,2.460279
400,2,441.49,24944.04,30881.80,1306.91,1862.51,2768.337447,0.110333,3.239877
400,2,507.72,26448.92,33135.35,1246.25,1970.84,3469.336628,0.117750,2.929816
400,2,366.28,20195.54,25027.09,665.93,1616.04,2549.575265,0.083833,3.567827
400,2,387.24,20669.01,26009.59,1170.76,1578.85,2590.962282,0.090667,3.362917
400,2,590.26,30038.38,37049.47,2020.17,1445.36,3545.558095,0.149250,2.467863
400,2,434.52,24976.02,30909.30,1260.11,1634.06,3039.124321,0.107833,3.293207
400,2,454.07,24039.43,29886.63,1209.74,1735.13,2902.339551,0.106333,3.406641
400,2,308.39,18123.91,23042.72,793.53,1549.58,2575.704910,0.074250,4.634258
400,2,528.05,29411.48,35544.77,1595.78,1641.27,2896.243278,0.133167,3.297465
400,2,387.18,22431.83,27536.02,1038.42,1460.89,2604.884452,0.093417,3.202387
400,2,302.27,17639.24,22265.68,454.29,2159.38,2012.763942,0.070333,5.125396
400,2,561.23,30644.31,36997.10,1615.32,1415.41,3322.054651,0.136250,2.791838
400,2,415.15,21923.86,27346.06,1095.73,1702.23,2624.248955,0.096833,3.438115
400,2,354.76,20680.85,25909.90,786.90,1906.43,2535.706039,0.086333,3.931918
400,2,361.28,19294.08,24784.83,1290.92,1624.10,2575.730499,0.085333,3.250107
400,2,354.33,19833.89,25191.70,891.55,1670.70,2795.558876,0.083583,4.066454
400,2,429.29,22762.81,27877.41,957.03,1554.92,2602.650582,0.101000,3.331956
400,2,502.24,25871.42,32388.34,1597.04,1686.77,3233.113043,0.121083,2.262173
400,2,412.75,21252.64,27404.99,1665.15,1727.17,2760.036245,0.099917,2.962001
400,2,598.36,30227.77,37211.25,1739.19,1900.97,3343.317037,0.142917,2.922453
400,2,420.44,21553.46,26940.32,1601.41,1576.96,2208.487544,0.101667,2.739804
400,2,341.33,18996.44,24339.03,958.10,1787.17,2597.329163,0.082167,4.458631
400,2,421.98,21820.15,27440.80,1517.20,1294.07,2809.387386,0.100500,2.969892
400,2,463.77,24492.24,29742.88,1253.31,1518.60,2478.731127,0.108583,2.960007
400,2,444.16,24912.82,29872.95,1269.08,1201.87,2489.178364,0.112833,2.435439
400,2,349.51,18906.70,24366.77,1296.03,1680.66,2483.384225,0.083167,3.685264
400,2,430.66,21698.27,26901.81,1777.22,1081.36,2344.972834,0.104000,2.466317
400,2,420.93,22704.93,29072.59,1125.03,1883.03,3359.598394,0.101250,3.596135
400,2,381.57,21867.17,26873.30,1055.43,1577.42,2373.284597,0.092333,3.853201
400,2,322.16,17300.58,22131.20,1121.34,1382.56,2326.721542,0.075333,3.496476
400,2,580.40,28699.51,35776.16,1853.56,1913.05,3310.038965,0.145000,2.561119
400,2,354.51,17940.69,22852.55,1132.87,1472.29,2306.710635,0.081833,3.264180
400,2,499.28,26801.49,33347.69,1373.62,1749.04,3423.529433,0.121417,3.044456
400,2,598.74,32859.26,39851.85,1931.86,1843.37,3217.359577,0.151917,3.171632
400,2,417.24,22842.15,27896.07,1298.67,1467.25,2288.000354,0.105167,2.796885
400,2,489.98,25393.76,31044.15,1070.39,1600.97,2979.036385,0.114417,3.254065
400,2,313.97,17136.25,21965.03,813.14,1566.86,2448.780733,0.073333,3.865317
400,2,432.09,22340.24,27554.29,1322.35,1335.49,2556.202887,0.100583,3.033655
400,2,480.37,26503.00,31807.29,800.45,1397.64,3106.191762,0.114083,2.770151
400,2,483.16,25738.36,31638.80,1149.81,1406.04,3344.586752,0.115333,3.197861
400,2,427.68,23451.71,28763.42,1255.56,1128.49,2927.665673,0.099250,3.489856
400,2,416.31,23418.01,29212.65,1104.97,1753.90,2935.773619,0.102250,3.400148
400,2,517.64,27888.39,34086.17,1389.84,1825.06,2982.886292,0.129583,3.156293
400,2,373.36,19886.50,25111.94,1190.17,1754.22,2281.044935,0.087417,3.036178
400,2,552.26,27326.85,33505.76,1673.77,1712.45,2792.692389,0.127417,2.881983
400,2,394.10,21231.54,27464.06,1300.16,1944.30,2988.057775,0.097917,2.988620
400,2,364.36,19827.63,25303.07,1501.21,1680.79,2293.438766,0.090083,2.971790
400,2,467.21,24668.64,29796.87,1524.67,1398.89,2204.681871,0.110333,2.960754
400,2,386.28,20131.26,25821.43,1229.06,1737.56,2723.542938,0.089417,3.067495
400,2,384.27,21224.89,26782.57,1279.34,1736.28,2542.069257,0.095000,3.302426
400,2,454.74,22583.95,28799.66,1923.61,1425.99,2866.110255,0.110083,2.470527
400,2,499.36,27704.33,33324.86,982.57,1619.01,3018.939038,0.115750,4.914459
400,2,477.01,27715.20,34092.14,1171.28,1908.81,3296.841282,0.117333,3.578919
400,2,315.51,18124.79,22743.61,868.09,1793.21,1957.521076,0.076500,3.599582
400,2,528.92,28995.05,35800.41,1655.55,1569.12,3580.684110,0.130250,3.235290
400,2,394.23,21118.66,26115.82,1065.82,1708.76,2222.573290,0.090250,3.036071
400,2,255.46,15354.09,19643.82,328.14,1720.75,2240.843694,0.059500,12.087424
400,2,583.75,31022.22,37683.96,1352.21,1977.47,3332.070771,0.144333,2.955027
400,2,415.97,21216.07,27026.27,1892.36,1539.50,2378.335495,0.099917,2.728635
400,2,317.69,17731.80,22517.93,1003.55,1489.21,2293.371677,0.077667,3.046750
400,2,403.99,23025.24,28437.58,1304.03,1323.39,2784.932343,0.100750,3.729878
400,2,672.19,33476.59,40124.42,1517.72,1642.56,3487.541944,0.162083,2.321845
400,2,492.67,24532.69,30024.32,1321.99,1593.00,2576.644891,0.115500,2.544132
400,2,407.72,22991.32,28942.19,1208.60,1976.86,2765.404773,0.099417,3.254052
400,2,415.80,23906.75,29119.75,940.50,1516.56,2755.933679,0.099667,3.954614
400,2,498.52,25446.98,32162.15,2183.75,1788.63,2742.792565,0.127417,2.219933
400,2,312.60,16931.15,21969.04,1280.08,1207.59,2550.213962,0.075500,3.191635
400,2,359.80,18904.00,23568.35,1021.16,1379.60,2263.586387,0.083083,2.912285
400,2,489.45,24279.48,30667.10,2180.50,1533.49,2673.627416,0.116833,2.418222
400,2,389.03,19903.15,25000.07,1414.07,1296.94,2385.913807,0.090917,2.532004
400,2,488.27,24542.35,30481.21,1572.41,1603.51,2762.930245,0.116083,2.587625
400,2,523.99,27893.07,33683.51,1423.74,1621.72,2744.984412,0.128667,2.733613
400,2,470.68,23585.28,28969.75,1384.43,1523.12,2476.922237,0.109833,2.564265
400,2,429.41,24131.63,29711.83,1002.36,1358.81,3219.032220,0.101750,3.095847
400,2,530.86,24664.78,31155.94,1693.88,1843.80,2953.483752,0.122833,2.665322
400,2,628.59,32926.74,39886.04,2027.73,1624.91,3306.663138,0.161083,2.367329
400,2,515.71,28306.81,34832.21,1270.90,1890.37,3364.135303,0.129333,2.844133
400,2,274.34,16573.40,21036.99,502.49,1659.61,2301.488585,0.065167,7.307578
400,2,459.83,24217.09,30147.44,1251.72,1864.73,2813.897410,0.109667,3.205757
400,2,271.84,14978.25,19206.67,1001.50,1324.44,1902.482674,0.063250,3.546822
400,2,560.12,29357.49,35587.88,1325.15,1576.17,3329.062123,0.131417,2.833568
400,2,343.55,20297.66,24801.36,700.83,1552.91,2249.954362,0.080750,2.258783
400,2,319.36,16532.30,21459.31,1715.25,1244.50,1967.264997,0.078917,1.263030
400,2,436.70,23863.78,29798.75,1569.79,1448.12,2917.056898,0.111750,1.383064
400,2,527.53,27467.95,34662.52,1724.25,1638.01,3832.313056,0.136250,1.282640
400,3,516.46,27899.97,35839.83,2075.45,2337.42,3526.986384,0.124833,5.196025
400,3,589.85,30943.23,39502.17,2136.32,2395.81,4026.807159,0.141833,4.045961
400,3,760.12,37045.20,46832.21,3132.89,2066.88,4587.230569,0.185333,3.810293
400,3,402.43,22471.82,28485.96,1161.09,2007.52,2845.533244,0.093583,6.361983
400,3,666.18,34075.89,43998.04,2193.38,2878.78,4849.992611,0.159583,4.438870
400,3,733.76,34192.79,43978.54,3015.66,2119.74,4650.356274,0.178083,3.594946
400,3,847.58,41036.31,51797.36,3255.46,2427.77,5077.826894,0.203083,3.732840
400,3,574.07,30904.91,39544.66,1970.56,2403.01,4266.171326,0.142000,3.961548
400,3,508.53,26187.18,34085.42,1654.19,2270.40,3973.652128,0.118250,4.529890
400,3,517.80,25899.66,34279.23,2266.55,1863.75,4249.268632,0.122750,4.302345
400,3,683.02,35117.00,43444.45,2221.09,2439.91,3666.454251,0.165333,4.087186
400,3,356.58,19236.14,25675.23,1353.09,2151.78,2934.221518,0.084750,5.982180
400,3,489.06,26687.76,33954.35,1560.89,2416.47,3289.233089,0.116750,5.397896
400,3,616.94,32523.78,41316.04,1767.67,2886.32,4138.266130,0.147167,4.588123
400,3,282.04,17523.29,23106.39,459.89,2364.75,2758.455194,0.069667,22.401323
400,3,738.84,38677.33,47958.21,2478.38,2296.61,4505.890102,0.181583,3.961616
400,3,578.66,33348.70,41496.68,742.32,2775.24,4630.411426,0.134750,9.270458
400,3,527.96,27932.06,36265.18,2366.28,2320.94,3645.908045,0.133333,4.350295
400,3,410.05,23463.59,29685.19,783.33,2210.99,3227.287234,0.095833,8.578888
400,3,780.24,38276.81,48586.88,2704.68,2929.80,4675.587617,0.184083,4.341922
400,3,701.31,35194.81,44825.67,2483.29,2507.16,4640.400385,0.164583,4.310713
400,3,709.13,37201.38,46310.62,2313.25,2453.54,4342.442335,0.177083,4.231432
400,3,768.16,37954.43,46916.46,1968.21,2641.70,4352.123282,0.187000,3.613447
400,3,530.10,27339.03,35043.73,1569.21,2248.14,3887.353011,0.123167,5.302493
400,3,631.59,33624.66,42020.28,1710.24,2653.60,4031.773477,0.154417,4.479797
400,3,741.38,36991.98,46499.24,3075.72,2463.36,3968.175898,0.185667,3.759574
400,3,687.69,34902.43,44269.14,2978.92,2054.82,4332.975141,0.169000,3.567985
400,3,559.18,31856.80,39831.42,1151.19,3100.06,3723.370473,0.133167,6.948454
400,3,640.47,34597.30,43091.87,1697.90,2706.10,4090.566547,0.153583,5.507344
400,3,597.29,29712.07,38636.07,2695.57,2064.76,4163.663998,0.140583,4.161560
400,3,429.98,25082.22,32013.68,550.21,2830.32,3550.920103,0.099667,11.078913
400,3,606.30,30732.13,39536.79,2460.35,2152.49,4191.832439,0.144667,4.797526
400,3,774.91,38193.68,47941.22,3306.81,1884.38,4556.348458,0.186333,3.941389
400,3,599.42,32417.87,40918.85,2250.55,2135.03,4115.399819,0.146250,4.293647
400,3,656.37,35887.97,44803.28,2063.97,2497.37,4353.971177,0.160417,6.111778
400,3,608.05,29279.74,37151.66,2613.51,2151.86,3106.549603,0.141583,3.974427
400,3,417.59,24899.67,31732.84,437.10,2733.53,3662.544138,0.096917,21.058582
400,3,564.69,30573.51,38099.46,1918.70,2052.07,3555.185547,0.136333,5.006315
400,3,456.74,25655.74,32573.29,1049.65,2107.98,3759.921011,0.105833,6.307507
400,3,582.51,29557.17,37243.66,2275.60,1837.57,3573.322441,0.141000,3.776248
400,3,392.66,21257.78,27947.57,1424.54,1847.66,3417.583106,0.093167,5.905933
400,3,388.44,22149.88,28182.71,847.78,2342.69,2842.349692,0.090083,9.207070
400,3,515.08,27123.98,36390.60,1524.67,2836.10,4905.841589,0.122083,6.426917
400,3,590.03,30983.43,39586.27,2915.58,2277.67,3409.588294,0.153167,3.906352
400,3,427.44,23034.45,30118.27,1598.83,2363.02,3121.974662,0.101583,5.083439
400,3,781.57,36474.52,47094.90,2899.64,2810.80,4909.936042,0.182750,4.294150
400,3,509.14,26654.06,33752.11,1644.91,2329.27,3123.866535,0.119750,4.470538
400,3,522.89,26949.40,35474.32,1972.89,2313.64,4238.387534,0.125500,4.106755
400,3,469.90,25957.28,33451.52,1180.61,2620.27,3693.356718,0.108667,6.346576
400,3,378.48,21949.51,28161.10,838.73,2425.47,2947.388812,0.091500,6.101472
400,3,654.36,33088.53,41755.23,2723.60,2111.38,3831.709249,0.154500,4.178731
400,3,838.65,41744.00,51807.82,3265.55,2522.32,4275.951365,0.203250,4.134062
400,3,392.58,23405.21,29772.34,520.21,2402.10,3444.815305,0.090917,12.642032
400,3,470.41,24594.39,32674.99,1902.85,2136.60,4041.159444,0.111167,5.163711
400,3,645.60,32353.18,41592.04,2223.80,2393.40,4621.663122,0.151833,4.370177
400,3,713.68,34243.18,43767.78,3085.81,2254.88,4183.901610,0.167250,3.978575
400,3,446.24,26066.97,33484.29,598.58,2615.78,4202.961686,0.104083,13.978880
400,3,609.41,30922.16,40086.20,2440.53,2354.05,4369.463413,0.147000,4.577655
400,3,787.12,37895.49,47802.31,3500.68,2331.84,4074.299745,0.185083,4.252855
400,3,614.84,31369.15,40065.86,2584.93,2160.72,3951.053915,0.155083,4.088331
400,3,424.98,25522.13,32727.40,496.80,2585.82,4122.647043,0.100500,20.206736
400,3,642.63,34235.16,42759.27,2419.04,2065.22,4039.855561,0.159333,4.551093
400,3,484.62,25186.13,32477.07,1504.79,2588.01,3198.143752,0.115583,5.575448
400,3,566.51,29094.66,37539.59,2107.20,2541.69,3796.041805,0.135500,4.483517
400,3,762.37,36176.77,45031.64,2422.65,2189.29,4242.931351,0.176750,3.783421
400,3,777.36,38512.66,47976.56,2421.24,2706.31,4336.347741,0.188417,4.264590
400,3,648.58,32214.10,41509.61,2575.95,2561.22,4158.339043,0.157833,4.008498
400,3,707.95,37199.28,46044.33,2181.85,1856.74,4806.465350,0.171167,4.248608
400,3,602.21,30936.41,39408.31,2195.80,2460.11,3815.984395,0.149667,3.890526
400,3,671.09,34641.03,44318.09,2218.03,2464.90,4994.122886,0.163833,4.261880
400,3,376.71,20639.75,27041.00,947.64,2244.49,3209.114768,0.087833,6.001758
400,3,585.82,30146.01,38686.91,2103.01,2438.16,3999.732739,0.140833,4.337942
400,3,942.62,46267.15,56850.52,3345.05,2267.62,4970.698636,0.226667,4.163205
400,3,570.21,28588.31,36973.56,2165.07,2491.66,3728.515078,0.135667,4.240532
400,3,545.81,28306.73,36393.71,1746.54,2609.31,3731.129133,0.132000,4.985945
400,3,592.34,30621.44,38886.74,1571.79,2659.58,4033.927142,0.139500,4.845971
400,3,519.69,30267.27,37554.01,911.44,2237.31,4137.991906,0.122000,7.090112
400,3,645.80,33524.12,42369.43,2367.03,2128.48,4349.804011,0.156667,4.318827
400,3,554.31,31575.35,39905.86,1118.49,3021.39,4190.628999,0.134583,8.264359
400,3,768.72,38628.42,48241.95,3207.36,2219.28,4186.890239,0.190583,4.361048
400,3,541.22,26490.65,35364.35,2497.53,2173.01,4203.154307,0.127750,3.994831
400,3,681.19,35125.56,43890.90,2146.55,2722.40,3896.383874,0.166000,4.518714
400,3,580.07,28533.57,36599.03,2949.24,1818.59,3297.631990,0.135667,4.101623
400,3,583.06,29668.94,37439.62,2292.81,1734.88,3742.980129,0.135500,4.581861
400,3,427.36,22605.27,28422.51,1342.94,1490.31,2983.992222,0.097333,5.984452
400,3,672.76,34665.24,43273.25,2179.33,2589.76,3838.923929,0.157083,5.240068
400,3,489.81,26739.99,33973.90,1722.26,2135.34,3376.309307,0.118583,5.073088
400,3,563.77,29052.25,37747.74,2522.36,2275.87,3897.249950,0.137500,4.092217
400,3,527.07,25145.15,34734.34,2664.36,2374.12,4550.706796,0.126667,4.454456
400,3,708.49,35273.36,44787.74,2647.60,2289.40,4577.391211,0.170917,4.168054
400,3,758.87,37060.87,47309.73,2649.36,2735.34,4864.171279,0.181000,4.400088
400,3,590.46,31318.01,40177.61,1652.31,2527.82,4679.478177,0.140583,4.940530
400,3,547.73,29621.16,37217.46,1507.59,2127.05,3961.657825,0.130500,4.857820
400,3,638.18,31166.62,40423.93,2534.78,2296.95,4425.567769,0.147250,4.444576
400,3,512.80,26115.38,33213.51,1773.55,2313.06,3011.521042,0.122167,3.842405
400,3,753.35,37445.30,47956.81,3368.60,2101.29,5041.624499,0.179000,4.531892
400,3,579.57,29119.63,37015.32,2253.11,1610.43,4032.142547,0.135500,2.555701
400,3,365.64,20513.39,26675.70,950.07,2355.61,2856.632444,0.085833,3.520563
400,3,572.16,30349.02,38523.50,1797.14,2114.74,4262.604298,0.137833,2.334385
400,3,545.88,27869.56,36818.72,1750.48,2383.15,4815.542799,0.128750,2.587517
400,4,596.69,30706.22,39852.69,1981.52,2616.54,4548.409731,0.139750,6.976113
400,4,733.86,39464.22,49933.52,2152.13,3116.55,5200.610013,0.174750,6.499779
400,4,909.18,41082.25,54225.69,4215.84,3133.63,5793.972921,0.214083,5.089473
400,4,623.16,34324.76,42694.16,1338.23,3208.90,3822.265736,0.143583,8.707287
400,4,901.16,44408.95,58164.19,3720.31,3378.58,6656.352298,0.216583,5.215591
400,4,676.32,35707.47,46433.78,2249.00,3061.47,5415.849705,0.162750,7.716677
400,4,801.80,40860.09,53609.70,3371.75,3282.92,6094.940067,0.194250,5.308714
400,4,656.62,33858.43,44487.96,2182.73,2718.62,5728.187012,0.155167,5.748734
400,4,559.91,30296.32,39665.10,1697.31,2850.99,4820.476372,0.131000,7.486604
400,4,720.21,35263.87,46918.49,3364.92,2910.56,5379.138270,0.173333,5.645684
400,4,730.45,37626.05,47843.16,1961.16,3239.78,5016.179010,0.172250,6.244007
400,4,620.61,32318.01,41660.07,2380.87,2953.69,4007.506691,0.147750,5.284456
400,4,920.45,45788.59,57498.47,2640.77,4096.22,4972.896523,0.221583,5.981013
400,4,479.03,27910.94,36489.69,463.47,3296.14,4819.151498,0.111250,31.381668
400,4,462.26,25996.89,33830.56,935.46,2889.99,4008.222531,0.107083,10.702021
400,4,704.77,37881.81,49055.02,2748.52,2989.21,5435.467724,0.174917,6.144040
400,4,717.70,39838.10,50563.39,1506.79,3647.68,5570.820956,0.167500,11.126426
400,4,795.01,39353.55,51430.96,3030.18,3767.93,5279.314152,0.194833,5.419132
400,4,1054.68,52440.61,65036.62,3909.84,3246.53,5439.650305,0.262250,5.016341
400,4,493.17,27778.95,36232.53,752.26,2934.11,4767.221439,0.114000,15.296139
400,4,873.07,44042.98,56386.76,3357.24,2967.53,6019.013235,0.209833,5.914110
400,4,553.11,31873.56,41338.84,917.18,3399.61,5148.491233,0.131833,14.575406
400,4,802.52,39894.45,51240.39,2935.63,3284.59,5125.718410,0.189417,6.512573
400,4,661.93,33901.69,44526.04,2588.41,3057.66,4978.287738,0.158583,5.643747
400,4,606.53,32415.15,41976.47,1234.46,3495.59,4831.286494,0.139500,9.647116
400,4,642.56,35420.92,45240.03,1959.39,2864.54,4995.183767,0.150250,8.375561
400,4,839.02,41275.31,53281.62,3095.78,3411.19,5499.335711,0.197917,5.231874
400,4,622.82,31929.35,42049.36,2106.42,2775.76,5237.831584,0.146500,7.840418
400,4,803.69,42438.38,53052.86,1985.55,3210.17,5418.764841,0.192083,6.856617
400,4,982.73,46725.37,60023.89,3703.55,3520.22,6074.746009,0.238667,5.434363
400,4,544.02,31228.66,40111.49,874.75,3485.82,4522.267146,0.127083,18.501585
400,4,781.72,38776.54,50347.39,3367.03,2876.62,5327.204906,0.183250,4.916851
400,4,582.59,31223.35,40735.08,1222.90,2947.39,5341.432949,0.135500,9.702377
400,4,978.85,45310.80,59741.32,5258.00,3253.14,5919.381569,0.238417,5.238948
400,4,566.68,32157.95,41827.95,840.02,3322.53,5507.452806,0.131000,20.424572
400,4,462.32,27001.04,34392.96,663.58,2947.80,3780.552207,0.108083,13.159057
400,4,1045.67,52395.68,65174.05,3625.37,3161.01,5991.988202,0.254417,5.646322
400,4,558.67,31447.11,40616.51,1100.51,3892.78,4176.114320,0.132583,12.907567
400,4,556.00,32018.78,40368.41,877.46,2995.02,4477.149662,0.128250,13.879201
400,4,662.21,33964.96,44032.94,2702.68,2683.96,4681.338618,0.162000,4.914205
400,4,663.01,34746.15,44759.58,2395.25,2820.09,4798.094993,0.157500,7.650075
400,4,689.01,33377.14,43946.42,3815.48,2681.94,4071.863191,0.164583,5.544709
400,4,733.29,39342.40,50348.25,1479.72,3256.02,6270.105266,0.171250,7.481698
400,4,695.61,35457.24,46156.18,2778.68,3185.51,4734.744786,0.167417,6.156819
400,4,480.88,26619.24,34369.68,1016.63,2953.51,3780.303327,0.110583,9.161032
400,4,554.01,32350.28,41936.25,509.48,3710.27,5366.226649,0.128083,31.829339
400,4,647.03,33194.46,42812.72,2397.49,3035.23,4185.545023,0.154917,5.398493
400,4,810.72,39967.57,52705.01,3654.74,3189.30,5893.407022,0.195417,5.575211
400,4,1165.86,53630.05,67602.69,3993.55,3909.02,6070.075068,0.271417,5.592088
400,4,413.21,24313.75,31402.85,398.71,2608.65,4081.735982,0.095833,31.004629
400,4,648.71,36940.99,46438.36,1390.81,3358.00,4748.563315,0.154833,8.921430
400,4,628.05,33539.39,43574.10,1749.18,3304.98,4980.549894,0.147750,6.768288
400,4,924.63,45919.63,57990.08,3588.46,3197.97,5284.012065,0.227417,5.461366
400,4,759.31,41176.65,52020.17,2322.53,3356.63,5164.353378,0.183917,7.942144
400,4,722.58,35787.15,47150.40,3004.21,3110.06,5248.977391,0.173667,6.582499
400,4,568.25,33381.04,42054.80,619.66,3629.13,4424.968540,0.131500,28.933388
400,4,906.01,42467.08,55821.69,4530.40,2473.00,6351.214501,0.216083,5.816601
400,4,931.82,45550.49,58078.08,3482.97,3133.19,5911.423404,0.223417,5.425662
400,4,651.41,35434.70,45447.24,2053.95,3122.05,4836.538751,0.159083,6.370995
400,4,716.75,39616.13,48987.67,1738.59,2912.51,4720.440121,0.169333,8.370564
400,4,607.50,31757.82,42347.13,1668.40,3165.66,5755.256848,0.141667,8.661042
400,4,769.72,39421.77,50700.82,3402.80,2597.50,5278.740482,0.187917,6.028181
400,4,842.98,39713.38,51481.53,3921.96,3002.33,4843.856712,0.202500,5.535055
400,4,817.55,41530.56,52931.29,3026.09,2870.24,5504.405829,0.193250,6.672699
400,4,838.55,42072.79,54110.78,3519.76,2973.87,5544.363264,0.202167,6.286266
400,4,546.95,32238.08,41459.88,795.14,3937.49,4489.172278,0.128500,28.737424
400,4,822.10,41019.46,52621.32,3131.95,2874.14,5595.771966,0.195833,7.195156
400,4,767.76,41717.64,53803.11,3103.00,3220.91,5761.560170,0.192083,7.007629
400,4,619.15,36213.70,45637.12,1014.37,3562.35,4846.701421,0.147250,14.890641
400,4,708.17,37316.73,49000.00,2395.11,3437.04,5851.115776,0.170000,7.593896
400,4,425.39,25598.98,33201.58,482.36,3012.71,4107.538486,0.100500,31.331394
400,4,669.61,34250.72,44517.53,1936.97,3136.28,5193.557142,0.155917,7.545033
400,4,808.00,42531.22,53128.94,1771.25,3067.71,5758.772721,0.187667,7.528205
400,4,748.26,32651.42,45568.47,4877.17,2914.27,5125.596614,0.178167,6.037861
400,4,806.52,39389.17,50841.62,2829.22,3208.02,5415.207045,0.190667,5.803676
400,4,919.21,44557.34,57879.98,3872.72,3571.84,5878.078352,0.229500,5.339370
400,4,979.67,48062.38,61787.46,4516.53,3258.21,5950.334136,0.239000,5.975256
400,4,669.04,33515.73,44257.80,2422.14,3308.79,5011.142623,0.158167,6.618567
400,4,717.57,39150.85,50585.78,2046.01,3848.60,5540.325304,0.173083,8.260847
400,4,724.69,39064.67,49759.20,1789.01,3633.43,5272.087101,0.171500,7.908676
400,4,779.96,39883.17,52104.58,3443.75,3037.56,5740.100107,0.191750,6.706486
400,4,804.85,38719.39,50722.20,3801.94,3051.06,5149.814814,0.195667,5.814208
400,4,891.63,44178.40,56032.29,3693.89,3284.73,4875.272469,0.219417,5.451637
400,4,774.34,38303.28,48225.58,3009.77,2059.84,4852.690896,0.178250,5.824597
400,4,758.80,37684.28,47901.79,3548.07,2533.70,4135.744443,0.182667,5.534105
400,4,782.21,38055.34,50300.15,4120.43,2979.40,5144.974114,0.191917,6.180662
400,4,868.52,41012.30,52623.06,3237.23,3021.46,5352.074218,0.203167,5.702207
400,4,734.39,38348.95,49540.38,2815.13,3113.21,5263.089076,0.180417,7.170286
400,4,661.35,36269.04,46104.94,1734.47,2953.26,5148.168796,0.158000,8.564721
400,4,764.99,40568.70,51729.35,2234.66,3187.26,5738.734390,0.184250,7.732034
400,4,734.37,38222.59,49325.86,1786.11,3657.46,5659.698614,0.171333,8.986539
400,4,956.92,46318.30,60395.69,4015.80,3575.72,6485.877614,0.233167,5.902743
400,4,680.77,35668.20,46356.10,2137.51,3019.05,5531.336102,0.160833,7.027352
400,4,931.37,49337.04,61293.92,2261.37,3880.12,5815.400843,0.224667,6.592644
400,4,521.64,28019.13,36756.24,1846.87,2989.23,3901.010556,0.122417,8.315805
400,4,800.97,40549.06,52093.99,2839.21,2812.31,5893.417078,0.192333,6.160889
400,4,815.18,43992.51,53887.03,2453.34,2501.46,4939.718767,0.190083,5.448784
400,4,808.25,38761.29,49220.89,3486.08,2585.45,4388.067319,0.192333,3.399277
400,4,481.34,27058.26,35616.55,667.07,3227.10,4664.123291,0.111583,9.867408
400,4,769.00,41380.46,53083.53,2234.23,3411.19,6057.644842,0.183917,3.819228
400,5,1092.07,53399.38,68478.98,4276.75,4180.16,6622.699635,0.269417,6.568168
400,5,1175.14,57127.32,72837.53,4525.03,3809.16,7376.016874,0.282500,6.630729
400,5,777.97,42352.13,54041.46,1531.53,4083.30,6074.502482,0.181917,10.522549
400,5,511.80,29513.37,38001.91,680.00,3363.73,4444.799916,0.119167,27.413689
400,5,631.73,33690.35,45552.74,1219.87,3798.07,6844.444389,0.146833,12.079686
400,5,700.68,35367.45,48101.66,2734.80,3562.53,6436.882624,0.166333,8.845265
400,5,866.04,43681.06,57163.90,3042.10,3311.84,7128.904394,0.205083,8.172453
400,5,1094.65,53701.98,70567.80,5451.74,4168.13,7245.945000,0.269917,7.009159
400,5,774.81,42602.57,54982.20,2242.23,4060.66,6076.753451,0.188000,9.978499
400,5,623.27,36450.09,46877.42,582.95,4229.26,5615.111356,0.145083,40.440157
400,5,740.93,41025.06,52690.19,1693.91,3919.43,6051.793714,0.173917,11.054646
400,5,629.34,37438.41,47343.58,942.32,4145.75,4817.109811,0.149583,19.795202
400,5,682.45,38121.04,49362.41,1714.35,4005.88,5521.145192,0.161083,14.252078
400,5,621.90,35973.32,46321.41,485.26,3577.24,6285.590585,0.142667,44.878943
400,5,1029.97,48493.92,64278.67,5396.12,3908.74,6479.891328,0.251333,7.202911
400,5,1024.05,52289.23,66573.94,3205.56,4264.30,6814.854752,0.242417,8.321522
400,5,1099.16,53813.17,68112.74,3838.70,2953.79,7507.082242,0.267583,7.306103
400,5,562.88,31851.92,41914.05,545.91,3811.34,5704.894897,0.130000,41.730581
400,5,841.60,42279.49,55934.16,3485.44,3965.44,6203.786039,0.203667,9.763240
400,5,955.17,50362.53,63942.85,2671.25,4192.54,6716.525639,0.225833,9.084122
400,5,1120.00,54009.48,69474.80,3846.00,4309.62,7309.695950,0.264167,7.368043
400,5,742.33,41204.18,52636.11,1413.15,4025.49,5993.288052,0.172250,18.906837
400,5,647.19,36163.03,46770.78,1157.01,3344.50,6106.237361,0.150417,20.171837
400,5,792.52,42558.73,54323.28,2063.93,3762.19,5938.432056,0.185000,11.364755
400,5,799.01,41038.11,54116.65,2934.58,3831.61,6312.351114,0.187500,11.092077
400,5,739.89,41358.64,52520.96,1470.79,3913.96,5777.561256,0.171333,18.622040
400,5,607.84,34912.94,45581.64,839.42,3969.59,5859.695253,0.143000,22.697780
400,5,798.49,46216.26,58033.17,1020.80,4389.38,6406.733209,0.186250,22.724615
400,5,971.94,50253.81,63750.41,2536.16,4279.57,6680.871121,0.227667,10.959733
400,5,875.74,45192.20,58353.48,2788.39,3793.55,6579.336214,0.206333,9.753951
400,5,693.49,35952.79,47456.01,1984.52,3955.06,5563.648598,0.163333,11.256254
400,5,639.31,36695.03,47623.04,788.87,4552.79,5586.339851,0.149833,30.666018
400,5,963.15,49637.90,63371.98,3037.16,4160.77,6536.159937,0.228583,9.438076
400,5,593.90,33156.78,43460.76,877.77,3363.28,6062.926049,0.137750,26.674031
400,5,1000.25,51792.00,65281.43,3071.94,3602.63,6814.857034,0.231583,9.788402
400,5,617.04,33079.61,43127.84,1519.10,3836.50,4692.631311,0.142500,11.681969
400,5,922.55,46601.50,60765.11,3072.18,4435.32,6656.103717,0.217833,11.347124
400,5,700.84,36976.95,48533.79,2268.94,3507.50,5780.401088,0.168333,9.700652
400,5,786.10,43064.03,54025.32,1426.38,3837.55,5697.358173,0.182917,11.313762
400,5,733.92,35799.31,48462.29,3195.56,3862.07,5605.343547,0.172833,9.155590
400,5,1070.69,52792.13,65823.16,3804.16,2980.92,6245.955532,0.254250,8.519624
400,5,909.75,44940.51,58174.80,3943.38,3774.91,5516.000909,0.223000,8.071920
400,5,876.20,46823.44,61362.75,1857.53,5112.40,7569.389436,0.207333,13.562323
400,5,773.38,41700.39,53573.55,2085.22,3905.90,5882.036482,0.180917,12.926894
400,5,695.79,39454.58,50249.87,1331.20,4106.39,5357.702044,0.162833,17.778561
400,5,1008.15,50434.79,65238.10,3477.78,3864.18,7461.340290,0.239917,9.049874
400,5,619.05,34338.02,44564.05,1571.62,3680.40,4974.018360,0.146417,14.889945
400,5,812.96,42840.77,55972.76,2497.52,4095.06,6539.405051,0.192083,9.970588
400,5,928.89,47675.13,62320.07,3311.46,4180.06,7153.420707,0.225667,8.958515
400,5,1016.89,48034.26,63008.31,4682.44,4083.40,6208.212066,0.247667,7.892939
400,5,667.85,36581.90,48095.71,1399.25,4388.82,5725.745048,0.157167,16.925231
400,5,862.36,42339.23,55487.20,3485.28,3482.38,6180.306639,0.202833,8.299653
400,5,544.39,30118.32,39918.96,1141.89,3188.12,5470.625344,0.127500,18.445550
400,5,1052.83,51674.67,66451.89,4582.93,3762.56,6431.721461,0.252500,7.798219
400,5,1152.34,53833.38,69391.18,4847.70,3434.41,7275.696299,0.271583,7.387599
400,5,799.75,41092.88,52751.26,2318.05,3350.79,5989.541642,0.185583,9.588479
400,5,694.57,36193.71,48015.37,1975.99,3343.00,6502.666156,0.161667,9.970089
400,5,987.84,50633.70,64947.31,3551.04,4106.27,6656.300472,0.238417,9.510129
400,5,625.19,37207.00,47421.95,653.94,4399.71,5161.290491,0.146333,42.007026
400,5,693.18,36787.13,48593.12,1939.01,4061.29,5805.689247,0.164250,11.323398
400,5,780.25,42727.05,55691.13,1983.39,4219.80,6760.883724,0.188583,10.435876
400,5,711.31,38702.30,50246.23,1425.58,3934.74,6183.602836,0.164500,14.789278
400,5,834.24,41336.20,54369.05,4032.89,3605.25,5394.702846,0.199250,7.902064
400,5,602.61,33932.62,44800.11,819.71,4415.80,5631.988303,0.140917,24.556166
400,5,559.43,32571.11,42440.11,596.86,3991.08,5281.064636,0.130417,42.497884
400,5,628.38,36785.65,47725.48,681.93,4655.88,5602.019740,0.147083,43.458486
400,5,861.53,45740.72,58838.24,2106.70,4548.57,6442.253691,0.203417,10.342818
400,5,639.57,36583.42,47718.13,837.69,4281.38,6015.641518,0.148583,33.504709
400,5,944.97,46282.16,61387.66,4428.51,3893.91,6783.073078,0.227750,8.195112
400,5,750.41,41884.69,53720.14,1280.41,3694.60,6860.447368,0.174167,20.891938
400,5,833.21,43964.90,55694.40,2183.35,3828.61,5717.525850,0.193833,11.583347
400,5,1062.97,52563.13,66858.21,3635.31,3794.88,6864.889646,0.255500,8.409781
400,5,1153.66,56821.01,72946.78,4898.36,4006.55,7220.860934,0.284083,7.961694
400,5,825.78,41574.18,54185.94,3101.97,3579.87,5929.927050,0.191167,9.589131
400,5,604.94,34746.17,44987.47,513.22,3804.41,5923.671371,0.139667,47.488081
400,5,718.76,39471.52,50937.88,1377.55,3771.25,6317.559250,0.168417,13.609748
400,5,733.90,38469.16,50665.20,2306.60,3288.23,6601.203379,0.173583,15.042575
400,5,1030.96,50449.87,63912.36,3735.61,3311.44,6415.443081,0.246500,8.467336
400,5,872.97,45781.12,58690.76,2260.24,3716.11,6933.300434,0.202000,11.404294
400,5,663.37,38122.03,48996.05,1015.64,3828.85,6029.531912,0.155417,22.803880
400,5,832.31,42795.13,55847.87,3014.28,3525.03,6513.435865,0.199583,9.579406
400,5,931.80,46712.38,59542.63,2842.37,4038.29,5949.592961,0.219917,8.326927
400,5,730.74,41298.40,52607.40,1885.00,4083.14,5340.855773,0.175083,15.263538
400,5,809.08,41882.52,53731.88,2577.79,3389.41,5882.162800,0.190833,8.901445
400,5,941.75,45897.76,59437.11,4663.24,3719.82,5156.289813,0.226000,8.905927
400,5,775.50,41896.89,53923.73,2043.07,3674.61,6309.167519,0.185333,10.443619
400,5,614.08,35472.90,45221.34,934.99,3545.43,5268.022140,0.143833,19.962611
400,5,738.10,40422.94,52243.35,1901.79,4195.63,5722.993400,0.174333,12.828712
400,5,987.14,46874.49,62091.66,4721.77,3913.40,6581.999065,0.239167,8.061393
400,5,872.60,42569.24,56284.77,3457.18,3802.65,6455.697842,0.205667,8.777166
400,5,1055.21,49292.75,65199.24,5097.02,3759.78,7049.691757,0.254167,7.006820
400,5,630.38,36028.11,48013.48,710.96,4541.67,6732.735591,0.148333,42.771504
400,5,937.97,48547.84,61825.17,2563.78,3988.35,6725.197901,0.221083,9.728872
400,5,723.97,41181.99,52905.49,847.13,4492.44,6383.922821,0.167333,23.608521
400,5,676.20,38211.04,48526.00,1665.84,3689.19,4959.922002,0.159250,15.116163
400,5,1002.68,50609.94,64528.46,3021.06,3841.59,7055.872460,0.239000,7.946506
400,5,639.80,36628.42,46049.35,1217.03,3115.69,5088.214883,0.148583,11.249328
400,5,619.82,36459.21,46519.71,1057.11,3988.92,5014.482717,0.146083,15.799073
400,5,714.96,38644.93,51000.69,2280.19,4399.05,5676.525285,0.173167,5.781125
400,5,615.82,35378.35,46068.30,630.05,3615.13,6444.769341,0.143500,15.802353
400,6,708.41,41378.77,53723.66,923.09,4846.36,6575.428742,0.168500,37.021850
400,6,991.51,55423.91,69523.17,1356.70,5347.91,7394.637443,0.227167,17.693122
400,6,1090.97,53069.83,69866.11,4562.71,4568.11,7665.459541,0.262333,8.906325
400,6,726.92,43672.52,55229.17,730.21,4979.26,5847.180446,0.169583,49.951322
400,6,1013.58,52129.28,68218.01,3030.62,4252.67,8805.437257,0.240750,16.861145
400,6,1203.67,60298.81,77724.08,4730.42,4809.60,7885.255120,0.294500,8.572084
400,6,1038.44,51378.18,68649.17,3919.20,4647.72,8704.080838,0.247083,9.393769
400,6,1030.60,52913.84,67876.27,2987.39,4100.76,7874.276361,0.243833,12.606460
400,6,670.64,38425.15,50913.82,815.28,5325.98,6347.415639,0.157750,52.913377
400,6,1240.16,59760.58,77982.42,5831.63,4914.69,7475.524749,0.301333,8.222387
400,6,975.60,47046.83,62383.47,4304.54,3761.55,7270.553967,0.227833,9.990267
400,6,860.61,46031.19,59543.26,2201.87,4705.60,6604.604359,0.203583,15.757741
400,6,778.21,44949.31,57393.47,724.21,4934.84,6785.106737,0.178917,53.648054
400,6,935.11,50760.34,65794.99,1934.36,5123.68,7976.624239,0.219167,17.523905
400,6,776.73,43689.89,55702.10,774.56,4362.41,6875.240449,0.178917,34.053791
400,6,1133.51,55951.84,73334.19,4342.37,5108.21,7931.769138,0.271167,10.504149
400,6,1285.44,63384.62,82006.63,4396.36,5152.16,9073.499047,0.303417,12.092282
400,6,657.64,37059.12,48747.46,593.27,4266.28,6828.796091,0.152583,49.602081
400,6,778.27,44590.41,57059.85,1188.17,4743.52,6537.737795,0.183500,22.969247
400,6,726.54,40701.57,53670.76,914.10,4570.80,7484.302650,0.169000,32.439653
400,6,806.10,45810.01,59072.71,1181.65,4844.74,7236.306765,0.188083,29.940538
400,6,1042.22,55246.93,70309.25,2599.70,5308.32,7154.302304,0.241250,16.190945
400,6,598.67,33826.01,45618.64,693.64,4537.43,6561.557111,0.140833,50.758765
400,6,1029.64,55526.56,70076.12,1933.61,5466.09,7149.859130,0.243250,13.851330
400,6,1145.76,58934.48,74937.78,3546.29,4609.09,7847.921171,0.270833,12.051060
400,6,970.05,51343.27,64911.98,2598.28,3797.53,7172.902648,0.226833,13.544215
400,6,930.37,49173.11,63839.39,2119.31,5390.43,7156.533747,0.217750,14.875311
400,6,770.74,44166.77,57087.88,864.90,4608.61,7447.606068,0.179667,35.218620
400,6,835.02,47845.10,60678.24,735.98,5176.40,6920.774488,0.192917,55.383012
400,6,1011.79,49313.63,65773.59,4362.42,4690.26,7407.279238,0.242750,10.695286
400,6,766.97,43974.98,56803.06,744.30,5076.19,7007.591287,0.176917,52.979297
400,6,813.60,44057.93,56814.27,1921.26,3912.63,6922.454608,0.187500,15.966830
400,6,762.02,43407.18,57095.13,841.88,5693.30,7152.767932,0.177250,54.221100
400,6,804.46,46087.46,58898.02,920.48,5053.46,6836.620634,0.185250,43.588356
400,6,1315.30,62651.65,81297.08,5643.73,4617.47,8384.235424,0.319000,8.763566
400,6,749.35,41669.74,53469.91,1610.70,4358.60,5830.863606,0.175000,24.711011
400,6,981.62,50571.79,65940.28,3297.34,4233.77,7837.374717,0.232000,15.498392
400,6,950.93,51564.53,65018.30,2274.84,4212.10,6966.825394,0.221083,14.622163
400,6,1050.58,52145.37,67776.25,4473.31,3993.34,7164.221915,0.250083,10.441345
400,6,721.34,40598.64,52562.18,1718.65,4345.20,5899.696422,0.171250,22.705998
400,6,1109.58,52683.52,69185.15,4965.68,4637.19,6898.759232,0.263167,10.560884
400,6,777.30,41537.99,54235.87,2463.83,4157.57,6076.476523,0.182500,17.330098
400,6,791.31,44046.67,58526.86,811.92,5373.08,8295.204825,0.183833,60.076297
400,6,727.01,41331.31,53343.30,909.76,4677.90,6424.327551,0.167917,59.130857
400,6,903.79,48682.53,62301.70,2586.66,4562.14,6470.362700,0.210833,15.645246
400,6,1057.69,55866.24,71079.06,2311.57,4538.99,8362.260484,0.247250,15.281584
400,6,769.31,42045.26,54860.28,2135.67,4165.30,6514.048895,0.183500,25.141040
400,6,976.12,51469.17,66389.99,2765.86,4376.54,7778.421617,0.232667,13.024961
400,6,1125.50,59677.43,75804.97,2939.07,4754.80,8433.663554,0.268750,14.134214
400,6,593.82,33526.41,44439.23,656.22,4395.57,5861.028724,0.138417,54.654177
400,6,935.67,51313.90,65595.33,1985.07,4960.25,7336.112461,0.220917,16.995861
400,6,1130.30,56617.72,72929.74,4503.86,3949.99,7858.176275,0.270083,12.025208
400,6,960.09,51994.39,65738.53,2137.04,4504.91,7102.193485,0.224500,20.919696
400,6,1031.69,52354.80,68154.85,3713.97,4462.91,7623.172218,0.247167,11.306043
400,6,988.93,52565.67,68246.14,3059.84,4910.13,7710.496965,0.232167,14.133225
400,6,910.46,50165.92,63270.63,2034.63,4364.71,6705.368636,0.213167,19.317164
400,6,1172.16,59363.81,76654.29,4142.77,4920.20,8227.512879,0.281667,10.987646
400,6,1004.15,53772.67,68451.27,1875.10,5030.27,7773.226257,0.235833,14.958427
400,6,759.01,41442.71,53970.82,1418.24,4289.28,6820.589978,0.176667,15.307131
400,6,830.96,47623.29,60504.43,1454.74,4984.75,6441.647128,0.196250,26.986628
400,6,973.56,50824.52,67197.19,3200.26,4954.03,8218.376554,0.235583,13.771669
400,6,798.32,45060.26,57794.60,1213.64,4604.89,6915.804910,0.185250,25.985039
400,6,675.94,37493.00,48294.13,1210.45,3736.94,5853.737919,0.156750,23.831923
400,6,838.78,48400.66,60756.14,1286.21,4240.13,6829.142846,0.198750,25.310445
400,6,663.27,36724.62,48388.36,1124.42,4192.19,6347.125820,0.155750,40.975352
400,6,758.98,42915.75,55777.80,689.39,4965.48,7207.184240,0.174667,56.795684
400,6,1111.10,56159.14,72493.23,3460.19,4795.96,8077.947833,0.264333,12.203021
400,6,960.24,50628.23,65729.76,2910.13,4565.64,7625.745186,0.229667,13.188196
400,6,863.61,49545.71,62508.87,1178.95,4684.97,7099.235522,0.200750,36.370164
400,6,981.07,54313.05,68721.57,1666.84,5206.46,7535.226058,0.228083,19.387609
400,6,731.85,42440.65,54343.06,972.10,4877.46,6052.845814,0.172333,29.340613
400,6,756.59,42638.14,55470.85,898.30,4828.87,7105.540710,0.176250,33.863227
400,6,843.26,44512.43,58065.10,1933.23,4364.03,7255.408999,0.195917,16.865529
400,6,1033.22,55286.03,70211.27,2414.03,5159.13,7352.074519,0.243167,17.024411
400,6,826.05,43372.88,56596.02,2290.85,4217.37,6714.929570,0.193750,13.251949
400,6,878.45,46534.67,60379.71,2123.00,4163.16,7558.881919,0.205250,14.879490
400,6,937.66,47033.68,61539.67,3264.49,3961.23,7280.280010,0.217583,11.670101
400,6,959.76,51643.32,66154.38,2163.72,5539.56,6807.783954,0.227167,13.729068
400,6,947.26,50916.16,65448.74,1895.67,4571.09,8065.825989,0.220167,15.090976
400,6,727.19,40127.56,52439.24,1338.12,3922.96,7050.606738,0.168750,21.704743
400,6,868.82,46229.47,59962.03,2165.79,4250.34,7316.427267,0.203667,16.109836
400,6,825.35,43871.69,57252.43,2127.86,4606.05,6646.839235,0.191333,14.444062
400,6,730.31,42185.56,53822.25,1068.71,4622.46,5945.517616,0.170917,22.712655
400,6,740.38,39003.53,51718.92,2191.37,4274.73,6249.286363,0.174083,13.808818
400,6,525.02,29426.97,40230.55,842.83,4948.84,5011.896085,0.124250,54.918079
400,6,999.19,53678.02,68069.80,2224.92,4394.84,7772.026548,0.233833,19.887871
400,6,697.26,38912.53,50735.86,1162.38,4698.41,5962.545095,0.161917,26.823221
400,6,1072.48,50885.57,68157.39,5068.76,4585.49,7617.578834,0.253000,12.335339
400,6,786.04,45634.04,58427.76,928.02,5173.95,6691.745115,0.184167,32.710754
400,6,1232.38,56970.14,73554.83,4787.84,3628.37,8168.480252,0.288500,12.105369
400,6,1068.57,53886.19,70404.99,4314.63,4006.33,8197.842152,0.261333,10.351650
400,6,1023.17,51343.14,67636.26,3504.00,4641.04,8148.074659,0.242083,11.771573
400,6,763.58,44499.97,57189.55,986.64,4913.56,6789.372982,0.179333,52.043351
400,6,894.90,50251.52,63309.69,1409.05,4301.45,7347.663478,0.207667,24.354393
400,6,623.33,35296.87,45705.95,810.30,3939.58,5659.202564,0.143833,27.647196
400,6,847.91,47749.13,61195.04,1368.21,4886.71,7190.987661,0.198000,21.619266
400,6,762.59,43001.33,54580.31,1193.80,4258.85,6126.337704,0.177500,21.610896
400,6,865.86,47077.84,59986.31,2124.77,4774.63,6009.075048,0.204167,11.463388
400,6,722.34,41860.06,54392.07,698.24,5096.18,6737.590050,0.169500,29.379021
400,6,1028.05,54036.16,70081.11,3203.25,5026.21,7815.479723,0.245417,6.801943
400,7,806.87,45882.51,58889.87,677.56,4793.44,7536.354981,0.186167,59.135409
400,7,1104.48,58947.82,75860.01,2469.65,5744.60,8697.935997,0.259917,16.864483
400,7,698.67,38628.76,52060.49,726.20,5020.21,7685.313078,0.163750,57.976237
400,7,868.36,49749.29,63252.16,1519.73,4944.74,7038.401779,0.205750,21.061369
400,7,1071.17,59822.10,76701.55,1593.22,5487.55,9798.695179,0.252917,30.146425
400,7,766.26,42218.18,57213.39,1161.10,6051.92,7782.186389,0.181000,31.080845
400,7,1121.48,61480.93,78197.00,1813.12,5857.62,9045.324575,0.258750,21.460214
400,7,1475.04,68373.37,88971.66,6572.15,4509.86,9516.278910,0.351417,10.997578
400,7,933.85,53207.57,67459.91,1308.13,5616.57,7327.641798,0.217667,35.730015
400,7,864.63,47096.53,60931.30,1650.41,4525.18,7659.188266,0.202167,17.120643
400,7,842.06,45993.72,59197.52,1310.81,4390.33,7502.663254,0.193583,25.390107
400,7,1044.85,54230.61,69832.94,3496.31,4508.10,7597.924901,0.246917,12.352621
400,7,1024.86,52863.83,68557.22,3216.50,4636.28,7840.600900,0.241833,14.453104
400,7,861.38,48676.94,62781.51,924.91,4569.14,8610.514832,0.198500,70.835029
400,7,825.13,46628.80,59960.21,692.39,5033.04,7605.986483,0.190833,62.970209
400,7,1065.43,58632.88,73906.79,1706.35,5404.99,8162.578592,0.246833,34.615816
400,7,1012.84,56840.72,72770.65,1048.74,5512.64,9368.551804,0.232750,70.976870
400,7,1046.44,55906.76,71822.76,2561.92,4803.01,8551.067977,0.248333,17.863999
400,7,706.48,40393.73,54445.75,955.44,5787.04,7309.536062,0.170750,62.924846
400,7,840.39,47804.18,62403.18,849.62,5841.47,7907.904306,0.196667,64.179809
400,7,927.98,51741.23,67341.32,905.20,6859.50,7835.400644,0.214917,67.072668
400,7,910.67,51927.96,66167.62,804.32,5496.02,7939.320976,0.210500,63.999602
400,7,1133.70,60326.46,77226.58,2951.33,5865.39,8083.394300,0.267167,16.676966
400,7,901.17,49427.35,63515.00,1279.29,4785.03,8023.324621,0.207500,26.225269
400,7,920.91,52824.09,69055.14,1082.27,7052.09,8096.691048,0.217167,70.337933
400,7,1070.83,58532.21,74899.40,1870.74,5943.88,8552.574442,0.247750,25.835126
400,7,1005.42,57064.91,73132.63,1598.21,6434.83,8034.682983,0.235417,31.979370
400,7,796.73,44967.95,58849.85,763.76,5141.65,7976.494126,0.185167,60.359717
400,7,918.39,50815.32,65245.29,1339.66,5123.97,7966.347531,0.212333,30.607818
400,7,936.46,54249.47,68871.05,922.06,6142.79,7556.719436,0.216417,66.634546
400,7,779.74,45018.86,58422.79,732.08,5217.09,7454.761153,0.182167,64.160184
400,7,760.23,42919.69,55597.52,637.19,4684.70,7355.937470,0.174000,62.293982
400,7,880.54,49421.12,63431.28,1214.54,4890.07,7905.557847,0.204333,43.498496
400,7,989.97,55053.62,69390.41,1469.81,4751.32,8115.662495,0.227833,31.599742
400,7,981.74,56078.63,70668.90,706.87,5264.59,8618.812474,0.226917,66.969543
400,7,841.05,48760.77,62095.09,844.01,5873.76,6616.556110,0.195667,56.925945
400,7,1117.07,55430.29,73067.27,3948.49,4986.06,8702.433166,0.262250,15.131687
400,7,1118.03,60443.59,76170.12,2351.11,4995.71,8379.708848,0.259333,18.801293
400,7,717.83,40903.15,53699.61,719.73,5210.44,6866.294655,0.167667,63.891154
400,7,742.82,42984.72,55176.30,617.61,4696.58,6877.393526,0.172500,64.334079
400,7,859.44,49320.03,62458.79,1300.65,4950.39,6887.720934,0.200167,52.878056
400,7,816.97,43044.53,56724.99,2756.54,4186.69,6737.223434,0.192000,20.058058
400,7,1037.05,57297.09,74204.48,1568.39,5897.44,9441.552367,0.244917,32.770965
400,7,1282.29,67794.71,85798.25,4064.55,5450.86,8488.131889,0.306083,13.053964
400,7,823.63,43503.12,58171.07,1960.57,5265.47,7441.914604,0.192333,30.203273
400,7,1064.74,60191.15,75155.51,1173.25,4437.89,9353.224817,0.245667,29.521252
400,7,711.19,40264.82,53641.42,869.41,5437.70,7069.493509,0.167083,69.696748
400,7,1038.60,56566.35,72674.67,2721.87,5109.11,8277.332485,0.249500,16.599112
400,7,1074.62,53339.33,72475.18,4364.55,5255.04,9516.252221,0.255000,16.390671
400,7,778.80,44061.59,57284.78,796.61,5399.93,7026.649552,0.180333,63.633583
400,7,878.67,49893.10,64603.27,806.72,5936.80,7966.645393,0.204333,65.818112
400,7,939.97,51745.76,66275.31,1442.74,5276.45,7810.363008,0.218500,30.859597
400,7,1174.88,60389.87,77530.88,4091.87,4967.83,8081.314555,0.279083,16.031636
400,7,947.12,53186.68,67207.32,936.21,5257.13,7827.297530,0.217250,43.191897
400,7,981.93,52907.06,67916.34,2105.07,4407.54,8496.678987,0.228917,24.823095
400,7,1181.39,59788.20,77991.82,4562.12,5267.53,8373.961320,0.283917,14.980766
400,7,1011.59,56053.47,71214.83,1699.69,4987.04,8474.632814,0.235917,39.953740
400,7,1154.41,65230.43,80566.02,1136.38,5694.54,8504.677083,0.267250,32.629639
400,7,1112.34,62513.57,78267.31,1695.05,5866.80,8191.885344,0.260417,44.730741
400,7,1013.92,55885.15,70622.08,1502.64,5503.00,7731.291313,0.235833,21.738350
400,7,1246.11,65241.86,82670.27,3315.03,4939.46,9173.918989,0.290167,17.039078
400,7,838.16,47247.56,61505.99,769.62,5670.28,7818.524022,0.194667,66.620816
400,7,850.69,47576.31,60890.52,1457.54,5040.90,6815.774022,0.199083,56.989722
400,7,1029.75,60004.54,74669.51,1119.92,5419.95,8125.098871,0.238583,53.359360
400,7,827.08,46718.49,60111.48,972.82,5040.19,7379.972921,0.192750,143.310329
400,7,1183.81,63542.56,81692.08,2810.92,6190.76,9147.846191,0.284583,26.811109
400,7,1208.16,64858.40,80469.73,2244.06,4596.04,8771.217817,0.278417,74.982485
400,7,1391.35,67267.07,88453.09,5913.92,5748.35,9523.747500,0.339167,12.237607
400,7,811.74,46004.55,60670.55,786.62,5751.73,8127.644926,0.189500,262.134050
400,7,958.61,51621.12,66280.84,1717.35,4568.94,8373.433338,0.222083,22.558158
400,7,919.41,52509.02,66677.06,1075.72,5331.81,7760.499448,0.212750,165.451730
400,7,961.43,54621.30,69194.10,786.27,5639.31,8147.225394,0.221000,68.119244
400,7,978.87,56097.67,70560.80,779.65,5830.72,7852.762562,0.226167,262.321156
400,7,1039.77,51397.95,67874.66,3541.11,4547.49,8388.109025,0.242083,14.540872
400,7,1035.40,55742.41,70756.66,2794.80,4633.75,7585.693818,0.242167,68.038956
400,7,1088.58,60596.72,75882.74,1649.63,5583.14,8053.239444,0.251833,25.072952
400,7,775.86,42626.14,55988.25,950.75,4645.07,7766.284253,0.178917,163.692923
400,7,1089.65,60746.28,76621.65,2251.73,5855.12,7768.517159,0.255333,28.969586
400,7,930.73,51298.61,67058.79,994.69,5647.34,9118.154641,0.214750,171.282670
400,7,907.46,48328.14,63159.60,1945.60,5102.88,7782.983678,0.212333,20.899348
400,7,1237.91,62168.71,80933.92,4771.61,4766.79,9226.806642,0.299417,54.829426
400,7,749.21,42161.74,55817.42,752.13,5407.87,7495.674914,0.175000,65.182019
400,7,1295.49,64315.84,82070.89,4414.82,5243.38,8096.845883,0.301917,65.052480
400,7,835.51,47876.71,61278.52,1090.60,5574.16,6737.048287,0.194583,54.347046
400,7,1035.68,55103.13,69615.22,3392.76,4522.37,6596.951138,0.244167,57.937833
400,7,1010.53,56511.39,71687.48,1575.85,5237.49,8362.761081,0.236333,144.387672
400,7,814.61,46044.36,59121.77,1338.40,5051.94,6687.082745,0.188583,133.169392
400,7,1097.47,60257.33,76298.87,1792.74,5849.83,8398.969260,0.253750,107.418086
400,7,894.81,49695.49,64155.87,1397.97,5291.75,7770.662734,0.208750,117.353436
400,7,799.08,44949.16,58452.74,1009.71,4822.74,7671.128477,0.185000,160.185403
400,7,990.77,51396.89,67599.91,2727.58,4589.87,8885.567801,0.232833,109.769191
400,7,920.59,51515.96,66298.58,762.19,5523.23,8497.189327,0.212333,246.481063
400,7,919.91,50984.41,65359.80,1020.04,5181.35,8174.000196,0.211667,214.451525
400,7,983.21,54593.85,71042.49,1947.10,5864.37,8637.161502,0.235583,111.208838
400,7,912.67,51516.05,65489.35,1444.47,5281.22,7247.620015,0.212000,110.734855
400,7,992.46,55815.79,71019.89,1256.43,5543.56,8404.115889,0.229417,113.071409
400,7,1051.34,55868.65,71997.61,3362.01,5470.79,7296.159004,0.246167,62.494643
400,7,824.74,46954.98,59904.88,941.88,5030.50,6977.518929,0.191833,107.853849
400,7,927.51,51508.40,66575.41,1340.79,5543.24,8182.974379,0.215917,70.547137
400,7,966.34,52729.69,68219.64,1693.08,5088.64,8708.242508,0.226667,50.021114
