400,1,95.12,11082.02,14362.16,1193.16,880.35,1206.626607,0.272050
400,1,70.91,9023.66,10772.57,308.21,410.30,1030.400180,0.119719
400,1,116.61,11411.02,15029.63,1508.28,792.75,1317.576480,0.251309
400,1,111.73,13005.18,16364.83,1040.52,708.86,1610.270757,0.187779
400,1,99.36,9839.98,12999.96,1153.91,776.04,1230.037036,0.127004
400,1,80.50,10826.06,13050.00,265.51,529.29,1429.135160,0.126446
400,1,73.45,8406.72,11231.20,1221.83,751.44,851.207941,0.128257
400,1,135.95,14376.01,18259.46,1394.74,913.19,1575.522131,0.145792
400,1,81.18,8568.36,11226.97,935.35,750.43,972.829230,0.122936
400,1,120.16,11890.37,15005.94,895.18,602.14,1618.249911,0.130054
400,1,53.42,6989.85,8657.19,417.54,405.65,844.153046,0.112681
400,1,82.77,9048.05,12314.72,1291.96,935.27,1039.430734,0.185335
400,1,114.60,15136.31,17916.08,667.35,616.43,1495.990279,0.151374
400,1,94.59,11119.37,13950.17,976.01,724.82,1129.968457,0.122169
400,1,103.05,14318.31,16805.10,499.53,518.62,1468.633359,0.111053
400,1,63.06,8619.85,10833.18,640.30,636.70,936.328379,0.119587
400,1,65.32,8865.04,10883.07,384.56,688.05,945.422854,0.119821
400,1,85.40,9740.31,12346.74,680.67,611.18,1314.581385,0.117187
400,1,71.47,8174.63,11142.29,1279.98,702.02,985.660109,0.116834
400,1,98.34,13059.92,15637.19,696.48,572.55,1308.249463,0.340045
400,1,64.31,8680.03,10626.14,331.45,553.41,1061.247254,0.160306
400,1,70.63,9764.23,11980.64,778.57,512.29,925.540674,0.156083
400,1,97.91,11954.78,15369.45,1349.17,799.22,1266.283020,0.142986
400,1,96.67,12513.33,15440.54,810.54,689.27,1427.394371,0.147777
400,1,118.71,12459.61,15730.63,1011.50,706.57,1552.947367,0.148702
400,1,70.84,10306.66,12637.74,747.91,575.48,1007.699200,0.125036
400,1,82.24,8619.21,11415.27,1017.76,639.88,1138.419710,0.139898
400,1,87.55,10459.81,13391.78,858.86,657.83,1415.277696,0.151012
400,1,88.32,10714.19,13342.79,717.89,482.91,1427.799687,0.136015
400,1,67.99,9109.02,11136.38,447.01,475.72,1104.635667,0.150501
400,1,91.34,8737.84,12024.69,1391.71,787.33,1107.806532,0.149968
400,1,115.95,13342.33,16522.18,943.12,807.67,1429.051322,0.187894
400,1,90.12,10376.68,13099.88,997.91,730.51,994.775957,0.122223
400,1,79.07,7833.96,10992.57,1314.79,905.19,938.623129,0.162003
400,1,83.71,9521.21,11880.30,621.95,493.08,1244.055224,0.147354
400,1,107.17,13650.95,17121.28,1292.68,939.40,1238.255302,0.145031
400,1,73.05,9330.99,11662.01,459.25,494.06,1377.702045,0.145986
400,1,84.50,9948.93,13261.94,1200.81,875.65,1236.555453,0.154894
400,1,85.05,9834.25,12845.96,945.30,844.26,1222.145360,0.122349
400,1,68.27,9424.18,11304.72,320.80,475.90,1083.847629,0.110453
400,1,89.41,9209.79,11523.49,618.31,501.21,1194.177946,0.133576
400,1,93.56,9967.26,13061.34,1294.15,738.84,1061.092369,0.127742
400,1,79.82,9160.68,11837.59,977.57,698.19,1001.143273,0.144667
400,1,92.63,11933.66,14453.40,503.40,572.72,1443.617638,0.110776
400,1,102.34,12864.47,15734.21,844.78,650.28,1374.676939,0.130024
400,1,118.05,12594.90,15695.23,923.29,754.47,1422.563519,0.124536
400,1,65.11,8024.32,10578.87,868.32,894.19,792.046189,0.135312
400,1,85.32,8364.71,11078.98,1184.09,728.36,801.834938,0.118416
400,1,80.31,8646.21,11402.45,861.53,664.21,1230.493101,0.136170
400,1,79.25,10731.95,13599.50,1126.22,572.81,1168.519961,0.117413
400,1,115.97,14210.08,16771.04,663.21,592.27,1305.471960,0.113104
400,1,67.43,8233.94,10397.68,307.12,375.98,1480.639107,0.104695
400,1,134.03,15827.93,19518.78,1364.05,814.18,1512.622493,0.115858
400,1,111.09,12131.85,14672.37,802.76,536.60,1201.164727,0.112148
400,1,74.51,8683.57,10970.57,764.95,729.14,792.921462,0.127496
400,1,99.52,12018.76,15408.36,1050.23,822.79,1516.586415,0.120448
400,1,61.25,8013.47,9935.93,570.10,490.55,861.807789,0.110549
400,1,61.87,7388.24,9978.15,852.66,701.52,1035.735816,0.126201
400,1,114.69,11771.53,15038.68,986.57,653.95,1626.629379,0.108021
400,1,59.65,7281.26,9223.76,460.22,444.85,1037.432661,0.135767
400,1,121.46,12375.43,16010.89,1339.80,736.00,1559.670955,0.120709
400,1,62.84,8852.50,10668.82,386.63,593.82,835.870433,0.154522
400,1,84.90,12609.12,14982.15,596.02,549.93,1227.080232,0.151254
400,1,78.53,10360.05,12659.32,700.74,577.99,1020.547476,0.117813
400,1,62.21,7523.39,9391.70,483.95,500.21,884.148902,0.128192
400,1,70.07,8608.05,10669.36,626.14,530.54,904.630169,0.173283
400,1,94.64,11476.22,14347.80,898.52,722.01,1251.057208,0.127581
400,1,87.12,10599.42,12838.36,634.89,468.94,1135.115453,0.161034
400,1,72.57,7783.23,10988.80,1447.03,790.58,967.952669,0.148506
400,1,88.79,11602.33,14597.45,682.29,814.91,1497.917298,0.133512
400,1,74.39,8891.84,11107.72,637.02,638.07,940.786038,0.116018
400,1,72.52,7963.46,10417.20,886.26,670.72,896.764388,0.118680
400,1,100.03,10677.28,13482.76,853.50,701.27,1250.706594,0.124363
400,1,83.60,9851.76,12276.85,824.55,611.58,988.957805,0.118709
400,1,87.94,8689.63,11663.95,1108.84,566.57,1298.907691,0.111662
400,1,88.48,9774.94,12803.76,1098.24,797.85,1132.721172,0.123238
400,1,105.24,12991.17,16215.36,1017.66,767.01,1439.515859,0.116864
400,1,74.28,8899.29,11421.70,847.92,645.99,1028.500061,0.125666
400,1,83.37,12290.72,14565.19,437.71,593.59,1243.166911,0.113895
400,1,78.99,8936.81,11580.68,714.90,659.51,1269.462844,0.152489
400,1,112.04,11460.91,14861.63,1451.56,722.62,1226.542682,0.133183
400,1,89.44,11103.07,13571.48,841.61,609.95,1016.854880,0.148915
400,1,116.49,11264.29,14451.80,1206.06,764.95,1216.493530,0.152526
400,1,80.06,8282.09,10789.92,977.22,644.51,886.102485,0.150792
400,1,81.72,12028.25,14189.14,353.53,633.41,1173.955186,0.144244
400,1,71.79,10251.68,12023.43,340.59,499.37,931.781263,0.135056
400,1,100.10,12559.35,15184.22,757.55,695.46,1171.848359,0.120374
400,1,107.40,12153.98,15335.82,1159.57,803.42,1218.846493,0.120584
400,1,79.50,11357.71,13903.25,826.01,566.98,1152.551710,0.112582
400,1,95.60,8885.15,11405.09,779.11,460.29,1280.539635,0.113171
400,1,81.79,8966.07,11412.41,818.46,592.67,1035.202461,0.153586
400,1,100.57,11990.03,15226.42,896.63,771.29,1568.475158,0.124151
400,1,92.73,12444.33,15225.17,905.15,700.71,1174.975593,0.158335
400,1,109.35,11790.49,15322.71,1118.97,795.63,1617.614657,0.186273
400,1,59.94,7311.92,9068.00,321.81,380.68,1053.581543,0.141637
400,1,79.05,8486.46,10872.15,826.56,603.61,955.524291,0.249465
400,1,104.20,13169.82,16243.52,969.40,778.59,1325.716954,0.232567
400,1,115.01,14474.27,17777.29,1063.21,831.24,1408.574727,0.141529
400,1,79.00,9105.07,11554.72,579.15,542.84,1327.656133,0.143528
400,1,72.33,8661.50,11312.28,936.75,607.73,1106.293678,0.146064
400,2,228.93,20758.71,25759.60,1068.36,638.15,3294.378036,0.184601
400,2,247.01,22121.17,27577.96,1637.74,1078.74,2740.311313,0.217060
400,2,237.23,23915.18,28815.27,842.77,972.04,3085.279936,0.199172
400,2,312.32,27814.86,35232.07,2104.92,1363.12,3949.168777,0.228424
400,2,206.56,16708.93,22750.18,1764.43,1262.79,3014.029856,0.187157
400,2,331.73,32145.84,37976.41,1329.63,1186.68,3314.268070,0.162631
400,2,308.10,28002.06,34455.71,2216.79,1115.78,3121.082485,0.184990
400,2,294.97,27831.90,34657.68,1712.65,1258.75,3854.374557,0.171750
400,2,197.78,18447.64,23069.10,1330.37,1005.03,2286.063297,0.201926
400,2,309.63,28063.22,35190.62,2553.28,1463.57,3110.560679,0.178736
400,2,186.32,15980.46,20765.34,1531.83,1054.39,2198.672356,0.155901
400,2,279.60,23543.55,29663.04,1709.85,1338.62,3071.025819,0.175531
400,2,308.44,26760.94,34167.74,2479.78,1485.91,3441.119690,0.187290
400,2,278.91,26889.47,32733.73,1478.70,1155.53,3210.027596,0.165778
400,2,280.28,23951.41,29322.38,1399.33,966.37,3005.275290,0.156216
400,2,234.79,21035.76,26452.16,1478.14,1031.94,2906.319404,0.174721
400,2,236.67,21945.11,26798.31,1131.41,810.96,2910.834313,0.145745
400,2,292.81,26218.56,31922.50,1304.71,1180.30,3218.923994,0.181576
400,2,203.66,21936.93,26852.21,1403.19,985.77,2526.315768,0.203850
400,2,360.38,30274.86,38509.91,2660.54,1582.49,3992.018282,0.233290
400,2,258.79,23335.52,28946.39,2051.89,926.88,2632.094097,0.189920
400,2,225.10,21350.67,26641.59,1463.02,1142.93,2684.968011,0.199103
400,2,240.48,21048.94,27003.83,1475.45,1167.40,3312.038273,0.181433
400,2,333.43,31946.94,39246.58,1987.66,1410.19,3901.789872,0.198114
400,2,290.85,30176.96,34841.48,745.15,745.63,3173.745334,0.141263
400,2,246.98,21137.61,27490.27,1831.97,1288.74,3231.953996,0.226879
400,2,310.57,24825.51,31607.45,1997.41,1464.93,3319.593542,0.176452
400,2,274.28,22864.59,28898.17,1719.70,892.39,3421.487991,0.178724
400,2,214.78,18440.75,24670.90,1877.78,1307.51,3044.854047,0.199197
400,2,281.53,23507.34,30048.11,2016.83,1307.27,3216.682646,0.366416
400,2,285.62,24650.91,31389.70,1982.63,1483.84,3272.321366,0.177535
400,2,293.41,25406.04,32137.78,2082.46,1384.88,3264.396993,0.207797
400,2,211.83,17159.11,22763.97,1745.96,983.87,2875.028847,0.172246
400,2,202.13,19172.15,23743.77,975.38,840.92,2755.324309,0.166468
400,2,286.21,27444.50,32732.96,1290.15,985.92,3012.386412,0.168980
400,2,257.72,23290.88,29618.25,1764.24,1251.27,3311.851624,0.214565
400,2,299.99,29124.65,34479.84,965.43,997.71,3392.050614,0.191838
400,2,278.90,25173.58,32245.87,2266.17,1481.25,3324.870306,0.211643
400,2,285.86,23652.21,30232.56,1643.35,1199.05,3737.947239,0.193576
400,2,266.61,24183.79,29178.25,1283.57,987.98,2722.905298,0.188241
400,2,230.37,19859.69,25192.16,1946.79,1098.43,2287.247851,0.177809
400,2,279.68,23769.72,30599.97,2056.51,1337.66,3436.083060,0.201229
400,2,212.11,19905.26,23821.48,525.10,656.92,2734.204427,0.163867
400,2,310.32,28534.92,35172.42,2120.34,1419.43,3097.742751,0.194486
400,2,381.33,33856.41,40948.83,2181.95,1154.37,3756.094850,0.176087
400,2,303.10,26017.81,33443.67,2374.80,1361.29,3689.778214,0.200498
400,2,268.79,23436.60,29984.14,1903.29,1324.40,3319.863641,0.191675
400,2,273.28,26446.17,32699.89,2053.71,1308.29,2891.723596,0.194526
400,2,243.36,20654.17,27061.43,2237.55,1360.19,2809.522957,0.194023
400,2,199.97,21531.41,26326.94,1175.89,1019.72,2599.919862,0.171665
400,2,265.19,22020.26,28662.72,2445.29,1366.19,2830.980510,0.183415
400,2,267.94,23816.15,29680.57,1415.99,1176.43,3271.996159,0.186453
400,2,304.40,28021.71,34666.54,1758.20,1238.89,3647.742079,0.181286
400,2,238.46,21729.35,26542.68,1345.95,925.05,2542.322292,0.188139
400,2,266.68,23088.63,29388.27,1969.46,1034.40,3295.779711,0.186668
400,2,287.52,26733.24,33010.48,1687.13,1194.67,3395.446475,0.193472
400,2,188.40,15286.67,19881.74,1244.21,853.78,2497.086380,0.175350
400,2,200.11,18515.03,23156.82,951.64,905.83,2784.328883,0.170946
400,2,216.31,19671.77,25986.98,1960.79,1482.92,2871.507329,0.202556
400,2,210.86,17640.89,23129.93,1714.19,1179.95,2594.894908,0.203299
400,2,227.06,19519.59,25345.52,1632.96,1093.91,3099.064965,0.192654
400,2,275.32,24556.87,30830.99,2100.76,1319.59,2853.759000,0.186405
400,2,213.59,19852.78,24880.62,1227.58,975.49,2824.771669,0.160462
400,2,293.34,24028.13,30776.35,2262.05,1341.66,3144.503329,0.193970
400,2,212.36,16821.31,22335.50,2238.22,971.40,2304.576657,0.191302
400,2,195.52,15963.14,21013.18,1634.45,1147.65,2267.925740,0.184717
400,2,341.29,28875.04,36279.44,2380.71,1388.91,3634.774919,0.208807
400,2,188.18,19600.97,23647.43,1087.60,1057.79,1901.064188,0.179346
400,2,224.71,21099.07,26485.09,1152.72,1174.55,3058.755508,0.184120
400,2,314.56,29010.38,35747.88,1570.30,1216.56,3950.637507,0.183990
400,2,197.56,17371.48,22397.93,1393.11,1049.67,2583.661784,0.173935
400,2,246.72,20863.42,27186.02,2258.65,1156.86,2907.084478,0.212234
400,2,294.61,27219.79,33911.53,1923.92,1453.40,3314.412593,0.204961
400,2,304.74,27570.42,34218.15,2012.57,1283.45,3351.701733,0.184467
400,2,257.03,22284.13,28538.55,1855.39,1560.30,2838.732476,0.193942
400,2,272.75,22987.94,29406.06,2144.72,1137.40,3135.992832,0.166502
400,2,305.65,26174.42,33644.60,2283.24,1283.94,3902.992954,0.175527
400,2,265.26,24083.81,30703.50,2101.45,1494.36,3023.878978,0.189212
400,2,225.58,19582.14,24807.42,1429.84,1078.96,2716.487636,0.159130
400,2,317.31,27241.14,34380.12,2221.54,1352.10,3565.334037,0.188479
400,2,274.53,25219.58,31281.74,1731.73,1436.34,2894.096664,0.194598
400,2,313.65,27049.94,34199.38,2478.19,1434.39,3236.858925,0.186094
400,2,289.14,24733.07,31002.18,1648.23,1429.77,3191.102332,0.217279
400,2,205.48,18080.68,22784.69,1393.79,1012.17,2298.058908,0.161418
400,2,280.50,26057.72,31794.25,1425.36,1157.57,3153.605017,0.170134
400,2,217.91,19795.01,24575.78,1198.53,939.80,2642.439694,0.172920
400,2,267.22,27415.40,33264.97,1313.56,1123.97,3412.043206,0.185956
400,2,311.75,27633.36,34683.67,2297.38,1479.61,3273.325392,0.199983
400,2,264.21,21833.88,27941.20,1907.68,1126.73,3072.909267,0.176224
400,2,244.15,23223.71,29150.20,2037.75,1313.38,2575.359496,0.192745
400,2,247.29,19353.64,25068.49,1965.95,1200.04,2548.858836,0.180990
400,2,316.56,29494.55,35827.40,1392.89,1127.33,3812.621854,0.169783
400,2,323.86,28550.26,35425.66,2033.26,1370.89,3471.263570,0.199645
400,2,283.06,26764.29,32600.82,1423.83,1178.53,3234.168620,0.181708
400,2,253.66,21995.25,28863.74,2603.42,1479.79,2785.280311,0.192667
400,2,321.74,28340.09,35695.02,2352.59,1460.58,3541.757761,0.200147
400,2,351.33,33924.25,40065.68,1286.72,1217.58,3637.122219,0.171090
400,2,303.31,25692.55,33017.64,2536.92,1356.76,3431.407096,0.169964
400,2,180.65,18475.28,23220.03,1131.56,1146.76,2466.422942,0.181125
400,2,239.22,22750.26,27849.05,1101.14,1138.37,2859.282593,0.201094
400,3,397.17,31763.19,40090.13,2476.05,1588.02,4262.861351,0.214648
400,3,408.19,34573.50,43250.28,2282.30,1691.80,4702.673662,0.214672
400,3,466.51,37516.56,46930.52,2570.70,1708.93,5134.337596,0.241129
400,3,521.33,40081.24,50339.76,2399.55,1520.86,6338.106219,0.216439
400,3,411.67,32325.52,42021.99,3167.85,1901.60,4627.032874,0.226721
400,3,469.23,39638.11,48419.19,2157.19,1461.75,5162.135363,0.227711
400,3,499.83,42184.75,50988.53,2358.61,1798.39,4646.786979,0.226361
400,3,520.77,45598.04,55023.85,2027.22,1482.61,5915.983862,0.230773
400,3,336.00,30655.22,37399.19,1500.96,1162.64,4080.377819,0.216234
400,3,457.49,36746.28,45888.83,2495.88,1601.71,5044.960666,0.235160
400,3,304.28,25872.82,32551.05,1574.24,1418.24,3685.747386,0.229708
400,3,340.29,26760.58,35022.73,2488.32,1523.17,4250.656340,0.268725
400,3,477.90,36545.54,46106.24,2624.40,1951.55,4984.749800,0.230903
400,3,433.04,35509.40,44447.13,2156.02,1717.39,5064.326802,0.237420
400,3,283.82,22943.39,29336.42,1240.98,1266.99,3885.064476,0.218166
400,3,362.37,28181.82,36026.13,2218.94,1260.34,4365.034268,0.189688
400,3,375.58,28575.31,36901.33,2547.24,1620.25,4158.528210,0.250411
400,3,371.03,31652.32,39590.38,1652.33,1339.05,4946.681038,0.202768
400,3,377.76,33132.00,40645.37,1955.30,1495.57,4062.498529,0.210151
400,3,393.85,32127.70,41189.68,2374.44,1493.02,5194.528909,0.205934
400,3,305.35,27942.26,34051.73,1371.03,936.65,3801.793526,0.200532
400,3,395.52,33058.50,41075.30,2177.05,1432.99,4406.746350,0.229675
400,3,452.54,38102.80,46648.89,1807.19,1279.44,5459.457354,0.220275
400,3,438.61,33951.02,43635.66,2169.30,1626.36,5888.985375,0.230355
400,3,450.48,37267.64,46126.81,2329.75,1711.90,4817.531317,0.225901
400,3,386.05,29146.13,39148.01,3306.36,1890.88,4804.637473,0.233486
400,3,473.60,39483.53,48935.86,2624.98,1745.51,5081.833518,0.251185
400,3,418.96,30652.06,40054.25,2682.54,1905.29,4814.354605,0.494685
400,3,492.34,41137.02,50556.44,2673.51,2071.50,4674.404199,0.313070
400,3,377.67,34051.04,41639.50,1793.82,1257.80,4536.836499,0.208366
400,3,539.72,46193.59,55457.92,2466.45,1639.25,5158.626632,0.224319
400,3,495.71,39001.02,49161.09,3036.06,2172.72,4951.291227,0.254126
400,3,429.35,36128.39,43897.05,1755.81,1416.38,4596.474277,0.222300
400,3,437.63,35043.31,44656.16,3361.22,1969.35,4282.280468,0.246179
400,3,309.58,24695.34,32442.31,2321.14,1432.85,3992.969483,0.200484
400,3,453.49,38167.03,46702.96,1912.71,1313.10,5310.121889,0.216095
400,3,406.55,34215.31,42463.78,1857.29,1573.09,4818.093826,0.248745
400,3,557.85,45341.18,57154.60,3688.70,2338.06,5786.656969,0.253841
400,3,383.93,30562.14,39263.49,1887.55,1445.55,5368.256793,0.227074
400,3,367.37,29189.67,37702.77,2109.18,1754.37,4649.538315,0.230725
400,3,349.03,27296.23,36689.94,3252.49,1835.75,4305.474618,0.232188
400,3,475.33,40511.12,49101.05,1908.45,1372.64,5308.839204,0.217424
400,3,350.70,30807.52,37253.83,1223.18,1205.56,4017.573357,0.234616
400,3,385.26,30445.09,39126.14,2242.43,1488.78,4949.844177,0.212500
400,3,367.84,31040.78,39126.49,1716.78,1373.20,4995.730248,0.215267
400,3,395.09,32016.69,41058.17,2753.16,1668.88,4619.443242,0.245851
400,3,470.88,35600.78,46462.49,3394.26,2031.13,5436.336212,0.341635
400,3,343.78,30057.06,37476.06,1972.74,1568.61,3877.654689,0.228260
400,3,443.90,34396.31,43977.15,2640.73,1964.96,4975.145923,0.266561
400,3,412.48,33956.45,42451.52,2365.98,1764.02,4365.067668,0.247015
400,3,470.78,39005.26,47109.60,2366.82,1485.02,4252.490907,0.223070
400,3,357.35,27647.36,35972.22,2364.58,1577.90,4382.368854,0.224446
400,3,565.71,45119.56,54923.42,2673.55,1608.04,5522.271625,0.230373
400,3,368.88,32252.86,39990.28,2251.86,1602.02,3883.536086,0.217581
400,3,425.03,34057.51,42066.35,1937.24,1587.21,4484.403104,0.246980
400,3,482.31,40550.99,49710.39,1950.98,1615.81,5592.594805,0.225002
400,3,466.05,36307.60,44685.12,2651.75,1801.67,3924.099732,0.244984
400,3,411.49,33183.44,41146.15,2076.15,1282.02,4604.544134,0.211204
400,3,434.81,33705.68,43165.59,2541.58,1582.56,5335.763677,0.225400
400,3,325.11,23904.32,32750.84,3099.09,1932.04,3815.382585,0.260655
400,3,427.23,34566.93,43601.41,2129.29,1713.39,5191.799808,0.249720
400,3,361.77,28647.15,36809.19,2027.77,1456.92,4677.344502,0.230217
400,3,381.75,29220.37,38642.10,2764.67,1886.49,4770.561089,0.240498
400,3,416.46,36107.97,44055.31,1945.06,1508.07,4494.213817,0.251717
400,3,349.57,30014.23,37206.30,2090.85,1350.83,3750.394281,0.200028
400,3,389.38,33457.10,40866.68,2305.13,1517.74,3586.702978,0.231636
400,3,421.42,35645.31,44016.15,1975.76,1386.71,5008.376424,0.201494
400,3,501.83,42915.38,51422.31,2551.64,1607.67,4347.619864,0.213599
400,3,445.56,33740.99,43621.79,3220.82,1773.76,4886.223554,0.253107
400,3,582.13,50178.58,59268.88,2103.89,1592.07,5394.341550,0.223868
400,3,412.20,31773.32,40637.52,2463.66,1553.73,4846.801457,0.240707
400,3,486.36,35950.25,46430.68,3668.04,2031.74,4780.645406,0.227039
400,3,411.55,29582.38,39355.82,2904.05,1888.87,4980.510603,0.248453
400,3,517.49,40359.63,49776.57,2553.40,1760.34,5103.207635,0.239795
400,3,404.08,28949.39,38182.11,2484.71,1781.73,4966.270296,0.292726
400,3,467.21,38716.28,47515.18,2452.06,1996.06,4350.777506,0.263861
400,3,362.99,32252.60,40541.95,1620.33,1390.04,5278.977691,0.229191
400,3,414.15,31657.72,40989.63,2337.89,2080.69,4913.326134,0.264264
400,3,497.56,44136.19,51465.96,1159.33,1184.48,4985.959596,0.223211
400,3,461.38,38576.15,48933.84,3694.84,2021.79,4641.051430,0.230693
400,3,509.25,38803.96,48134.44,2348.53,1890.62,5091.334066,0.235564
400,3,403.95,31496.97,40717.69,2856.94,1797.42,4566.357931,0.232209
400,3,448.81,36287.36,46014.73,2916.44,1821.57,4989.357362,0.229686
400,3,396.83,32334.38,40665.84,2873.63,1772.35,3685.480192,0.234148
400,3,486.50,37976.59,47593.24,3000.65,1793.02,4822.978196,0.244408
400,3,442.61,35841.26,44608.89,3096.50,1730.16,3940.973960,0.234244
400,3,436.51,36146.68,45762.49,2477.44,1536.07,5602.310340,0.240372
400,3,495.13,36028.93,47441.83,3971.56,2320.38,5120.968592,0.269002
400,3,411.36,30909.58,38893.97,2382.77,1388.53,4213.092318,0.214893
400,3,366.06,30291.22,38172.14,2131.38,1699.51,4050.028948,0.242201
400,3,428.36,31052.46,40850.62,3649.64,1826.45,4322.067653,0.280509
400,3,506.94,41759.70,51471.46,2867.16,1798.03,5046.565459,0.208406
400,3,496.85,41855.01,52361.67,3426.69,2113.19,4966.773114,0.246142
400,3,431.72,35131.03,43683.46,1904.75,1737.77,4909.907462,0.278444
400,3,407.56,31831.36,41437.10,2858.36,1857.14,4890.238881,0.254553
400,3,463.31,37810.99,46729.95,2093.59,1416.80,5408.571010,0.242474
400,3,449.35,37218.09,47359.75,2706.04,1857.35,5578.264445,0.219935
400,3,444.56,35866.53,44888.43,2641.93,1645.71,4734.264704,0.253139
400,3,471.59,36514.41,46544.43,2950.60,1850.90,5228.530416,0.227624
400,3,364.18,29973.92,38470.48,2669.30,1633.17,4194.091550,0.228587
400,4,420.40,35054.16,43994.29,1874.74,1522.16,5543.243825,0.237784
400,4,503.76,40929.23,51707.80,2580.39,2283.25,5914.922047,0.307790
400,4,534.02,42315.55,53926.22,3050.52,2408.07,6152.083982,0.296784
400,4,676.45,57930.95,68912.03,2185.98,1838.51,6956.587536,0.268633
400,4,524.52,39637.34,52577.52,4301.20,2360.58,6278.394126,0.328009
400,4,510.86,36034.09,48006.89,3236.21,2151.97,6584.629803,0.288226
400,4,575.70,42408.13,53792.97,2924.42,2017.56,6442.862996,0.335794
400,4,546.27,41958.38,52433.51,2183.60,1632.72,6658.805246,0.259184
400,4,454.62,34757.74,44625.73,2252.67,1734.05,5881.265423,0.323718
400,4,521.64,40537.73,51274.46,2393.53,1929.36,6413.835383,0.266210
400,4,551.19,44979.75,56512.47,3495.39,2064.66,5972.670566,0.271469
400,4,564.28,43186.37,54892.01,3467.18,2184.93,6053.534185,0.581796
400,4,664.31,48544.94,62348.08,4289.11,2645.02,6869.016819,0.324544
400,4,546.92,41712.65,54445.90,4029.63,2436.72,6266.885200,0.291927
400,4,502.48,44773.94,54682.11,1972.01,2070.24,5865.919923,0.317534
400,4,469.66,35083.69,46134.07,3113.19,2207.29,5729.905497,0.319755
400,4,478.07,35807.85,47870.15,4195.97,2487.19,5379.136666,0.309937
400,4,700.84,52871.99,67349.27,4562.66,2994.61,6920.007955,0.353290
400,4,533.95,38236.35,49833.38,3913.20,2074.15,5609.682861,0.289417
400,4,546.55,38445.38,50380.52,2906.67,1823.15,7205.326248,0.259376
400,4,459.80,33261.06,44136.29,3589.56,2087.23,5198.445292,0.276164
400,4,472.76,35734.64,45707.21,2532.40,1604.75,5835.410273,0.264928
400,4,572.70,43719.51,54388.03,2402.95,1761.19,6504.379594,0.255163
400,4,689.38,52614.72,65252.35,3057.27,1896.34,7684.017608,0.305054
400,4,523.27,40940.05,52475.30,3634.92,2186.26,5714.069148,0.297973
400,4,579.61,44767.22,55680.45,2810.55,2035.04,6067.636339,0.265165
400,4,576.31,39512.57,52809.97,3561.64,2328.24,7407.523195,0.291489
400,4,479.41,34464.94,44461.00,2337.27,1798.50,5860.284153,0.286591
400,4,546.29,36122.87,50861.23,5315.36,3130.14,6292.860170,0.346674
400,4,545.47,43550.49,54340.31,2872.78,2108.30,5808.747854,0.318317
400,4,487.86,38868.79,49148.50,2074.30,1887.78,6317.630618,0.296757
400,4,505.73,37280.46,49505.52,2975.35,2036.86,7212.853554,0.282768
400,4,549.96,40918.20,52008.55,3260.22,2282.57,5547.557488,0.313277
400,4,464.03,35438.97,45532.93,2863.34,1885.87,5344.760548,0.239121
400,4,449.73,31323.15,42609.55,3633.19,2093.53,5559.674255,0.256626
400,4,582.30,46203.93,57004.25,2694.42,2011.25,6094.656125,0.260934
400,4,576.26,40724.59,53620.56,3788.83,2378.08,6729.057440,0.281167
400,4,578.87,45985.65,57251.94,2672.68,1912.40,6681.209389,0.262134
400,4,654.37,48942.66,62446.88,4433.18,2535.03,6536.007849,0.253292
400,4,493.00,36497.80,47118.49,2836.07,2029.68,5754.932929,0.279244
400,4,507.09,37161.35,48433.99,3698.68,2317.68,5256.281919,0.240260
400,4,589.78,45369.81,56482.63,2692.31,1931.31,6489.192893,0.225963
400,4,469.04,32753.71,44583.29,3595.69,2510.39,5723.498225,0.274773
400,4,540.00,40134.92,52455.41,4022.53,2157.63,6140.321956,0.238737
400,4,533.72,41598.48,52222.58,2617.70,1753.51,6252.888004,0.232822
400,4,505.43,35118.32,47436.07,3530.43,2259.17,6528.145966,0.248556
400,4,633.34,48367.79,61095.77,3692.30,2196.82,6838.861185,0.241636
400,4,532.32,41184.82,52475.54,3539.78,2006.65,5744.290227,0.237414
400,4,614.48,44633.83,57081.96,3316.17,2240.73,6891.223971,0.246506
400,4,557.34,40828.34,52606.91,3590.65,2468.77,5719.150941,0.264010
400,4,504.85,37877.90,48730.53,2989.88,1920.37,5942.380313,0.224224
400,4,453.82,34301.45,44470.89,2794.25,1739.71,5635.478466,0.226329
400,4,494.85,33983.51,46662.00,3584.63,2276.06,6817.795984,0.252017
400,4,555.22,44564.37,54562.17,2637.84,2041.45,5318.506412,0.235789
400,4,595.27,43480.10,54905.54,3003.61,2097.13,6324.690940,0.246454
400,4,619.41,45081.47,57671.66,3963.43,2339.92,6286.843293,0.257360
400,4,412.36,29463.15,40559.78,3738.45,2534.09,4824.096937,0.256961
400,4,625.48,47276.98,58312.15,3097.90,2390.93,5546.347829,0.262513
400,4,485.70,35980.20,47532.91,3239.04,2166.05,6147.622362,0.242187
400,4,527.94,40699.10,51764.18,3601.83,2007.69,5455.568525,0.232603
400,4,602.73,42087.61,55679.52,4449.56,2875.21,6267.135905,0.263008
400,4,458.64,35787.33,44669.74,1365.40,1590.81,5926.190533,0.228000
400,4,429.89,36784.78,45332.99,1853.91,1491.81,5202.483204,0.210291
400,4,616.94,44592.44,57195.19,4501.83,2091.26,6009.672823,0.250135
400,4,498.09,38143.86,48009.26,2663.47,2111.87,5090.057145,0.249122
400,4,504.94,38030.70,48245.57,2927.59,1925.99,5361.287294,0.231576
400,4,600.38,42496.51,54990.64,3493.50,2398.36,6602.277017,0.294634
400,4,501.64,39144.43,49008.04,2928.27,1877.46,5057.871463,0.252338
400,4,386.43,34511.72,43123.46,1788.20,1478.24,5345.298053,0.200596
400,4,649.43,47807.58,60312.87,2899.61,2409.40,7196.285031,0.269626
400,4,542.11,40056.31,52159.20,4154.51,2479.69,5468.684509,0.257017
400,4,502.58,36075.97,47916.90,3776.07,2418.55,5646.306199,0.240387
400,4,501.35,35354.91,46335.77,2723.45,1890.41,6366.996548,0.231069
400,4,660.42,47174.95,61389.81,4969.38,2778.88,6466.597761,0.260723
400,4,602.84,44731.13,57396.76,2890.77,2373.57,7401.297713,0.256281
400,4,451.30,33406.52,44560.94,3406.36,1979.76,5768.303911,0.235203
400,4,642.85,47744.07,59972.00,3739.93,2137.52,6350.480825,0.225316
400,4,585.20,41526.67,53605.30,3382.82,2293.21,6402.597039,0.247479
400,4,591.85,42099.72,55143.63,4472.91,2588.86,5982.141905,0.261305
400,4,603.74,45665.18,58332.87,3834.88,2438.08,6394.730515,0.244842
400,4,654.68,52176.74,63057.65,2257.86,1741.81,6881.233827,0.253103
400,4,666.53,50074.85,63640.01,4152.84,2750.86,6661.462325,0.272730
400,4,552.48,37077.83,50080.89,3729.23,2544.79,6729.042551,0.252555
400,4,400.90,31996.49,40932.16,1868.44,1838.27,5228.965350,0.251138
400,4,457.51,38934.55,48213.63,1783.96,1578.42,5916.697117,0.216679
400,4,394.95,29795.59,39520.63,2672.24,1892.65,5160.155751,0.236139
400,4,659.67,47737.07,61126.05,3853.60,2504.15,7031.233237,0.265999
400,4,586.79,47877.39,60114.46,3565.40,2220.89,6450.784915,0.355860
400,4,606.52,46492.15,57756.11,3391.05,2166.90,5706.009996,0.255614
400,4,506.59,40729.91,51061.00,2441.69,1927.96,5961.440865,0.231425
400,4,451.39,30375.89,42816.51,4431.28,2637.72,5371.624138,0.250495
400,4,542.43,38428.63,51103.44,3405.76,2338.50,6930.543669,0.251357
400,4,641.02,46331.33,59830.51,3945.44,2589.48,6964.256264,0.295470
400,4,723.55,53993.24,66194.66,3163.56,2079.59,6958.272106,0.235212
400,4,639.93,47833.98,61994.98,4756.76,3046.36,6357.878354,0.269352
400,4,614.46,51608.12,63130.66,2759.25,2083.77,6679.520241,0.231584
400,4,629.45,45361.90,59237.55,4066.85,2733.17,7075.630445,0.276733
400,4,592.88,45572.65,57901.04,3730.12,2132.63,6465.647896,0.232933
400,4,523.07,38206.07,50851.42,3591.73,2403.75,6649.864752,0.253951
400,4,583.06,48555.20,58567.76,2479.06,1565.50,5967.994728,0.210882
400,5,581.42,43985.36,55311.56,2880.88,2021.25,6424.073993,0.245214
400,5,621.17,45388.23,57223.09,2705.17,2420.36,6709.319417,0.294894
400,5,687.49,51431.99,66687.28,5139.81,2545.74,7569.738982,0.265672
400,5,707.35,53671.88,67533.85,3341.75,2295.67,8224.550197,0.262655
400,5,641.58,41440.20,57502.28,5183.27,2971.20,7907.608276,0.292110
400,5,608.75,45957.88,60717.06,4615.44,3031.47,7112.269851,0.318938
400,5,783.25,58604.55,74479.77,4914.43,2801.41,8159.382798,0.285378
400,5,735.24,47378.24,64074.74,5214.97,3044.61,8436.916394,0.307608
400,5,524.50,36167.04,48929.92,3985.78,2583.46,6193.631954,0.286500
400,5,560.67,40059.06,53103.55,3283.88,2358.76,7401.846507,0.277658
400,5,754.42,57791.81,73536.20,5523.39,3151.31,7069.695295,0.304858
400,5,618.00,45806.03,58648.45,3144.74,3011.14,6686.533064,0.326163
400,5,790.22,55202.02,73106.83,5830.53,3666.46,8407.819878,0.334451
400,5,742.58,54485.58,67385.35,3153.58,2474.65,7271.550297,0.287139
400,5,583.67,42810.38,54189.07,2652.23,2399.59,6326.864018,0.299398
400,5,627.59,47013.52,60211.65,3546.29,2766.07,6885.765115,0.303277
400,5,665.32,46761.09,62064.68,5327.15,2889.51,7086.926267,0.314262
400,5,707.87,48659.89,63396.22,3737.27,2562.21,8436.856259,0.303864
400,5,646.92,44914.00,58928.16,4454.27,2764.88,6795.009384,0.301308
400,5,741.85,52207.49,67915.40,4317.39,2582.74,8807.769633,0.414965
400,5,495.71,38136.15,49076.73,2853.11,2415.87,5671.597058,0.353556
400,5,695.33,54549.98,66934.84,3028.19,2152.02,7204.654681,0.300360
400,5,627.38,44618.92,60646.00,4959.29,2923.49,8144.304266,0.308429
400,5,926.62,65362.14,81333.56,4420.66,3228.40,8322.370521,0.312124
400,5,587.59,41423.36,55709.80,4044.92,2716.23,7525.294417,0.298200
400,5,691.11,50202.95,66790.09,5464.61,2802.62,8319.904475,0.299340
400,5,678.74,50559.78,65679.90,4641.06,2691.74,7787.324596,0.290978
400,5,660.51,46344.15,61374.19,4532.50,2853.30,7644.241328,0.293038
400,5,592.04,35804.24,53821.45,6629.66,3628.23,7759.329593,0.335565
400,5,836.73,63192.79,77459.90,3807.51,2755.43,7704.170318,0.295474
400,5,702.48,49602.47,63217.63,2778.04,2378.29,8458.821138,0.283134
400,5,865.61,59091.09,75561.65,4760.98,3051.72,8657.859488,0.308707
400,5,626.24,41940.34,56790.69,4365.88,3126.27,7358.203652,0.336456
400,5,585.00,46400.85,58616.20,3117.12,2458.05,6640.182135,0.321184
400,5,630.31,41302.45,58318.64,6231.77,3655.19,7129.225825,0.319578
400,5,726.46,56281.32,69221.93,2814.44,2038.78,8087.389951,0.257655
400,5,829.66,59954.08,75247.25,4228.22,3196.67,7868.289550,0.518868
400,5,720.65,50855.89,67281.62,5048.56,2802.21,8574.962929,0.293567
400,5,662.89,46983.89,61951.16,4396.09,2517.65,8053.521302,0.272483
400,5,686.63,47134.37,64066.82,6020.73,3719.53,7192.197180,0.356489
400,5,508.29,37212.24,49097.26,3352.89,2520.95,6011.181681,0.292203
400,5,730.02,55904.01,70919.08,4344.62,2928.39,7742.057876,0.311123
400,5,587.11,41575.78,54274.16,4036.29,2259.94,6402.151737,0.275181
400,5,658.21,43753.30,59112.91,4886.25,3122.38,7350.983935,0.312368
400,5,582.86,47065.85,58358.37,2646.58,2042.74,6603.191163,0.264740
400,5,863.97,66739.35,82736.83,4865.22,2971.37,8160.890209,0.299423
400,5,558.35,35570.39,51073.35,4864.92,2732.83,7905.210245,0.288767
400,5,644.36,45614.81,60676.22,4634.38,2751.45,7675.586694,0.278003
400,5,675.95,48073.83,63519.46,4398.04,2704.13,8343.459164,0.314351
400,5,595.09,43068.99,55575.89,2826.39,2787.76,6892.743335,0.341025
400,5,595.75,42174.72,56014.06,3855.57,2861.76,7122.002628,0.395628
400,5,725.88,50986.62,65573.14,4416.91,2784.65,7384.959011,0.312827
400,5,746.68,53599.01,69365.41,4685.88,2928.66,8151.865488,0.312524
400,5,582.24,47459.53,59184.54,3068.91,2239.80,6416.291637,0.292450
400,5,626.96,49208.17,62819.95,3684.87,2351.03,7575.876450,0.267390
400,5,756.89,59610.06,74037.57,4221.55,2459.31,7746.648415,0.282223
400,5,573.16,39704.73,52423.95,3526.68,2429.19,6763.353706,0.292394
400,5,695.99,54754.02,67449.91,2922.29,2602.93,7170.663826,0.307350
400,5,672.72,51392.59,65911.01,4230.23,2647.04,7641.160014,0.286449
400,5,690.80,51047.67,64122.32,3964.16,2282.82,6827.674031,0.272792
400,5,790.25,56765.50,71920.86,4207.49,2672.76,8275.106086,0.285090
400,5,632.64,45297.27,59177.86,3622.66,2300.73,7957.196791,0.282542
400,5,567.22,42609.58,54834.90,3196.42,2249.08,6779.820456,0.286770
400,5,627.04,44584.11,58639.11,4433.36,2332.22,7289.416732,0.265574
400,5,598.34,42179.55,55426.99,4700.35,2620.74,5926.346768,0.276285
400,5,523.52,37099.65,49307.15,3109.10,2493.20,6605.198986,0.298343
400,5,711.24,49913.49,63207.80,3679.38,2537.53,7077.399805,0.288859
400,5,766.71,56681.60,70052.54,3589.81,2685.87,7095.262223,0.291276
400,5,728.77,55001.68,68814.46,3392.15,2374.48,8046.148909,0.302559
400,5,917.35,65643.79,81794.98,4649.35,2999.43,8502.409570,0.312377
400,5,712.33,46509.97,62737.69,5462.56,3346.03,7419.131801,0.321441
400,5,501.21,36938.50,48120.24,2466.80,2180.36,6534.577102,0.276360
400,5,725.43,55115.88,67379.06,2836.81,2105.44,7320.939261,0.265524
400,5,736.48,53932.55,68713.80,4931.66,2665.84,7183.749284,0.269963
400,5,574.58,41355.21,53135.34,1897.74,2178.01,7704.383408,0.284853
400,5,646.92,42574.28,58791.14,5507.12,3650.31,7059.431383,0.340869
400,5,701.63,50577.40,65152.77,4087.13,2740.75,7747.498503,0.300306
400,5,749.93,52867.86,68826.86,4775.72,2777.35,8405.935498,0.289720
400,5,684.31,49532.43,63073.04,3785.64,2447.45,7307.520189,0.273365
400,5,732.00,50629.79,66087.68,4533.46,2535.36,8389.071702,0.281636
400,5,721.52,49221.80,64037.51,3805.50,2687.47,8322.736857,0.317698
400,5,786.44,59465.10,74668.52,4383.93,2655.07,8164.426587,0.282714
400,5,770.23,57948.04,71692.33,3287.83,2213.07,8243.393926,0.276369
400,5,545.68,42247.92,53924.83,2628.46,2202.56,6845.882900,0.277757
400,5,546.68,33420.91,49016.14,5258.44,2956.80,7379.987628,0.315001
400,5,490.00,33083.43,45792.61,4039.42,2502.28,6167.482248,0.283735
400,5,663.16,44658.02,60468.33,4846.21,3192.51,7771.591160,0.331163
400,5,682.77,47366.75,62531.99,4431.49,2510.38,8223.376315,0.265752
400,5,686.59,52356.30,63145.27,2134.50,2158.78,6495.678521,0.297214
400,5,576.76,39316.25,53299.98,4186.18,2950.50,6847.048271,0.315644
400,5,594.93,40206.35,54738.15,5318.48,3289.65,5923.674215,0.335379
400,5,693.18,46196.05,63872.97,5944.25,3476.79,8255.883668,0.313590
400,5,672.97,48016.99,62660.32,3833.68,2990.79,7818.866733,0.324969
400,5,704.74,50267.97,64756.54,4348.90,2823.59,7316.074540,0.298948
400,5,639.50,41494.68,56538.78,4660.10,3261.43,7122.578111,0.329882
400,5,610.83,46110.75,59492.76,2645.38,2114.49,8622.141391,0.264659
400,5,670.80,47928.93,62783.57,3849.41,2965.58,8039.652503,0.296260
400,5,619.44,43696.83,57462.97,3814.87,2435.34,7515.931498,0.282077
400,5,604.80,48193.30,60552.03,3010.49,2482.16,6866.083454,0.288054
400,5,562.45,41795.11,54644.29,3503.47,2492.16,6853.558399,0.276742
400,6,595.08,37511.84,53684.54,5663.46,3173.04,7336.196114,0.415118
400,6,809.93,64597.92,79831.75,3755.66,2902.71,8575.468387,0.395589
400,6,872.79,62986.82,77993.31,2978.20,2704.28,9324.005929,0.335332
400,6,901.75,60722.03,80180.57,5677.56,3672.37,10108.618037,0.378185
400,6,675.24,49184.85,65757.48,5165.81,2949.55,8457.271832,0.320086
400,6,629.64,43554.16,58896.41,4701.84,2991.34,7649.061484,0.334173
400,6,755.69,50598.05,68816.76,5621.52,3645.42,8951.767185,0.382632
400,6,730.61,47607.69,65336.84,5232.59,3296.88,9199.686284,0.361292
400,6,506.07,36845.94,49817.70,3545.09,2596.25,6830.425922,0.311851
400,6,761.91,52485.55,69314.21,5280.09,3156.33,8392.242171,0.313072
400,6,643.59,46818.38,61848.27,4272.76,3206.66,7550.479126,0.380503
400,6,736.70,50278.60,65955.94,4188.10,3107.14,8382.103403,0.336431
400,6,741.10,50039.54,68144.00,5238.69,3479.74,9386.031657,0.360174
400,6,667.12,46725.99,60618.42,3172.28,2397.91,8322.246857,0.325356
400,6,727.71,52504.00,65711.96,2863.76,2727.32,7616.881344,0.353915
400,6,678.67,47971.54,63754.87,4967.15,3182.92,7633.264192,0.354414
400,6,737.59,54535.48,69947.53,4761.54,2848.86,7801.644447,0.324692
400,6,975.36,71957.77,88964.99,4327.37,2951.80,9728.044462,0.336630
400,6,653.93,46305.81,60987.09,4871.70,2947.23,6862.345821,0.329541
400,6,777.83,59708.53,75129.46,3008.04,2898.53,9514.356104,0.329384
400,6,675.19,44812.09,62484.83,6347.33,3830.93,7494.478646,0.388984
400,6,769.82,50368.03,67351.39,5103.16,3558.44,8321.765102,0.365748
400,6,886.38,60658.18,76989.64,4550.79,2754.54,9026.130391,0.315747
400,6,737.44,52243.70,69028.50,4168.08,2944.97,9671.735925,0.350358
400,6,540.59,35830.68,50144.55,4025.97,2803.90,7483.995507,0.323490
400,6,831.91,55893.28,74071.81,5415.37,3909.16,8853.996823,0.375294
400,6,866.50,58716.61,77573.48,5394.83,3478.08,9983.971862,0.374755
400,6,847.10,58799.96,76706.64,5262.93,3802.51,8841.233022,0.395787
400,6,829.91,57216.17,74806.62,5249.39,3312.23,9028.832705,0.360846
400,6,685.46,43257.75,60059.80,5097.29,3136.53,8568.218235,0.363270
400,6,719.80,52281.19,66870.04,3637.55,2631.33,8319.977051,0.322985
400,6,783.38,54032.24,71455.00,4584.46,3012.69,9825.607700,0.339149
400,6,629.83,42758.80,58512.75,4808.53,3206.89,7738.523286,0.333325
400,6,773.53,53595.84,70332.27,4779.58,3151.14,8805.710135,0.369865
400,6,657.45,42629.79,59682.09,5788.59,2961.16,8302.554703,0.349961
400,6,765.57,54742.03,72197.40,4961.37,2990.16,9503.844917,0.344658
400,6,854.43,59907.16,76841.40,4234.36,3365.30,9334.573297,0.371871
400,6,703.72,47345.11,63408.54,4197.29,2868.57,8997.559621,0.336725
400,6,776.47,52267.96,69933.82,5023.80,3637.13,9004.937631,0.383652
400,6,737.74,47474.88,67121.33,7366.90,4555.83,7723.718003,0.436163
400,6,808.35,57922.78,72988.62,3902.50,3305.62,7857.711408,0.359724
400,6,821.74,53991.72,73880.05,7202.26,3823.72,8862.344746,0.345044
400,6,795.71,57045.19,74093.64,5025.77,3448.55,8574.125638,0.363957
400,6,736.12,48433.46,65901.29,4815.75,3356.73,9295.350395,0.355547
400,6,847.70,60081.24,77019.45,4875.17,3201.69,8861.358799,0.382428
400,6,820.24,56670.60,74601.49,5317.67,3383.25,9229.974818,0.350093
400,6,771.85,54596.68,70622.86,4396.01,3199.68,8430.497243,0.329872
400,6,769.01,55186.80,71539.69,5249.03,3331.29,7772.569161,0.345605
400,6,855.68,57820.00,75651.27,4927.11,3408.81,9495.353454,0.402145
400,6,773.90,54573.69,69931.26,4194.26,2999.79,8163.528168,0.355895
400,6,700.47,47865.30,65651.50,6009.56,3228.50,8548.145042,0.349413
400,6,570.81,37355.71,53233.19,4727.65,3719.99,7429.840270,0.382935
400,6,785.40,59740.32,74992.47,3494.27,2637.92,9119.952222,0.337071
400,6,847.51,59634.14,77227.23,5680.05,3754.47,8158.564348,0.360906
400,6,693.37,49990.84,65311.38,4676.12,2892.80,7751.630932,0.305711
400,6,854.72,61616.40,78522.43,5053.21,2945.95,8906.876731,0.328800
400,6,750.95,51361.57,67186.04,4625.01,3206.05,7993.409004,0.368863
400,6,684.04,42415.12,60855.04,6684.83,3859.36,7895.725003,0.387884
400,6,663.38,43660.04,59726.41,4476.43,2617.35,8972.578566,0.329562
400,6,725.05,49677.89,66458.26,5172.48,3332.21,8275.675582,0.346876
400,6,776.71,54485.82,72123.82,5310.63,3288.73,9038.634741,0.391137
400,6,733.30,51683.80,68170.13,4731.01,2993.01,8762.304904,0.352857
400,6,592.87,43317.60,57656.23,4122.15,2718.62,7497.860093,0.315682
400,6,865.30,65724.29,80726.75,3620.37,2998.46,8383.624261,0.351585
400,6,621.56,42065.44,59052.97,6020.15,3865.49,7101.892227,0.386983
400,6,619.98,43977.01,59512.66,4541.10,3163.88,7830.670680,0.383787
400,6,723.86,48885.09,66085.26,5107.89,3079.11,9013.165317,0.345647
400,6,682.17,44203.61,62428.39,6820.29,3804.53,7599.953477,0.367769
400,6,771.12,50624.18,69332.39,5948.99,3683.21,9076.009263,0.374868
400,6,731.36,48174.02,67648.50,6852.19,3496.80,9125.488584,0.365875
400,6,813.18,54159.98,72579.03,5654.43,3774.24,8990.380207,0.392630
400,6,834.91,60026.05,76612.02,4930.67,3049.56,8605.725753,0.345541
400,6,841.35,52597.42,72569.13,7355.60,3779.77,8836.347964,0.369644
400,6,879.68,59426.67,76746.30,4918.86,3648.62,8752.150077,0.365999
400,6,862.26,59660.42,77123.46,4973.07,3091.27,9398.687958,0.338730
400,6,774.85,51725.35,69890.70,6095.89,3460.44,8609.023249,0.359969
400,6,841.12,57124.35,75856.65,5993.49,3777.60,8961.213785,0.377185
400,6,827.28,58101.97,74104.72,4375.25,3103.16,8524.341009,0.328809
400,6,776.88,55708.56,72780.92,5090.80,3396.67,8584.882670,0.347846
400,6,747.71,51351.60,68860.85,4793.36,2908.94,9806.954881,0.344326
400,6,809.46,54103.26,71475.54,5350.49,3425.88,8595.911351,0.378947
400,6,791.80,59077.28,75844.37,4065.09,3002.17,9699.831815,0.357476
400,6,769.63,48839.09,67964.11,6276.00,3746.86,9102.153119,0.372988
400,6,731.19,50099.20,66183.26,4736.75,2911.61,8435.700947,0.320724
400,6,835.80,58543.15,75587.38,5255.92,3216.32,8571.990598,0.341813
400,6,774.01,54398.99,68999.30,3602.93,2925.01,8072.368393,0.361859
400,6,875.05,62786.25,80938.06,4828.48,3953.16,9370.171618,0.440552
400,6,822.63,60146.70,73800.21,2860.14,2465.65,8327.725480,0.379317
400,6,577.65,42641.01,55368.90,3618.11,2554.02,6555.756871,0.318175
400,6,725.62,46193.14,62903.05,5524.96,3547.38,7637.582639,0.354864
400,6,584.95,37022.84,53541.79,5763.65,3663.92,7091.379994,0.357342
400,6,723.30,48553.98,65951.60,5360.06,3263.54,8774.019468,0.354512
400,6,791.03,54563.57,72845.82,5688.54,3409.15,9184.557661,0.359152
400,6,623.28,45626.53,59991.23,3457.02,2681.07,8226.606099,0.322353
400,6,736.47,46591.31,66105.88,6472.23,3951.32,9091.015331,0.391706
400,6,666.93,48117.19,62875.32,3215.19,2415.03,9127.914854,0.314025
400,6,760.45,49457.69,65696.12,4284.91,2912.41,9041.117008,0.326001
400,6,685.38,48816.18,64530.61,4408.65,2769.36,8536.427796,0.343122
400,6,784.44,52883.47,69995.08,4704.83,3274.15,9132.639558,0.384932
400,6,633.05,41552.86,58119.77,5542.92,3625.30,7398.691935,0.360597
400,7,987.47,70385.83,88783.21,6311.63,3640.89,8444.850894,0.381968
400,7,649.87,41683.28,59431.01,5355.37,3661.11,8731.244404,0.412290
400,7,808.75,52576.39,71444.17,6268.14,3685.92,8913.720532,0.364844
400,7,964.68,61645.53,83744.99,6856.53,4348.17,10894.762132,0.425276
400,7,713.93,44978.26,63485.67,5728.67,3288.13,9490.610898,0.350725
400,7,809.66,59011.34,75597.05,5117.73,3050.73,8417.257631,0.360019
400,7,709.37,43506.43,61171.21,4413.70,3549.34,9701.738742,0.418389
400,7,828.94,54182.96,75464.03,6922.63,4216.35,10142.094597,0.423279
400,7,821.31,58851.41,75879.37,5569.16,3515.40,7943.401030,0.384754
400,7,954.84,64277.45,84834.08,7366.51,3530.78,9659.346258,0.380510
400,7,809.79,53050.57,71514.62,6312.60,3923.75,8227.708018,0.435092
400,7,704.44,46010.05,63738.01,5418.11,3358.94,8950.916113,0.370444
400,7,728.23,48862.20,67030.32,5510.81,3576.17,9081.143330,0.373491
400,7,1134.50,78445.85,97284.00,5643.80,3661.14,9533.222602,0.408218
400,7,769.47,51703.13,69797.78,5347.48,3900.81,8846.355885,0.442278
400,7,751.25,51230.90,68945.28,5637.76,3696.96,8379.663780,0.385417
400,7,820.09,57753.44,74824.12,4073.33,3649.20,9348.146706,0.414172
400,7,1098.23,76004.08,98121.99,6208.80,4727.17,11181.941807,0.479956
400,7,715.31,50776.03,69093.05,6089.72,3932.14,8295.159469,0.423741
400,7,785.53,52873.35,71392.02,5121.29,3621.03,9776.347590,0.411105
400,7,541.64,33747.97,50011.68,5177.79,3526.41,7559.504699,0.403820
400,7,662.11,43382.50,60799.75,5165.94,3908.03,8343.282430,0.430735
400,7,837.81,59561.49,78545.34,5736.05,3808.40,9439.392828,0.417553
400,7,1083.09,79336.95,98589.53,4815.57,3630.81,10806.203208,0.402002
400,7,739.16,51746.23,68916.93,5144.39,3143.44,8882.868429,0.376768
400,7,639.02,40595.49,57963.53,5062.48,3462.39,8843.169585,0.387229
400,7,956.03,66491.91,87021.20,5044.49,3869.96,11614.837825,0.410009
400,7,890.14,61293.83,81032.04,6201.46,4039.11,9497.635931,0.430354
400,7,907.75,57555.43,78185.23,6486.01,4029.72,10114.073087,0.416967
400,7,882.78,54875.12,76072.42,6466.51,4124.01,10606.778859,0.458124
400,7,842.45,55847.39,74819.01,5516.89,3734.48,9720.256777,0.395977
400,7,757.55,45543.17,67735.99,8139.25,4160.91,9892.659288,0.432679
400,7,722.67,50409.37,67160.44,4677.60,3877.66,8195.809472,0.429948
400,7,774.08,49396.81,68514.81,6581.72,4095.81,8440.462654,0.433406
400,7,835.28,54873.84,74475.11,6173.53,3784.47,9643.271152,0.429250
400,7,923.42,62540.41,82095.93,5298.98,3835.10,10421.449448,0.393632
400,7,799.38,51232.29,70955.42,5332.10,4545.93,9845.099501,0.469681
400,7,920.27,65912.15,84296.79,4335.91,3179.64,10869.089858,0.387669
400,7,969.64,64453.04,85270.19,5949.31,4745.44,10122.411063,0.464541
400,7,882.92,61067.03,77763.28,4126.27,3683.04,8886.935936,0.496534
400,7,715.34,46787.63,62968.81,4697.96,2965.32,8517.911064,0.374194
400,7,850.51,56582.50,75921.65,6176.44,4093.01,9069.700636,0.405452
400,7,747.17,53162.17,71429.90,5585.54,3390.08,9292.118870,0.403548
400,7,807.68,47995.11,69281.23,7032.69,4207.62,10045.817403,0.421650
400,7,823.64,55872.77,74929.62,6224.16,3964.93,8867.769777,0.428476
400,7,791.98,48777.46,69440.05,7295.93,3921.92,9444.733369,0.441125
400,7,703.20,48784.20,66171.81,4985.79,2919.82,9481.999931,0.335798
400,7,884.16,64302.89,81951.45,4335.33,3162.83,10150.393587,0.412755
400,7,766.91,49821.79,68894.85,5171.32,3888.00,10013.739658,0.449165
400,7,821.51,56037.00,74622.17,5309.74,4180.63,9094.800378,0.441952
400,7,757.05,49304.11,69992.94,7741.98,4466.42,8480.429568,0.439813
400,7,690.85,41666.05,59529.35,5305.47,4102.69,8455.143803,0.438869
400,7,701.09,47295.12,63905.91,3920.68,3233.09,9457.014253,0.414085
400,7,759.69,50927.09,68853.16,5422.44,3194.81,9308.827166,0.363195
400,7,844.65,54013.83,74812.85,7839.97,4071.11,8887.945431,0.389840
400,7,802.63,50821.36,71709.90,7487.65,4348.46,9052.438287,0.427359
400,7,827.71,53363.63,73764.98,6907.34,4646.95,8847.060635,0.474438
400,7,918.61,61459.54,82437.61,7591.23,4670.07,8716.771077,0.428123
400,7,867.61,57308.06,77123.98,6845.71,3957.30,9012.905584,0.411199
400,7,779.37,57489.70,74143.88,4403.60,3083.70,9166.882321,0.344278
400,7,938.11,61049.35,81684.33,6404.70,3844.05,10386.226127,0.391546
400,7,827.16,55705.96,74763.12,5672.84,3676.06,9708.255276,0.395574
400,7,745.32,50808.59,68325.62,5441.17,3584.60,8491.259635,0.403931
400,7,771.38,50463.28,71183.28,6941.68,4407.88,9370.443241,0.457384
400,7,781.37,55700.72,72651.87,5495.97,3506.60,7948.575300,0.441077
400,7,699.04,46708.00,63276.79,4543.15,3312.15,8713.484904,0.417611
400,7,825.97,52764.88,73637.12,7514.71,4659.06,8698.460394,0.423843
400,7,872.12,59711.07,78681.09,5800.90,4100.81,9068.322531,0.424406
400,7,888.09,62792.91,79938.40,4435.67,3359.49,9350.324685,0.383820
400,7,795.66,54333.30,72450.78,3924.93,3719.20,10473.343468,0.439457
400,7,808.51,55157.59,73657.28,5739.70,3394.40,9365.592469,0.361141
400,7,771.32,46995.99,67873.22,7303.62,4411.51,9162.100278,0.426912
400,7,964.85,66266.47,85958.97,6139.43,4222.58,9330.489103,0.443239
400,7,911.05,66228.76,82481.44,4270.06,3190.23,8792.391209,0.357419
400,7,1042.21,71778.32,91739.76,5268.72,3919.51,10773.202422,0.417334
400,7,844.84,53301.70,72944.28,6041.84,3905.15,9695.587760,0.406873
400,7,837.93,56981.08,74169.18,3642.73,3402.99,10142.377351,0.419532
400,7,771.92,47576.34,68229.95,6300.20,3457.75,10895.669016,0.389459
400,7,926.15,56130.91,77464.69,6823.77,4302.64,10207.366893,0.444233
400,7,954.04,68100.09,86751.54,5091.90,3436.55,10123.010188,0.376512
400,7,752.51,48580.68,66683.92,5271.64,3546.31,9285.285392,0.428026
400,7,1106.55,80533.63,101036.83,5615.05,3612.52,11275.628257,0.409523
400,7,940.84,64676.72,83112.17,4731.56,3396.03,10307.856524,0.390037
400,7,752.22,56803.81,72940.86,4697.63,3279.54,8159.883760,0.381585
400,7,734.99,47949.77,66395.30,5919.77,3985.56,8540.204607,0.408119
400,7,906.37,61494.74,80840.47,6578.53,4146.98,8620.219513,0.426167
400,7,812.81,54936.25,72210.92,4182.02,3248.60,9844.054141,0.390036
400,7,687.73,41699.59,61045.49,6039.81,3590.07,9716.024079,0.389360
400,7,546.85,37093.57,52092.07,4945.45,3212.26,6840.790292,0.353855
400,7,795.49,55372.21,71513.59,4610.85,3240.27,8290.253211,0.386017
400,7,899.31,66319.51,82985.16,4762.15,3277.34,8626.159391,0.391742
400,7,992.42,65793.91,87797.68,7518.59,4441.81,10043.367001,0.439490
400,7,910.00,60570.54,80033.98,5769.23,3447.35,10246.862128,0.395374
400,7,852.11,60201.85,78335.25,4973.49,3577.23,9582.679513,0.400744
400,7,859.73,54247.12,75223.62,6992.16,4192.39,9791.949533,0.443761
400,7,925.90,64616.32,84094.73,6311.85,3722.51,9444.049196,0.403381
400,7,857.28,55737.59,75310.66,4808.09,3962.42,10802.560240,0.424315
400,7,884.38,56019.53,77428.35,7548.80,4501.67,9358.344156,0.437000
400,7,783.32,49535.44,69172.00,6140.26,3897.34,9598.959649,0.413300
400,7,725.36,52221.19,66663.10,2878.80,2840.37,8722.732833,0.387758
400,8,727.57,44482.78,66466.72,8443.32,4473.39,9067.240952,0.476649
400,8,818.91,49700.00,68441.48,5760.32,3828.59,9152.570484,0.460232
400,8,899.35,60632.32,83451.13,7713.06,4502.23,10603.514961,0.467658
400,8,801.33,54114.55,73010.02,4675.80,3990.70,10228.975579,0.449306
400,8,793.89,47524.76,71106.27,7501.66,4720.71,11359.137005,0.506239
400,8,987.38,67211.23,88023.30,6233.61,4728.97,9849.488589,0.513404
400,8,913.86,61273.92,81874.18,5800.73,3792.29,11007.253110,0.429094
400,8,909.71,58921.45,82123.87,7629.71,4761.28,10811.432279,0.487330
400,8,707.65,41064.91,61785.60,7750.78,4521.08,8448.828535,0.474271
400,8,902.66,55433.43,77866.85,8281.75,4804.74,9346.929304,0.495793
400,8,825.43,50267.58,72265.29,8396.62,4962.40,8638.692470,0.465940
400,8,1001.20,66412.34,87154.01,5996.23,4930.11,9815.332733,0.508577
400,8,1016.84,65580.54,88584.73,6526.32,4601.47,11876.401031,0.485842
400,8,958.67,60745.57,83515.13,7712.07,4474.64,10582.854728,0.456610
400,8,831.07,55939.43,76403.16,6340.15,4272.45,9851.134231,0.485041
400,8,791.74,54773.87,72351.29,5096.55,4033.71,8447.167062,0.459923
400,8,839.91,52967.64,73457.26,6454.62,4046.25,9988.746413,0.438191
400,8,884.62,59474.27,78691.10,4887.72,3640.05,10689.069000,0.422725
400,8,856.81,49680.53,72634.51,8462.27,4842.56,9649.138413,0.494406
400,8,995.91,61920.72,86782.45,7765.18,5646.07,11450.481651,0.569723
400,8,810.57,53478.03,72324.84,6360.50,4076.21,8410.100613,0.449522
400,8,897.28,61438.95,81698.81,6672.62,4135.53,9451.706279,0.463128
400,8,915.01,61710.06,82272.99,5902.51,4074.10,10586.324722,0.464918
400,8,1252.81,87047.31,108772.15,5841.67,3862.43,12020.741858,0.425098
400,8,758.75,47968.68,69747.66,7943.08,4545.49,9290.405893,0.493521
400,8,904.27,57316.47,78993.00,7247.51,4020.39,10408.632561,0.445027
400,8,1053.88,62924.68,90306.20,9170.13,5669.11,12542.287043,0.536906
400,8,919.87,59025.32,81928.53,8597.54,4765.47,9540.200596,0.479349
400,8,818.19,54366.49,71958.54,4678.33,3448.79,9464.930567,0.420334
400,8,1016.85,62381.18,86481.20,7234.40,5036.71,11828.909364,0.535862
400,8,1035.28,66942.46,87728.53,6173.71,3834.83,10777.532428,0.508273
400,8,820.07,46433.88,71597.38,9017.45,5116.35,11029.691635,0.489860
400,8,683.63,49400.59,65450.03,3280.29,3204.13,9565.013772,0.410318
400,8,861.80,53191.24,74276.99,7511.12,4816.67,8757.965343,0.489575
400,8,881.79,55088.27,77027.96,7328.20,4589.04,10022.451414,0.505781
400,8,1012.90,69667.28,88750.80,5066.51,3461.60,10555.411944,0.482981
400,8,841.02,54576.47,74393.44,5687.04,4345.10,9784.837057,0.477566
400,8,1027.95,64771.88,87621.43,7199.11,4741.48,10908.961787,0.502416
400,8,783.54,45176.03,68760.16,7364.85,4876.36,11342.922578,0.527344
400,8,912.15,59950.66,78949.23,4959.09,4033.97,10005.512224,0.457230
400,8,911.67,64196.60,82353.39,5898.92,3957.12,8300.746563,0.444153
400,8,788.08,48874.52,68573.26,5936.53,3832.56,9929.655708,0.459488
400,8,780.23,56483.24,73145.24,3867.35,3403.46,9391.192873,0.426624
400,8,1011.63,66186.15,88792.31,8692.81,4756.88,9156.463712,0.471230
400,8,877.67,54500.84,78052.51,9051.11,5317.13,9183.434702,0.527778
400,8,961.65,61927.80,84109.95,7014.57,4729.89,10437.692453,0.490682
400,8,821.12,50114.97,71343.75,6810.97,4149.08,10268.739646,0.431660
400,8,820.75,53150.66,74880.77,7411.92,4453.78,9864.417294,0.460927
400,8,822.69,48165.53,71371.17,7298.02,5493.54,10414.087545,0.566098
400,8,974.67,64770.99,86203.44,6438.98,4561.69,10431.776966,0.500224
400,8,917.66,64621.90,82273.39,4548.39,3391.59,9711.513717,0.410807
400,8,814.69,51558.92,70981.75,6746.64,4158.60,8517.592328,0.452369
400,8,869.32,55090.05,80580.78,9580.13,4954.78,10955.827783,0.469101
400,8,887.14,55800.34,78654.90,7339.30,4512.37,11002.882607,0.499988
400,8,761.46,43342.70,65926.84,7806.77,4579.82,10197.541284,0.471298
400,8,896.60,59610.82,79569.84,5575.47,3901.53,10482.017910,0.466192
400,8,840.49,58928.92,78590.67,6062.57,3709.10,9890.078511,0.415049
400,8,744.04,48810.59,68937.52,6589.65,4215.71,9321.564932,0.458017
400,8,963.73,63474.62,85738.85,7662.69,4287.17,10314.363448,0.475896
400,8,694.43,49719.38,66138.99,4751.71,3110.39,8557.505301,0.380413
400,8,1141.35,75560.07,97622.26,6282.66,4217.44,11562.084394,0.455477
400,8,932.04,62332.85,83727.77,7273.12,4375.13,9746.669431,0.473763
400,8,771.79,44236.51,66509.19,8465.48,4779.63,9027.566722,0.497964
400,8,856.08,54713.48,75004.86,6792.23,4352.69,9146.457365,0.448031
400,8,846.83,51954.01,72813.87,7303.81,4650.41,8905.643822,0.502296
400,8,775.96,50698.63,70255.02,6324.42,4132.15,9099.823364,0.476691
400,8,830.57,50513.79,73425.28,7927.56,4405.60,10578.329668,0.475907
400,8,800.62,49733.92,70559.10,6651.71,4696.92,9476.541560,0.534694
400,8,872.77,55868.99,78883.87,7152.56,5351.19,10511.125179,0.535382
400,8,750.51,53211.48,70967.83,4373.46,3351.05,10031.847229,0.413375
400,8,1037.97,66056.95,87912.71,7031.30,4336.16,10488.290792,0.464465
400,8,879.41,57718.28,79810.66,7330.40,4694.02,10067.960605,0.487625
400,8,1065.15,73515.93,91520.43,4402.08,3411.54,10190.878207,0.430572
400,8,1248.44,82074.03,104445.47,6548.76,3895.85,11926.819859,0.438946
400,8,958.83,61555.82,84654.15,7689.14,4883.45,10525.738080,0.494239
400,8,1044.57,65816.85,87822.01,6590.78,4367.30,11047.080212,0.518782
400,8,872.61,53512.42,75994.81,7372.71,4816.68,10293.002703,0.486175
400,8,1149.58,74763.87,97117.31,6365.77,4348.33,11639.340549,0.481042
400,8,764.49,51004.69,70019.19,5475.28,4142.62,9396.603591,0.484889
400,8,784.46,49422.97,69607.53,6124.40,3992.81,10067.353090,0.449153
400,8,787.61,48101.54,70245.09,7267.74,4263.17,10612.639372,0.486748
400,8,870.17,60858.86,81582.87,4859.58,3996.84,11867.589539,0.444301
400,8,940.15,62601.78,82470.46,5200.26,3672.71,10995.706325,0.444058
400,8,686.58,41797.27,62556.16,7100.66,4746.01,8912.218397,0.519724
400,8,949.47,65315.20,85336.73,6486.10,4009.22,9526.209484,0.436150
400,8,777.29,47067.29,68853.66,7174.68,4882.83,9728.862223,0.545681
400,8,907.84,55147.13,76777.01,5866.51,4662.02,11101.350105,0.541006
400,8,928.81,56121.15,80000.41,7921.67,4645.88,11311.714809,0.475681
400,8,680.81,46732.26,63758.03,4986.83,3646.19,8392.743744,0.420320
400,8,674.41,39398.07,60433.93,6752.18,4584.96,9698.726498,0.500256
400,8,894.16,54491.81,76880.93,7973.58,4861.40,9554.140822,0.470818
400,8,799.22,47491.08,70443.65,7233.24,4697.18,11022.148175,0.492222
400,8,1073.15,74913.32,98585.01,7784.14,3975.66,11911.898477,0.470223
400,8,927.64,59655.35,81053.95,6983.76,4967.20,9447.644163,0.527053
400,8,976.84,62001.54,85073.79,7760.37,4869.58,10442.288263,0.502840
400,8,1055.57,70393.23,93251.65,7692.93,4240.06,10925.427888,0.449749
400,8,804.57,56895.12,74849.03,3369.35,3032.93,11551.629121,0.405171
400,8,727.79,46626.87,67968.97,8118.57,4388.59,8834.938414,0.459764
400,8,877.63,55200.45,76051.75,7267.27,4143.63,9440.404541,0.462567
400,8,789.00,55169.53,74935.40,5813.71,4117.37,9834.796638,0.455725
400,9,834.25,49592.57,73291.96,9351.64,5268.11,9079.637498,0.537340
400,9,840.28,50521.21,72798.76,7281.46,5272.53,9723.556954,0.590288
400,9,851.64,54932.18,76177.43,6651.75,4496.37,10097.134447,0.674899
400,9,1089.97,69908.37,94184.55,8141.26,4512.61,11622.313677,0.478520
400,9,993.01,63178.68,86258.19,7652.23,4539.19,10888.093466,0.488563
400,9,1075.38,65122.48,92941.55,10457.64,6413.18,10948.246173,0.649272
400,9,1139.96,70791.44,98137.59,11002.65,6201.98,10141.518024,0.601115
400,9,799.37,47275.40,70545.03,7693.43,4805.67,10770.536084,0.528149
400,9,799.41,49658.20,72182.76,7901.10,5107.91,9515.552087,0.558200
400,9,943.13,59182.17,81031.67,6736.41,4505.90,10607.185713,0.504932
400,9,738.02,47736.42,68939.66,6352.52,4482.81,10367.905866,0.561121
400,9,823.09,54308.75,76802.33,7075.00,5190.52,10228.051390,0.550340
400,9,817.82,50672.15,72755.25,6609.94,4095.31,11377.845436,0.466271
400,9,993.16,62682.74,86307.04,7959.69,4865.44,10799.171557,0.553083
400,9,894.44,57906.16,79297.25,6316.59,5768.82,9305.680660,0.686484
400,9,868.40,56137.70,75482.63,6186.18,4468.59,8690.158693,0.501471
400,9,903.77,54061.70,78460.96,8159.91,5252.06,10987.295514,0.542497
400,9,846.72,49273.69,73089.34,7990.63,4862.64,10962.374652,0.498059
400,9,984.71,69808.57,90199.24,5681.28,4304.25,10405.136722,0.495449
400,9,930.55,58838.36,80169.57,6740.05,4057.33,10533.826648,0.466486
400,9,769.32,46360.96,68882.86,8284.52,4863.50,9373.877002,0.546234
400,9,922.12,56586.57,78844.98,7463.03,4802.20,9993.174941,0.552379
400,9,959.15,58240.32,82630.23,7979.15,5099.43,11311.334440,0.557710
400,9,991.38,62797.57,86464.61,7225.68,4645.50,11795.851250,0.497098
400,9,944.22,52965.66,80001.69,10209.38,6027.63,10799.017113,0.568190
400,9,968.17,62750.69,85245.02,7486.18,4620.02,10388.128116,0.495647
400,9,1041.87,62681.88,87174.55,7853.94,4555.07,12083.662918,0.497326
400,9,1045.68,70411.97,92001.94,6551.48,4577.31,10461.181344,0.486307
400,9,1113.77,71090.32,95872.43,8260.26,5182.73,11339.114557,0.568541
400,9,913.29,56268.66,80566.81,7528.51,5066.98,11702.658002,0.553283
400,9,755.23,55229.54,72900.85,4809.87,3533.44,9328.006035,0.498512
400,9,901.58,54431.23,78191.51,7251.48,4686.90,11821.902701,0.507872
400,9,1023.26,65771.30,90150.86,7827.25,5454.02,11098.289128,0.589274
400,9,918.83,55677.54,79381.69,8397.30,4984.89,10321.961661,0.545939
400,9,726.15,39613.58,61517.01,7374.02,4461.93,10067.477344,0.502464
400,9,840.97,55271.91,76449.11,6859.31,4182.38,10135.500796,0.483202
400,9,916.22,57716.32,83519.61,9524.52,5688.88,10589.893669,0.565595
400,9,765.11,44945.94,67948.82,7697.96,4679.99,10624.930847,0.531883
400,9,910.07,62363.21,83790.56,6714.71,4507.54,10205.112066,0.499682
400,9,932.10,58383.92,82792.89,8359.81,5766.24,10282.915848,0.581350
400,9,936.39,56824.15,80201.47,8355.07,4916.08,10106.155991,0.508185
400,9,959.15,62776.26,84968.57,7985.15,4301.57,9905.593196,0.464415
400,9,721.67,46555.24,66567.45,5661.01,3942.18,10409.018921,0.467441
400,9,709.26,43267.57,64735.73,7297.68,4312.60,9857.888955,0.496158
400,9,713.77,41622.44,65476.06,9177.83,5324.41,9351.373067,0.542084
400,9,1045.42,63484.68,89038.16,8761.48,5572.43,11219.562622,0.601585
400,9,876.35,54867.56,79894.37,8723.49,5226.28,11077.044752,0.545297
400,9,946.85,69173.04,89423.46,5701.38,3906.86,10642.180663,0.477486
400,9,1104.40,73616.16,97208.46,6742.90,5938.66,10910.741470,0.721377
400,9,974.38,64437.66,86999.38,6754.55,5307.05,10500.127189,0.578853
400,9,860.54,56385.59,76425.88,5494.54,3987.43,10558.318957,0.490990
400,9,894.42,50199.00,76910.14,10031.56,5677.34,11002.241527,0.565554
400,9,976.77,62453.64,85996.93,7566.06,4724.42,11252.801507,0.520282
400,9,882.24,59591.79,81161.47,6808.99,4243.79,10516.905307,0.488123
400,9,783.99,50716.66,69401.75,5301.16,3747.15,9636.779059,0.507984
400,9,708.74,45241.62,65026.22,5096.39,3754.74,10933.468792,0.459224
400,9,829.76,51915.80,74088.36,6769.29,4328.42,11074.839687,0.477004
400,9,839.17,49321.27,74516.73,9658.12,6197.46,9339.865386,0.627292
400,9,864.47,58564.27,80326.28,7023.22,4653.73,10085.063035,0.517588
400,9,871.42,57550.90,80430.05,8261.48,4802.67,9815.001815,0.540461
400,9,891.68,51581.60,74338.02,7315.03,5101.84,10339.553120,0.546876
400,9,711.52,44391.51,65786.82,7468.67,4271.26,9655.379680,0.484703
400,9,744.73,49906.03,68055.95,5090.17,3904.50,9155.256774,0.447599
400,9,802.97,50292.80,71133.37,6252.60,4293.91,10294.059366,0.503085
400,9,1003.28,63753.36,86511.33,8151.28,4534.93,10071.757805,0.485996
400,9,879.72,57275.46,76919.70,5333.76,4200.72,10109.749642,0.548243
400,9,888.25,55376.50,77310.22,7243.95,4040.50,10649.271458,0.458388
400,9,912.64,63847.60,84834.54,6954.62,4425.63,9606.695632,0.496165
400,9,790.45,49279.81,69881.91,7109.26,4085.15,9407.688507,0.461052
400,9,1129.08,68389.10,94362.01,8835.80,5139.53,11997.588474,0.538043
400,9,988.19,64925.60,88699.24,7755.60,4506.80,11511.238269,0.489698
400,9,663.84,39528.40,62385.35,8595.54,5101.02,9160.388085,0.534160
400,9,870.28,57847.77,76999.90,5629.41,4009.74,9512.974607,0.469571
400,9,1016.90,68633.54,91966.76,7203.60,4874.34,11255.281387,0.505650
400,9,957.84,60175.96,83824.71,7474.58,5058.21,11115.955763,0.544995
400,9,988.30,61515.03,86745.40,8414.13,5068.60,11747.648739,0.536172
400,9,1003.38,59751.85,86873.02,9862.24,5248.56,12010.375532,0.545232
400,9,1007.03,61686.97,86652.40,8526.27,5420.14,11019.015471,0.565569
400,9,968.24,61623.35,84130.98,6795.75,5140.19,10571.696157,0.550196
400,9,901.64,57421.90,79541.95,7017.84,4920.85,10181.369522,0.533604
400,9,777.03,47168.53,68428.51,6634.26,4577.63,10048.088143,0.522289
400,9,926.04,57438.08,83127.19,8062.12,5018.84,12608.156157,0.538946
400,9,969.39,59039.59,82540.18,7703.80,4798.30,10998.489150,0.527772
400,9,901.40,55984.74,77901.62,6673.09,5872.72,9371.070970,0.595278
400,9,823.29,52077.51,71462.93,4466.75,4787.28,10131.377936,0.594518
400,9,979.71,67846.19,87922.89,5749.56,4423.46,9903.681219,0.535218
400,9,1204.73,78525.52,104862.91,8061.05,5235.80,13040.532614,0.579599
400,9,774.81,46277.43,69247.62,7429.65,4978.90,10561.645768,0.571382
400,9,721.23,44805.37,65735.55,7300.56,4640.24,8989.379956,0.506748
400,9,969.33,61998.14,84252.90,7183.62,4387.33,10683.818101,0.490147
400,9,812.69,46587.59,71481.97,9518.40,5036.19,10339.792546,0.519518
400,9,954.77,60493.04,82903.57,7007.08,4443.85,10959.599113,0.537193
400,9,1013.66,60764.27,86503.06,8330.36,5579.25,11829.184330,0.599690
400,9,951.40,64604.51,86030.80,6383.35,4569.71,10473.232343,0.527605
400,9,934.88,58797.26,84660.23,8876.66,5263.91,11722.402858,0.538840
400,9,872.75,58470.33,79022.05,6160.12,3918.87,10472.722481,0.446938
400,9,987.03,65957.44,87099.85,5229.65,4481.03,11431.730736,0.530998
400,9,828.24,50143.02,73124.20,7850.93,5111.17,10019.085050,0.539430
400,9,803.05,47654.74,69092.59,6338.49,4656.65,10442.717084,0.518323
400,9,972.70,63330.24,83848.83,5856.92,4483.75,10177.918567,0.503142
400,10,754.85,43670.73,66813.15,7978.98,5476.86,9686.579368,0.587301
400,10,895.92,54060.55,77971.52,8014.79,5837.52,10058.655662,0.607362
400,10,1010.68,65833.03,89060.37,7044.36,5103.21,11079.771960,0.584049
400,10,1076.85,60551.05,89709.14,10053.05,5841.52,13263.513077,0.662678
400,10,957.67,59445.47,84703.54,9656.34,4916.18,10685.551531,0.520672
400,10,1008.29,63331.31,89933.27,9117.87,6312.79,11171.297774,0.652494
400,10,931.99,58406.05,83042.37,8355.50,5006.10,11274.726518,0.537460
400,10,871.53,48812.55,75566.24,9690.30,5726.41,11336.980241,0.591789
400,10,776.06,44795.95,69939.85,9551.24,6303.99,9288.672069,0.637691
400,10,1103.69,64823.67,92835.33,10818.88,6271.42,10921.361837,0.614409
400,10,949.10,66157.44,87307.29,6003.33,4848.47,10298.051326,0.543191
400,10,938.58,57045.07,82087.25,8933.30,5522.97,10585.908388,0.618158
400,10,994.68,63435.61,86299.36,6788.21,4182.88,11892.659828,0.629233
400,10,997.70,59570.58,84546.42,7842.63,5479.13,11654.084164,0.630854
400,10,951.14,60580.83,82796.14,6983.23,4920.25,10311.828120,0.559826
400,10,1005.69,68319.01,90446.19,6981.18,4645.12,10500.888842,0.569475
400,10,943.80,56443.61,81056.02,8949.24,5512.60,10150.562449,0.659649
400,10,1163.76,78243.18,102664.86,8023.33,4884.65,11513.696905,0.536990
400,10,853.56,52257.04,75560.10,7372.82,5075.76,10854.473139,0.564129
400,10,906.15,55667.56,80540.40,7492.11,5871.66,11509.065595,0.629614
400,10,968.08,58820.84,83811.53,9343.64,6074.15,9572.898489,0.669318
400,10,1082.71,66718.01,91964.32,8242.25,5491.09,11512.961928,0.593076
400,10,920.35,52565.85,80340.18,10321.10,6404.84,11048.393866,0.723012
400,10,1082.66,68226.65,95161.29,8891.69,5332.84,12710.113815,0.578385
400,10,794.16,46020.71,70666.82,8816.35,5414.89,10414.871809,0.620834
400,10,814.43,44530.29,70727.27,9618.39,5391.60,11186.993466,0.570933
400,10,1207.56,72975.43,102116.31,10341.64,5664.83,13134.404243,0.552547
400,10,932.84,59703.35,82079.22,6316.62,4135.36,11923.888053,0.515216
400,10,1052.15,66941.15,91096.06,7493.49,4655.66,12005.760246,0.544599
400,10,891.45,63437.91,82800.95,3920.35,3854.97,11587.724527,0.502917
400,10,806.90,50205.70,70818.90,5987.77,4059.04,10566.400382,0.489448
400,10,820.52,46338.64,71528.39,8272.77,5039.59,11877.391374,0.569313
400,10,983.56,57171.12,83786.46,9387.69,6379.99,10847.669325,0.630602
400,10,949.16,61127.17,84038.04,7738.61,5078.83,10093.420226,0.611539
400,10,901.94,53305.03,78967.41,9119.96,5865.91,10676.514923,0.627304
400,10,953.67,58213.52,82548.63,7845.40,5055.02,11434.704139,0.624486
400,10,1007.68,63132.25,89942.77,9098.10,6950.02,10762.406012,0.714299
400,10,855.20,49249.21,73264.23,8073.44,5358.19,10583.395648,0.600391
400,10,1016.28,62945.23,89775.98,8449.83,6614.28,11766.633133,0.685824
400,10,879.55,51636.01,75377.18,7676.27,5066.70,10998.194716,0.582600
400,10,899.27,60864.13,80330.11,4850.17,4113.07,10502.737124,0.533775
400,10,1119.08,70893.54,96723.15,8369.91,5803.43,11656.273113,0.614749
400,10,1049.96,66537.46,90039.42,7447.77,5293.70,10760.480185,0.606256
400,10,863.90,46983.35,72534.33,9940.12,5183.70,10427.168014,0.526033
400,10,1002.08,58061.67,84842.18,9625.33,6589.32,10565.869895,0.705723
400,10,1016.39,61764.83,87083.02,9006.29,5469.96,10841.939992,0.596112
400,10,1079.84,76664.29,96831.39,5047.21,4107.62,11012.275783,0.523870
400,10,876.35,48726.19,74666.06,10071.83,5634.78,10233.261981,0.600350
400,10,1066.69,62976.25,90279.52,9568.29,5606.94,12128.039086,0.590696
400,10,1069.84,62543.66,89423.52,9923.40,5554.89,11401.576989,0.621755
400,10,1148.19,75819.11,97719.67,6989.84,4520.44,10390.275493,0.519289
400,10,825.18,45294.07,70748.26,8889.85,5252.15,11312.175912,0.581333
400,10,990.45,64977.34,85270.48,4818.38,4259.74,11215.016713,0.559086
400,10,964.47,58695.31,86135.58,10176.93,5756.58,11506.761540,0.584845
400,10,966.10,59799.38,85434.63,8468.32,6031.10,11135.834587,0.667990
400,10,858.55,48618.97,74725.06,8713.44,5317.46,12075.180686,0.607742
400,10,1037.82,65047.92,90822.97,9487.28,5156.89,11130.876486,0.600031
400,10,1056.17,68429.66,90883.03,7042.41,4480.90,10930.055767,0.546799
400,10,716.45,41412.64,65627.44,8203.47,5231.93,10779.409698,0.596320
400,10,903.32,54589.60,78955.71,9349.32,5332.51,9684.271088,0.576631
400,10,960.11,54222.59,81724.02,10474.21,5730.88,11296.335149,0.606976
400,10,878.76,51608.75,76795.63,9311.25,5320.95,10554.674331,0.577966
400,10,873.58,52841.30,77442.48,8631.18,5955.96,10014.051580,0.612902
400,10,833.78,52616.39,73286.27,6428.72,4278.10,9963.057554,0.528838
400,10,882.94,56003.82,80000.67,8788.93,5367.05,9840.870139,0.569623
400,10,828.85,46369.07,69757.36,7561.15,5408.78,10418.358060,0.615819
400,10,755.32,45142.73,67897.18,7850.94,4458.68,10444.822005,0.531698
400,10,1061.07,65683.10,90256.17,8387.34,5359.62,10826.103455,0.789993
400,10,868.77,55148.64,77535.72,7662.89,4752.16,9972.028240,0.519817
400,10,928.39,53922.70,78332.01,7089.35,5771.69,11548.265469,0.643546
400,10,875.13,51553.40,77749.56,8554.91,5273.66,12367.585623,0.600538
400,10,759.35,41574.99,65875.56,8811.19,4935.47,10553.911239,0.543948
400,10,1024.84,64784.26,90414.61,9059.81,5756.99,10813.554911,0.597581
400,10,838.62,48464.36,74263.42,8978.50,5577.10,11243.466983,0.629160
400,10,891.35,58109.30,81288.40,7669.42,4787.22,10722.460224,0.569069
400,10,1041.04,61547.12,88225.28,8929.42,5838.28,11910.456256,0.622362
400,10,875.09,50437.49,74557.87,8888.81,5020.60,10210.980073,0.539814
400,10,1021.36,57429.06,84591.29,8728.71,5598.89,12834.641260,0.662997
400,10,921.37,64538.36,82471.76,4007.55,3958.68,9967.167912,0.548203
400,10,979.06,59177.30,86122.78,9869.53,5795.96,11279.982670,0.610228
400,10,1125.37,66042.46,93356.22,9806.49,5778.77,11728.503198,0.674586
400,10,912.21,51896.22,76586.63,8465.51,4867.59,11357.309879,0.536446
400,10,931.65,62921.25,84314.20,5669.16,4206.89,11516.899203,0.546504
400,10,925.65,55779.18,80252.86,8575.52,5282.68,10615.477499,0.656405
400,10,866.43,52655.18,75829.14,6538.32,5431.97,11203.667286,0.664280
400,10,896.33,54518.04,78568.55,7881.61,5234.23,10934.671568,0.657633
400,10,1121.06,73894.50,99117.14,8056.62,5768.64,11397.379228,0.656578
400,10,865.94,51735.47,76121.55,8225.51,5318.35,10842.226539,0.593192
400,10,837.17,47880.38,72426.18,9248.76,5470.81,9826.236436,0.601142
400,10,1106.10,67015.33,93244.13,8973.79,5954.81,11300.203453,0.617373
400,10,1013.82,57029.35,84509.86,9747.87,5763.66,11968.979361,0.591620
400,10,1003.16,57078.49,85826.49,11043.18,5985.81,11719.006342,0.654993
400,10,1022.28,63414.02,87362.13,7022.69,4600.10,12325.317184,0.559409
400,10,1081.68,71606.12,93973.35,5908.89,4453.62,12004.722459,0.568650
400,10,1222.86,78010.91,104524.78,8848.89,4812.60,12852.379864,0.526795
400,10,860.98,56206.00,77138.58,5991.90,4224.53,10716.140798,0.514851
400,10,1169.93,82580.43,103142.24,4243.53,3553.96,12764.314920,0.482007
400,10,826.04,46953.02,72736.65,8956.83,6589.85,10236.953053,0.653839
400,10,907.65,50563.21,76854.08,9685.54,6084.60,10520.732627,0.622086
400,10,862.61,54934.76,77524.94,7750.73,4865.39,9974.061757,0.523649
400,11,917.72,48143.74,77858.01,12173.80,7167.85,10372.616971,0.819068
400,11,1173.11,68682.94,98056.83,11841.26,6458.44,11074.183442,0.763667
400,11,1044.96,61837.10,90095.47,10706.62,6774.77,10776.979002,0.688854
400,11,1094.25,60496.98,91625.03,11094.50,6824.37,13209.168502,0.698042
400,11,1061.92,62342.92,89917.29,10575.19,5830.63,11168.552158,0.600604
400,11,919.19,54948.56,79127.55,7521.71,5286.01,11371.266022,0.653245
400,11,980.38,61046.26,87724.33,9079.64,5446.06,12152.363955,0.564912
400,11,904.28,54227.82,78572.81,7534.65,5338.11,11472.232628,0.623506
400,11,902.55,51761.75,76117.69,8192.31,6248.84,9914.788190,0.710929
400,11,968.84,53655.31,82949.99,10840.19,6805.33,11649.165369,0.685227
400,11,998.39,60467.11,86378.01,8491.00,5419.17,12000.723061,0.598139
400,11,874.72,49297.37,76263.13,9562.64,6279.60,11123.524399,0.669491
400,11,1205.61,74901.45,103497.67,9291.51,5373.21,13931.501942,0.615952
400,11,889.18,49119.90,73639.06,7324.80,5664.59,11529.780271,0.671233
400,11,982.18,61010.15,85976.42,7635.03,5455.00,11876.243783,0.626508
400,11,866.55,50639.46,76631.75,9738.79,5155.87,11097.621791,0.557148
400,11,782.16,45446.48,69122.37,7101.30,5236.62,11337.978759,0.618064
400,11,934.83,57214.67,83764.86,9460.70,5410.41,11679.087550,0.616355
400,11,971.15,52332.00,83546.84,13212.14,6842.39,11160.298865,0.706023
400,11,977.57,57412.35,85635.59,10619.42,6545.34,11058.475355,0.765328
400,11,872.21,44891.98,74835.05,11658.71,7013.42,11270.933394,0.714980
400,11,1114.11,72816.59,96621.02,7316.48,5149.65,11338.305304,0.592881
400,11,1069.88,60561.00,89790.90,9998.02,7990.71,11241.172480,0.795613
400,11,811.07,43641.25,71471.09,9104.98,6857.35,11867.513977,0.734869
400,11,817.72,43376.84,69980.92,9594.86,5948.12,11061.105453,0.615264
400,11,808.05,44945.46,70844.72,8455.73,6085.14,11358.389094,1.012335
400,11,1226.58,72392.67,104083.00,11235.92,7141.67,13312.733872,0.859919
400,11,1224.81,77910.95,104151.23,8336.09,5761.55,12142.650649,0.759073
400,11,1059.42,64738.27,91665.00,8392.61,6174.70,12359.416662,0.890350
400,11,861.84,49019.34,74809.66,9010.71,5777.31,11002.293234,0.649289
400,11,868.40,45382.52,73765.94,11265.24,6219.23,10898.942510,0.718614
400,11,968.13,61069.74,85967.58,7366.08,5624.10,11907.658654,0.722055
400,11,1074.74,63803.40,90695.55,9526.37,5907.62,11458.160750,0.710326
400,11,721.30,40592.06,63842.77,7852.95,5088.62,10309.148405,0.672562
400,11,776.28,38515.73,67331.91,11298.63,6106.80,11410.750997,0.798076
400,11,914.50,50336.32,77220.03,9420.84,5530.39,11932.486801,0.700710
400,11,987.97,60174.86,85185.73,7312.69,5053.43,12644.754129,0.675013
400,11,1104.00,61444.31,93581.70,12698.67,7873.17,11565.552717,0.896011
400,11,964.31,54060.54,80365.42,7665.75,5467.73,13171.394417,0.733742
400,11,875.20,49754.71,76316.76,9671.10,5995.73,10895.220970,0.720938
400,11,859.78,50074.04,73618.85,7533.87,4928.28,11082.664550,0.645332
400,11,1259.98,79400.91,108391.43,10148.83,6601.83,12239.854467,0.845127
400,11,828.59,47101.44,73649.15,9757.98,6014.94,10774.794760,0.694306
400,11,882.66,47155.35,74305.15,9322.50,6382.01,11445.283533,0.825324
400,11,1049.38,62743.71,88191.26,9410.24,5916.85,10120.456167,0.798317
400,11,958.64,55351.79,80504.98,7923.20,5173.86,12056.133796,0.689995
400,11,997.53,60950.97,87681.50,9563.68,5081.74,12085.109109,0.624234
400,11,923.81,52744.97,78684.28,9974.18,5811.22,10153.902362,0.666698
400,11,1013.00,63739.88,87822.40,7436.81,5304.17,11341.542323,0.696345
400,11,894.81,48004.40,73839.58,8790.02,5734.04,11311.125160,0.943476
400,11,1041.71,62933.14,88668.89,8482.53,5849.02,11404.197844,0.896409
400,11,918.79,50299.00,79216.80,10596.68,6412.38,11908.732832,0.891432
400,11,946.32,52806.95,81129.03,10609.70,6405.68,11306.698550,0.921833
400,11,885.72,46177.11,76922.40,12002.08,6852.38,11890.832267,0.966083
400,11,1171.99,67878.12,97089.52,10792.85,6740.03,11678.524226,1.074015
400,11,904.34,52118.45,80437.09,10989.89,6328.35,11000.403143,0.925038
400,11,920.38,52063.94,78030.55,8494.83,5832.92,11638.854320,0.883723
400,11,1002.19,56919.50,82976.86,9049.43,5689.77,11318.170714,0.720230
400,11,901.43,56539.33,79243.04,7406.02,4505.21,10792.491387,0.777023
400,11,881.93,48633.47,76213.17,10933.09,6464.38,10182.235058,1.238865
400,11,830.80,46907.20,73102.82,9987.43,5511.14,10697.049280,0.627314
400,11,843.54,49603.66,72228.28,6112.40,4432.14,12080.083139,0.590731
400,11,921.58,49998.60,76923.54,10240.17,6101.30,10583.461792,0.763744
400,11,889.06,56610.59,77217.23,5003.97,4290.00,11312.665911,0.618470
400,11,875.30,45109.82,73415.64,12104.92,6131.19,10069.720363,0.721809
400,11,831.09,41798.23,70648.20,11482.24,6193.31,11174.426897,0.743889
400,11,1200.08,79179.08,102867.76,7370.79,4643.86,11674.032507,0.606288
400,11,986.36,55508.75,82847.32,9186.56,6702.78,11449.233767,0.877605
400,11,963.09,59684.70,81109.09,6607.86,4560.13,10256.401778,0.604770
400,11,975.54,58224.36,82543.97,7371.36,4942.61,12005.636533,0.652482
400,11,1005.51,52856.94,84961.61,12816.63,6644.25,12643.784504,1.123259
400,11,926.50,51079.53,78865.99,10822.21,6252.79,10711.449332,0.710272
400,11,985.98,62016.11,85537.82,8195.77,5430.97,9894.973724,0.635887
400,11,887.60,50148.51,76468.73,9339.42,5675.81,11304.989014,0.671882
400,11,1131.22,70783.26,96030.61,7961.91,5309.79,11975.644285,0.681346
400,11,1096.69,60922.12,91569.94,11246.25,6896.43,12505.136412,0.785413
400,11,1002.74,60484.03,87698.84,9229.00,6607.08,11378.736419,0.731586
400,11,1036.38,63155.30,91142.58,9179.66,6286.12,12521.503974,0.730053
400,11,1080.61,73066.66,94051.48,6040.04,4421.14,10523.628833,0.623543
400,11,983.39,59252.74,85001.50,7853.12,5456.36,12439.277108,0.690645
400,11,943.29,51955.72,78817.23,9110.91,5850.72,11899.875489,0.682491
400,11,1051.75,63577.98,92195.79,10643.95,5930.23,12043.632432,0.728981
400,11,1007.99,56539.53,85833.40,10948.23,6230.47,12115.167468,0.716285
400,11,775.29,45846.90,68883.51,7584.15,5363.51,10088.948394,0.689411
400,11,860.71,49433.04,76172.86,8781.50,6130.33,11827.997555,0.761338
400,11,1008.57,57903.03,84408.03,9124.03,6346.91,11034.059935,0.752551
400,11,863.16,48742.95,75147.90,8580.87,4935.18,12888.891219,0.607238
400,11,997.98,59932.80,84190.13,6990.95,4690.75,12575.629892,0.629742
400,11,804.83,46247.63,69292.17,7497.89,4972.88,10573.767433,0.652115
400,11,965.57,56684.27,81598.65,8430.93,6055.04,10428.401394,0.775202
400,11,1110.88,65655.97,93608.94,9590.22,6215.14,12147.618640,0.722323
400,11,964.26,56376.49,83519.93,8569.19,6162.09,12412.149936,0.736863
400,11,1102.59,64023.93,94843.38,11185.10,6564.00,13070.341186,0.753837
400,11,1237.76,84925.09,108118.03,6026.02,5513.15,11653.766549,0.798671
400,11,1050.61,57205.37,87946.82,11745.20,5950.51,13045.733683,0.719690
400,11,1031.91,60894.61,88386.96,9710.70,6073.30,11708.349641,0.690359
400,11,1053.85,72816.75,93561.80,5223.09,4198.63,11323.335163,0.598484
400,11,980.26,48484.12,81365.09,14882.09,7329.59,10669.293595,0.757092
400,11,811.16,48405.32,71982.65,7172.41,5190.34,11214.580865,0.657530
400,11,737.50,43530.36,66457.13,7058.72,5094.28,10773.770949,0.665615
400,12,902.58,51768.02,79601.18,11135.43,5978.82,10718.906231,0.979524
400,12,811.42,47382.92,70538.82,6914.32,4909.47,11332.107358,0.979638
400,12,909.74,53612.86,76937.17,6099.65,5319.32,11905.343385,0.872709
400,12,1229.30,70294.43,104879.00,13209.45,8019.21,13355.903329,1.085276
400,12,901.31,42267.52,77285.85,14753.06,7876.24,12389.036422,1.211550
400,12,868.33,45725.95,76011.05,11213.68,7205.57,11865.847813,1.074518
400,12,960.54,54982.70,83535.85,10168.73,6578.92,11805.497449,0.965840
400,12,1030.98,56295.68,86595.39,10828.21,7112.64,12358.863391,0.912082
400,12,771.06,39145.78,66062.57,10284.76,6579.67,10052.359566,0.975510
400,12,903.13,47699.05,76987.07,10743.25,6781.36,11763.413556,0.948924
400,12,1032.11,66784.84,92485.43,8148.36,5756.28,11795.939738,0.891731
400,12,1035.96,58237.54,88571.24,11427.33,6554.48,12351.881292,0.951773
400,12,1068.46,57822.14,89859.04,11275.27,6506.01,14255.619994,0.754991
400,12,973.31,55130.57,83530.29,10485.02,6151.30,11763.404531,0.727608
400,12,875.19,47883.35,74288.81,8601.98,5874.83,11928.650382,0.729315
400,12,931.77,50861.12,78639.15,10167.22,6421.79,11189.020812,0.793224
400,12,841.49,42644.07,71891.66,10878.55,7267.61,11101.429501,0.876958
400,12,1096.61,65904.63,92630.93,8823.42,5694.09,12208.787685,0.721570
400,12,962.04,55034.45,82462.62,10242.14,6094.17,11091.850954,0.721198
400,12,1005.73,61480.92,87306.98,7792.01,5874.18,12159.869985,1.123452
400,12,959.49,55059.54,82561.27,9914.81,6348.82,11238.099669,0.780177
400,12,886.45,41750.79,73469.04,12319.49,7194.95,12203.809388,0.818602
400,12,1009.48,55086.40,86137.09,11551.06,6933.46,12566.163834,0.770283
400,12,966.12,51173.32,83003.20,12675.06,7005.95,12148.860686,0.847684
400,12,875.62,51075.24,77333.74,9220.24,6198.92,10839.330227,0.740008
400,12,1084.73,56697.23,89801.31,12701.69,8749.88,11652.512000,0.951812
400,12,1127.56,62528.80,95142.09,11352.16,6956.89,14304.241125,0.864573
400,12,957.76,48790.67,81710.03,13490.83,6818.44,12610.085750,0.734031
400,12,1249.18,75102.01,103059.28,8652.87,6935.85,12368.550201,1.089782
400,12,878.77,47657.12,76598.20,9762.94,7342.84,11835.298515,0.874484
400,12,853.78,45606.29,75106.29,11707.99,6261.53,11530.475574,0.733328
400,12,994.74,51010.90,82736.09,12122.99,6817.09,12785.107772,0.758506
400,12,1189.46,69039.03,97449.07,9382.43,6745.91,12281.704889,0.936240
400,12,1008.87,53228.89,85068.65,12579.04,7356.33,11904.386480,1.142098
400,12,1125.31,64980.40,95154.91,12211.27,6547.66,11415.579906,0.933412
400,12,960.97,57067.53,81960.01,7465.15,5224.09,12203.239038,0.959679
400,12,984.54,60047.69,85395.83,7870.06,4855.53,12622.546873,0.666683
400,12,970.68,52496.88,81787.46,10717.67,6717.20,11855.710025,0.781612
400,12,1113.91,63713.76,94289.43,10514.30,7292.63,12768.739690,0.862663
400,12,917.68,45472.52,76101.71,11197.22,6908.67,12523.303350,0.769830
400,12,1081.48,59702.55,91930.58,13527.87,7334.30,11365.868593,1.366120
