400,1,129.22,3042.06,8446.68,2414.32,1165.32,1824.984920,0.240975
400,1,147.64,4594.95,9103.72,1976.43,666.45,1865.891439,0.215021
400,1,153.55,4333.98,9821.51,2587.06,916.10,1984.368867,0.132134
400,1,180.39,6372.86,12013.05,2230.36,823.99,2585.837233,0.136928
400,1,110.38,2027.09,7035.93,2413.54,1011.45,1583.837712,0.229964
400,1,166.58,4892.69,10130.33,1919.77,728.80,2589.062757,0.140826
400,1,98.63,1447.16,6308.23,2397.59,1043.34,1420.126423,0.134228
400,1,212.81,6450.29,12945.56,2799.12,1204.98,2491.170664,0.205405
400,1,104.81,1525.15,6531.93,2580.32,1047.64,1378.833664,0.133833
400,1,210.41,7048.03,12153.44,2017.57,699.45,2388.389918,0.158243
400,1,105.02,2349.76,6361.99,1810.27,687.48,1514.475730,0.149507
400,1,114.72,2000.58,7197.54,2470.01,1129.75,1597.201277,0.202325
400,1,200.78,6873.99,12403.54,2280.87,853.90,2394.781536,0.146764
400,1,143.09,4942.56,10207.14,2372.16,925.31,1967.113561,0.152004
400,1,180.99,6608.08,11558.63,1839.80,767.98,2342.775329,0.134302
400,1,117.96,2012.60,7029.27,2359.39,1054.59,1602.689423,0.132938
400,1,129.29,3162.06,8045.42,2317.11,887.88,1678.367051,0.133431
400,1,135.68,3725.12,9012.47,2175.62,918.27,2193.461773,0.139478
400,1,94.75,1713.29,6477.00,2383.50,954.62,1425.591308,0.136617
400,1,164.01,4765.57,10334.51,2553.15,900.36,2115.425851,0.132339
400,1,105.67,1621.19,6286.43,2306.90,930.92,1427.426511,0.264772
400,1,146.24,3834.68,8734.71,2328.29,897.53,1674.208742,0.188403
400,1,147.70,3913.37,9316.98,2486.71,957.86,1959.034183,0.181543
400,1,210.21,7140.20,13313.05,2489.47,939.30,2744.071460,0.146855
400,1,182.74,5300.09,11205.79,2325.36,996.81,2583.516582,0.159606
400,1,139.26,3119.71,8552.06,2588.07,1016.42,1827.855547,0.150340
400,1,124.54,2437.31,7780.38,2427.80,933.08,1982.201261,0.187840
400,1,139.51,3229.47,8919.81,2454.15,973.84,2262.345833,0.302275
400,1,193.74,6282.30,11790.11,2232.43,776.58,2498.804824,0.243473
400,1,151.08,4119.50,9423.02,2126.57,1005.19,2171.752782,0.137309
400,1,110.42,1812.44,7086.75,2517.20,1006.88,1750.225352,0.160634
400,1,217.51,7814.50,13503.32,2320.52,926.51,2441.792507,0.182955
400,1,147.15,3414.55,8973.41,2809.35,1066.15,1683.361542,0.212652
400,1,103.81,1069.19,6285.92,2694.82,1201.07,1320.838996,0.137793
400,1,142.18,3846.91,8739.69,2122.95,805.09,1964.741406,0.149121
400,1,199.85,6435.01,12420.96,2589.83,1148.81,2247.314686,0.177939
400,1,201.99,6148.04,11923.17,2403.28,788.37,2583.483820,0.153659
400,1,123.00,2402.18,7717.12,2406.05,1045.91,1862.974089,0.166874
400,1,142.52,3869.26,9342.14,2328.16,1005.53,2139.192965,0.163756
400,1,156.05,4750.50,9633.36,2218.02,803.37,1861.472410,0.126277
400,1,130.91,3816.69,7739.39,1718.62,639.91,1564.176384,0.168130
400,1,139.99,3241.30,8684.42,2676.23,1001.15,1765.745672,0.141702
400,1,127.82,2875.40,7762.68,2429.39,937.74,1520.145928,0.133662
400,1,169.33,5179.45,10705.46,2267.01,830.56,2428.444534,0.131247
400,1,207.32,8040.99,13707.64,2219.10,887.48,2560.061294,0.171392
400,1,188.39,5157.10,11293.01,2655.56,1125.56,2354.775908,0.132446
400,1,110.48,1750.01,6934.83,2669.95,1133.34,1381.522131,0.129885
400,1,123.11,3024.66,7797.08,2508.80,950.41,1313.208087,0.355181
400,1,106.41,2198.09,6962.58,2136.28,783.98,1844.240525,0.128367
400,1,142.12,3054.84,8391.83,2541.91,793.68,2001.386849,0.128936
400,1,220.40,9133.73,14143.12,2108.73,740.97,2159.686230,0.139140
400,1,174.43,5560.03,10581.62,1791.13,671.12,2559.331047,0.141064
400,1,196.49,7439.54,13544.38,2686.66,987.07,2431.112934,0.140103
400,1,167.01,5240.45,10279.97,2394.11,776.75,1868.670323,0.131391
400,1,126.98,2893.60,7916.60,2628.12,948.62,1446.261951,0.135512
400,1,176.19,5275.68,11119.29,2308.92,1021.41,2513.273421,0.129413
400,1,100.48,1967.25,6249.23,2225.99,706.74,1349.243502,0.127177
400,1,107.29,1862.46,6801.64,2220.64,941.15,1777.397386,0.129153
400,1,166.23,5050.14,10286.56,1961.80,780.75,2493.867440,0.127351
400,1,116.16,2430.16,7042.45,2139.85,798.40,1674.038280,0.129477
400,1,164.80,5926.58,11271.24,2059.44,863.68,2421.546692,0.167980
400,1,123.84,2685.99,7623.57,2494.51,1031.77,1411.308146,0.134642
400,1,161.63,4524.23,9722.59,2291.07,790.08,2117.208887,0.170334
400,1,133.31,3902.05,8813.17,2236.66,944.95,1729.513919,0.164901
400,1,120.82,3185.69,7064.38,1760.30,677.46,1440.942932,0.127510
400,1,124.43,2992.89,7215.27,2051.48,767.88,1403.018562,0.128232
400,1,162.29,4772.69,10234.65,2407.83,1009.27,2044.853567,0.210424
400,1,168.22,5914.60,10533.59,2161.99,759.57,1697.439926,0.140138
400,1,124.31,2927.29,7901.01,2327.55,926.81,1719.351256,0.178495
400,1,161.91,3707.94,10121.14,2822.03,1107.60,2483.573258,0.152316
400,1,117.83,2585.51,7493.14,2413.85,940.92,1552.860165,0.132313
400,1,110.21,2450.77,7364.74,2439.45,963.21,1511.321492,0.135386
400,1,171.46,5029.75,10526.72,2404.45,931.54,2160.985944,0.127963
400,1,140.84,4235.56,9066.79,2269.08,962.97,1599.179590,0.130322
400,1,127.43,3503.54,7947.44,1777.23,633.41,2033.257400,0.147361
400,1,116.86,2713.41,7784.96,2239.79,975.17,1856.600344,0.140732
400,1,204.01,6474.56,12412.98,2406.57,986.42,2545.418784,0.130199
400,1,98.39,1374.49,6120.97,2416.30,973.28,1356.912721,0.131663
400,1,132.45,3566.21,8385.69,2119.83,841.02,1858.628105,0.138745
400,1,146.05,3709.98,8816.75,2209.86,907.30,1989.612360,0.133060
400,1,160.48,4361.78,9654.89,2626.68,943.95,1722.481265,0.130149
400,1,141.68,4558.35,9319.80,2304.04,799.57,1657.847263,0.128513
400,1,134.45,2930.94,8145.71,2474.57,1033.49,1706.709032,0.170529
400,1,110.81,1862.08,6307.81,2251.12,844.55,1350.061084,0.154017
400,1,163.01,4731.04,10019.74,2295.35,889.96,2103.385414,0.171852
400,1,139.22,3967.74,8607.38,2304.58,712.20,1622.867676,0.152989
400,1,188.50,6345.62,11911.91,2391.73,1021.61,2152.945888,0.161469
400,1,184.42,5239.39,11190.71,2674.35,1076.33,2200.638047,0.145337
400,1,155.80,4257.53,9338.60,2342.43,917.06,1821.580199,0.137888
400,1,114.79,2604.94,7019.07,2077.42,775.05,1561.660931,0.137574
400,1,114.33,2729.24,7147.24,2038.22,781.67,1598.117658,0.130220
400,1,170.14,4304.81,10459.71,2552.30,1109.90,2492.702267,0.193159
400,1,186.91,6976.03,12493.96,2462.27,916.86,2138.811205,0.164492
400,1,160.79,4074.40,10122.29,2573.88,1081.17,2392.834804,0.161857
400,1,103.62,2193.16,6841.48,2211.61,805.13,1631.575916,0.153521
400,1,126.03,2476.93,7712.10,2609.02,1023.73,1602.427987,0.155932
400,1,225.67,7912.95,13990.21,2555.30,1061.18,2460.778745,0.251755
400,1,201.92,6921.14,12867.47,2539.82,1077.30,2329.200293,0.170629
400,1,153.67,4578.27,9760.04,2104.90,866.23,2210.636861,0.291079
400,1,134.90,3385.85,8618.00,2312.79,865.42,2053.947177,0.166061
400,2,363.70,12448.90,22006.46,4243.90,1300.03,4013.621402,0.078254
400,2,253.84,6751.06,15511.46,4103.06,1581.11,3076.234917,0.085503
400,2,336.86,11021.18,21136.66,4147.72,1858.57,4109.186947,0.080401
400,2,298.99,7023.30,18376.91,4611.74,2203.09,4538.774338,0.096180
400,2,236.19,4098.43,14490.95,4461.89,1943.28,3987.355385,0.068664
400,2,364.12,13239.15,22731.76,3907.24,1604.79,3980.589366,0.077454
400,2,324.78,10416.31,20610.56,4926.58,1700.92,3566.744399,0.067370
400,2,388.30,12647.34,24231.65,4719.11,1855.07,5010.126392,0.081836
400,2,252.38,5395.01,14833.06,4742.51,1664.47,3031.063706,0.062020
400,2,317.94,8656.36,19330.23,5031.58,2198.76,3443.528405,0.083638
400,2,195.53,3009.61,12577.27,4942.73,1842.58,2782.339301,0.063678
400,2,282.34,7680.03,17501.58,4416.00,1903.82,3501.728754,0.064804
400,2,256.68,5592.82,16416.14,5188.33,2012.62,3622.377080,0.077513
400,2,335.71,11334.37,21225.02,4197.59,1626.71,4066.348930,0.062824
400,2,277.04,7555.76,16955.30,4228.24,1576.97,3594.326727,0.061599
400,2,233.39,3828.01,13973.00,4892.70,1878.65,3373.630761,0.064958
400,2,283.01,6822.33,16419.15,4343.15,1507.19,3746.487745,0.058682
400,2,291.52,8005.10,18769.06,4799.51,2025.83,3938.621013,0.067615
400,2,275.17,7247.52,16455.08,4219.05,1518.30,3470.213210,0.077460
400,2,324.76,8350.35,20538.43,5509.00,2296.32,4382.756672,0.087164
400,2,274.18,8115.30,16871.19,4265.99,1394.30,3095.604236,0.079471
400,2,253.96,6602.22,16102.80,4433.05,1754.12,3313.409959,0.074425
400,2,260.31,7202.35,17266.91,4088.31,1692.60,4283.648652,0.079227
400,2,382.75,11552.73,23502.83,5064.81,2042.83,4842.446935,0.069968
400,2,435.15,15086.79,25427.22,4400.91,1562.90,4376.617930,0.064954
400,2,231.43,5519.39,15327.81,4369.12,1751.93,3687.373682,0.069168
400,2,355.93,11412.56,21971.88,4513.18,1861.23,4184.912506,0.062846
400,2,321.51,8149.59,19256.73,5028.50,1850.34,4228.299970,0.078107
400,2,274.47,5910.02,16339.85,4474.51,1950.67,4004.645020,0.071958
400,2,266.66,6182.76,17118.54,5055.09,2017.15,3863.543238,0.079481
400,2,309.34,8556.33,19576.64,4849.52,2070.77,4100.019222,0.072000
400,2,313.09,8682.87,19730.74,5110.34,1930.67,4006.855424,0.067396
400,2,235.35,5007.69,14335.41,4232.70,1492.95,3602.075551,0.068256
400,2,296.47,8569.22,17545.35,3768.31,1529.38,3678.447581,0.068297
400,2,270.45,7135.03,16522.83,4270.13,1672.46,3445.215281,0.069274
400,2,277.09,6270.88,17066.47,4757.77,1893.10,4144.713487,0.074613
400,2,328.28,9592.15,20255.33,4597.63,1822.11,4243.434470,0.072878
400,2,287.71,6876.23,18120.73,5121.80,1968.70,4153.997313,0.083089
400,2,280.71,6054.79,17073.42,4616.32,2026.32,4375.992567,0.082219
400,2,280.75,7856.33,17162.29,4443.66,1736.49,3125.818581,0.069769
400,2,255.30,7056.58,15984.35,4368.02,1706.19,2853.551605,0.068786
400,2,279.48,7550.61,18129.02,4561.99,1853.47,4162.958779,0.077255
400,2,280.04,7924.43,16753.41,4084.70,1356.39,3387.892015,0.077495
400,2,302.36,7977.69,18957.56,5144.11,2097.85,3737.911065,0.075165
400,2,439.00,16566.98,27293.47,4527.46,1764.19,4434.826519,0.076987
400,2,291.49,8392.53,19443.58,4704.83,2012.65,4333.569854,0.077941
400,2,290.49,8148.34,18678.71,4685.98,1914.63,3929.757612,0.070166
400,2,296.02,7686.00,18281.54,5011.77,1868.93,3714.840070,0.065605
400,2,249.74,5440.13,15600.90,4919.33,1986.27,3255.166904,0.090981
400,2,294.03,8903.83,18260.19,4182.48,1701.14,3472.737297,0.066631
400,2,273.15,6985.61,17180.57,4864.19,1940.68,3390.097583,0.077594
400,2,249.64,6498.62,16351.53,4354.00,1819.84,3679.061172,0.085327
400,2,340.71,11084.42,21918.05,4634.73,1810.87,4388.020545,0.071883
400,2,297.30,8136.77,17560.11,4333.44,1585.54,3504.364722,0.064524
400,2,326.97,9478.72,19456.82,4399.52,1594.83,3983.746090,0.070900
400,2,327.59,9465.31,20261.68,4903.47,1727.74,4165.164494,0.069404
400,2,201.42,3594.20,12013.63,3988.80,1664.95,2765.692250,0.071454
400,2,260.83,6619.81,16078.47,4196.47,1653.61,3608.580608,0.078483
400,2,238.95,4582.73,15615.37,4947.28,2089.14,3996.214113,0.077022
400,2,215.35,4389.31,13809.01,4503.66,1768.53,3147.508153,0.074063
400,2,250.42,4471.21,15712.83,5437.16,2071.70,3732.760770,0.076097
400,2,279.32,7158.54,17220.05,4888.86,1927.70,3244.951446,0.073487
400,2,246.30,5732.47,15175.09,4197.93,1613.08,3631.621954,0.064374
400,2,323.66,9121.45,19364.49,4751.43,1880.71,3610.906491,0.066827
400,2,236.43,5819.67,14178.51,4172.83,1430.68,2755.334592,0.068403
400,2,203.03,3594.96,12909.20,4594.71,1908.24,2811.293280,0.071532
400,2,362.44,11315.80,22354.57,4850.69,1926.12,4261.955412,0.076320
400,2,260.27,6657.29,15947.95,4563.64,1840.48,2886.534165,0.069208
400,2,274.00,6917.29,17227.83,4602.14,1865.29,3843.106166,0.069297
400,2,326.61,8578.33,20225.86,4717.04,2145.73,4784.764657,0.074218
400,2,222.58,3545.56,13184.34,4625.88,1769.38,3243.523028,0.070037
400,2,247.75,4758.10,14886.49,4920.14,1807.63,3400.634808,0.066791
400,2,343.02,11290.84,22106.83,4667.19,2134.44,4014.364230,0.071978
400,2,281.76,7470.57,17786.85,4687.85,1973.24,3655.189958,0.071188
400,2,250.62,5390.64,16340.46,5164.20,2368.42,3417.193490,0.076311
400,2,280.88,7517.87,17564.44,4344.71,1790.93,3910.921973,0.069322
400,2,309.76,9456.29,19945.12,4207.15,1691.95,4589.740384,0.069593
400,2,295.45,7213.99,18411.14,5261.12,2407.97,3528.062012,0.076426
400,2,279.00,6860.41,16698.54,4285.26,1735.82,3817.050398,0.062785
400,2,304.84,8385.67,19238.59,4769.51,2007.62,4075.788490,0.073227
400,2,294.21,9296.50,19703.34,4731.08,2206.93,3468.823658,0.075438
400,2,303.51,9494.76,20087.74,5115.88,1854.43,3622.663980,0.076824
400,2,276.60,6907.00,17438.78,4684.49,2123.08,3724.211126,0.069039
400,2,242.95,6366.32,15261.86,4167.60,1701.73,3026.210367,0.069941
400,2,323.43,10475.39,20650.35,4468.25,1816.26,3890.450194,0.077004
400,2,238.18,4424.90,14186.36,4864.96,1922.75,2973.743509,0.072935
400,2,317.55,8539.28,19424.08,4674.69,1815.59,4394.512702,0.069092
400,2,331.62,10648.34,21367.72,4678.24,2080.54,3960.595478,0.076495
400,2,260.71,6357.32,15917.03,4485.54,1603.48,3470.698613,0.065356
400,2,221.49,4615.30,14715.34,5073.73,2168.38,2857.917050,0.076019
400,2,262.76,6211.01,16041.82,4854.18,1628.08,3348.554144,0.065385
400,2,348.21,10657.39,21842.46,4609.62,1957.41,4618.038327,0.068904
400,2,332.18,10198.25,20409.39,4237.98,1935.93,4037.228391,0.066804
400,2,319.55,9525.50,20266.36,4759.75,1809.03,4172.094587,0.066186
400,2,228.79,4167.52,14533.99,5140.80,2164.82,3060.850832,0.076614
400,2,336.71,10108.98,21352.07,4966.57,2310.71,3965.802490,0.077558
400,2,412.77,14873.84,25936.07,4399.40,1907.55,4755.276152,0.070989
400,2,307.25,7681.13,19008.75,5275.28,2027.94,4024.404573,0.069393
400,2,287.41,7560.91,18033.49,4504.32,1783.99,4184.266952,0.066191
400,2,271.39,6474.32,16648.72,4821.12,1916.55,3436.738032,0.068122
400,3,394.67,9719.46,23960.52,6731.50,2580.05,4929.501101,0.080500
400,3,350.18,7553.05,22134.64,6843.06,2842.29,4896.249286,0.078710
400,3,403.25,8945.63,24808.49,7441.88,2904.28,5516.697467,0.092819
400,3,561.15,19063.20,35537.51,6832.03,2712.89,6929.399485,0.078231
400,3,415.59,10874.53,26153.17,7173.58,3004.64,5100.410016,0.091989
400,3,505.95,15345.38,30705.90,6684.43,2476.03,6200.061097,0.088392
400,3,445.55,14416.52,29505.68,6824.36,3096.69,5168.109556,0.095672
400,3,556.64,18816.90,34646.57,6279.37,2455.44,7094.871031,0.115146
400,3,389.49,9166.54,23236.57,6821.28,2278.00,4970.758537,0.081947
400,3,415.20,10429.78,25431.41,7067.34,2582.64,5351.655512,0.087218
400,3,353.59,8062.72,21983.67,6820.76,2751.90,4348.299869,0.085945
400,3,331.77,5861.89,20790.53,7147.12,2725.28,5056.244637,0.092941
400,3,434.90,12266.93,28222.28,7171.78,2928.66,5854.901509,0.089917
400,3,464.76,13334.08,28588.28,6552.30,2583.42,6118.472300,0.083215
400,3,359.30,7913.50,22233.48,6767.38,2708.50,4844.095657,0.082667
400,3,403.71,11179.70,24649.86,6052.76,2032.90,5384.505569,0.071587
400,3,375.91,9992.02,24189.02,6528.60,2782.71,4885.697956,0.089015
400,3,404.17,9721.79,23914.08,6114.32,2301.40,5776.572366,0.075087
400,3,431.70,12706.62,26368.26,6161.30,2539.91,4960.439123,0.076223
400,3,434.58,10811.77,26699.98,6858.93,2629.15,6400.126788,0.086168
400,3,385.74,10373.80,23207.17,6020.50,1877.68,4935.185810,0.075195
400,3,405.39,11677.40,25972.51,6710.56,2499.27,5085.279741,0.084461
400,3,470.68,13465.72,29499.08,7087.53,2599.86,6345.972629,0.075244
400,3,490.17,12366.49,29035.07,6983.98,2560.60,7124.007608,0.081468
400,3,448.02,13238.93,29054.36,7272.29,2868.19,5674.944277,0.149723
400,3,381.40,8962.76,23851.96,6667.84,2793.88,5427.475285,0.082098
400,3,472.47,13090.08,29053.65,7090.57,2847.22,6025.776833,0.079911
400,3,359.84,5847.96,22090.24,7796.29,3112.80,5333.188079,0.091256
400,3,430.64,11989.43,27597.43,7328.96,3068.02,5211.022408,0.095858
400,3,447.48,11758.96,26512.58,6431.87,2418.57,5903.182413,0.086355
400,3,619.00,21720.06,37569.86,7062.96,2738.04,6048.793545,0.084626
400,3,447.40,13417.86,29597.52,7407.81,3216.97,5554.877427,0.096946
400,3,397.61,11145.34,25317.97,6607.80,2590.99,4973.840152,0.083772
400,3,395.66,11102.43,25300.87,6780.75,2739.66,4678.018547,0.094269
400,3,319.89,6122.42,19986.48,6366.12,2582.10,4915.840533,0.079871
400,3,447.52,12160.18,26958.62,6380.40,2319.95,6098.080278,0.076486
400,3,462.68,13402.84,28711.82,7057.21,2884.49,5367.282052,0.097080
400,3,480.48,12783.48,29914.14,7334.82,3427.42,6368.416863,0.092578
400,3,442.18,11503.89,27394.32,6865.43,2727.08,6297.924612,0.088498
400,3,387.66,7639.86,22953.45,7067.53,2894.29,5351.763600,0.084567
400,3,327.93,6379.93,20883.11,7016.14,2662.05,4824.989024,0.113761
400,3,494.50,14506.98,30275.13,7200.77,2643.15,5924.220544,0.083050
400,3,335.61,7138.35,20854.77,6651.75,2387.79,4676.888425,0.080823
400,3,394.57,9885.34,24715.38,6438.94,2566.28,5824.827285,0.085004
400,3,401.75,9466.96,24730.43,6744.44,2610.74,5908.297662,0.082832
400,3,413.79,9446.75,25740.65,7833.44,2981.37,5479.097147,0.083320
400,3,402.51,8819.85,24931.65,7356.50,2841.54,5913.763273,0.088147
400,3,416.56,11903.97,26170.61,6701.81,2634.95,4929.883718,0.088398
400,3,391.65,8338.29,25021.81,7948.75,3010.22,5724.551506,0.090441
400,3,355.66,8224.87,23060.12,7098.45,2863.97,4872.831864,0.089733
400,3,422.97,11367.60,25921.96,7232.57,2746.12,4575.664538,0.087533
400,3,352.50,7587.53,22225.61,6761.35,2745.35,5131.387263,0.088242
400,3,491.75,14349.74,30354.50,7235.99,2681.96,6086.806971,0.079987
400,3,413.89,11779.82,25427.57,6256.41,2561.76,4829.576453,0.080259
400,3,442.83,11971.42,26610.38,6788.92,2452.98,5397.056587,0.082554
400,3,499.35,14758.02,31121.38,6920.00,2905.09,6538.277562,0.084971
400,3,427.88,10726.27,25770.62,7536.12,3118.05,4390.182407,0.084510
400,3,438.06,13413.15,27281.22,6360.81,2398.17,5109.091214,0.080401
400,3,403.62,8693.40,24441.83,6861.98,2637.74,6248.710915,0.082736
400,3,306.25,4863.62,19309.36,6968.49,2974.72,4502.534698,0.095042
400,3,415.69,10644.75,26491.99,7116.83,2797.16,5933.246619,0.099800
400,3,381.65,8467.88,23269.07,6742.07,2816.84,5242.276632,0.079588
400,3,329.55,5462.48,20922.39,7236.04,3131.57,5092.289251,0.096421
400,3,444.62,12811.73,27795.98,7065.43,2672.30,5246.525297,0.079303
400,3,360.29,9845.13,21854.66,5704.48,2132.92,4172.136430,0.079019
400,3,432.29,11520.88,25448.33,6776.58,2880.88,4269.982366,0.083575
400,3,491.28,15853.29,29944.82,5648.61,2408.93,6033.993512,0.082508
400,3,437.65,12385.90,26435.16,6754.35,2583.96,4710.953313,0.085575
400,3,402.59,10114.14,25258.86,6972.04,2994.36,5178.321985,0.081543
400,3,611.11,23450.54,39063.67,6577.27,2357.02,6678.843948,0.078344
400,3,375.62,7735.36,23158.08,7286.26,2727.70,5408.762085,0.087284
400,3,437.49,12734.54,27760.75,6860.17,2830.32,5335.704970,0.081937
400,3,365.06,8051.32,23741.86,7072.91,2796.57,5821.065560,0.087195
400,3,473.04,13998.58,29743.98,7095.19,2731.57,5918.652143,0.089096
400,3,347.55,6455.83,22145.64,7071.59,2839.04,5779.177327,0.091770
400,3,490.36,14642.92,30758.30,7809.12,3188.91,5117.346264,0.093616
400,3,428.22,10248.40,25655.48,6599.87,2397.88,6409.323527,0.081024
400,3,380.08,9233.20,25618.82,7520.44,3271.03,5594.144682,0.098475
400,3,530.62,17917.50,32404.14,6470.99,2373.43,5642.217495,0.082545
400,3,497.10,15414.53,31660.88,7749.27,2997.68,5499.401134,0.116837
400,3,404.14,11888.45,26758.45,6797.89,2697.72,5374.396660,0.082774
400,3,363.81,7086.07,22592.43,7089.00,2938.79,5478.579885,0.087650
400,3,428.39,9567.98,25613.99,7434.59,2794.46,5816.961600,0.086637
400,3,393.50,10694.31,24807.02,7177.26,2685.33,4250.115662,0.091280
400,3,442.31,14226.60,29230.47,6735.48,2840.06,5428.335853,0.112764
400,3,386.64,9363.72,23504.62,7254.38,2730.84,4155.676978,0.081687
400,3,520.34,16309.24,32907.57,6926.13,2594.60,7077.600838,0.077481
400,3,421.85,10958.22,26961.97,7539.22,3075.32,5389.211554,0.098695
400,3,413.85,11455.74,25039.13,6363.93,2310.05,4909.407359,0.079568
400,3,417.60,9429.77,24830.69,7376.14,2741.66,5283.115144,0.079691
400,3,362.28,8692.69,22866.42,6779.30,2620.57,4773.868145,0.083674
400,3,520.11,15970.45,32060.40,7351.52,2653.40,6085.021782,0.078300
400,3,503.41,16047.75,32926.05,8199.02,3094.08,5585.202950,0.090643
400,3,489.64,14293.04,30084.08,6756.11,2797.59,6237.342484,0.080456
400,3,373.85,8880.98,24111.32,7108.83,2878.68,5242.845263,0.092587
400,3,456.79,12311.37,28319.24,7431.79,2713.89,5862.197095,0.085841
400,3,452.33,13982.70,30128.00,6909.37,2897.56,6338.364080,0.093225
400,3,435.27,12552.48,27692.75,6861.14,2784.73,5494.396718,0.087674
400,3,462.47,13131.57,28950.93,7207.86,2843.95,5767.543789,0.086422
400,3,374.68,8966.27,23149.40,6645.36,2560.63,4977.137593,0.077731
400,4,520.43,13104.88,30607.83,8085.07,2921.99,6495.891027,0.086838
400,4,470.29,9748.27,29182.49,9501.90,3738.81,6193.504326,0.101364
400,4,564.89,14783.94,35466.25,9633.17,3838.06,7211.083541,0.100043
400,4,764.50,27425.36,47077.59,8468.96,3340.68,7842.589707,0.083732
400,4,486.12,10426.28,31239.19,9926.42,3823.26,7063.228078,0.103220
400,4,490.36,9899.78,29853.55,9347.58,3598.02,7008.156672,0.096342
400,4,521.36,13952.59,33310.36,8897.76,3380.65,7079.367678,0.094881
400,4,582.19,16801.22,35606.38,8165.83,2956.86,7682.462920,0.093927
400,4,510.68,11981.10,30458.73,8811.47,3386.66,6279.494505,0.089750
400,4,559.46,13986.36,34240.08,9337.56,3499.85,7416.318940,0.096351
400,4,463.93,10356.01,29493.65,9295.32,3524.11,6318.206416,0.100907
400,4,517.59,13567.70,32296.17,8766.05,3478.19,6484.237714,0.100817
400,4,596.56,17316.60,38315.51,9467.18,3896.63,7635.099826,0.205854
400,4,597.05,15772.16,36724.50,9916.11,3794.98,7241.236421,0.095479
400,4,452.35,8308.91,27796.27,9230.70,3846.99,6409.670357,0.095152
400,4,440.38,7204.50,26650.04,9579.87,3642.36,6223.306530,0.101921
400,4,454.44,8198.80,28244.36,10074.23,4028.50,5942.822483,0.094535
400,4,607.97,17240.96,39625.88,10500.42,4344.79,7539.716383,0.167225
400,4,504.33,11735.20,30968.72,9674.46,3494.62,6064.447565,0.102274
400,4,577.60,14178.16,34948.98,8968.32,3384.06,8418.435347,0.093641
400,4,466.45,10007.72,28892.60,9583.66,3378.98,5922.230012,0.101832
400,4,527.30,12644.51,31507.60,8842.63,3042.70,6977.760233,0.090159
400,4,541.60,14365.51,33825.36,8637.22,3365.98,7456.651046,0.092429
400,4,668.50,19386.00,40516.18,9443.57,3262.02,8424.581057,0.096764
400,4,542.38,14375.03,34290.38,9763.84,3521.40,6630.103434,0.124098
400,4,615.50,18571.55,37800.32,8715.83,3376.66,7136.284624,0.094229
400,4,551.39,12806.37,33819.22,8933.26,3799.46,8280.135219,0.100248
400,4,500.26,11186.30,30714.32,8899.59,3685.11,6943.324530,0.110540
400,4,460.81,7789.00,29166.57,10142.74,4440.25,6794.590718,0.117638
400,4,583.64,17129.98,36556.54,9222.05,3487.71,6716.795534,0.103731
400,4,591.94,15570.69,35851.42,8957.67,3346.05,7977.015301,0.092460
400,4,566.48,13649.57,34498.98,9100.52,3423.93,8324.960254,0.111600
400,4,490.43,11085.93,30422.19,9227.23,3797.50,6311.523103,0.110323
400,4,437.94,7924.65,26136.85,8727.13,3213.50,6271.579236,0.102302
400,4,447.57,8265.95,27056.26,9131.97,3498.73,6159.609227,0.086257
400,4,582.69,16219.80,36552.00,9642.24,3406.13,7283.835237,0.085013
400,4,506.03,11275.61,31841.40,9513.40,3752.61,7299.778011,0.090597
400,4,559.29,14758.92,35286.88,9094.40,3601.11,7832.458729,0.088097
400,4,672.22,20440.73,41966.83,9964.76,4046.23,7515.101356,0.090558
400,4,468.31,8870.12,28897.81,9868.84,3464.61,6694.236486,0.088052
400,4,461.13,9958.07,28408.74,9088.15,3664.14,5698.377434,0.085838
400,4,623.09,19499.17,38755.96,8718.81,3028.69,7509.290760,0.077432
400,4,408.27,5445.97,25603.15,10016.68,4035.51,6104.990763,0.086156
400,4,538.95,12505.77,32645.10,9644.17,3711.62,6783.547480,0.082211
400,4,487.55,11434.68,30393.34,8879.98,3293.85,6784.827467,0.078191
400,4,483.79,10483.16,30679.64,9287.69,3484.90,7423.889383,0.082920
400,4,587.20,17107.10,37243.47,9253.31,3670.35,7212.705656,0.078949
400,4,513.54,12818.72,32376.32,9388.35,3560.67,6608.595966,0.083443
400,4,575.76,14779.23,36544.72,9998.76,3754.52,8012.207223,0.081867
400,4,508.04,11576.43,32031.68,10037.18,4101.87,6316.200071,0.086694
400,4,479.23,10104.52,29034.51,8820.95,3427.90,6681.130518,0.080285
400,4,466.09,9785.90,28621.12,8966.80,3271.18,6597.235935,0.079191
400,4,422.25,6417.34,27029.71,9386.41,3896.65,7329.300871,0.086025
400,4,542.05,15478.10,34238.55,8996.54,3697.96,6065.956477,0.082575
400,4,491.62,9946.99,30238.68,9762.94,3752.67,6776.074239,0.079791
400,4,597.89,17286.21,38255.37,9702.47,4082.01,7184.681476,0.085980
400,4,426.44,7245.02,26736.56,9845.68,3949.64,5696.219767,0.085012
400,4,574.20,17844.06,37448.09,9601.25,3795.39,6207.384659,0.084873
400,4,509.84,10333.46,30931.05,9842.55,3690.27,7064.769661,0.080676
400,4,539.94,14349.51,33089.52,9213.99,3449.33,6076.675082,0.079375
400,4,590.50,16549.01,37676.94,9615.75,4042.66,7469.517937,0.087199
400,4,453.62,8485.68,27279.80,8808.27,3471.32,6514.539032,0.078516
400,4,481.65,10966.68,29053.13,8597.21,3106.02,6383.230049,0.072872
400,4,620.11,18739.93,37415.35,8695.07,3182.43,6797.929564,0.075138
400,4,493.55,13119.05,31763.42,9372.07,3668.02,5604.273949,0.085120
400,4,518.72,14317.96,32630.67,8908.07,3329.62,6075.016269,0.078761
400,4,611.57,17980.77,37467.59,8306.18,3585.65,7594.998154,0.078665
400,4,451.68,10407.96,28669.47,9060.94,3466.94,5733.632370,0.079579
400,4,552.56,14468.24,33625.07,8923.19,3217.85,7015.785831,0.073482
400,4,566.29,15700.90,36916.43,9406.25,3625.15,8184.134135,0.084377
400,4,528.22,13587.25,34005.77,10200.68,3910.75,6307.086448,0.088364
400,4,487.18,10397.62,30398.25,9501.74,4020.66,6478.234139,0.082009
400,4,455.55,7218.19,28728.65,10303.35,3943.09,7264.019014,0.084453
400,4,532.74,12997.55,33646.34,9528.87,4035.83,7084.091082,0.084919
400,4,522.93,10681.77,32145.03,9578.24,4173.61,7711.407105,0.086150
400,4,429.07,7456.72,26707.84,9368.30,3484.60,6398.220568,0.082013
400,4,612.85,17738.06,37823.21,9146.01,3627.13,7312.013156,0.077749
400,4,561.18,13569.95,33969.20,9563.72,3761.46,7074.072415,0.084679
400,4,534.80,12982.49,33897.11,10068.97,3939.24,6906.410333,0.090836
400,4,589.79,16646.35,37042.47,9386.93,3848.20,7160.989163,0.088605
400,4,654.12,21712.60,40862.54,8663.76,3125.93,7360.248450,0.078292
400,4,623.88,18258.81,39885.35,10092.07,4185.92,7348.547227,0.087612
400,4,496.82,8677.97,30211.84,9940.10,4127.42,7466.339836,0.082874
400,4,431.29,8195.96,26696.88,8869.99,3308.26,6322.663512,0.078967
400,4,524.29,12818.30,31702.11,8565.18,3277.76,7040.872581,0.073471
400,4,408.37,6562.16,25684.16,9317.82,3711.37,6092.814514,0.081383
400,4,591.01,14424.89,36930.65,10359.21,4328.02,7818.538961,0.090154
400,4,517.89,12620.29,33406.07,9777.92,3688.39,7319.470016,0.084069
400,4,498.16,14070.96,32145.82,8935.16,3334.86,5804.842651,0.082672
400,4,628.77,19723.49,38834.78,8633.29,3098.92,7379.072128,0.090381
400,4,408.67,6663.92,26091.26,9462.72,4089.99,5874.637057,0.167832
400,4,469.74,8219.68,29257.14,9335.00,3794.48,7907.976717,0.084974
400,4,602.80,17501.67,38751.68,9490.64,3913.56,7845.822433,0.083609
400,4,631.97,19349.20,38736.48,8832.87,3265.67,7288.736922,0.078793
400,4,584.20,16082.13,36983.71,9657.67,4379.02,6864.897515,0.084301
400,4,609.44,18065.63,38132.22,8740.08,3603.05,7723.468998,0.077432
400,4,534.76,11803.20,33766.65,10291.35,4016.16,7655.940625,0.086546
400,4,591.13,17746.97,37179.28,8568.13,3492.23,7371.952527,0.079392
400,4,472.04,8809.14,29467.07,9258.88,4138.56,7260.490364,0.086171
400,4,692.31,22263.95,41550.42,9191.88,3218.26,6876.327464,0.092342
400,5,650.09,18237.30,39578.53,10288.96,3741.90,7310.371436,0.084683
400,5,627.51,15997.99,38403.18,10942.45,4297.39,7165.345616,0.098871
400,5,686.91,17661.26,41823.32,11317.97,4165.51,8678.577542,0.087250
400,5,854.64,26169.39,51474.33,11005.41,4312.15,9987.375580,0.083381
400,5,585.64,10027.04,36630.55,12510.95,5148.80,8943.762676,0.093522
400,5,590.41,11477.74,36586.91,12194.16,4862.71,8052.299467,0.097118
400,5,762.20,22288.08,48645.18,12356.22,4864.96,9135.912329,0.094156
400,5,717.43,18331.08,44133.78,11796.22,4698.53,9307.941691,0.098659
400,5,520.20,8499.21,31111.97,11161.03,4334.32,7117.411775,0.087439
400,5,585.38,11160.00,35537.16,11526.90,4595.16,8255.097039,0.115924
400,5,697.33,19231.70,43235.23,11898.45,4789.28,7315.798711,0.115947
400,5,565.15,11517.52,35915.00,11999.90,4984.69,7412.890551,0.097595
400,5,773.61,22046.97,49232.53,12060.97,5555.66,9568.936467,0.100263
400,5,731.10,20913.96,45564.83,11984.46,4480.41,8185.999172,0.086670
400,5,557.18,11075.91,34354.30,11483.41,4453.62,7341.346761,0.091648
400,5,592.65,13561.00,37011.93,11006.42,4767.96,7676.555588,0.094609
400,5,598.43,12707.74,36950.36,12084.00,4419.19,7739.429388,0.096393
400,5,665.94,16025.61,41198.00,11521.53,4572.68,9078.174521,0.093807
400,5,548.91,9731.48,34219.81,12287.21,4899.65,7301.470401,0.098935
400,5,651.67,14638.02,40575.53,11794.75,4630.82,9511.941225,0.092590
400,5,535.64,11546.24,33768.65,11299.25,4313.45,6609.717167,0.089679
400,5,708.31,19763.64,43724.04,11376.01,4203.22,8381.157205,0.088396
400,5,611.39,12706.55,37528.81,11485.87,4460.25,8876.152598,0.091625
400,5,804.32,24778.83,50857.73,11901.33,4919.61,9257.962688,0.096608
400,5,558.05,10859.88,34805.11,11275.80,4580.83,8088.602459,0.093574
400,5,625.12,15042.80,39677.19,11345.76,4142.85,9145.784070,0.090140
400,5,734.26,20545.95,45971.42,11813.28,4442.29,9169.891612,0.087074
400,5,608.53,12864.79,37465.56,11290.28,4612.32,8698.160508,0.092730
400,5,507.87,7052.66,32282.56,11916.86,4990.39,8322.640536,0.099933
400,5,856.31,29812.19,53975.51,11093.13,4364.11,8706.080396,0.100881
400,5,695.16,17982.23,43126.88,11011.15,4423.06,9710.444860,0.091002
400,5,792.58,24141.66,50187.95,11859.20,4856.65,9330.440100,0.117234
400,5,553.09,10045.58,35232.99,11979.19,5076.59,8131.633507,0.098209
400,5,579.16,12788.57,36230.75,11467.16,4371.81,7603.211463,0.090354
400,5,587.51,12461.30,37309.70,11521.67,5148.02,8178.705470,0.096199
400,5,745.02,21238.33,45875.67,10702.06,4293.69,9641.603254,0.091940
400,5,788.57,24430.53,50827.56,12716.28,4702.13,8978.628202,0.096331
400,5,729.83,17099.25,43922.00,12473.37,4585.57,9763.812311,0.092838
400,5,623.28,12457.19,37777.54,11760.14,4739.40,8820.813210,0.091043
400,5,618.97,14530.01,39897.85,12436.38,5180.80,7750.658770,0.124842
400,5,445.83,6616.53,28315.86,10683.09,4251.73,6764.514910,0.088859
400,5,717.85,21745.83,46313.53,11429.24,4731.89,8406.569560,0.097351
400,5,585.54,12190.19,35680.63,12043.14,4152.82,7294.490078,0.090602
400,5,584.56,13256.52,38414.05,11854.72,4983.31,8319.497245,0.098228
400,5,619.07,13616.98,36669.50,10751.52,4153.73,8147.276073,0.084562
400,5,836.43,27330.28,51882.69,11291.81,4516.35,8744.238640,0.117005
400,5,571.44,10316.95,35563.85,11521.65,4594.35,9130.900659,0.091545
400,5,643.36,15971.11,41242.88,11887.86,4865.88,8518.032891,0.092016
400,5,660.64,14876.81,40668.52,12117.46,4472.80,9201.445270,0.096571
400,5,565.56,9210.11,34239.39,12129.84,5146.84,7752.593029,0.100561
400,5,562.16,11296.25,36193.27,11870.68,4881.41,8144.927566,0.110690
400,5,632.39,14147.81,39187.80,12367.56,4786.16,7886.262624,0.099793
400,5,663.93,17440.02,43118.29,12004.10,4721.21,8952.968330,0.097240
400,5,586.07,13156.55,35530.29,11081.53,4148.54,7143.683749,0.089631
400,5,600.24,13435.91,37040.82,11039.05,4099.34,8466.524194,0.087748
400,5,738.21,20370.83,44963.81,11591.60,4323.71,8677.665048,0.086709
400,5,531.15,9824.32,32770.46,11150.15,4343.77,7452.217927,0.127104
400,5,638.77,15559.61,39550.94,11698.62,4652.06,7640.654428,0.113603
400,5,650.88,16228.82,40075.72,11266.03,4390.02,8190.857949,0.088761
400,5,639.36,15869.94,38924.97,11262.24,4071.21,7721.587246,0.088485
400,5,790.71,22913.42,47974.88,11648.61,4438.76,8974.093351,0.090214
400,5,578.10,11213.59,35581.52,11535.88,4434.73,8397.314032,0.090314
400,5,553.83,11618.74,34669.01,11315.60,4291.39,7443.278735,0.088471
400,5,678.47,17842.33,41170.71,11043.56,4094.71,8190.111012,0.088460
400,5,584.10,12496.24,35932.34,12148.62,4672.23,6615.250568,0.093135
400,5,605.07,14260.64,37704.83,11710.97,4488.84,7244.385279,0.093026
400,5,645.54,18083.60,40646.48,10693.15,3984.12,7885.613400,0.088021
400,5,613.64,14822.13,38650.48,11770.68,4624.29,7433.390001,0.099657
400,5,718.35,18330.82,42648.98,11572.28,4275.40,8470.473236,0.087559
400,5,874.28,28880.93,55186.88,12023.61,4944.30,9338.036109,0.093301
400,5,622.61,12609.10,38426.53,12595.33,4992.55,8229.543180,0.099278
400,5,533.66,9045.47,31718.12,10931.31,4032.03,7709.306548,0.087227
400,5,794.83,25035.86,48456.34,10778.64,3913.12,8728.735225,0.082101
400,5,661.58,18363.63,41887.78,11122.69,4298.90,8102.564959,0.089804
400,5,536.12,8761.69,33163.78,11491.15,4201.16,8709.784233,0.088708
400,5,580.04,11077.62,36423.76,12204.97,5263.14,7878.033006,0.101687
400,5,653.65,16023.78,40212.51,11271.79,4417.36,8499.572048,0.095086
400,5,728.77,18750.27,45261.76,12499.10,4683.17,9329.220503,0.091281
400,5,699.51,20184.75,44006.01,11116.96,4184.53,8519.766760,0.091909
400,5,724.19,18430.28,43831.38,12056.97,4349.03,8995.108156,0.088054
400,5,664.62,14555.98,39970.08,11904.39,4733.08,8776.638695,0.109893
400,5,735.31,23277.94,47577.54,11162.90,4372.51,8764.186119,0.089111
400,5,761.94,21233.19,45881.96,11336.16,4040.31,9272.306772,0.087867
400,5,639.12,15142.22,37699.74,10568.68,3996.26,7992.578596,0.085578
400,5,510.62,6770.00,31564.15,11819.87,4807.19,8167.082624,0.096353
400,5,456.62,4842.50,28272.61,11679.18,4468.45,7282.478078,0.093416
400,5,576.96,11208.03,37067.99,12160.03,5138.96,8560.969105,0.101292
400,5,681.79,17072.39,41454.24,10950.56,4163.78,9267.508100,0.087619
400,5,684.71,20703.24,42053.35,9987.54,4180.28,7182.290501,0.083391
400,5,541.84,9907.68,34512.98,11446.60,5224.66,7934.041387,0.099935
400,5,501.67,7149.99,31598.02,12637.86,5174.01,6636.167816,0.102601
400,5,577.17,10534.63,36304.58,11909.70,5284.16,8576.100102,0.114063
400,5,681.39,16617.91,43037.03,12306.56,5249.10,8863.447930,0.095953
400,5,705.46,19201.93,43776.94,11660.89,4731.40,8182.710918,0.097385
400,5,564.91,9927.88,35631.67,12382.42,5370.84,7950.531944,0.098072
400,5,649.15,15518.80,39869.87,10698.38,4137.60,9515.085023,0.083913
400,5,685.28,16209.63,42219.36,12105.27,4842.64,9061.813933,0.093370
400,5,624.56,13656.32,38295.42,11692.05,4325.05,8622.006868,0.091789
400,5,719.30,18994.99,42780.86,10875.09,4311.71,8599.067648,0.095643
400,5,623.80,16268.06,39946.78,11233.69,4592.08,7852.944395,0.091842
400,6,590.26,8745.91,36431.03,13911.94,5429.72,8343.467145,0.100336
400,6,833.65,24492.43,51428.12,12487.54,5098.14,9350.002878,0.098435
400,6,808.62,21725.26,50872.96,13540.45,5071.93,10535.321212,0.099963
400,6,763.70,15716.60,47071.23,14750.08,5694.52,10910.023150,0.105692
400,6,711.79,16328.93,44214.92,13172.71,4924.80,9788.479593,0.101419
400,6,738.40,17555.99,45439.09,13565.30,5191.31,9126.490697,0.101123
400,6,724.10,14205.26,44447.28,14103.34,5928.14,10210.545276,0.102999
400,6,660.02,11342.55,41434.02,14307.12,5610.72,10173.632977,0.105896
400,6,595.10,9503.91,35535.44,12769.84,4756.95,8504.724915,0.110043
400,6,761.79,17523.09,45642.16,13209.72,5332.32,9577.029012,0.116749
400,6,627.84,10339.23,39193.46,14484.52,5615.52,8754.184343,0.106119
400,6,726.33,16448.09,44173.68,13016.90,5386.00,9322.680920,0.102680
400,6,785.49,18434.56,49304.37,14585.66,5663.29,10620.864993,0.102385
400,6,688.50,13516.67,42528.92,14353.52,4959.96,9698.769471,0.097478
400,6,691.13,15268.54,42628.27,14075.58,5054.31,8229.853082,0.101174
400,6,655.12,13240.98,40610.66,13361.80,5429.73,8578.141441,0.098426
400,6,791.14,21389.37,48509.74,13064.07,4972.13,9084.177653,0.100781
400,6,858.06,23743.95,53105.20,13314.27,5329.01,10717.981988,0.117226
400,6,679.87,14396.33,42204.65,14090.02,5368.48,8349.817944,0.102297
400,6,898.23,24030.36,55283.83,14592.39,5690.48,10970.606037,0.100679
400,6,595.65,7115.88,36833.88,15156.40,6007.31,8554.283639,0.108371
400,6,703.81,15117.49,45159.48,14648.28,5901.90,9491.812999,0.106607
400,6,860.07,24094.11,52495.42,13241.88,4806.04,10353.392653,0.096724
400,6,727.63,15637.02,45048.24,13411.72,5097.89,10901.607895,0.100449
400,6,577.42,7294.36,35231.98,13575.10,5467.65,8894.866527,0.101296
400,6,796.40,21311.38,50878.48,13856.50,5948.33,9762.267530,0.104906
400,6,791.47,18889.05,50060.11,14531.25,5774.74,10865.068400,0.107458
400,6,788.15,17233.08,48094.75,14886.33,6095.47,9879.878327,0.113033
400,6,786.31,19071.43,49560.93,14576.60,6010.59,9902.306442,0.108424
400,6,650.38,11361.24,40361.13,13967.58,5371.28,9661.031672,0.101088
400,6,800.98,21065.43,48089.49,12442.70,4352.10,10229.263928,0.090588
400,6,728.65,15542.54,45578.39,13820.38,5101.34,11114.137784,0.100531
400,6,721.99,16474.18,44659.74,14032.61,5260.28,8892.671813,0.099937
400,6,683.85,13384.08,42777.61,14369.19,5595.61,9428.738328,0.104662
400,6,609.67,9879.57,37190.07,13304.40,4936.17,9069.928362,0.099930
400,6,722.09,16025.48,45453.18,13588.92,5472.39,10366.380646,0.102344
400,6,794.36,19214.04,48919.82,13643.92,5681.04,10380.818426,0.101950
400,6,703.67,16049.92,44270.65,12781.28,4838.15,10601.297503,0.101655
400,6,738.28,15089.16,45873.15,14817.58,5902.55,10063.868476,0.107166
400,6,634.86,11552.64,41313.23,14559.43,6366.53,8834.624746,0.116952
400,6,743.06,19486.04,46268.79,13086.61,5313.14,8383.002949,0.104796
400,6,722.49,17393.94,46176.93,13709.49,5510.46,9563.034980,0.104936
400,6,792.48,20621.42,49475.00,13778.48,5708.54,9366.561328,0.103471
400,6,682.18,9957.13,41687.20,15072.84,6307.68,10349.556705,0.105991
400,6,784.05,19229.58,48892.44,14146.94,5430.75,10085.175411,0.112170
400,6,819.63,21440.70,50730.22,13696.76,5290.46,10302.305375,0.118633
400,6,887.05,24281.92,53460.72,13612.89,5285.09,10280.820977,0.099084
400,6,723.48,17757.42,44591.84,12988.52,5092.07,8753.828025,0.121360
400,6,783.89,17329.46,48215.94,14482.02,6142.95,10261.516967,0.121303
400,6,744.48,17714.51,46686.88,14564.51,5657.38,8750.484518,0.104852
400,6,718.94,14166.47,44304.23,14682.40,5619.18,9836.174358,0.103088
400,6,566.04,6899.64,35474.87,13968.55,6000.78,8605.907475,0.108130
400,6,784.07,20179.12,48561.87,13399.05,4914.61,10069.085971,0.097161
400,6,887.22,24923.43,54599.45,14502.71,5909.86,9263.447666,0.101720
400,6,744.51,18337.58,46208.14,13402.45,5092.79,9375.312662,0.097840
400,6,873.77,22648.11,51580.13,14080.48,5147.57,9703.975296,0.096675
400,6,675.93,13664.89,42065.03,14249.88,5549.36,8600.908074,0.106282
400,6,632.34,10332.30,40109.43,14430.66,5980.51,9365.968150,0.113994
400,6,649.09,11871.91,40899.16,13839.49,4909.18,10278.577385,0.102617
400,6,684.50,13645.74,42800.82,14362.04,5536.82,9256.222588,0.103164
400,6,750.67,18171.64,46265.33,13398.66,4955.42,9739.615412,0.102910
400,6,791.24,21006.59,49583.88,13222.88,5449.71,9904.704958,0.102390
400,6,678.49,12268.15,41587.79,14782.24,5521.13,9016.273694,0.101223
400,6,784.12,19434.46,48375.79,14440.73,5514.31,8986.292912,0.103561
400,6,605.78,10554.74,39030.42,14403.07,5781.25,8291.355798,0.110111
400,6,602.19,10804.72,37557.21,12860.63,5257.96,8633.897319,0.101119
400,6,694.63,13495.33,42637.87,14210.43,5123.60,9808.501108,0.105755
400,6,604.34,9199.31,37999.28,14715.00,5823.61,8261.350204,0.107120
400,6,764.52,19238.54,48586.33,14162.44,5523.01,9662.345739,0.111317
400,6,747.39,16220.58,46253.29,14078.05,5596.24,10358.418150,0.102873
400,6,714.26,13101.72,44677.23,15510.43,6099.83,9965.244670,0.108849
400,6,792.49,21531.25,49144.93,13239.54,5005.76,9368.377604,0.105314
400,6,680.07,15094.04,44448.06,13888.43,5680.44,9785.140332,0.107508
400,6,809.38,20554.87,50699.75,14498.20,6151.68,9494.999636,0.110012
400,6,801.76,21018.68,50359.66,13261.31,5470.88,10608.785825,0.099890
400,6,695.91,15579.01,43914.40,13640.79,5346.18,9348.427410,0.119067
400,6,800.58,19706.08,49713.22,14171.85,5501.55,10333.735943,0.103426
400,6,809.22,21635.55,49776.83,13382.58,5025.69,9732.998695,0.097259
400,6,733.96,17961.97,45848.08,12651.00,5521.37,9713.742288,0.124934
400,6,665.04,11709.17,41056.10,13445.20,5317.68,10584.050504,0.101637
400,6,824.78,21065.66,50606.07,13967.81,5592.63,9979.969673,0.103621
400,6,803.44,21071.79,50201.18,13191.00,5178.32,10760.062786,0.100427
400,6,725.33,14988.07,44654.12,13545.75,5643.60,10476.704180,0.101691
400,6,739.85,15853.69,44757.81,14270.75,5483.96,9149.422962,0.100245
400,6,806.11,21926.00,50510.26,13774.59,5373.61,9436.052557,0.097592
400,6,831.76,22290.18,51871.03,15109.20,5559.17,8912.482686,0.099920
400,6,920.12,25598.76,58061.30,15643.87,6281.95,10536.715311,0.118895
400,6,772.51,18535.96,47444.76,13863.19,5027.53,10018.091118,0.097823
400,6,646.04,13973.36,39677.77,12935.04,4819.06,7950.308805,0.096268
400,6,733.36,16117.28,45830.11,15436.42,5614.35,8662.070518,0.105623
400,6,606.88,11518.76,38867.16,13356.66,5718.59,8273.155675,0.105626
400,6,638.70,9989.25,40430.96,14641.71,5910.57,9889.431583,0.108163
400,6,779.94,17671.28,48062.43,14361.14,5636.13,10393.874287,0.104387
400,6,637.29,9733.31,38839.06,14163.36,5548.10,9394.289796,0.102197
400,6,650.03,10078.50,40713.12,14853.53,5970.72,9810.363903,0.114501
400,6,697.27,14441.75,41847.74,12744.63,4476.63,10184.731464,0.094734
400,6,737.87,16277.41,44848.41,13392.55,5123.36,10055.098839,0.106884
400,6,714.29,14961.02,43265.95,13568.70,5141.62,9594.608106,0.101020
400,6,762.81,17226.52,46963.44,14043.61,5773.11,9920.195748,0.103314
400,6,574.57,7217.11,36121.02,14316.48,5929.70,8657.724595,0.108351
400,7,1002.08,29179.90,61751.15,17001.95,6249.05,9320.250351,0.108698
400,7,730.47,12234.05,44847.92,16378.66,6129.41,10105.790394,0.111489
400,7,892.31,19847.66,54437.01,17274.39,6517.74,10797.216694,0.109437
400,7,955.63,21610.12,58374.26,17276.90,6905.61,12581.625372,0.115859
400,7,813.93,17614.60,50113.90,15130.66,5964.90,11403.743246,0.104583
400,7,961.67,27374.64,58723.70,15645.98,5816.06,9887.013546,0.106540
400,7,693.62,10661.24,44138.74,15872.15,6222.68,11382.662919,0.110398
400,7,765.15,13220.10,48579.11,16924.27,7073.63,11361.101619,0.122731
400,7,841.04,20124.34,51234.91,15858.64,6040.07,9211.856485,0.110289
400,7,877.06,22408.05,54629.62,15865.12,5769.54,10586.909495,0.110966
400,7,817.22,17182.61,51555.28,17860.36,6821.41,9690.896198,0.119908
400,7,740.67,12944.92,45201.18,15625.47,6108.10,10522.686035,0.111975
400,7,841.22,19068.14,52559.36,16175.50,6094.99,11220.726603,0.111425
400,7,1050.15,30434.15,63604.44,16134.54,6464.11,10571.642771,0.109122
400,7,731.77,11696.81,45241.15,16981.63,6628.25,9934.461548,0.118803
400,7,830.35,18700.33,49941.92,15268.26,6038.16,9935.163465,0.110804
400,7,932.49,24588.33,58554.93,16590.86,6659.04,10716.693772,0.112415
400,7,1058.11,28946.65,64663.85,16843.08,6950.34,11923.780320,0.114975
400,7,774.57,14865.11,47476.06,16389.76,6741.09,9480.085261,0.113226
400,7,813.58,15602.01,50377.80,16559.52,6395.56,11820.712009,0.117827
400,7,597.98,5693.45,36337.94,15856.57,6106.87,8681.043090,0.110575
400,7,636.44,7674.60,40172.37,15861.32,6650.79,9985.656710,0.116809
400,7,863.50,19134.28,53250.55,16577.50,6572.25,10966.524707,0.116527
400,7,1062.13,32800.68,67042.07,15823.88,6350.35,12067.156589,0.110859
400,7,887.23,21452.45,53644.27,15772.00,6095.71,10324.108885,0.105970
400,7,736.83,13631.42,45416.47,14967.38,5660.84,11156.824087,0.106395
400,7,992.70,26521.67,61946.13,15667.71,6785.21,12971.550914,0.116643
400,7,844.76,17710.16,52757.13,17480.17,6952.58,10614.223878,0.120826
400,7,903.39,22016.56,56576.56,16787.15,6551.30,11221.549513,0.112632
400,7,815.35,16195.75,50988.82,16574.81,6505.49,11712.771735,0.116642
400,7,800.01,18085.35,51072.05,15031.17,6041.45,11914.078594,0.112099
400,7,758.69,12617.51,47360.88,16679.11,6531.84,11532.414713,0.141165
400,7,664.72,9531.22,42354.34,16915.78,6554.23,9353.112600,0.119093
400,7,765.96,13517.29,47250.26,17470.04,6648.34,9614.589575,0.119455
400,7,853.19,20127.00,52071.99,15511.09,5952.75,10481.158575,0.114518
400,7,981.46,26831.44,60286.36,15178.89,6371.67,11904.363454,0.106725
400,7,695.72,8820.15,44897.24,17785.16,7427.84,10864.093600,0.126725
400,7,897.63,21422.73,55105.91,15753.22,5977.86,11952.094366,0.108520
400,7,864.65,19087.58,54971.86,17074.78,7603.92,11205.577432,0.119254
400,7,817.65,18659.62,51632.97,16403.94,6393.97,10175.450361,0.108031
400,7,690.58,11321.46,41768.99,15439.19,5507.73,9500.618706,0.106120
400,7,812.51,17785.70,51864.33,16706.78,6894.43,10477.414491,0.115410
400,7,737.84,13267.98,46171.28,16664.50,5763.86,10474.944821,0.109589
400,7,712.98,8906.51,43964.12,17234.77,6747.84,11075.002864,0.116821
400,7,845.47,21011.11,53185.88,15579.49,6212.85,10382.434757,0.114743
400,7,801.73,17198.50,50351.89,16259.85,6172.20,10721.344176,0.109796
400,7,768.50,16689.74,46943.80,14029.77,4970.53,11253.771719,0.098806
400,7,996.72,28432.40,61218.98,15506.34,5731.80,11548.435685,0.105776
400,7,779.44,13177.77,47963.29,16455.74,6671.88,11657.896433,0.114931
400,7,796.60,16903.40,50435.93,16392.45,6881.74,10258.325504,0.115384
400,7,739.75,13063.97,46479.84,16914.58,6652.23,9849.057074,0.119469
400,7,694.95,9280.30,43689.10,17354.68,6883.56,10170.556369,0.117567
400,7,812.13,18175.07,50652.14,15263.27,5855.65,11358.148560,0.110033
400,7,778.56,15973.28,47348.61,14880.04,5781.03,10714.265905,0.105706
400,7,848.61,20387.85,52042.77,15051.20,6037.65,10566.078058,0.104903
400,7,808.54,17182.67,50901.54,16332.74,6532.70,10853.429255,0.115980
400,7,729.94,13690.51,47989.03,17401.27,6951.24,9946.012191,0.124481
400,7,913.47,22261.73,56999.50,17454.97,7472.47,9810.340915,0.121046
400,7,875.41,19975.04,53640.72,16900.55,6472.27,10292.853846,0.135606
400,7,771.44,14075.92,46460.76,15952.87,5964.23,10467.732658,0.117029
400,7,911.99,21855.68,56288.80,16286.63,6605.22,11541.262076,0.115202
400,7,793.42,15522.28,48549.42,15952.61,6392.72,10681.805763,0.115135
400,7,726.45,13950.21,45975.34,16448.40,6017.12,9559.616027,0.112711
400,7,743.37,11649.59,46480.42,17599.14,6930.53,10301.155414,0.118285
400,7,739.93,15265.40,45840.50,15631.11,5912.22,9031.765096,0.112342
400,7,679.37,12086.31,43092.76,15291.47,5721.75,9993.229273,0.129252
400,7,817.30,18335.95,52104.89,16293.12,7100.24,10375.582513,0.116650
400,7,828.71,18209.86,51883.53,16711.25,6847.23,10115.191158,0.142159
400,7,930.86,24639.99,56955.69,15509.20,6152.36,10654.133075,0.108641
400,7,987.17,24186.70,60198.44,16824.26,6748.76,12438.727459,0.119222
400,7,922.40,24093.85,56606.18,15657.09,5825.92,11029.327556,0.105922
400,7,768.72,15319.98,49340.31,16109.81,6854.45,11056.074227,0.119781
400,7,951.99,25149.06,60245.28,17523.72,7319.39,10253.113092,0.122235
400,7,932.71,25167.02,56214.80,14709.69,5560.61,10777.488307,0.102117
400,7,1019.95,27424.44,64178.48,17715.97,7236.84,11801.231519,0.117195
400,7,842.21,18460.59,52801.01,16515.26,6621.90,11203.262554,0.114935
400,7,793.88,16799.49,50162.68,16177.70,6093.94,11091.535520,0.110540
400,7,738.33,12130.32,45532.70,15158.13,5901.66,12342.584234,0.111096
400,7,836.40,18305.55,53000.07,16940.80,6721.65,11032.071271,0.116357
400,7,920.18,23541.97,57705.99,15978.98,6291.14,11893.903470,0.111943
400,7,791.71,16867.92,49621.08,15619.26,5997.31,11136.587154,0.110238
400,7,1099.32,33227.69,68029.50,16022.47,6184.82,12594.520986,0.112111
400,7,797.24,14957.17,48862.66,16139.49,6279.08,11486.917113,0.110904
400,7,835.68,19547.81,50538.71,15746.73,6052.86,9191.316875,0.107408
400,7,757.50,13043.18,47176.77,17180.26,7036.33,9916.991941,0.117433
400,7,897.14,22056.47,55238.00,16926.92,6624.01,9630.607701,0.112357
400,7,736.37,12458.78,46034.03,15879.06,6216.13,11480.060358,0.113364
400,7,717.36,10705.91,44115.28,15441.52,6128.70,11839.148259,0.106736
400,7,626.26,8715.49,38300.92,15206.00,5708.24,8671.197289,0.107527
400,7,868.41,20218.39,53310.53,16812.28,6312.97,9966.902172,0.108026
400,7,920.32,25218.47,57016.23,16022.22,5855.79,9919.760216,0.111795
400,7,933.68,22046.26,57535.98,17284.06,7117.30,11088.360132,0.117972
400,7,934.17,23564.83,57453.34,16075.33,6225.74,11587.431025,0.108302
400,7,846.17,18013.03,52237.16,16599.41,6800.21,10824.514001,0.113173
400,7,813.68,16375.36,51012.13,16724.60,6588.14,11324.031311,0.118093
400,7,908.31,23860.64,56548.18,15640.07,6285.23,10762.230389,0.111330
400,7,894.11,19275.97,55386.02,16830.02,6859.40,12420.628302,0.116052
400,7,803.76,16193.87,50692.68,16970.51,6791.76,10736.537968,0.116974
400,7,751.38,14745.82,48692.38,16630.06,6510.00,10806.503217,0.114959
400,7,824.28,19150.45,49191.82,14602.68,5414.41,10024.283279,0.105797
400,8,777.06,11722.30,48310.75,18610.76,7420.36,10557.326260,0.135787
400,8,796.26,13831.73,49381.26,17551.08,6877.17,11121.283023,0.124523
400,8,908.31,17301.70,56719.53,19769.67,7571.05,12077.106777,0.123457
400,8,930.17,20093.44,58089.43,18062.24,6967.87,12965.883054,0.132080
400,8,829.10,10351.46,50551.82,19089.61,7582.46,13528.296895,0.123404
400,8,1003.01,24521.98,62222.69,18766.36,7673.99,11260.364519,0.126948
400,8,907.30,20058.16,56980.77,17475.21,6957.18,12490.215756,0.118366
400,8,950.10,18567.77,59215.70,20143.70,8196.59,12307.635436,0.130779
400,8,706.95,8598.27,44331.16,18333.64,7180.00,10219.249015,0.124162
400,8,937.69,22856.58,59446.78,18396.60,7002.56,11191.036694,0.139978
400,8,842.33,16201.90,53587.60,18941.69,7879.70,10564.314155,0.126563
400,8,979.31,25314.25,63367.41,18849.07,8107.04,11097.049277,0.129527
400,8,1053.99,27091.01,65902.17,17843.51,7196.21,13771.431046,0.121841
400,8,959.71,20234.78,58684.70,18800.88,7418.13,12230.923712,0.125158
400,8,843.13,16362.91,52639.53,18082.43,7049.60,11144.590756,0.125125
400,8,854.17,17712.84,53362.64,18254.27,7245.50,10150.034179,0.124458
400,8,871.18,15650.23,52920.65,18168.24,7106.85,11995.331714,0.119795
400,8,1044.97,27062.11,63796.39,17507.46,6341.84,12884.977447,0.115598
400,8,809.45,14037.77,51179.37,18864.34,7321.16,10956.096212,0.125450
400,8,906.17,17736.67,58875.59,20000.40,8199.61,12938.909781,0.139079
400,8,815.10,14937.03,49864.72,17897.19,6620.67,10409.829355,0.118124
400,8,953.16,20388.36,57467.57,19019.84,6971.22,11088.155181,0.123359
400,8,918.40,18404.12,58195.55,19558.22,7902.06,12331.149170,0.131754
400,8,1290.07,38400.24,78358.05,18974.59,7214.64,13768.569545,0.115242
400,8,886.80,17230.55,54730.30,18691.50,7362.20,11446.047617,0.124763
400,8,930.20,20839.31,57397.11,17880.95,6439.24,12237.606102,0.117069
400,8,953.34,19142.61,61252.59,19934.71,8328.31,13846.952201,0.135408
400,8,968.05,25053.44,61707.93,18311.64,7046.01,11296.825869,0.119759
400,8,949.42,21645.69,58763.91,18048.36,7262.06,11807.796352,0.118877
400,8,897.73,15789.91,55387.24,18727.92,7713.52,13155.890007,0.130177
400,8,1057.54,28400.43,66074.10,18188.78,6773.53,12711.363532,0.114799
400,8,885.36,14313.77,54098.82,19093.42,7662.87,13028.772418,0.124271
400,8,814.92,13602.01,48916.48,17153.33,6579.96,11581.184162,0.137597
400,8,874.56,19338.69,55563.02,18041.73,7491.07,10691.522488,0.128221
400,8,866.53,15712.99,53321.72,18741.46,7490.78,11376.489920,0.130384
400,8,1021.98,27011.69,62458.44,17148.33,6134.47,12163.952200,0.114140
400,8,901.59,19319.84,56971.91,18807.27,7260.19,11584.596639,0.121751
400,8,966.57,22125.99,60553.33,18604.78,7276.68,12545.882088,0.125104
400,8,739.40,6191.37,47555.27,20195.90,8027.69,13140.323253,0.135306
400,8,1002.43,23697.40,62233.82,19269.67,7520.78,11745.977355,0.120341
400,8,1046.64,29623.00,63044.10,17385.46,6320.07,9715.576851,0.114100
400,8,876.46,16420.85,53966.78,18559.83,6733.74,12252.360981,0.122763
400,8,967.11,22772.73,57140.16,16624.18,6370.88,11372.366607,0.110863
400,8,1028.19,26332.74,65015.27,19833.51,7908.05,10940.967800,0.122669
400,8,887.44,18634.13,56091.81,19171.43,7596.83,10689.421457,0.128608
400,8,960.40,20746.89,60451.75,19261.01,8183.06,12260.782370,0.128566
400,8,884.21,17860.48,54612.05,17468.28,6718.76,12564.538925,0.128127
400,8,839.19,15103.88,53193.32,18758.85,7412.57,11918.011035,0.127624
400,8,774.82,9137.41,49372.43,19565.28,8411.26,12258.488629,0.140351
400,8,976.18,20303.78,59821.08,19760.37,7895.34,11861.588080,0.124571
400,8,980.30,23693.53,59722.45,17905.93,6752.38,11370.609487,0.115321
400,8,907.94,20304.31,57086.20,18771.98,7132.43,10877.480222,0.122915
400,8,922.83,18729.28,58111.19,19068.21,7757.70,12555.996182,0.131088
400,8,830.61,12529.81,52030.50,19469.24,7627.93,12403.528202,0.128510
400,8,744.92,8597.78,45972.62,18527.34,6946.70,11900.800630,0.122122
400,8,975.35,20499.00,59767.59,19448.64,7693.72,12126.232221,0.125900
400,8,939.92,21055.38,57989.87,17889.54,6787.14,12257.805485,0.114921
400,8,846.29,17617.55,54327.57,18690.35,7030.25,10989.418551,0.125402
400,8,1107.59,31162.47,68350.72,18329.04,7005.05,11854.156035,0.117779
400,8,788.72,14147.76,48323.67,17017.72,6473.60,10684.600624,0.121085
400,8,1118.86,30291.27,69569.87,19140.78,7149.35,12988.463124,0.121876
400,8,920.10,21421.99,58998.63,19253.43,7296.78,11026.438712,0.129646
400,8,777.33,10080.41,48161.37,19672.12,7658.35,10750.487063,0.129746
400,8,886.59,19270.32,55448.94,18032.87,7121.77,11023.981847,0.124761
400,8,789.19,12154.83,49874.16,19549.98,7855.93,10313.412065,0.134048
400,8,872.94,18279.43,54430.01,17885.11,7308.75,10956.719163,0.124807
400,8,864.57,16388.41,54323.58,18366.40,7092.34,12476.417480,0.122110
400,8,759.42,8689.31,47357.17,19685.58,8046.75,10935.530397,0.135122
400,8,844.49,13763.31,53187.93,19361.51,8207.30,11855.808157,0.129623
400,8,952.57,21127.89,58528.99,17909.40,6494.17,12997.528861,0.115630
400,8,1034.00,26062.34,64452.28,18967.67,7346.47,12075.798525,0.119217
400,8,897.13,17255.67,56503.83,19635.06,7912.42,11700.679063,0.128110
400,8,1108.91,30342.21,66897.52,18157.03,6662.54,11735.734343,0.114620
400,8,1056.75,27353.56,65452.86,18120.03,6954.92,13024.348013,0.117805
400,8,984.82,21615.99,60767.96,19352.50,7678.33,12121.141463,0.127645
400,8,1039.48,29153.72,67225.75,18164.28,7135.76,12771.999104,0.126518
400,8,835.49,13993.30,52466.02,18867.21,7931.44,11674.060366,0.126493
400,8,1074.99,30371.79,68840.41,18176.33,7031.97,13260.325333,0.147342
400,8,869.94,14813.14,53085.57,18941.74,7573.53,11757.173675,0.126374
400,8,890.50,16624.74,55082.78,18911.74,7139.60,12406.705809,0.122509
400,8,793.55,12789.48,50309.92,18194.86,7092.63,12232.958568,0.125908
400,8,981.98,22633.50,61283.75,17427.88,7151.37,14071.003241,0.121135
400,8,1006.60,23414.22,60600.33,17649.86,6607.40,12928.844539,0.118465
400,8,689.53,6367.31,44228.78,19774.24,7630.35,10456.881778,0.135838
400,8,976.53,22726.01,59796.88,18803.53,7160.98,11106.353602,0.121332
400,8,768.87,11758.92,49385.66,18893.90,7731.52,11001.318784,0.129306
400,8,851.77,13804.93,52953.32,18478.41,7922.68,12747.300330,0.127509
400,8,947.38,19353.05,58295.78,18718.61,7344.29,12879.825596,0.126532
400,8,779.48,11535.28,46918.14,18287.98,6943.77,10151.105307,0.134142
400,8,704.47,5751.15,44042.64,19038.67,7482.78,11770.043905,0.131602
400,8,864.86,16961.81,53491.60,18266.29,7277.67,10985.841989,0.121966
400,8,767.53,10433.88,48348.92,17950.23,7219.80,12745.011890,0.124460
400,8,1089.38,30040.06,67375.09,17407.47,6585.42,13342.143324,0.114613
400,8,942.64,22154.28,60407.58,19505.45,7327.34,11420.509843,0.127492
400,8,1040.02,25628.87,64852.18,19574.45,7919.34,11729.515657,0.126369
400,8,1066.72,27185.57,65455.31,18641.81,7013.91,12614.018649,0.120316
400,8,969.78,19797.17,58148.62,18057.30,6449.34,13844.811520,0.114243
400,8,850.36,14906.63,52203.51,18688.84,7166.85,11441.181443,0.125468
400,8,919.52,21360.06,57668.39,18178.75,6664.47,11465.110270,0.124213
400,8,875.30,17315.06,54084.74,17779.94,7301.76,11687.975946,0.119340
400,9,880.06,14600.60,55851.11,21603.52,8462.37,11184.614026,0.138602
400,9,907.20,14888.61,57749.45,22119.43,8641.71,12099.698228,0.143982
400,9,950.92,17746.50,58483.97,20111.30,8038.28,12587.880525,0.174263
400,9,1103.03,27485.78,69271.46,20274.31,7865.44,13645.934566,0.131344
400,9,1094.54,25135.05,67258.81,20711.92,8214.62,13197.217022,0.128389
400,9,1081.23,23239.07,67657.74,22199.29,9311.87,12907.511853,0.141088
400,9,1186.51,33335.70,75970.57,21437.51,9061.79,12135.566475,0.139945
400,9,849.79,10236.18,53268.74,21627.90,8330.43,13074.227544,0.133859
400,9,793.76,9235.11,49941.77,20902.43,8579.45,11224.785674,0.141079
400,9,1153.84,28684.22,69382.16,20260.30,7819.25,12618.390019,0.133591
400,9,838.31,10979.17,53823.08,21435.45,8171.28,13237.177679,0.138205
400,9,956.90,17524.62,60333.12,21619.96,8763.54,12424.994659,0.136217
400,9,901.09,15262.86,56620.37,19917.44,7432.98,14007.093396,0.130023
400,9,1065.03,22884.69,66076.78,21583.37,8666.19,12942.528792,0.131801
400,9,894.88,14955.50,56198.09,21146.78,9130.62,10965.181378,0.142567
400,9,935.00,18013.70,58909.43,21283.27,8498.26,11114.198182,0.133974
400,9,925.64,13833.60,57062.79,21645.98,8793.84,12789.370430,0.132883
400,9,1005.29,21020.27,63101.90,19844.00,8170.49,14067.137737,0.131578
400,9,1031.60,24268.72,64451.77,19946.26,7801.18,12435.610251,0.124282
400,9,1144.68,29724.07,70272.61,19576.91,7561.27,13410.354520,0.122927
400,9,858.16,14068.46,53820.31,20455.43,7796.04,11500.370733,0.136931
400,9,912.61,15668.20,56689.15,20870.47,8322.94,11827.548627,0.130496
400,9,983.39,18435.26,60564.80,20951.29,8104.93,13073.313670,0.142718
400,9,1119.88,25951.99,68329.34,19873.22,8206.75,14297.380288,0.145776
400,9,915.87,14371.92,58166.36,21488.89,9511.62,12793.929328,0.141359
400,9,1092.42,26106.86,66611.79,19892.30,7878.45,12734.174028,0.128429
400,9,1137.31,25483.21,68484.71,20727.57,7820.16,14453.766255,0.126797
400,9,1200.24,32898.91,72886.00,19603.36,7396.89,12986.827413,0.127598
400,9,1198.62,31068.67,74901.60,22267.09,8289.08,13276.749418,0.131338
400,9,1023.05,17351.46,62049.70,21760.65,8898.30,14039.296778,0.132810
400,9,1026.65,24810.04,61360.57,17824.73,6482.00,12243.799761,0.115238
400,9,1005.77,17594.29,61592.63,21602.27,8217.15,14178.917641,0.129523
400,9,1051.05,23267.32,66614.20,21847.49,8849.93,12649.460742,0.139403
400,9,985.79,18219.18,60972.79,21836.09,8649.97,12267.554507,0.135381
400,9,776.09,7084.80,47240.19,20145.21,7625.29,12384.894001,0.124914
400,9,1007.42,21849.10,62064.43,20136.89,7827.21,12251.228189,0.125594
400,9,936.22,16354.49,59571.43,21619.96,8971.46,12625.530409,0.141520
400,9,915.19,14888.01,56363.04,20778.98,7404.84,13291.206742,0.130368
400,9,1154.71,29123.23,71730.00,21265.10,8279.91,13061.769165,0.135502
400,9,1009.71,19662.86,62941.43,21660.01,9132.67,12485.891633,0.137786
400,9,1050.36,24086.62,64620.71,20274.75,7740.94,12518.403638,0.125104
400,9,1144.01,29569.22,69383.74,19807.91,7601.75,12404.866442,0.123695
400,9,840.12,12474.30,52049.88,19355.81,7612.63,12607.138012,0.122363
400,9,991.77,18623.73,60219.38,20854.54,7702.49,13038.611219,0.126474
400,9,841.72,10358.84,52319.13,21356.81,8867.45,11736.020322,0.138472
400,9,1028.96,21674.41,64607.89,21557.30,8386.66,12989.524919,0.136047
400,9,921.97,15020.97,58788.00,21695.91,8651.62,13419.508811,0.137126
400,9,1168.27,29939.60,70055.80,19751.90,7451.83,12912.464113,0.138006
400,9,1153.31,28662.54,73563.59,22050.83,9548.28,13301.936032,0.141186
400,9,1090.20,23165.61,66996.80,21751.51,9140.91,12938.774397,0.137199
400,9,938.60,19597.19,59601.08,19596.01,7508.13,12899.757196,0.143793
400,9,901.94,13181.42,57263.96,22030.50,8875.14,13176.896786,0.137825
400,9,1019.19,21768.75,63774.14,20415.91,7763.28,13826.201962,0.125868
400,9,1004.88,22261.56,61731.15,19242.23,7408.42,12818.938590,0.124311
400,9,941.73,18222.87,56342.78,19599.66,7076.09,11444.155230,0.122915
400,9,862.64,14413.24,53089.76,18706.24,6836.39,13133.888724,0.118987
400,9,885.72,14287.24,54621.19,19629.35,7558.07,13146.534842,0.126525
400,9,858.00,12758.51,55316.56,21780.85,9375.08,11402.121592,0.161978
400,9,1039.48,23832.29,64981.82,20428.03,8074.38,12647.115843,0.131320
400,9,1008.20,20991.51,61621.71,20553.68,8094.36,11982.160008,0.128320
400,9,884.71,12256.36,55104.17,21018.56,8711.12,13118.125384,0.131507
400,9,914.98,15983.68,56135.20,20113.37,7938.92,12099.228927,0.127605
400,9,952.70,19885.28,57292.07,18906.90,7019.39,11480.494162,0.121094
400,9,875.75,14212.29,54227.68,19503.09,7784.53,12727.762846,0.132749
400,9,1052.67,24413.21,64221.63,20303.13,7658.46,11846.830497,0.147745
400,9,934.67,17913.90,58348.49,20512.27,7833.53,12088.785495,0.145281
400,9,1054.59,25915.26,64154.67,18397.87,6919.23,12922.316829,0.118253
400,9,966.45,19794.48,60621.85,20947.38,8084.01,11795.981720,0.132587
400,9,964.91,18307.23,59397.46,20903.33,8078.40,12108.489749,0.129100
400,9,1087.68,26678.39,68785.72,20406.60,8127.36,13573.355693,0.131889
400,9,1034.62,20798.44,62986.76,20348.88,7597.78,14241.654839,0.125890
400,9,885.61,12608.58,54850.16,21899.26,8439.69,11902.632547,0.130954
400,9,989.34,22292.62,61038.00,19679.75,7427.97,11637.660812,0.123322
400,9,1144.00,28344.96,70133.08,20091.46,7620.77,14075.889249,0.148579
400,9,995.45,19972.20,62935.87,21577.20,8247.55,13138.924763,0.150086
400,9,980.12,18474.35,61409.26,20855.14,8397.18,13682.592599,0.145050
400,9,985.15,15236.57,60032.50,22869.16,8438.11,13488.656814,0.136571
400,9,1077.16,24450.52,68484.06,21701.95,8785.62,13545.962296,0.139546
400,9,1002.45,18818.53,60954.48,21534.84,8467.22,12133.898211,0.133725
400,9,1011.72,21272.83,62633.67,20391.00,8279.10,12690.743497,0.134876
400,9,909.95,14067.58,55050.37,20174.81,8247.66,12560.320604,0.129849
400,9,978.07,16389.14,61538.39,21243.49,8456.50,15449.267804,0.135051
400,9,1003.62,19566.64,61784.84,20854.24,8151.89,13212.067761,0.130051
400,9,914.77,14004.31,57036.02,21588.85,9574.04,11868.818159,0.142800
400,9,899.62,13395.72,55434.84,20925.66,8430.66,12682.799261,0.132574
400,9,1014.27,22644.04,64564.80,21072.34,8260.95,12587.454461,0.134317
400,9,1174.41,29401.45,74122.10,21324.33,8422.16,14974.160268,0.134573
400,9,856.62,10811.50,53966.65,20993.68,8836.49,13324.979291,0.142476
400,9,850.28,12904.70,52972.38,20757.74,8056.44,11253.498360,0.130318
400,9,1079.79,25334.66,66064.92,20006.61,7863.59,12860.058853,0.123920
400,9,830.38,11401.36,52287.02,20629.70,7787.97,12467.990561,0.152848
400,9,1174.15,28474.22,71210.42,21520.15,8230.01,12986.034293,0.122049
400,9,1044.80,22516.03,66472.53,21498.89,8824.94,13632.673484,0.188043
400,9,1004.18,21889.47,63253.60,20689.84,8360.05,12314.248414,0.130418
400,9,1014.19,19028.16,63542.53,21813.64,8910.57,13790.168393,0.140217
400,9,1023.42,24605.98,64305.98,19562.37,7131.50,13006.132444,0.120121
400,9,1083.94,24391.46,65814.63,20154.10,7762.55,13506.519410,0.125196
400,9,887.00,15054.18,55944.23,20135.27,8406.82,12347.960968,0.154396
400,9,926.19,17543.76,58110.81,19676.38,8046.55,12844.121617,0.127766
400,9,1060.28,24271.04,65186.98,20337.84,7958.18,12619.923298,0.123950
400,10,893.27,10419.28,54869.76,22794.69,9263.23,12392.563008,0.151570
400,10,1046.03,18072.36,64806.46,23898.50,9863.19,12972.411611,0.157612
400,10,1195.43,29673.62,74259.54,22273.30,8641.91,13670.713330,0.135488
400,10,1050.44,20037.90,66865.46,22108.37,9301.56,15417.637320,0.149130
400,10,1124.48,25844.01,69408.89,22212.86,8172.06,13179.951978,0.147530
400,10,1130.67,20222.91,69278.08,25083.66,10571.15,13400.360600,0.152144
400,10,1035.14,17755.38,63623.36,22708.99,9113.58,14045.409207,0.139382
400,10,992.59,13921.49,61130.25,24077.22,9173.52,13958.023876,0.144626
400,10,835.41,8049.45,53963.81,24245.25,9857.57,11811.543487,0.153351
400,10,1227.44,28713.51,76979.53,24225.11,10277.50,13763.421982,0.149367
400,10,1102.39,23305.27,68098.23,22446.67,9355.27,12991.023682,0.136083
400,10,1062.24,18334.17,65345.22,24235.34,9635.98,13139.729303,0.145433
400,10,1218.58,29663.61,75160.00,21809.71,8344.86,15341.825555,0.126430
400,10,1117.92,22665.57,70042.19,23703.77,9249.91,14422.939207,0.144098
400,10,1103.61,23003.58,67917.02,22952.75,9250.74,12709.954789,0.138226
400,10,1181.85,28332.95,72443.40,23050.73,8660.36,12399.353496,0.130708
400,10,1073.23,19840.12,66279.35,23728.13,9433.50,13277.595774,0.145981
400,10,1316.13,37081.24,81289.47,21553.89,8269.45,14384.895543,0.131246
400,10,1069.87,21056.33,66427.43,22573.43,9007.80,13789.867119,0.134529
400,10,986.70,14082.73,61902.55,23705.36,9960.39,14154.068761,0.150779
400,10,1063.09,24150.72,67945.73,22997.65,9198.60,11598.761448,0.143462
400,10,1058.07,20613.93,67858.10,23742.95,9515.42,13985.805680,0.147416
400,10,1005.06,16805.29,65020.18,24105.20,10103.23,14006.451864,0.151300
400,10,1216.73,24183.46,73084.26,24441.23,9592.20,14867.366844,0.135239
400,10,1030.39,17473.72,64833.55,24309.30,9349.19,13701.346706,0.143648
400,10,992.79,14789.75,60916.49,23079.68,8717.00,14330.063473,0.135713
400,10,1285.38,30988.03,78991.17,22697.69,9378.55,15926.902817,0.136751
400,10,1131.52,22680.84,67811.92,21786.84,7660.96,15683.280299,0.128504
400,10,1234.63,28681.73,75379.45,22930.16,8721.07,15046.495282,0.131402
400,10,1103.68,21734.62,65789.29,21488.39,8163.74,14402.551270,0.133721
400,10,954.66,15594.84,59283.95,21854.53,8030.40,13804.174160,0.131317
400,10,943.08,10319.86,58238.64,23245.97,9443.58,15229.222669,0.141942
400,10,988.71,15156.48,62239.43,23802.18,9535.80,13744.961917,0.149345
400,10,1118.49,25087.09,68617.37,22892.18,8595.73,12042.367902,0.136306
400,10,990.28,15063.42,61551.88,23435.96,9734.92,13317.585634,0.148554
400,10,1007.48,16813.45,62375.13,22411.62,9082.46,14067.600671,0.142406
400,10,1100.10,21563.86,70571.17,24820.94,10602.53,13583.830991,0.156963
400,10,986.07,12641.95,60317.93,24061.84,9771.03,13843.108123,0.145321
400,10,1148.64,22913.92,72327.02,24413.64,10409.48,14589.980095,0.150036
400,10,1006.03,16713.86,62835.18,23551.70,8884.61,13685.016668,0.153511
400,10,1092.23,22562.01,65557.85,21621.42,8148.08,13226.331621,0.133936
400,10,1202.41,29163.29,74821.57,22435.36,9141.34,14081.576480,0.162770
400,10,1153.89,26081.53,72227.65,24257.52,9134.57,12754.028511,0.138108
400,10,1008.84,17020.94,62015.92,22212.09,8496.15,14286.743183,0.153231
400,10,1048.75,18195.34,66461.01,25063.43,10369.04,12833.197524,0.156516
400,10,1158.76,25456.48,71552.29,23184.09,9550.72,13360.998933,0.142169
400,10,1295.95,33753.16,77876.48,21695.96,8489.99,13937.368338,0.130781
400,10,1090.92,21191.64,67359.40,23637.38,9142.69,13387.696276,0.139010
400,10,1192.32,25830.10,74634.64,23996.84,9444.04,15363.665739,0.144915
400,10,1153.71,25967.72,71374.69,22962.42,8694.00,13750.538693,0.138242
400,10,1363.66,38778.61,82850.17,22188.88,8591.13,13291.539328,0.129823
400,10,968.84,14038.95,60962.70,23446.77,9228.84,14248.145048,0.145978
400,10,1166.83,26604.26,71736.71,22405.33,8360.17,14366.944973,0.144351
400,10,1056.19,18496.66,66636.14,24484.97,9783.09,13871.419653,0.157180
400,10,998.35,17927.32,64041.80,23140.64,9544.67,13429.176618,0.151390
400,10,966.30,12964.93,59297.34,22637.41,8681.20,15013.809428,0.139890
400,10,1138.00,23646.80,70660.47,24472.12,9087.16,13454.394716,0.143243
400,10,1213.36,31992.99,75785.39,22020.00,8107.20,13665.203105,0.131347
400,10,831.66,5304.07,51967.74,23570.02,9240.43,13853.219703,0.164488
400,10,992.19,17379.05,60747.55,22714.10,8549.54,12104.848729,0.139027
400,10,1140.39,23048.31,70504.05,24026.94,9050.50,14378.304923,0.142834
400,10,1000.76,15309.09,60965.00,22819.05,9407.89,13428.977813,0.139319
400,10,998.01,15480.50,61639.41,24093.73,9546.47,12518.700740,0.142418
400,10,990.49,18664.99,60618.26,21353.44,7663.31,12936.521297,0.130865
400,10,1036.84,17672.82,62727.53,23867.91,8988.77,12198.020587,0.138582
400,10,893.08,8855.73,55911.54,24108.13,9814.69,13132.989557,0.145797
400,10,939.94,13267.31,57897.57,22638.94,8669.32,13321.999534,0.138165
400,10,1251.63,30591.23,75990.80,22904.76,8934.20,13560.609888,0.141177
400,10,967.57,15727.44,59918.47,22356.26,8848.80,12985.981359,0.137778
400,10,1014.33,15774.68,62300.57,22912.93,9298.69,14314.271078,0.142359
400,10,987.64,13031.89,60191.36,22918.25,9007.86,15233.356215,0.142335
400,10,873.22,9342.93,54019.47,22954.66,8419.48,13302.411653,0.161079
400,10,1125.10,23893.81,69657.50,23449.66,9347.95,12966.067318,0.143190
400,10,965.04,11358.89,59038.47,24208.32,9250.79,14220.467725,0.152914
400,10,1119.67,22206.13,68192.63,23148.83,8802.08,14035.583328,0.137944
400,10,1160.76,23734.01,72221.13,23784.73,9816.36,14886.033038,0.145865
400,10,1087.78,21898.44,66803.13,22616.67,8739.26,13548.753745,0.137643
400,10,1008.65,13854.85,62514.38,24261.82,9256.39,15141.310760,0.173535
400,10,1048.97,20461.36,63942.36,22160.39,8314.83,13005.783433,0.134044
400,10,984.25,16373.12,63059.95,23557.56,9670.12,13459.140742,0.170433
400,10,1231.18,29635.91,76434.88,23320.31,9318.29,14160.371881,0.245286
400,10,1033.47,19227.04,64827.74,22453.44,8711.85,14435.409204,0.157040
400,10,1139.29,24762.84,69942.00,21815.12,8691.86,14672.189588,0.132875
400,10,979.22,13095.21,60004.20,24583.63,9546.90,12778.458408,0.161309
400,10,972.35,11520.30,60365.50,24668.98,9739.92,14436.296300,0.165569
400,10,1045.80,19557.01,64907.52,23096.10,8686.80,13567.610622,0.146832
400,10,1267.44,32944.97,79488.81,22699.33,9543.89,14300.615995,0.140497
400,10,1037.55,18543.43,64103.69,22934.26,8775.80,13850.203673,0.179944
400,10,964.79,16354.11,60432.68,23057.60,9037.19,11983.787401,0.153338
400,10,1152.07,25958.46,72296.00,23511.39,9391.52,13434.632055,0.146704
400,10,961.17,14275.15,61092.84,23151.42,9542.21,14124.058231,0.146420
400,10,1017.55,15980.93,64972.12,24841.79,9853.29,14296.113682,0.152828
400,10,1310.32,33663.17,80005.58,21983.18,8315.96,16043.269943,0.129113
400,10,1205.11,27272.77,73879.76,22996.84,8913.89,14696.268368,0.138865
400,10,1378.25,35485.56,84395.54,24489.55,9293.77,15126.657921,0.160943
400,10,1032.20,19814.31,64192.49,22093.49,8414.38,13870.307582,0.143132
400,10,1285.54,33209.54,77040.80,20382.59,7701.87,15746.798750,0.122843
400,10,966.51,11318.82,60609.47,25267.39,11041.38,12981.893937,0.160001
400,10,1023.57,17717.05,64047.68,23455.28,9240.55,13634.795171,0.145539
400,10,1016.81,17317.79,63055.85,24010.79,8772.34,12954.927198,0.137859
400,11,1009.41,12542.19,63833.89,27422.03,10878.73,12990.949996,0.180507
400,11,1241.68,25567.87,77676.14,28026.60,10723.11,13358.556871,0.174472
400,11,1220.94,24018.67,76314.02,27607.13,11194.35,13493.870202,0.156932
400,11,1175.29,20745.90,75575.62,26892.47,11318.96,16618.297864,0.158916
400,11,1303.75,29889.84,79080.07,24834.10,9972.16,14383.980173,0.144409
400,11,1043.43,14975.81,66417.57,26831.40,10366.32,14244.039000,0.168187
400,11,1153.29,21671.84,71495.05,25003.26,9683.18,15136.762641,0.147155
400,11,1148.36,20308.39,69684.09,24950.84,9826.57,14598.298711,0.148465
400,11,1040.58,13276.07,63636.37,26761.79,10885.62,12712.900877,0.160572
400,11,1081.30,14917.34,68273.42,27186.07,11396.23,14773.778944,0.163824
400,11,1153.72,22089.43,71415.42,24581.91,9520.60,15223.484653,0.151993
400,11,1038.37,14573.79,65113.09,25526.72,10786.56,14226.016263,0.156268
400,11,1345.83,31141.07,83469.58,25636.86,9830.88,16860.771309,0.140993
400,11,1098.93,17934.30,67685.79,24862.85,9781.35,15107.295177,0.151022
400,11,1079.54,17966.26,66648.57,24435.97,9339.40,14906.946384,0.145419
400,11,1011.90,13661.36,61913.94,24530.94,9262.83,14458.798957,0.150877
400,11,1010.81,12884.19,61369.53,24823.50,9566.17,14095.669376,0.144790
400,11,1175.47,23423.54,73567.05,25014.74,9705.56,15423.209778,0.146425
400,11,1121.37,17716.95,69415.73,27432.25,10199.42,14067.112764,0.153054
400,11,1264.55,26760.58,78622.12,27214.04,10379.10,14268.392533,0.156546
400,11,927.75,8938.28,59786.62,26722.77,10625.79,13499.777974,0.194395
400,11,1328.08,32606.08,80544.20,24467.41,9434.26,14036.448969,0.138750
400,11,1154.83,20632.69,73283.63,26821.16,11596.16,14233.623651,0.163074
400,11,929.71,3865.03,58377.85,28228.30,11268.58,15015.934560,0.161117
400,11,1017.16,13342.51,62692.47,25309.67,9961.60,14078.693889,0.149242
400,11,981.23,9686.44,61067.74,26001.30,10628.11,14751.881680,0.330102
400,11,1440.35,36426.51,90562.81,26197.61,10644.78,17293.916386,0.211276
400,11,1330.93,33942.09,84154.04,24859.58,9836.55,15515.820600,0.163755
400,11,1228.10,23261.20,74776.04,25369.29,10544.33,15601.224022,0.210729
400,11,992.08,12717.07,62433.89,25289.26,10238.65,14188.903979,0.168551
400,11,1020.23,12348.06,62935.22,26346.99,10126.28,14113.881485,0.169959
400,11,1159.01,20834.62,72164.51,25694.31,9914.42,15721.167974,0.159384
400,11,1274.08,28284.78,78528.78,25695.69,9811.24,14737.067253,0.183757
400,11,913.28,6923.93,56068.73,25879.47,9843.00,13422.346465,0.165671
400,11,953.14,7822.35,59416.72,25827.68,10247.02,15519.674011,0.176558
400,11,1104.46,17204.83,67813.07,25351.61,9775.30,15481.334866,0.161719
400,11,1234.70,25529.26,75251.48,24630.70,9450.18,15641.337746,0.144872
400,11,1235.30,23891.90,77675.60,27799.62,11312.85,14671.228956,0.165161
400,11,1046.86,11897.51,64914.75,26210.29,10102.20,16704.743615,0.178233
400,11,1078.83,16796.83,67142.86,25460.22,10512.44,14373.378099,0.163958
400,11,1020.76,14485.11,63486.93,25088.28,9680.45,14233.085771,0.149098
400,11,1328.59,33401.73,85085.93,26584.45,10363.09,14736.664378,0.168995
400,11,1058.10,17180.78,66484.73,24876.48,10063.50,14363.972901,0.196075
400,11,1071.04,16501.19,66991.73,25207.80,10201.75,15081.000874,0.168639
400,11,1169.20,22331.40,73158.95,26787.19,11032.58,13007.776153,0.193953
400,11,1179.69,24122.69,72919.53,24148.23,9151.41,15497.197621,0.157482
400,11,1139.77,17948.80,69376.06,25961.42,10087.56,15378.279290,0.194687
400,11,1211.91,29102.73,75892.56,24176.73,8957.10,13656.006399,0.187456
400,11,1197.55,25251.65,73333.38,23963.33,9177.29,14941.107483,0.157524
400,11,1019.95,12981.47,63313.88,25893.95,10536.03,13902.438017,0.263907
400,11,1126.54,18679.29,70877.93,26794.97,10620.83,14782.839516,0.205672
400,11,1052.79,14799.67,66576.41,26175.48,10609.18,14992.084594,0.245493
400,11,1114.38,19226.27,69404.57,25343.02,10214.69,14620.595351,0.211712
400,11,986.60,10480.58,62925.08,26468.51,10742.28,15233.712128,0.203726
400,11,1230.13,26178.07,78083.56,26467.14,10862.22,14576.139995,0.241290
400,11,1132.89,17874.57,69373.92,26627.47,10698.99,14172.892744,0.246642
400,11,1013.67,13589.41,63280.52,25123.91,10088.76,14478.448246,0.250802
400,11,1102.40,18829.57,67561.92,25003.82,9171.81,14556.723394,0.232925
400,11,1105.53,19258.82,66691.35,24427.16,9080.35,13925.017249,0.161168
400,11,973.50,12561.57,61176.69,25201.04,10208.76,13205.322009,0.228061
400,11,1178.17,24805.79,71013.73,23118.17,8911.55,14178.219443,0.154665
400,11,1054.84,16021.72,63916.37,23528.68,8872.34,15493.628183,0.144998
400,11,1016.00,13129.40,63830.94,27154.11,10411.53,13135.892864,0.174464
400,11,1138.91,22594.38,68415.68,22673.81,8546.82,14600.664496,0.140462
400,11,1061.53,17777.89,65658.31,25115.86,9614.46,13150.095570,0.154218
400,11,908.98,5001.54,56641.20,26568.33,10571.28,14500.053380,0.188359
400,11,1373.99,37089.86,83964.20,23927.82,8730.17,14216.350950,0.146558
400,11,1083.92,15496.47,67433.43,26938.59,10908.44,14089.937404,0.209931
400,11,1222.79,26643.66,74099.51,24650.04,9080.16,13725.656130,0.148984
400,11,1194.62,25687.76,72806.98,23596.32,8382.64,15140.247971,0.168144
400,11,1133.07,18888.26,70485.26,25298.94,10485.72,15812.329132,0.193086
400,11,1047.04,14562.58,64853.60,26298.77,10285.89,13706.360200,0.245055
400,11,1224.82,26809.47,76541.37,26172.98,10405.49,13153.430497,0.156753
400,11,1098.56,18325.86,67043.51,24341.16,9361.18,15015.312148,0.159435
400,11,1294.17,28869.74,78988.88,25017.75,9993.50,15107.883710,0.153800
400,11,1166.92,20681.98,73750.67,26437.59,10971.46,15659.643452,0.173535
400,11,1107.99,18084.60,70553.27,27337.87,11025.48,14105.326695,0.200478
400,11,1161.51,19521.28,71951.34,25839.27,10936.59,15654.197743,0.163410
400,11,1240.54,27353.58,75556.04,25154.31,9283.27,13764.874827,0.152419
400,11,1154.94,21951.17,71377.69,24296.87,9562.75,15566.894359,0.161529
400,11,1071.54,14434.41,66099.60,25957.21,10539.63,15168.340981,0.156797
400,11,1283.10,29860.95,79782.97,24945.44,9736.61,15239.959224,0.157617
400,11,1103.53,19308.04,69441.45,25140.64,9616.63,15376.133188,0.148692
400,11,959.33,10234.89,58811.93,25546.49,9788.52,13242.039424,0.166134
400,11,993.98,11218.98,61666.71,25101.89,9835.61,15510.231052,0.153681
400,11,1130.40,19106.88,71108.63,27072.12,10939.18,13990.460269,0.232881
400,11,1072.92,12200.73,65317.06,26202.27,9654.71,17259.350213,0.161442
400,11,1259.90,27518.75,75992.29,23480.61,9018.58,15974.343808,0.153954
400,11,922.94,10136.84,57560.48,24693.74,9448.11,13281.794096,0.173321
400,11,1116.05,18649.34,68687.11,25869.76,10212.37,13955.644414,0.185872
400,11,1192.91,21059.71,74562.31,27063.01,11059.57,15380.017588,0.178189
400,11,1157.29,20449.77,71814.01,25139.34,10281.00,15943.907794,0.166715
400,11,1173.62,20240.12,74409.72,27100.73,10967.87,16100.987971,0.179881
400,11,1512.41,44492.30,93305.56,24661.86,9595.20,14556.205608,0.176047
400,11,1187.34,22134.07,73559.34,25473.09,9594.43,16357.758014,0.155562
400,11,1214.55,23863.82,73904.90,24978.98,10005.29,15056.804815,0.158444
400,11,1340.25,33718.61,81276.17,23146.88,8810.66,15600.030775,0.135284
400,11,1044.82,13485.99,67120.58,28640.11,11225.57,13768.904742,0.173507
400,11,991.38,11042.51,59664.17,24799.31,9375.29,14447.059465,0.156683
400,11,971.96,10131.75,60425.94,26380.46,9911.41,14002.315056,0.175423
400,12,1150.05,19060.64,70497.02,27200.62,10300.18,13935.571804,0.252646
400,12,1008.31,11675.08,61233.39,24713.07,9542.86,15302.386539,0.163908
400,12,1181.34,19120.35,72026.32,26946.81,10600.64,15358.522824,0.277874
400,12,1431.67,31863.44,90420.07,29687.65,12117.90,16751.080723,0.240292
400,12,1093.81,11534.22,68046.70,28912.46,11544.71,16055.307566,0.306893
400,12,987.54,6840.04,62855.42,28844.56,11930.83,15239.985150,0.203776
400,12,1217.01,19853.54,74932.57,28198.48,10799.88,16080.664843,0.227276
400,12,1221.17,20156.88,75888.38,28022.84,11380.48,16328.183626,0.212435
400,12,1075.72,12793.39,66466.03,28585.55,11536.36,13550.715438,0.296659
400,12,1054.97,12420.36,65811.37,27341.82,10786.38,15262.814403,0.222440
400,12,1253.80,25284.44,77600.69,26758.54,10461.94,15095.766758,0.212493
400,12,1229.68,19074.22,74995.89,28619.58,11260.12,16041.968460,0.211161
400,12,1212.25,19934.57,74922.86,26822.56,10606.56,17559.165245,0.189584
400,12,1156.44,18977.84,72437.40,27904.73,10766.43,14788.396539,0.185103
400,12,1030.90,11654.63,64441.99,26691.96,10545.08,15550.325459,0.180603
400,12,1002.78,9253.10,63191.98,28081.88,11632.72,14224.277887,0.186925
400,12,998.33,7274.12,63312.47,29634.84,11849.06,14554.457094,0.173115
400,12,1302.24,26975.10,81734.31,27889.82,11116.29,15753.090254,0.185888
400,12,1191.20,21366.66,74321.93,27729.15,10996.45,14229.663138,0.177576
400,12,1228.39,21348.66,76654.01,28262.39,11089.94,15953.008512,0.242718
400,12,1170.70,19793.36,73215.71,27866.33,11183.72,14372.293388,0.170407
400,12,993.14,4839.60,61511.37,29397.21,11943.04,15331.512277,0.183664
400,12,1180.85,18439.43,74511.59,28614.85,11501.02,15956.284213,0.191611
400,12,1147.61,15307.20,71706.78,29400.76,11438.75,15560.070130,0.165416
400,12,1095.19,14731.60,68610.35,28549.32,10829.04,14500.383735,0.171906
400,12,1210.33,17819.58,76372.44,30264.42,12794.32,15494.114293,0.184260
400,12,1209.73,20297.21,76553.06,27393.46,10789.38,18073.006037,0.181453
400,12,1181.91,17684.59,73392.11,28070.42,10857.98,16779.116999,0.169298
400,12,1447.52,35045.10,91200.11,28481.41,11831.81,15841.785477,0.193166
400,12,1049.50,8810.74,65268.56,29115.84,11963.69,15378.275836,0.181812
400,12,1085.52,13702.70,66690.63,27234.53,10619.54,15133.872341,0.166445
400,12,1184.95,17512.93,73393.73,28092.56,11223.78,16564.457121,0.181955
400,12,1401.98,31336.61,85799.53,27518.03,11087.00,15857.888301,0.221275
400,12,1132.74,15160.08,70392.63,28558.17,11877.12,14797.263062,0.233544
400,12,1301.18,26109.55,79779.85,27920.23,11047.65,14702.417280,0.237297
400,12,1126.73,18924.39,70065.89,25719.64,9424.45,15997.403789,0.236438
400,12,1314.65,27845.15,80921.94,26741.09,9837.01,16498.688319,0.155934
400,12,1179.24,18039.10,72917.36,28147.15,11315.88,15415.223245,0.182877
400,12,1321.67,26598.01,83300.80,28757.73,11547.24,16397.811760,0.173037
400,12,1074.17,10118.99,66745.30,28576.02,11919.96,16130.321922,0.170954
400,12,1195.11,20296.50,75118.00,29399.97,11602.32,13819.218373,0.632871
