25,4,238.46,13312.14,19518.13,278.22,1626.33,4301.45,5.1134
25,4,234.67,14048.76,20547.98,397.78,1995.21,4106.23,5.1102
25,4,279.77,16555.85,24533.43,462.46,2256.83,5258.30,3.4084
25,4,274.03,16297.23,22389.06,320.44,1787.75,3983.63,3.5142
25,4,254.77,14292.41,22133.69,446.21,2077.47,5317.60,4.2630
25,4,265.87,14945.70,23166.68,376.58,2005.11,5839.28,3.4501
25,4,255.64,14452.57,21866.53,400.95,2021.19,4991.81,3.5173
25,4,306.50,15071.68,22385.77,294.29,1795.60,5224.20,3.2745
25,4,254.43,13750.63,20737.18,310.57,1776.24,4899.74,3.4743
25,4,294.42,15346.12,23232.08,382.41,2003.49,5500.07,4.3563
25,4,279.12,15942.69,23747.22,413.88,2084.88,5305.76,3.6316
25,4,253.40,14942.44,22137.11,382.56,2015.71,4796.40,3.8628
25,4,248.28,15580.40,23085.29,474.24,2311.72,4718.92,3.5419
25,4,273.64,16465.29,24231.65,459.72,2270.33,5036.32,3.1184
25,4,253.19,15296.50,22948.52,425.72,2118.99,5107.31,3.1899
25,4,248.26,13720.31,21289.11,409.80,1901.90,5257.10,4.9314
25,4,265.32,15483.75,23209.88,443.86,2202.16,5080.12,3.4947
25,4,257.19,16140.92,24497.59,583.51,2643.04,5130.13,3.2171
25,4,276.88,15902.15,23067.18,413.82,1991.49,4759.72,3.4103
25,4,296.32,15851.55,24397.81,307.91,1877.26,6361.09,4.6094
25,4,274.15,15961.56,23255.49,394.76,1938.29,4960.88,3.6239
25,4,276.55,13872.58,20607.81,336.69,1683.61,4714.92,3.1633
25,4,260.46,13990.27,20934.86,343.46,1851.18,4749.94,3.3445
25,4,249.37,13384.33,20749.51,431.19,2007.04,4926.96,3.3553
25,4,240.37,14260.05,20816.11,391.51,1880.48,4284.07,4.1308
25,4,250.20,14328.21,20508.66,310.65,1781.52,4088.28,3.3697
25,4,266.74,14016.35,22689.69,388.99,2009.14,6275.22,3.1677
25,4,245.33,13377.64,21122.96,347.47,1872.89,5524.97,3.0930
25,4,248.81,14784.75,23694.42,523.46,2552.87,5833.33,3.1457
25,4,297.00,16424.74,23914.11,397.40,2195.92,4896.04,3.2344
25,4,287.31,16069.01,24459.65,394.48,2095.96,5900.20,3.2334
25,4,293.02,15322.04,23941.90,364.24,2085.45,6170.17,3.6377
25,4,251.25,15428.93,22989.49,446.70,2140.71,4973.15,3.6838
25,4,277.79,15523.04,22950.46,311.40,1749.24,5366.78,3.2946
25,4,246.83,13775.54,20767.13,373.85,1811.13,4806.61,3.1082
25,4,268.18,15638.68,22821.33,408.75,2068.52,4705.39,3.0101
25,4,251.90,13803.19,22470.30,469.55,2245.41,5952.15,3.1460
25,4,283.37,15806.85,23857.45,343.00,1979.46,5728.14,3.2743
25,4,301.35,17797.53,25146.48,410.43,2253.91,4684.61,3.4860
25,4,284.15,15505.06,23532.19,416.16,1960.23,5650.74,3.2114
25,4,203.54,12424.94,19276.72,373.39,2011.37,4467.02,3.2180
25,4,295.33,16664.00,24036.21,342.23,1980.13,5049.85,3.5485
25,4,220.20,13243.70,21539.64,485.39,2291.39,5519.17,4.4327
25,4,270.51,16039.43,23227.06,343.84,1933.99,4909.80,4.0774
25,4,263.32,14462.20,21122.75,313.05,1706.92,4640.58,3.3158
25,4,246.92,13288.71,21834.76,459.21,2073.92,6012.91,3.5083
25,4,256.29,14811.98,22320.23,389.70,2012.60,5105.96,3.1699
25,4,268.36,15608.52,22923.28,416.12,1974.62,4924.02,3.7245
25,4,290.70,15643.38,24069.37,433.21,2151.31,5841.48,3.2865
25,4,253.00,14960.56,22350.64,472.62,2217.27,4700.19,3.3987
25,4,222.18,13354.24,20084.53,354.95,1708.11,4667.24,3.3039
25,4,242.11,13022.75,20340.41,322.50,1681.63,5313.52,3.7730
25,4,216.76,13221.96,21933.81,431.35,2027.23,6253.27,4.4946
25,4,276.19,16014.24,22598.63,386.09,2035.39,4162.92,3.5989
25,4,239.76,14410.94,21392.00,419.30,2041.28,4520.47,3.2969
25,4,266.17,15436.89,23016.02,418.13,2271.10,4889.90,3.3800
25,4,239.26,13904.86,21014.35,425.25,2153.56,4530.67,3.1561
25,4,281.00,17506.50,24592.32,469.96,2256.37,4359.49,3.2849
25,4,247.31,13973.37,21447.38,413.78,2061.96,4998.27,3.3297
25,4,308.72,17183.54,24364.28,404.84,2157.26,4618.64,3.2236
25,4,269.84,16154.81,24316.22,472.95,2361.94,5326.52,3.1553
25,4,247.28,14748.14,22087.49,313.40,1867.22,5158.74,3.3399
25,4,256.38,13860.42,20315.65,302.06,1727.53,4425.63,3.6095
25,4,308.73,17697.25,24405.97,323.12,1927.25,4458.36,3.9897
25,4,230.08,15146.55,22145.87,444.77,2022.71,4531.83,2.9439
25,4,246.01,15064.17,21893.40,375.15,1958.12,4495.96,3.4413
25,4,240.44,14334.09,21449.77,336.55,1888.18,4890.95,3.3653
25,4,258.60,15597.24,22446.53,396.25,1913.45,4539.59,3.4144
25,4,259.37,14409.06,20765.66,311.12,1690.61,4354.87,3.5625
25,4,269.74,15069.60,24014.77,470.91,2352.22,6122.04,3.1289
25,4,277.29,16499.97,23760.55,433.00,2255.54,4572.03,2.8719
25,4,233.83,14072.67,21751.83,399.04,2028.58,5251.54,3.4656
25,4,266.35,14348.31,22767.67,396.32,2091.72,5931.32,3.1421
25,4,273.04,16584.62,24745.59,490.13,2369.57,5301.27,2.6951
25,4,270.04,15524.37,24224.85,434.78,2236.11,6029.59,2.9794
25,4,228.98,13369.30,20619.75,367.94,1830.56,5051.95,3.1578
25,4,285.36,15653.84,22638.06,369.90,1998.96,4615.37,3.0110
25,4,241.25,13720.82,21055.59,407.11,2057.37,4870.29,3.1799
25,4,287.66,16248.74,24267.37,473.56,2291.92,5253.15,3.1239
25,4,287.81,16662.14,24170.80,415.56,2137.14,4955.96,3.0282
25,4,273.24,16608.60,23075.83,341.28,1854.93,4271.02,3.0456
25,4,264.68,16220.53,23936.85,545.97,2539.57,4630.78,2.8488
25,4,260.77,13906.55,22460.91,444.62,2195.94,5913.80,2.9179
25,4,262.24,14290.00,21989.77,375.48,2003.13,5321.17,2.8953
25,4,256.16,14666.14,22240.19,322.87,1856.66,5394.53,3.1417
25,4,255.40,14122.65,21746.52,379.10,2001.73,5243.04,3.3431
25,4,258.74,14368.81,22324.53,508.47,2292.82,5154.43,2.7647
25,4,286.94,15541.85,23644.63,433.99,2088.09,5580.69,3.0289
25,4,263.37,15651.81,22440.72,405.48,2063.20,4320.23,3.2169
25,4,277.11,15194.60,21802.76,315.99,1809.29,4482.88,2.9028
25,4,220.20,13001.07,20322.72,411.69,2146.02,4763.94,2.9542
25,4,257.97,14113.64,23068.88,441.45,2192.47,6321.33,3.0568
25,4,247.81,14619.09,22305.84,482.50,2341.31,4862.93,3.0509
25,4,300.22,16986.72,24313.91,355.46,1993.35,4978.38,3.1611
25,4,274.26,16878.55,24793.74,481.66,2540.53,4893.00,2.5832
25,4,272.57,15036.59,22250.50,378.93,2084.90,4750.08,3.2379
25,4,258.93,15539.03,24083.67,480.21,2366.77,5697.66,2.9630
25,4,279.20,16372.97,23895.17,367.13,2126.23,5028.85,3.2653
25,4,252.15,14219.90,22526.33,425.11,2100.25,5781.07,2.9118
25,4,247.48,14434.97,20856.86,334.16,1772.10,4315.63,3.2458
50,4,397.62,23303.49,32104.69,481.71,2031.10,6288.39,6.6967
50,4,412.46,26627.36,36123.88,413.52,2597.50,6485.49,7.2753
50,4,483.01,29226.16,39783.72,483.16,2874.99,7199.41,7.5530
50,4,621.34,33722.00,44134.49,376.86,2848.66,7186.96,8.3114
50,4,459.71,26819.62,37384.77,445.64,2629.79,7489.72,7.2065
50,4,396.98,23174.51,33032.18,371.63,2311.31,7174.73,7.4583
50,4,442.69,24961.54,34291.72,401.46,2517.05,6411.66,7.5507
50,4,533.52,27513.49,37717.74,477.45,2326.68,7400.12,5.1855
50,4,401.54,25641.58,34618.18,370.00,2419.91,6186.70,7.7953
50,4,445.74,26522.85,36419.62,380.59,2419.94,7096.24,7.3997
50,4,400.29,25198.61,34377.07,424.93,2390.69,6362.84,7.1696
50,4,419.87,24839.48,33661.65,354.33,2390.71,6077.13,9.5401
50,4,545.63,32178.94,43743.15,506.32,2954.67,8103.22,9.2729
50,4,513.91,30792.62,41457.47,457.70,2845.54,7361.61,8.2574
50,4,397.11,25841.19,35389.75,415.59,2670.13,6462.85,8.2720
50,4,357.99,23961.12,33097.08,404.57,2290.36,6441.03,7.3907
50,4,369.53,25908.70,35265.91,487.04,2603.71,6266.46,7.5067
50,4,513.25,30459.48,41675.49,586.45,3142.94,7486.62,8.3703
50,4,423.81,27930.88,37019.91,462.34,2420.12,6206.56,8.9552
50,4,444.60,24161.55,35295.01,373.99,2381.71,8377.76,10.2191
50,4,390.31,23925.20,32433.93,413.99,2332.15,5762.58,11.2114
50,4,481.48,25849.76,35113.45,321.64,2248.19,6693.85,10.8103
50,4,449.63,25950.88,35827.73,373.79,2547.04,6956.02,8.3846
50,4,500.50,28889.41,39450.74,391.30,2485.79,7684.25,8.8611
50,4,484.58,27869.94,37592.32,395.24,2566.70,6760.44,9.3365
50,4,460.51,25734.33,34213.51,320.29,2393.43,5765.45,8.7661
50,4,457.25,26615.22,38055.54,385.15,2596.91,8458.25,8.4878
50,4,412.85,25524.04,35423.45,389.29,2539.65,6970.47,8.6196
50,4,401.44,25783.81,36138.86,488.93,2779.75,7086.37,7.9567
50,4,483.89,28021.20,37416.68,398.12,2492.58,6504.79,10.0616
50,4,429.96,23220.01,32180.78,324.36,2069.06,6567.35,8.6775
50,4,448.46,25833.57,36657.78,396.68,2418.06,8009.47,8.2709
50,4,427.84,27327.78,36967.93,438.68,2679.96,6521.51,8.2675
50,4,419.85,23645.70,32160.47,303.47,2057.57,6153.73,8.0827
50,4,381.81,23565.10,32613.35,401.38,2291.23,6355.64,7.5863
50,4,490.31,27134.22,36842.36,429.30,2513.18,6765.67,7.8742
50,4,387.84,25827.22,35703.68,444.49,2386.85,7045.12,7.6049
50,4,484.47,27930.50,38726.01,366.71,2568.87,7859.94,9.2029
50,4,608.98,33656.24,44783.12,441.45,3065.66,7619.76,8.4697
50,4,385.80,24954.07,34670.75,447.38,2379.68,6889.62,7.9277
50,4,317.29,21056.10,27894.81,364.11,2165.50,4309.09,7.5878
50,4,522.03,28726.24,38412.67,463.05,2385.86,6837.52,8.0621
50,4,341.91,22749.93,31930.25,475.60,2414.80,6289.91,8.8519
50,4,472.11,26083.75,35143.54,322.64,2278.41,6458.74,9.6235
50,4,427.15,24654.18,33639.35,328.43,2298.65,6358.09,7.2687
50,4,385.00,23806.51,33585.78,433.97,2407.55,6937.75,7.6853
50,4,518.04,29965.78,40089.69,369.51,2649.50,7104.91,7.6857
50,4,418.22,24168.75,32908.44,395.95,2430.70,5913.04,8.0221
50,4,489.23,26706.94,36801.66,443.66,2640.99,7010.08,7.9153
50,4,420.39,27886.21,37615.21,476.10,2695.70,6557.19,7.2375
50,4,412.67,24374.96,33741.27,344.49,2269.50,6752.32,7.3809
50,4,357.60,20822.46,29077.86,345.09,2101.56,5808.76,7.5133
50,4,344.45,22344.30,32992.17,463.01,2468.23,7716.63,7.2633
50,4,468.83,29513.23,38517.69,374.65,2575.33,6054.49,7.6552
50,4,406.61,25801.47,35781.45,400.81,2544.36,7034.81,7.4643
50,4,458.04,26332.49,35617.00,430.45,2712.03,6142.03,11.7120
50,4,368.30,25079.02,33978.41,450.69,2506.33,5942.37,7.0805
50,4,505.45,32568.18,42145.34,463.87,2924.92,6188.37,8.1032
50,4,401.15,25034.58,34950.20,403.10,2477.67,7034.85,8.1063
50,4,504.83,28882.41,37735.56,375.29,2497.46,5980.41,8.2901
50,4,440.75,27643.53,37216.08,411.17,2611.33,6550.06,8.0778
50,4,411.98,24949.53,34254.85,350.27,2255.11,6699.94,7.8729
50,4,433.33,24147.00,32700.37,285.92,2176.30,6091.15,8.4605
50,4,573.30,31020.86,40514.46,345.06,2513.87,6634.67,9.7420
50,4,395.64,26012.79,34356.38,397.49,2440.25,5505.85,7.0542
50,4,429.25,25191.23,33665.77,351.90,2445.53,5677.10,7.5082
50,4,465.40,26723.71,36597.34,393.22,2569.05,6911.35,8.4183
50,4,433.21,25243.19,33156.93,388.90,2328.43,5196.40,8.0525
50,4,479.22,26517.14,35839.11,320.95,2166.26,6834.75,9.1903
50,4,462.48,27551.19,37884.02,440.19,2619.71,7272.94,8.1128
50,4,443.81,26718.90,36307.74,450.95,2614.51,6523.38,7.2624
50,4,362.97,22993.88,32188.73,389.36,2371.40,6434.08,8.0927
50,4,405.34,23598.83,33622.61,401.18,2342.07,7280.52,7.8626
50,4,465.26,29319.63,40100.27,505.25,2962.18,7313.20,7.7002
50,4,416.31,26375.52,37253.72,448.91,2779.65,7649.64,8.0596
50,4,381.66,23855.06,32736.62,360.56,2260.68,6260.32,7.7469
50,4,498.62,29229.21,39361.25,405.47,2715.82,7010.74,10.3636
50,4,386.29,24002.48,33230.07,438.56,2528.02,6261.00,10.7301
50,4,442.89,27722.48,37756.61,493.14,2758.75,6782.24,10.1564
50,4,511.80,30855.33,41442.03,452.83,2865.25,7268.62,9.7914
50,4,618.27,33430.66,43701.59,352.09,2634.08,7284.75,9.6388
50,4,508.82,31219.07,41969.00,547.71,3023.53,7178.69,9.9736
50,4,388.60,24479.66,35423.53,441.67,2631.78,7870.42,9.4647
50,4,352.61,21381.29,29905.50,373.17,2164.21,5986.82,9.2220
50,4,458.02,24776.85,34281.16,323.17,2166.98,7014.17,9.5004
50,4,323.86,21167.17,30158.99,419.83,2270.06,6301.93,9.8061
50,4,459.64,27383.31,38575.62,486.46,2831.12,7874.73,11.1872
50,4,482.73,27105.42,37388.64,396.04,2640.38,7246.79,9.7948
50,4,455.50,27948.24,36279.58,406.28,2355.98,5569.09,8.9825
50,4,518.25,27167.32,35779.84,313.12,2274.03,6025.37,8.9189
50,4,307.34,23609.79,32488.40,443.41,2447.43,5987.76,8.2612
50,4,396.41,24534.12,35348.46,445.37,2575.50,7793.47,9.5048
50,4,541.94,30692.06,41655.56,417.81,2737.85,7807.85,8.2050
50,4,551.17,30968.21,40548.80,313.62,2495.08,6771.90,9.2959
50,4,488.62,31173.23,41621.54,469.87,3035.20,6943.23,7.5805
50,4,480.25,25952.09,34976.11,381.80,2457.18,6185.04,8.6043
50,4,459.03,27904.48,39075.41,499.87,2958.55,7712.52,8.1325
50,4,486.76,27306.64,37089.61,332.79,2465.33,6984.85,9.0725
50,4,418.91,24939.24,35502.54,424.90,2565.39,7573.01,7.4537
50,4,542.99,31055.03,39882.15,361.75,2317.75,6147.63,8.3932
75,4,494.44,28686.49,37066.75,256.91,2072.03,6051.33,14.1936
75,4,444.61,31917.42,41618.59,421.38,2695.41,6584.37,12.9817
75,4,546.90,35892.63,46514.26,451.82,2828.04,7341.77,12.6542
75,4,764.11,42123.88,53293.62,343.64,3125.02,7701.07,14.8221
75,4,511.44,33680.24,44432.53,462.58,2701.37,7588.33,12.0972
75,4,423.71,26496.48,36434.43,381.87,2436.32,7119.76,13.1127
75,4,500.49,32838.54,43061.00,402.39,2616.34,7203.73,11.4995
75,4,636.08,35923.64,46778.86,357.20,2649.26,7848.76,13.5862
75,4,481.31,30828.85,39787.00,332.43,2515.05,6110.67,12.4697
75,4,497.96,33356.21,43849.83,391.18,2627.00,7475.43,11.9838
75,4,508.51,32838.95,42411.99,400.24,2532.22,6640.59,11.1400
75,4,530.35,34695.88,44696.02,396.10,2652.94,6951.10,12.5000
75,4,595.02,39711.37,51249.04,468.02,3066.48,8003.17,12.0907
75,4,572.00,37130.58,48300.87,465.75,3088.23,7616.32,13.1875
75,4,483.16,32362.81,42057.21,402.90,2624.78,6666.72,11.1480
75,4,383.21,27775.64,37108.08,431.57,2506.25,6394.62,10.8293
75,4,433.01,31520.38,41221.68,465.22,2741.35,6494.73,10.6381
75,4,574.65,38253.36,50207.85,619.84,3538.99,7795.65,12.1041
75,4,501.98,32541.04,41793.86,434.35,2466.40,6352.08,11.6855
75,4,552.82,31414.72,43099.45,338.72,2460.05,8885.96,12.4961
75,4,455.67,30739.43,39475.41,361.96,2302.33,6071.70,12.3491
75,4,556.42,33622.42,43704.67,353.29,2442.48,7286.47,13.8823
75,4,533.54,34171.36,45048.38,389.00,2740.93,7747.09,14.9674
75,4,649.94,36656.86,47602.72,400.46,2723.65,7821.76,13.5453
75,4,541.94,34971.21,45088.69,385.88,2719.86,7011.73,12.8299
75,4,620.41,37864.68,48443.77,453.41,2738.92,7386.77,13.2708
75,4,526.16,31034.04,42452.76,391.90,2704.71,8322.11,12.7815
75,4,482.11,30853.48,41120.30,410.77,2682.63,7173.42,12.0915
75,4,456.45,31794.19,42914.14,513.61,2983.80,7622.54,12.3140
75,4,595.96,38066.04,48327.49,430.37,2731.64,7099.44,13.1227
75,4,556.10,31405.99,41417.82,321.09,2447.66,7243.08,13.8770
75,4,565.12,33597.81,45026.04,349.00,2530.65,8548.58,13.2456
75,4,492.71,32824.07,42646.49,442.38,2727.04,6653.00,12.8045
75,4,468.05,27636.13,36848.37,369.61,2370.39,6472.24,12.6266
75,4,384.01,26130.53,34963.96,378.67,2182.50,6272.27,12.4945
75,4,593.71,35412.82,46551.04,620.63,2906.29,7611.30,6.7146
75,4,477.07,32962.89,43927.33,459.64,2769.17,7735.63,12.3025
75,4,570.39,32306.60,43248.31,330.17,2657.45,7954.08,13.3713
75,4,699.72,41674.75,53303.57,442.76,3316.97,7869.09,13.1479
75,4,431.93,29607.75,39339.43,423.20,2385.05,6923.43,12.2546
75,4,438.99,29606.27,38399.06,359.43,2521.87,5911.48,12.5937
75,4,657.49,36895.66,47490.55,324.87,2588.58,7681.45,13.9919
75,4,381.28,27886.23,37449.60,459.09,2571.83,6532.46,11.7114
75,4,518.44,33918.58,44001.25,373.22,2671.81,7037.64,14.1421
75,4,485.82,30565.01,40324.25,357.54,2506.09,6895.60,13.1661
75,4,469.98,30547.45,41312.16,429.05,2509.95,7825.71,12.7665
75,4,612.14,34566.93,45086.84,384.94,2998.64,7136.33,12.2040
75,4,566.38,33390.63,43032.67,412.71,2649.97,6579.36,12.8390
75,4,598.19,35711.54,47262.32,470.59,2942.62,8137.57,13.7302
75,4,504.37,33737.58,43729.11,486.37,2860.48,6644.67,12.9675
75,4,459.11,30101.45,39784.65,366.23,2328.39,6988.57,13.1392
75,4,457.26,28482.60,38044.28,370.41,2367.19,6824.08,13.3483
75,4,398.16,27708.87,38484.22,419.88,2479.62,7875.84,12.8172
75,4,552.97,35460.42,44718.33,358.62,2635.49,6263.81,12.8639
75,4,521.12,33563.16,43740.61,417.75,2573.35,7186.35,12.5507
75,4,563.22,37141.88,48067.13,451.23,3173.67,7300.34,12.9403
75,4,403.02,29012.88,38205.78,427.02,2517.05,6248.82,11.9946
75,4,579.56,39639.60,49802.03,471.48,3151.61,6539.34,13.3436
75,4,524.64,31476.15,41571.53,375.49,2468.67,7251.22,12.6276
75,4,588.14,34263.86,43493.84,377.51,2546.70,6305.77,12.7480
75,4,547.08,36629.17,47443.07,451.22,2984.97,7377.71,12.9610
75,4,422.15,29010.47,38551.19,335.82,2408.69,6796.22,12.4354
75,4,497.30,30543.62,39896.52,321.94,2402.61,6628.35,12.3734
75,4,613.20,37055.81,47174.59,373.28,2696.73,7048.77,13.6742
75,4,437.38,31488.48,40097.56,406.89,2530.25,5671.94,11.5531
75,4,519.21,33621.71,42639.48,348.65,2421.20,6247.93,12.9978
75,4,609.42,34499.95,45084.93,371.05,2897.08,7316.85,13.4839
75,4,526.61,31585.09,40300.20,395.83,2639.12,5680.15,12.5234
75,4,544.52,32203.04,42006.84,288.13,2309.82,7205.84,13.3956
75,4,554.74,35327.97,47581.72,501.52,3103.14,8649.08,13.9857
75,4,542.30,35701.12,45727.68,435.36,2873.77,6717.44,16.5125
75,4,459.76,30519.76,40349.94,421.03,2720.00,6689.16,15.5276
75,4,421.52,29532.92,40143.44,476.03,2549.63,7584.86,16.7918
75,4,541.68,35017.69,45948.33,473.14,2956.62,7500.88,14.6990
75,4,490.29,33662.98,45078.74,457.93,2907.68,8050.14,16.4396
75,4,415.89,27926.00,37202.61,375.95,2329.00,6571.66,16.2441
75,4,618.38,35627.06,46298.54,402.48,2884.79,7384.22,17.0899
75,4,513.32,34591.75,45385.75,431.80,2868.62,7493.58,15.5250
75,4,512.34,35180.35,45658.09,489.43,2894.54,7093.77,15.4585
75,4,579.54,38659.16,49956.88,509.14,3190.49,7598.09,15.6196
75,4,764.94,40980.86,52225.15,362.42,2981.95,7899.92,17.3269
75,4,637.18,41825.60,53749.85,553.44,3461.16,7909.65,16.0899
75,4,488.38,31431.74,42526.76,429.61,2684.00,7981.42,14.6514
75,4,439.68,27207.00,36367.12,390.14,2420.13,6349.85,14.1090
75,4,498.86,29418.17,39439.70,321.71,2491.68,7208.14,14.3394
75,4,391.65,26422.58,35194.88,372.93,2216.29,6183.08,13.2816
75,4,573.95,37913.86,50025.12,501.36,3088.34,8521.57,13.9204
75,4,600.60,36278.23,47973.11,467.55,3112.63,8114.70,14.3373
75,4,556.31,36154.72,45208.05,409.60,2617.71,6026.02,14.1349
75,4,658.55,35651.15,45691.94,331.29,2604.81,7104.69,14.8889
75,4,352.84,27550.59,36543.21,430.18,2495.48,6066.96,13.8306
75,4,483.66,29901.74,41099.68,427.04,2646.36,8124.54,13.5605
75,4,609.59,36528.06,48107.19,443.74,3011.40,8123.99,15.4704
75,4,654.94,38091.20,48553.03,317.87,2913.37,7230.59,13.9260
75,4,583.08,38542.40,49637.03,443.57,3270.74,7380.31,11.3005
75,4,710.64,39093.81,50741.75,356.32,3041.20,8250.42,13.1687
75,4,550.72,35677.93,47302.10,519.81,3140.84,7963.51,12.8624
75,4,594.68,35121.52,46045.00,393.92,2902.31,7627.24,12.9210
75,4,427.43,31433.72,42071.27,462.45,2550.60,7624.51,12.0853
75,4,672.60,37896.55,47427.94,344.31,2838.06,6349.01,12.9247
100,4,555.56,33247.29,42585.13,278.42,2379.14,6680.28,19.1789
100,4,503.07,35457.78,45147.02,393.98,2788.32,6506.94,16.9198
100,4,639.82,40961.46,52012.83,402.38,3056.99,7592.01,17.3321
100,4,826.44,51058.91,62979.73,382.52,3101.31,8436.98,19.0222
100,4,542.04,36861.18,47691.30,451.19,2800.33,7578.60,16.2476
100,4,487.62,33142.35,43527.36,372.45,2552.66,7459.92,17.4993
100,4,567.54,35824.08,46238.78,407.77,2674.31,7332.63,17.4098
100,4,666.47,40743.29,51906.48,323.77,2618.04,8221.38,18.1753
100,4,464.59,33332.91,42578.75,382.20,2578.11,6285.52,19.4730
100,4,574.85,38877.58,49514.72,387.55,2704.67,7544.92,19.0306
100,4,518.67,36478.74,46280.10,375.96,2610.06,6815.34,18.4607
100,4,604.80,39921.10,50189.33,405.16,2840.03,7023.04,21.0154
100,4,692.82,45602.19,57746.82,483.13,3316.48,8345.03,20.6005
100,4,612.95,41858.28,53025.58,466.37,3059.46,7641.46,18.8546
100,4,516.30,36424.66,46397.77,396.90,2878.65,6697.56,17.7726
100,4,439.48,32448.52,42165.96,442.68,2610.68,6664.08,31.0079
100,4,456.80,34571.65,44324.89,465.10,2798.37,6489.77,22.7731
100,4,607.02,44831.03,56963.44,609.41,3517.72,8005.27,18.7731
100,4,545.19,36823.69,45973.53,389.45,2454.44,6305.94,18.4188
100,4,624.74,36777.86,48157.30,319.42,2670.41,8389.61,17.4452
100,4,482.37,33690.03,42747.49,366.65,2438.32,6252.48,17.3606
100,4,573.88,36778.43,46997.69,329.58,2477.71,7411.97,17.7278
100,4,596.09,39398.27,50296.47,395.95,2689.70,7812.55,19.0218
100,4,709.33,38853.65,50235.67,384.77,2913.90,8083.35,19.4520
100,4,589.69,39004.94,49326.56,398.44,2777.49,7145.69,17.8112
100,4,689.54,43171.06,54160.50,310.10,3124.14,7555.20,21.3330
100,4,562.47,36505.49,48584.07,414.63,2930.60,8733.35,19.2482
100,4,521.48,35179.16,45487.95,398.43,2636.99,7273.37,17.3627
100,4,476.40,35317.93,46567.28,512.43,3142.09,7594.83,17.6719
100,4,619.45,41244.92,51550.33,420.71,2804.42,7080.27,18.1917
100,4,615.94,39096.06,50840.50,391.34,2740.70,8612.40,19.9606
100,4,590.06,36480.35,48155.21,365.45,2680.39,8629.02,19.7337
100,4,548.33,35642.28,45661.60,433.70,2743.48,6842.15,17.9128
100,4,527.64,33395.20,42796.95,327.57,2481.40,6592.78,17.5969
100,4,433.05,30381.58,39672.57,380.25,2316.04,6594.69,19.7408
100,4,644.41,42056.76,53141.47,424.73,2892.43,7767.55,17.7838
100,4,510.56,36110.60,47132.51,483.63,2855.18,7683.09,16.6428
100,4,653.24,40000.04,51394.83,353.23,2889.00,8152.55,18.3902
100,4,765.03,48928.03,60773.99,442.20,3445.30,7958.46,17.1111
100,4,453.29,32797.55,42776.24,440.96,2520.51,7017.22,16.3239
100,4,434.51,31355.22,40524.47,448.69,2667.04,6053.52,16.7788
100,4,661.37,39606.94,50414.21,527.90,2714.11,7565.26,15.8191
100,4,386.66,29660.29,39255.07,474.45,2619.01,6501.32,16.3849
100,4,576.29,39471.17,50180.66,406.08,2892.56,7410.86,18.1783
100,4,521.65,35338.30,45186.12,355.66,2565.60,6926.57,17.8026
100,4,517.69,34186.72,44965.21,419.29,2586.11,7773.09,17.5455
100,4,650.28,42065.33,52914.22,377.08,2965.66,7506.15,16.7518
100,4,627.09,40718.77,50922.25,419.13,2905.55,6878.80,16.6004
100,4,611.65,41244.34,52720.37,473.69,2856.59,8145.75,15.9120
100,4,518.81,38019.21,48136.27,481.65,2861.50,6773.92,15.2510
100,4,517.00,33632.50,43482.18,362.44,2555.47,6931.77,15.9516
100,4,476.99,31805.65,41311.51,343.99,2301.56,6860.31,17.4074
100,4,417.12,30617.97,41477.91,454.74,2575.30,7829.90,17.8816
100,4,594.06,40011.42,49658.57,379.34,2908.47,6359.34,21.8188
100,4,522.24,35505.78,46038.46,434.58,2751.01,7347.09,20.1219
100,4,661.19,42814.81,53904.89,443.61,3150.84,7495.63,18.3678
100,4,434.06,32830.57,42018.42,457.03,2660.29,6070.53,17.5209
100,4,624.09,44132.30,54343.80,482.59,3149.40,6579.51,18.6746
100,4,514.27,35312.33,45802.41,441.13,2727.59,7321.37,18.3405
100,4,535.04,38498.60,47939.65,428.36,2642.77,6369.93,19.0174
100,4,611.69,40825.92,51877.82,407.63,3067.38,7576.89,20.1352
100,4,485.18,32251.84,41937.97,322.80,2500.25,6863.09,18.1376
100,4,559.20,36320.54,45634.85,297.11,2422.34,6594.86,17.5808
100,4,703.12,43457.04,53803.68,318.26,2684.48,7343.91,18.4638
100,4,459.85,35029.75,43910.55,427.32,2673.39,5780.09,17.2325
100,4,553.40,37530.84,46897.36,368.39,2581.59,6416.54,17.4655
100,4,619.43,38164.18,49520.56,395.72,3031.02,7929.63,17.1119
100,4,608.08,37324.29,46120.92,358.46,2603.65,5834.53,16.3547
100,4,583.05,37357.38,47531.03,306.50,2521.06,7346.09,18.5426
100,4,613.94,40986.00,53437.92,498.23,3198.29,8755.40,19.6458
100,4,570.77,39465.92,49603.60,449.14,2957.47,6731.07,16.7015
100,4,501.50,34473.78,44813.60,405.64,2806.17,7128.01,17.6804
100,4,448.23,32992.73,43689.64,438.94,2619.94,7638.02,17.2221
100,4,560.51,41473.40,52525.95,483.32,3017.36,7551.87,16.8795
100,4,524.41,35665.81,47071.58,437.98,2883.23,8084.56,17.9331
100,4,458.33,32498.94,42114.89,392.18,2368.82,6854.95,18.0524
100,4,720.36,41887.73,52961.77,369.55,3084.61,7619.88,18.0735
100,4,592.11,39078.31,49928.60,440.95,2887.61,7521.73,18.2262
100,4,565.48,38061.31,48771.98,485.87,3055.44,7169.36,17.5773
100,4,624.46,43303.81,54902.94,520.29,3349.65,7729.18,16.4678
100,4,784.38,47441.01,58506.55,332.96,2751.30,7981.29,19.1738
100,4,675.90,47060.30,59227.05,558.25,3592.72,8015.78,17.4641
100,4,463.46,34538.85,45722.18,441.53,2727.85,8013.96,16.8189
100,4,436.65,30404.73,39494.98,373.86,2313.03,6403.36,16.1497
100,4,550.15,35977.77,46224.58,297.33,2551.28,7398.20,17.5873
100,4,403.86,29166.97,38227.19,433.04,2441.87,6185.32,15.9883
100,4,603.15,41868.31,54009.48,510.63,3169.88,8460.66,16.6352
100,4,664.72,42211.95,53749.27,436.55,3061.31,8039.46,16.8323
100,4,551.00,40654.42,50282.76,440.92,2950.99,6236.43,17.5505
100,4,739.40,42681.72,53417.45,319.66,2797.94,7618.13,17.4695
100,4,395.76,30765.65,40010.72,425.11,2655.60,6164.36,15.9292
100,4,474.60,33742.95,45313.12,457.83,2792.67,8319.67,18.4202
100,4,643.05,42291.34,53895.69,449.22,3129.43,8025.70,17.6086
100,4,713.45,43503.72,54159.98,319.38,2907.57,7429.32,18.4820
100,4,561.70,42552.64,54051.39,526.34,3484.90,7487.51,17.5861
100,4,800.73,45484.16,57679.69,402.18,3212.88,8580.47,18.8889
100,4,570.21,40137.77,52025.57,515.24,3295.78,8076.78,17.9584
100,4,636.62,40426.84,51527.38,365.35,2941.18,7794.00,24.3245
100,4,483.81,35384.16,46628.53,505.77,2987.06,7751.54,17.7256
100,4,744.08,44108.84,54554.79,337.67,2831.48,7276.80,18.4299
125,4,584.87,35491.05,45119.30,439.64,2434.89,6753.72,12.5641
125,4,506.71,39223.80,49211.55,414.77,2929.77,6643.21,21.8616
125,4,655.74,44924.38,56221.17,434.04,3212.77,7649.98,22.2887
125,4,895.16,54447.95,66325.90,335.98,3267.71,8274.26,25.1529
125,4,566.49,40602.58,51369.49,455.44,2808.59,7502.88,21.4804
125,4,537.13,36430.77,46801.10,381.42,2581.97,7406.94,21.5383
125,4,614.83,41242.34,51668.74,383.36,2610.80,7432.24,24.1785
125,4,737.65,43672.98,55459.87,621.24,2747.50,8418.16,11.7511
125,4,591.04,37237.20,46943.92,580.12,2773.04,6353.56,11.5761
125,4,603.57,39355.63,49977.74,473.15,2612.09,7536.87,17.3993
125,4,552.58,38752.74,48601.35,390.37,2663.42,6794.81,20.5796
125,4,598.87,41024.15,51103.34,371.47,2776.64,6931.08,22.6291
125,4,697.75,48970.87,61058.51,502.52,3308.36,8276.75,23.8009
125,4,649.52,44807.78,55825.29,404.77,2902.36,7710.38,21.4213
125,4,586.63,39757.17,49820.37,412.24,2888.47,6762.49,21.7530
125,4,456.70,33864.91,43664.32,449.44,2685.40,6664.57,21.6336
125,4,493.13,37294.62,47115.88,468.86,2786.68,6565.72,20.7747
125,4,621.38,48191.08,60321.30,579.85,3510.85,8039.52,22.4884
125,4,556.76,39205.48,48764.72,423.97,2598.17,6537.10,21.5376
125,4,604.77,39119.86,51473.49,596.29,2775.41,8981.93,12.0844
125,4,536.19,37677.15,46975.13,375.85,2635.52,6286.62,22.4666
125,4,643.83,41486.15,52193.33,534.89,2665.82,7506.48,14.4283
125,4,668.98,43174.44,54388.65,362.23,2908.44,7943.54,21.2876
125,4,756.12,47234.47,59350.56,394.10,3064.83,8657.16,22.7910
125,4,604.06,42080.79,52481.26,406.64,2845.38,7148.45,22.1041
125,4,816.81,46762.64,57392.64,300.45,2940.32,7389.23,23.7417
125,4,613.44,40120.16,52177.66,390.91,2966.82,8699.77,21.7369
125,4,537.47,38427.67,48963.22,387.97,2780.60,7366.99,20.7729
125,4,496.49,38217.93,49243.72,513.97,2945.55,7566.26,21.1190
125,4,698.44,47826.37,58529.46,401.19,3014.27,7287.63,22.9059
125,4,681.88,43713.05,55501.12,346.03,2776.38,8665.66,23.9489
125,4,634.39,40434.56,52155.04,361.75,2718.65,8640.09,23.5096
125,4,594.94,40418.82,50557.17,419.09,3004.93,6714.32,22.9763
125,4,522.73,35660.55,45131.49,340.58,2386.92,6743.45,20.9890
125,4,456.87,34139.51,43485.67,402.87,2451.23,6492.06,20.4295
125,4,701.59,46375.00,57840.70,434.88,3085.77,7945.05,24.4368
125,4,523.64,38305.52,49371.46,464.58,2936.64,7664.72,22.6981
125,4,701.74,42928.70,54887.11,380.56,3131.88,8445.97,25.7624
125,4,840.71,52915.56,64932.82,439.45,3509.49,8068.32,23.1848
125,4,487.46,35387.57,45365.55,426.53,2522.87,7028.58,21.6572
125,4,493.80,35794.49,44728.16,366.55,2620.67,5946.46,21.4662
125,4,651.32,44999.55,56249.03,370.20,2875.46,8003.82,27.2406
125,4,402.42,31583.27,41211.18,472.55,2626.80,6528.56,21.2547
125,4,613.71,43135.15,53804.50,413.88,2861.15,7394.31,23.5061
125,4,590.22,37887.63,47751.93,331.02,2590.28,6943.00,21.4903
125,4,551.27,37719.57,48363.67,397.99,2558.50,7687.62,21.9864
125,4,715.46,47255.87,58378.12,367.97,3057.52,7696.77,23.9579
125,4,603.56,42800.48,53035.00,441.11,2814.36,6979.05,24.8661
125,4,660.26,44588.29,56488.76,452.83,3114.24,8333.40,22.6640
125,4,520.24,40763.56,50917.93,479.46,3039.88,6635.03,20.9309
125,4,553.83,36234.07,46110.53,379.23,2448.25,7048.98,21.1217
125,4,497.53,34923.23,44655.09,505.96,2478.72,6747.18,11.6483
125,4,445.51,32182.97,43264.15,429.34,2703.82,7948.03,20.0049
125,4,637.65,45306.00,55428.91,377.83,3012.35,6732.74,26.2395
125,4,592.18,39550.84,50120.44,399.80,2787.76,7382.05,23.6222
125,4,671.94,47338.12,58922.15,458.96,3437.25,7687.82,24.4656
125,4,454.41,35450.35,44895.03,450.99,2781.36,6212.33,22.1334
125,4,649.38,46768.80,56772.25,435.43,3144.34,6423.68,20.6469
125,4,614.73,37357.24,47810.16,353.27,2499.74,7599.90,22.0567
125,4,631.35,43352.11,52892.72,477.70,2619.05,6443.86,15.6661
125,4,645.87,45902.00,57327.01,461.61,3178.44,7784.96,21.7797
125,4,487.99,33933.30,43648.57,316.49,2442.58,6956.21,22.7309
125,4,571.37,37098.14,46850.30,330.92,2522.04,6899.20,22.4638
125,4,759.05,48008.07,58606.40,345.84,2937.56,7314.94,24.7463
125,4,477.39,36319.32,45357.17,472.69,2765.41,5799.74,21.4317
125,4,557.74,40474.33,49850.47,351.52,2667.51,6357.11,21.4762
125,4,671.75,43795.84,55067.28,395.84,3093.64,7781.96,22.6229
125,4,606.24,41442.71,50597.27,403.10,2725.76,6025.70,21.3868
125,4,596.93,40379.58,50422.16,328.57,2401.30,7312.72,23.0885
125,4,704.19,44604.61,56845.75,441.22,3232.31,8567.62,22.2478
125,4,582.88,42789.65,52991.77,454.43,2933.53,6814.16,20.5876
125,4,479.88,37322.04,47627.31,420.63,2893.80,6990.84,22.6430
125,4,529.23,35097.99,45847.00,395.43,2707.17,7646.40,19.9757
125,4,616.96,44619.70,56089.26,497.40,3272.97,7699.19,21.0197
125,4,549.47,40856.38,52713.42,444.72,3208.94,8203.37,24.1429
125,4,481.21,35072.33,44904.25,372.36,2568.19,6891.38,23.5014
125,4,728.07,46988.54,58381.91,369.72,3038.25,7985.40,27.1282
125,4,637.52,40998.92,51736.51,404.02,2895.05,7438.52,24.6283
125,4,587.17,42538.90,53373.59,477.78,3156.94,7199.97,22.4087
125,4,644.66,47034.72,58404.94,472.17,3118.87,7779.19,23.5622
125,4,868.93,52195.78,63711.25,325.51,3015.33,8174.64,23.6633
125,4,733.42,50306.85,62244.79,531.40,3518.17,7888.37,22.1812
125,4,502.30,36713.25,48246.73,439.21,2929.76,8164.52,22.7191
125,4,478.06,34005.69,43467.77,371.00,2487.14,6603.95,23.4242
125,4,565.66,38261.07,48907.81,424.70,2658.46,7563.58,12.2173
125,4,443.46,31820.45,40938.72,368.25,2381.48,6368.54,22.8760
125,4,647.76,45073.85,57160.04,493.56,3202.16,8390.47,22.7358
125,4,691.62,45818.33,57415.05,421.56,3003.93,8171.23,21.9839
125,4,642.25,45164.74,54643.05,410.51,2908.39,6159.42,24.9301
125,4,745.41,47748.47,59071.71,543.44,2900.44,7879.36,21.4960
125,4,400.21,33365.92,42572.74,439.43,2649.16,6118.23,25.0813
125,4,515.49,37158.83,49011.67,478.01,2984.00,8390.84,26.9129
125,4,695.79,46910.70,58757.92,419.45,3183.86,8243.92,23.7322
125,4,793.31,48525.88,59798.82,343.11,3155.42,7774.39,24.0382
125,4,583.56,46013.10,57550.71,495.16,3567.47,7475.00,22.0072
125,4,845.92,49433.72,61608.15,401.39,3287.53,8485.50,23.7361
125,4,617.63,43603.26,55645.32,519.76,3343.25,8179.06,22.7283
125,4,625.77,44629.71,55543.62,394.08,2890.32,7629.52,23.1143
125,4,508.49,37096.04,48281.35,457.04,2886.06,7842.21,20.6111
125,4,835.75,50474.06,61412.95,363.10,3303.55,7272.24,24.6408
150,4,658.87,40281.60,50447.14,920.61,2425.00,6819.92,11.6976
150,4,525.69,41440.89,51636.52,570.37,2854.63,6770.62,16.3278
150,4,660.64,47705.98,58954.47,424.73,3118.20,7705.56,29.3803
150,4,931.15,59381.28,71669.53,516.42,3223.58,8548.25,26.5814
150,4,589.30,43013.68,54051.01,468.85,3023.56,7544.91,27.4036
150,4,555.94,38521.45,49367.60,594.51,2657.67,7593.97,19.6331
150,4,606.90,42930.63,53735.18,395.81,2967.76,7440.98,29.0312
150,4,767.33,47838.98,59419.26,467.07,2735.70,8377.51,28.6686
150,4,586.46,40647.82,50494.27,704.86,2707.48,6434.10,13.2342
150,4,622.76,43254.41,54325.31,583.90,2912.63,7574.36,17.0750
150,4,591.16,42344.49,52477.25,392.43,2827.29,6913.04,26.1409
150,4,633.38,46239.34,56896.30,392.70,3051.60,7212.66,28.5512
150,4,699.88,53008.43,65223.94,506.30,3436.90,8272.31,29.0896
150,4,663.06,48099.19,59429.08,434.33,3170.66,7724.90,27.3962
150,4,582.06,42576.56,52807.17,432.11,2979.56,6818.94,27.5980
150,4,446.77,36064.54,45872.84,481.32,2703.98,6623.01,27.8689
150,4,522.31,39445.55,49525.74,466.63,2935.59,6677.98,25.3711
150,4,646.37,50747.48,63113.63,618.49,3738.60,8009.06,26.4631
150,4,576.36,40790.83,50494.08,459.97,2793.65,6449.63,26.9088
150,4,681.45,42861.78,54807.28,333.03,2835.46,8777.00,25.9752
150,4,590.11,41786.36,51142.25,404.71,2575.43,6375.75,26.4170
150,4,641.44,41423.55,52251.18,608.17,2590.28,7629.18,15.7555
150,4,725.56,47115.89,58292.19,336.72,2806.57,8033.01,25.5911
150,4,762.44,50539.24,62769.69,421.84,3093.20,8715.41,27.9336
150,4,633.67,44847.88,55421.99,545.07,2923.55,7105.48,18.7387
150,4,805.71,50873.68,62110.36,322.52,3060.11,7854.06,28.9001
150,4,632.71,43959.94,56249.85,387.89,3047.52,8854.50,27.4211
150,4,573.27,41278.10,52096.88,417.33,2943.19,7458.26,24.5202
150,4,501.87,40686.92,51897.20,553.84,3091.48,7564.96,26.0332
150,4,718.44,50293.76,60911.56,427.87,2970.72,7219.21,26.6271
150,4,629.27,44184.40,56147.15,409.59,3020.69,8532.47,27.9376
150,4,660.12,43806.65,55793.25,380.75,2890.60,8715.24,28.7925
150,4,609.99,43284.15,53508.96,422.48,2998.63,6803.70,27.3023
150,4,529.37,37861.55,47274.83,333.05,2361.41,6718.83,26.7938
150,4,477.37,34401.66,43851.04,406.88,2511.80,6530.70,27.5526
150,4,721.12,49473.50,60726.41,438.64,3062.20,7752.07,28.0925
150,4,548.51,41186.25,52134.53,438.33,2893.53,7616.42,26.9216
150,4,728.03,47653.22,59910.36,738.18,3058.83,8460.13,12.0215
150,4,827.78,56189.67,68194.53,444.73,3498.33,8061.81,28.2129
150,4,523.91,38300.84,48355.76,423.90,2617.46,7013.57,27.2496
150,4,502.83,38184.29,47238.45,380.58,2798.74,5874.83,27.1050
150,4,752.87,49838.89,60914.04,329.30,2903.35,7842.50,33.0121
150,4,451.61,34653.26,44487.03,467.32,2810.60,6555.86,25.0274
150,4,683.92,46490.46,57309.76,590.17,2867.48,7361.65,25.8433
150,4,639.93,41302.93,51641.26,336.82,2748.92,7252.58,29.2431
150,4,555.71,39604.78,50617.47,432.60,2775.65,7804.44,26.3929
150,4,781.96,50478.81,62286.24,842.36,3145.68,7819.38,12.5348
150,4,610.80,45130.68,55229.75,414.80,2776.42,6907.86,26.7331
150,4,714.41,48200.05,59941.60,424.88,3123.00,8193.66,27.2178
150,4,579.24,44412.47,54623.66,467.59,3025.82,6717.77,25.2810
150,4,544.32,38795.26,48842.82,379.30,2676.93,6991.33,25.9421
150,4,532.69,37778.61,47540.23,386.43,2501.70,6873.50,25.7825
150,4,485.22,34880.54,45786.82,390.93,2657.32,7858.03,24.2418
150,4,659.28,46307.83,57008.11,861.07,3169.91,6669.30,9.8739
150,4,593.38,40675.05,51052.20,405.27,2677.21,7294.67,24.9524
150,4,678.15,49511.68,60885.87,423.75,3176.72,7773.72,28.5479
150,4,461.33,36981.67,46417.95,454.55,2781.42,6200.30,24.0051
150,4,706.29,51124.95,61624.80,643.01,3198.49,6658.35,18.1472
150,4,567.90,40021.12,50484.96,407.40,2718.82,7337.62,26.0320
150,4,656.38,45910.03,55463.94,492.12,2578.21,6483.59,24.3370
150,4,700.40,48139.12,60013.21,763.65,3316.75,7793.69,14.1871
150,4,519.07,36522.63,46811.65,687.94,2571.64,7029.45,15.1842
150,4,675.99,43124.74,53276.57,458.37,2713.84,6979.63,21.7693
150,4,740.87,50315.67,60858.77,383.04,2954.91,7205.15,27.6315
150,4,489.18,39677.05,48614.77,418.88,2725.48,5793.38,24.6652
150,4,599.88,42845.36,52633.45,346.22,2749.53,6692.34,27.0213
150,4,677.30,46836.12,58470.11,422.92,3233.21,7977.85,27.7068
150,4,633.59,45015.50,54218.01,396.60,2796.83,6009.09,24.7879
150,4,686.31,43155.82,54358.72,1006.19,2630.11,7566.59,12.9030
150,4,750.79,47956.16,60471.50,439.68,3323.62,8752.04,26.7095
150,4,633.47,46430.51,57169.42,710.46,3054.46,6974.00,16.3504
150,4,542.03,41943.16,52326.33,433.24,2925.29,7024.64,26.9443
150,4,524.72,38503.40,49442.45,475.80,2746.69,7716.56,27.3282
150,4,673.43,47735.40,59396.12,513.62,3334.11,7813.00,27.7481
150,4,572.30,41874.51,53564.59,450.52,3091.31,8148.26,27.8959
150,4,514.32,37238.73,46885.95,355.68,2421.49,6870.05,29.2435
150,4,757.70,50177.53,61614.39,522.34,3065.63,7848.88,24.7917
150,4,611.65,43707.43,55138.80,756.75,2947.48,7727.14,13.3548
150,4,621.47,45689.44,56611.06,489.68,3225.25,7206.69,30.0542
150,4,679.41,49892.45,61471.65,492.18,3297.87,7789.15,29.2610
150,4,870.75,55062.11,66727.90,349.49,3195.25,8121.04,33.0593
150,4,728.96,54561.89,66630.32,522.95,3484.07,8061.42,27.2353
150,4,534.34,38786.12,50262.78,440.00,2953.98,8082.68,29.3415
150,4,504.82,35432.54,45016.47,553.45,2509.21,6521.28,15.1628
150,4,590.41,40820.50,51038.36,304.99,2523.66,7389.20,29.2997
150,4,462.61,33775.74,43031.82,390.63,2474.36,6391.09,27.7223
150,4,676.52,48853.66,61194.49,483.79,3362.66,8494.38,31.1648
150,4,731.68,49369.36,61000.91,427.79,3126.31,8077.45,30.4158
150,4,618.08,46518.49,56128.09,429.22,2965.51,6214.86,30.5325
150,4,831.10,49560.89,61022.09,639.78,3006.36,7815.05,13.8796
150,4,427.48,35198.83,44445.50,438.68,2638.28,6169.71,29.6961
150,4,543.73,39042.26,50814.35,420.26,2879.24,8472.59,28.7571
150,4,671.77,48442.59,60256.71,447.22,3165.00,8201.89,32.1380
150,4,869.43,51998.60,63947.46,960.39,3197.63,7790.83,19.3665
150,4,629.03,49027.80,60626.25,511.81,3684.34,7402.30,27.2443
150,4,813.31,51658.69,64310.77,495.07,3391.89,8765.13,16.0516
150,4,639.53,46273.33,58307.42,526.64,3333.61,8173.84,29.7876
150,4,700.39,48014.30,59650.38,725.55,3030.92,7879.61,16.4517
150,4,499.89,39630.91,50465.09,453.90,2731.97,7648.31,29.3021
150,4,881.11,54999.88,65925.07,333.29,3316.57,7275.34,31.0938
175,4,650.67,41447.11,51177.13,483.32,2376.18,6870.52,31.5764
175,4,563.16,43342.34,53566.51,554.87,2857.89,6811.42,23.8213
175,4,670.17,49812.80,61610.48,630.51,3263.34,7903.84,22.7344
175,4,1058.94,62446.65,76955.11,1882.01,3618.30,9008.15,9.2803
175,4,662.66,47844.03,59189.34,446.46,3006.92,7891.93,34.0223
175,4,624.72,40974.23,51706.29,522.44,2685.11,7524.50,32.0744
175,4,662.87,45548.31,56490.41,542.19,2893.17,7506.74,29.5359
175,4,834.30,49503.82,62801.07,1812.27,2878.57,8606.41,7.2571
175,4,639.05,43160.97,52934.32,548.24,2817.50,6407.60,26.2754
175,4,650.52,45219.76,56259.89,376.66,2909.64,7753.83,36.4435
175,4,626.29,45847.92,56298.51,485.48,2965.39,6999.72,21.8668
175,4,679.18,48048.21,59090.27,752.39,2989.12,7300.54,16.4697
175,4,735.81,55068.15,67383.06,493.57,3470.14,8351.19,37.2572
175,4,673.32,50362.26,61849.85,467.14,3269.75,7750.70,39.3465
175,4,633.02,44742.24,54864.89,536.75,2822.03,6763.87,37.1199
175,4,477.83,37781.47,47595.14,442.81,2681.67,6689.18,44.4325
175,4,518.30,41100.45,51250.69,497.25,3014.05,6638.94,31.2122
175,4,694.28,54263.30,66422.30,585.39,3625.61,7948.00,34.3056
175,4,549.68,43072.78,52872.54,641.32,2709.92,6448.52,29.2979
175,4,705.72,46020.22,58116.57,350.33,2832.79,8913.23,35.3491
175,4,623.44,43259.66,52796.91,392.74,2724.66,6419.85,45.4676
175,4,689.92,45065.13,56442.28,951.49,2728.96,7696.70,13.2471
175,4,725.42,48579.08,60179.89,522.63,3029.92,8048.27,20.6734
175,4,807.94,53508.36,65917.73,530.05,3156.59,8722.73,34.6402
175,4,677.95,47660.94,58500.05,548.75,2962.05,7328.31,25.9682
175,4,773.66,52015.63,63377.31,514.41,3087.98,7759.29,24.2677
175,4,683.71,46134.90,58337.86,392.22,3030.21,8780.53,35.2106
175,4,563.77,41717.03,52520.97,414.33,2904.21,7485.39,32.3667
175,4,541.84,44381.19,55872.95,535.27,3236.42,7720.07,34.0477
175,4,794.48,54328.62,65270.65,554.21,3025.10,7362.71,28.5867
175,4,745.03,48214.40,61149.18,1139.18,2969.70,8825.90,20.6390
175,4,697.11,45460.91,57567.94,543.93,2808.76,8754.34,24.3277
175,4,624.79,46281.68,56537.10,428.15,3176.20,6651.07,34.3384
175,4,601.92,41403.35,51158.50,509.68,2472.52,6772.95,25.9199
175,4,513.50,37355.34,46834.84,379.72,2521.85,6577.94,32.9883
175,4,747.43,51757.36,63750.38,739.35,3132.81,8120.85,18.8825
175,4,635.75,44953.84,55995.78,436.56,2997.55,7607.83,33.7285
175,4,773.66,50400.78,62673.33,483.52,3271.97,8517.06,21.9557
175,4,842.55,58948.70,71563.58,822.93,3605.53,8186.42,15.1887
175,4,548.25,39294.94,49693.95,625.57,2676.72,7096.72,22.6606
175,4,517.38,40877.34,50103.42,415.52,2840.24,5970.31,36.8036
175,4,791.11,51806.75,64080.14,1028.24,2957.67,8287.48,24.6861
175,4,440.11,35535.13,45315.28,481.64,2806.57,6491.93,39.9872
175,4,685.16,47259.41,58417.44,900.92,2925.33,7331.79,17.4340
175,4,630.24,42984.65,53329.83,657.76,2685.91,7001.51,16.5321
175,4,595.90,41656.05,52562.25,397.50,2745.79,7762.90,40.3400
175,4,786.46,53896.89,65664.50,761.86,3187.82,7817.93,17.1323
175,4,721.44,48819.33,58996.60,375.32,2894.22,6907.73,42.0943
175,4,801.17,51776.44,63669.74,437.40,3320.08,8135.83,37.7901
175,4,575.50,44509.08,54722.91,475.22,3013.58,6725.02,36.3758
175,4,550.66,41038.01,51224.81,406.96,2657.41,7122.44,35.7410
175,4,561.60,39404.69,49548.01,539.44,2634.18,6969.70,28.9457
175,4,506.90,37657.73,48852.96,440.73,2751.90,8002.61,36.2439
175,4,666.44,50029.41,60380.67,521.66,3129.56,6700.04,19.4497
175,4,623.74,44595.54,55339.05,417.38,2956.76,7369.37,37.9538
175,4,768.67,54471.12,66099.87,458.76,3445.33,7724.66,33.1759
175,4,524.02,39695.85,49493.15,648.26,2882.06,6266.99,32.1560
175,4,668.43,51659.37,62434.09,628.83,3364.42,6781.47,43.4486
175,4,573.29,41215.35,51803.87,431.21,2757.66,7399.65,48.7693
175,4,723.72,48645.34,59818.34,1410.53,2976.02,6786.45,10.9138
175,4,698.55,51288.24,63578.43,778.53,3473.68,8037.97,22.3921
175,4,539.96,39199.34,49758.22,866.82,2570.49,7121.57,16.1680
175,4,671.46,44885.32,55122.23,667.97,2659.38,6909.55,20.5948
175,4,794.27,53471.60,65081.17,1013.68,3138.40,7457.50,24.2989
175,4,530.52,42161.90,51243.13,438.18,2806.96,5836.09,40.4917
175,4,666.54,45909.62,56810.30,1213.60,2922.78,6764.30,9.1950
175,4,707.47,48521.52,60613.79,745.02,3307.87,8039.38,18.8546
175,4,663.93,46068.10,55994.47,929.06,2843.88,6153.42,12.4578
175,4,707.60,45499.53,56751.51,969.99,2644.82,7637.16,10.1748
175,4,719.39,50721.99,63691.67,661.09,3356.99,8951.59,23.3490
175,4,652.68,47443.07,58593.89,1065.03,3060.06,7025.72,12.2749
175,4,576.04,44620.85,55148.11,422.38,3084.66,7020.22,43.0940
175,4,526.35,40604.02,51622.21,441.34,2785.21,7791.64,46.3255
175,4,673.87,49827.61,61296.85,492.15,3242.92,7734.17,33.7274
175,4,560.44,43595.92,55450.88,474.12,3172.89,8207.95,35.8573
175,4,547.06,39234.60,49064.11,358.75,2491.25,6979.51,40.1934
175,4,786.30,52514.02,64554.47,861.88,3150.08,8028.49,14.0782
175,4,686.08,47156.03,58750.06,947.42,2951.79,7694.83,20.8129
175,4,641.36,47159.95,58024.02,482.89,3097.88,7283.30,54.9872
175,4,707.30,50673.29,62423.97,665.63,3268.91,7816.15,34.3671
175,4,877.74,58391.64,70356.27,673.39,3147.70,8143.55,27.8253
175,4,785.33,57642.90,69975.78,651.33,3614.28,8067.27,25.3368
175,4,532.21,40987.89,52389.07,460.27,2896.93,8043.98,35.7541
175,4,545.84,38190.73,47855.47,515.01,2464.45,6685.29,25.2598
175,4,637.01,43967.04,54671.43,487.30,2636.38,7580.70,22.5952
175,4,487.53,36860.18,46539.97,419.44,2650.43,6609.92,38.1470
175,4,733.78,51443.75,63600.86,488.81,3272.35,8395.95,37.5819
175,4,778.04,51926.82,64301.25,574.37,3316.64,8483.41,19.0767
175,4,711.28,50109.53,60756.68,1037.19,3103.68,6506.28,29.4311
175,4,864.22,53355.53,65076.52,667.59,3181.49,7871.91,31.5840
175,4,432.73,36516.12,45935.62,440.84,2731.97,6246.68,38.1877
175,4,572.70,41972.22,53976.73,475.62,3088.20,8440.69,39.6033
175,4,682.08,49542.20,61535.53,591.46,3320.04,8081.84,19.6914
175,4,864.64,53912.21,66524.25,1530.81,3223.04,7858.19,9.0910
175,4,656.45,51920.00,63763.30,684.74,3590.95,7567.61,23.1529
175,4,851.30,53732.90,66602.69,857.72,3344.55,8667.53,14.5365
175,4,651.94,48966.94,61179.00,512.68,3421.56,8277.82,35.7484
175,4,751.68,51555.39,63181.28,717.46,3019.20,7889.23,17.8286
175,4,545.14,41982.73,53312.03,502.24,3052.54,7774.52,33.7841
175,4,957.90,59070.48,70527.46,524.68,3474.49,7457.82,36.8711
200,4,717.48,44752.70,55542.67,1158.59,2611.12,7020.26,12.9894
200,4,606.40,44618.30,55915.29,1217.90,3099.96,6979.12,19.6613
200,4,700.76,53116.53,64508.81,470.18,3142.99,7779.11,51.0614
200,4,1105.61,65670.93,80932.64,2525.62,3628.82,9107.26,10.1765
200,4,666.62,47757.15,59872.98,1052.46,3109.88,7953.48,33.2873
200,4,632.98,42855.73,54217.37,932.61,2784.10,7644.93,18.2240
200,4,675.88,46988.51,58058.64,577.62,2881.07,7611.44,24.6446
200,4,866.23,52582.49,65913.64,1620.67,2998.85,8711.64,12.5217
200,4,603.27,45545.52,55507.90,679.56,2771.29,6511.53,23.3026
200,4,664.66,46420.21,57457.98,535.61,2953.66,7548.50,45.6971
200,4,640.19,46020.69,56395.97,568.89,2826.36,6980.02,39.4047
200,4,728.40,50407.30,61705.20,938.87,3076.57,7282.46,17.0554
200,4,780.63,57526.68,70166.47,633.31,3456.42,8550.06,21.7786
200,4,753.97,53584.75,65244.75,470.93,3348.51,7840.56,40.5797
200,4,627.22,47529.53,58015.26,586.86,3007.18,6891.68,43.7990
200,4,495.86,39704.70,49604.17,472.20,2777.56,6649.71,46.2820
200,4,542.55,42277.63,52084.26,432.55,2914.25,6459.84,44.1569
200,4,715.12,57608.17,69963.43,593.25,3721.01,8041.01,74.0614
200,4,569.45,43819.79,53436.38,450.55,2747.41,6418.63,44.3996
200,4,771.25,47376.35,61053.00,1410.66,3073.57,9192.42,9.9411
200,4,650.01,44487.58,54799.22,972.72,2829.87,6509.05,18.1192
200,4,747.28,47256.19,59051.36,1181.75,2769.34,7844.08,12.3962
200,4,772.63,50267.25,62914.91,1171.60,3193.52,8282.54,14.5689
200,4,864.27,56233.41,69585.57,1104.08,3280.51,8967.56,16.1847
200,4,703.48,50076.76,61261.60,783.27,2999.40,7402.18,38.4736
200,4,883.05,55072.30,67182.20,1089.81,3133.42,7886.67,16.6110
200,4,693.43,48007.51,60699.11,664.58,3107.23,8919.80,26.9277
200,4,584.88,43949.92,54464.94,391.72,2854.88,7268.41,35.6736
200,4,550.41,44308.09,55595.72,505.95,3171.10,7610.59,36.6544
200,4,802.01,55234.75,66467.72,786.68,3063.78,7382.52,24.6815
200,4,754.43,49340.56,62023.45,1038.10,2985.76,8659.02,10.4978
200,4,694.23,47236.11,59636.57,855.61,2804.91,8739.95,27.0043
200,4,665.37,47687.68,57885.04,418.05,3040.33,6738.97,35.9125
200,4,641.05,43749.09,54166.25,802.67,2694.14,6920.35,14.2285
200,4,515.99,38285.10,48173.28,616.11,2604.16,6667.90,29.9621
200,4,751.35,52726.76,64305.73,697.15,3076.40,7805.41,17.8523
200,4,600.80,45505.29,56633.76,466.62,2993.96,7667.89,35.6251
200,4,787.84,51891.66,64109.32,524.74,3221.11,8471.80,19.0712
200,4,886.16,61355.27,73642.94,426.72,3642.14,8218.81,35.9969
200,4,573.30,42586.86,52950.29,428.61,2826.99,7107.82,35.9266
200,4,556.81,42869.02,52821.20,845.98,2992.10,6114.10,22.3296
200,4,851.38,54155.33,66195.82,926.65,3019.29,8094.55,20.2584
200,4,455.89,38263.57,48192.74,499.43,2872.47,6557.26,35.5757
200,4,712.75,50530.55,61936.24,820.71,3043.87,7541.12,18.6384
200,4,685.97,46594.15,56936.49,472.62,2746.19,7123.53,22.7084
200,4,600.73,44378.29,55497.56,429.81,2808.96,7880.50,36.8883
200,4,885.36,56720.03,69918.77,1607.28,3530.53,8060.92,7.3057
200,4,704.13,50798.01,61127.68,414.26,2954.52,6960.88,37.9464
200,4,735.21,51665.31,64277.14,821.54,3398.67,8391.62,25.1864
200,4,598.72,46449.92,56827.68,480.32,3076.39,6821.05,35.7253
200,4,611.93,42256.33,52665.00,577.50,2705.78,7125.39,19.7133
200,4,581.69,41758.17,52102.14,651.04,2641.49,7051.44,23.4985
200,4,506.07,38942.95,50086.04,431.60,2823.51,7887.98,34.8612
200,4,751.07,52462.62,63436.14,964.50,3189.43,6819.59,15.2053
200,4,637.89,47512.30,58372.81,554.62,2945.62,7360.26,28.7811
200,4,775.07,55261.15,67680.92,917.85,3511.09,7990.83,14.7113
200,4,529.40,41351.65,51087.07,628.52,2838.73,6268.17,18.0887
200,4,756.80,55877.28,67136.86,935.39,3468.26,6855.93,31.0165
200,4,586.35,44018.26,54694.05,428.17,2856.58,7391.04,37.8774
200,4,787.75,50674.92,62901.43,2239.97,3016.42,6970.12,6.6865
200,4,724.44,53757.60,66143.73,906.33,3485.44,7994.36,20.5222
200,4,586.01,40187.16,51424.51,1284.47,2739.90,7212.98,12.8420
200,4,775.30,46848.18,58814.61,1975.06,2791.24,7200.13,8.9200
200,4,898.42,56533.18,69017.94,1675.17,3212.97,7596.62,12.5863
200,4,555.95,43916.14,53041.95,437.29,2823.18,5865.34,34.4451
200,4,679.27,48371.51,58811.75,846.93,2966.91,6626.40,11.4995
200,4,736.00,51735.67,63763.70,743.72,3281.19,8003.13,19.4484
200,4,730.64,49386.04,59208.40,659.07,2910.91,6252.37,16.9421
200,4,790.51,46700.25,59616.46,2310.38,2755.07,7850.75,6.0118
200,4,757.16,53159.69,66232.26,587.97,3523.96,8960.65,29.6020
200,4,724.74,50306.65,62436.20,1607.40,3254.15,7267.99,15.2529
200,4,640.35,46495.44,57516.20,707.23,3141.11,7172.42,17.4243
200,4,570.23,42584.30,53373.06,387.64,2705.01,7696.12,34.5677
200,4,710.01,53055.38,64897.67,661.60,3393.07,7787.63,20.9539
200,4,586.59,45875.43,57918.15,629.92,3250.04,8162.76,20.4029
200,4,536.63,40473.66,50391.97,386.15,2626.83,6905.32,36.2924
200,4,859.80,57042.84,68852.04,478.12,3284.76,8046.33,29.6025
200,4,659.03,48297.14,60201.20,972.39,3145.08,7786.59,11.7529
200,4,666.88,49673.16,60496.00,479.57,3196.66,7146.62,36.7222
200,4,704.02,53375.99,65076.76,684.56,3300.03,7716.18,20.3271
200,4,1005.72,60780.34,74405.45,1973.54,3195.51,8456.06,6.9339
200,4,799.69,58660.73,71062.02,598.12,3711.23,8091.95,22.7931
200,4,575.77,43641.05,55230.90,438.68,3062.84,8088.33,34.1887
200,4,518.67,37876.71,47445.57,377.71,2684.06,6507.09,35.3063
200,4,707.44,45034.59,57360.52,1713.88,2724.53,7887.52,9.0808
200,4,513.25,38577.14,48941.20,1006.79,2695.51,6661.77,26.5385
200,4,697.06,52166.85,64788.43,670.59,3398.83,8552.16,33.4604
200,4,816.84,54049.07,67167.24,1383.51,3316.44,8418.21,11.6980
200,4,736.74,51467.09,61883.28,924.46,3114.10,6377.63,20.2540
200,4,891.69,54503.45,67375.66,1741.35,3121.48,8009.37,7.4364
200,4,450.80,37586.40,46968.96,437.19,2794.29,6151.07,34.2159
200,4,553.70,42277.97,54188.99,471.04,3098.02,8341.97,38.1429
200,4,765.43,53401.37,67013.49,1519.69,3523.16,8569.27,15.8213
200,4,960.95,57745.75,72582.83,3076.63,3430.95,8329.49,6.7868
200,4,664.22,53684.15,65531.30,616.07,3584.65,7646.42,22.8820
200,4,873.98,57021.48,69398.77,559.45,3296.28,8521.55,23.8551
200,4,676.90,50283.65,62157.82,487.84,3195.77,8190.56,37.2353
200,4,821.41,54828.02,67533.35,1190.90,3316.27,8198.16,9.7698
200,4,577.09,43238.60,54316.96,452.79,2840.52,7785.05,34.8109
200,4,977.80,62726.14,74197.24,385.59,3525.63,7559.88,37.3966
225,4,703.34,45849.62,56455.77,892.19,2652.18,7061.79,16.6162
225,4,673.43,47160.04,59170.96,1593.83,3296.48,7120.60,8.4836
225,4,762.10,56092.02,67897.69,637.89,3278.83,7888.94,24.6976
225,4,1146.34,67900.57,83960.75,3133.37,3594.12,9332.69,6.9439
225,4,704.38,50070.93,61903.62,755.23,3215.27,7862.19,21.9897
225,4,621.70,45207.84,56036.84,371.41,2827.67,7629.93,41.7342
225,4,690.45,49554.69,60949.20,757.39,3045.75,7591.37,18.1232
225,4,963.92,54175.25,69354.67,2806.21,3172.64,9200.58,6.5323
225,4,647.31,47223.77,57502.90,846.69,2907.95,6524.49,18.3025
225,4,664.35,48414.03,59468.63,429.03,2972.08,7653.49,42.2611
225,4,704.98,49134.60,60024.23,720.09,3058.64,7110.89,19.4769
225,4,750.48,53130.63,64413.56,846.35,3143.29,7293.29,15.2967
225,4,830.32,59151.17,72432.50,1151.78,3580.20,8549.35,13.5869
225,4,782.75,54697.25,68302.02,1976.94,3446.80,8181.02,14.4047
225,4,707.03,49319.09,60409.83,1043.95,3134.42,6912.38,12.8341
225,4,512.98,39870.19,49850.48,617.19,2703.07,6660.04,23.2536
225,4,554.99,43738.46,53727.03,459.30,3066.19,6463.08,38.6504
225,4,762.15,59288.13,71962.09,691.89,3878.71,8103.36,24.1296
225,4,639.03,47009.05,57271.59,1000.50,2787.26,6474.78,20.0771
225,4,759.51,50130.97,63082.95,819.09,3070.88,9062.02,18.2952
225,4,597.47,45522.08,55038.15,440.77,2769.59,6305.70,43.2251
225,4,798.16,49251.76,61912.96,1772.72,2834.30,8054.18,9.3564
225,4,842.69,52266.93,66204.06,2093.80,3213.80,8629.52,6.9104
225,4,935.39,59147.47,72926.76,1355.37,3310.03,9113.89,13.0324
225,4,757.87,51283.51,63659.32,1707.49,3149.49,7518.83,11.0905
225,4,911.57,57054.14,70005.34,1713.73,3218.11,8019.36,9.6920
225,4,740.72,50452.28,63215.53,540.76,3145.58,9076.91,23.8118
225,4,628.13,45630.09,56481.10,411.96,3054.49,7384.55,40.9832
225,4,593.85,46478.40,58006.66,540.40,3371.01,7616.84,43.6416
225,4,877.22,57869.86,70234.01,1443.85,3333.96,7586.34,9.9513
225,4,787.83,51513.82,64831.80,1332.06,3098.49,8887.42,17.2336
225,4,718.88,48477.23,60837.16,567.36,2997.77,8794.79,25.8666
225,4,690.53,50416.11,61144.39,606.00,3147.98,6974.29,27.8045
225,4,662.85,44849.34,55433.27,835.91,2693.21,7054.81,14.4178
225,4,530.39,40264.92,49684.79,376.98,2557.38,6485.52,40.2096
225,4,833.22,55256.06,68035.96,1243.95,3376.71,8159.24,13.9527
225,4,657.03,47151.58,58735.07,785.16,3128.89,7669.44,19.8980
225,4,871.13,55028.16,68448.74,1324.26,3313.72,8782.59,12.5156
225,4,938.00,63479.79,77178.26,1572.33,3749.30,8376.85,12.5868
225,4,594.84,43487.75,54162.61,789.39,2747.20,7138.27,16.2835
225,4,613.98,44773.81,54934.20,999.30,3042.34,6118.75,12.4137
225,4,882.49,56325.70,68635.05,1159.99,2978.23,8171.13,18.5084
225,4,475.13,38354.00,48298.90,497.16,2857.60,6590.15,43.1371
225,4,757.26,52133.05,63963.46,998.79,3194.77,7636.84,15.0460
225,4,714.63,47262.34,58514.00,1145.72,2883.55,7222.39,15.9760
225,4,653.46,45756.54,57484.75,813.78,2900.67,8013.76,20.5796
225,4,899.30,58640.30,72187.17,1929.28,3495.35,8122.24,10.3197
225,4,719.52,52148.99,62562.79,427.34,3072.45,6914.00,45.4893
225,4,774.90,55371.86,67554.72,438.21,3343.82,8400.84,43.5009
225,4,648.82,48575.04,59666.50,991.74,3264.58,6835.14,15.7588
225,4,603.11,44887.93,55156.78,392.33,2767.45,7109.07,41.6843
225,4,620.15,42456.92,53336.97,995.68,2735.59,7148.78,16.3785
225,4,523.78,40438.77,51466.54,409.11,2745.16,7873.50,39.9315
225,4,792.93,54600.30,66319.40,1347.78,3293.03,7078.29,16.1122
225,4,681.86,48832.31,59929.80,727.27,2950.02,7420.20,23.1927
225,4,769.67,58176.43,70214.05,470.10,3606.92,7960.59,43.5742
225,4,519.94,41173.54,50955.72,632.24,2892.79,6257.16,26.1542
225,4,824.75,57594.19,70373.33,2156.89,3526.32,7095.92,7.9369
225,4,636.29,46030.20,57197.22,737.60,2950.25,7479.18,20.5685
225,4,819.60,52143.25,65045.95,2657.37,3150.19,7095.14,8.7560
225,4,821.53,56912.13,70188.82,1408.64,3672.68,8195.37,8.6346
225,4,580.31,41959.37,52482.80,790.97,2676.43,7056.04,23.1279
225,4,781.63,51001.37,62010.77,1035.92,2792.95,7180.53,11.2512
225,4,917.48,58497.09,71088.27,1689.24,3140.72,7761.22,10.0914
225,4,570.32,44857.44,54527.57,744.81,2992.08,5933.24,20.1725
225,4,671.28,49848.00,60199.18,696.84,2980.16,6674.17,19.1526
225,4,764.38,53532.63,65759.95,783.91,3355.36,8088.06,14.8062
225,4,807.21,52119.64,63164.59,1636.27,3020.44,6388.23,13.8891
225,4,834.55,50053.72,63583.96,2566.42,2878.53,8085.29,8.1330
225,4,821.55,55695.02,69292.60,971.65,3531.63,9094.30,17.0154
225,4,740.42,51366.99,63769.00,1854.24,3296.13,7251.64,9.4711
225,4,663.05,48181.46,59631.66,819.13,3321.99,7309.08,28.6155
225,4,571.61,42747.38,54063.10,629.27,2876.37,7810.08,22.9403
225,4,735.18,53579.14,66031.82,1247.34,3364.22,7841.12,15.1638
225,4,591.66,47324.42,58946.69,443.92,3157.00,8021.34,44.2441
225,4,602.55,42297.65,53597.07,1404.73,2694.06,7200.62,10.8039
225,4,922.93,58014.03,71152.07,1440.54,3401.93,8295.57,9.7339
225,4,741.65,51297.40,63749.30,1399.26,3158.12,7894.52,12.4501
225,4,678.86,50596.38,61825.13,796.11,3128.61,7304.04,32.2909
225,4,794.37,56441.26,69112.59,1119.75,3526.87,8024.71,14.1346
225,4,1049.34,63252.32,77599.78,2377.17,3373.32,8596.98,9.3371
225,4,855.58,61539.17,74762.38,1143.29,3840.33,8239.58,14.3119
225,4,608.58,45455.70,57284.37,563.46,3103.88,8161.33,22.4500
225,4,568.55,40481.71,50461.44,559.51,2795.79,6624.43,26.9638
225,4,714.89,47471.11,59217.79,1096.55,2883.23,7766.91,12.4836
225,4,491.85,38108.37,48032.78,621.53,2682.08,6620.80,39.3993
225,4,782.63,56267.43,69007.75,660.47,3496.23,8583.62,36.7969
225,4,835.76,57005.65,69551.80,773.67,3344.89,8427.59,20.7961
225,4,755.88,53545.77,64011.28,929.25,3084.55,6451.71,15.5211
225,4,899.99,56524.91,69457.30,1820.86,3185.60,7925.92,7.7984
225,4,446.21,38453.81,47809.81,436.49,2754.44,6165.07,42.1939
225,4,575.20,44267.95,56189.46,625.86,2997.46,8298.19,34.9321
225,4,754.85,55324.11,67784.96,698.41,3470.89,8291.56,22.2704
225,4,1023.77,60446.29,75460.87,2971.20,3615.52,8427.86,7.0495
225,4,709.60,56438.85,68777.68,822.94,3739.12,7776.78,23.2479
225,4,920.75,59267.95,72371.97,916.50,3473.96,8713.56,15.8894
225,4,679.45,52978.13,65312.43,541.41,3496.76,8296.13,46.1069
225,4,853.96,56479.70,69833.96,1767.82,3332.27,8254.18,9.6835
225,4,578.05,44909.61,56228.87,486.56,3095.01,7737.70,41.8897
225,4,1032.31,63234.73,75951.15,1451.23,3453.79,7811.39,9.0575
250,4,714.92,47493.24,57611.15,506.34,2617.38,6994.19,38.0032
250,4,640.74,48328.49,59564.11,1038.75,3234.53,6962.35,18.3491
250,4,801.35,56779.84,69253.54,1101.95,3372.03,7999.72,20.0596
250,4,1383.26,72611.27,91847.01,5110.09,4081.36,10044.29,6.0517
250,4,711.27,51876.83,63699.19,755.28,3033.78,8033.29,25.2936
250,4,683.76,46130.51,58077.34,1183.58,2944.22,7819.04,11.9720
250,4,762.15,50970.66,63394.56,1514.71,3146.71,7762.49,13.4895
250,4,1027.52,55616.52,71999.65,3838.82,3156.61,9387.71,6.8591
250,4,702.14,49509.02,59522.71,563.60,2981.58,6468.51,25.7737
250,4,753.04,50478.92,63296.60,1690.58,3141.76,7985.34,15.1424
250,4,676.99,50043.80,60942.05,791.16,3019.91,7087.19,20.7716
250,4,791.87,54351.69,65896.22,1044.10,3171.00,7329.43,15.0367
250,4,899.84,61147.15,75513.86,1888.54,3727.41,8750.76,11.5877
250,4,762.09,55184.81,68010.95,1459.49,3392.82,7973.83,23.9406
250,4,749.93,51361.28,63367.68,1644.54,3239.65,7122.22,11.0738
250,4,512.65,41336.76,51422.12,458.82,2882.84,6743.71,50.1394
250,4,599.11,45186.89,55900.00,982.48,2955.50,6775.13,36.0682
250,4,778.21,61267.17,73856.50,577.31,3925.14,8086.88,50.2644
250,4,603.37,46919.39,56382.63,436.51,2690.23,6336.49,51.7771
250,4,795.96,51516.16,64877.39,1158.44,2998.91,9203.88,13.2177
250,4,687.38,47758.80,58534.84,1270.49,2901.37,6604.19,15.5395
250,4,845.82,51445.46,64928.44,2456.33,2946.92,8079.74,7.7258
250,4,816.31,54117.47,66775.29,1026.80,3249.68,8381.34,19.7856
250,4,946.76,61835.43,75387.77,1033.04,3361.49,9157.81,20.1408
250,4,830.83,53197.53,66706.00,2520.64,3283.37,7704.46,15.1013
250,4,1013.45,59209.72,74470.94,3376.65,3421.38,8463.18,7.5081
250,4,786.87,52864.30,66602.19,1080.14,3357.42,9300.32,15.2297
250,4,682.04,47777.27,59402.93,1097.97,2960.99,7566.69,16.2368
250,4,567.64,47587.40,59006.91,537.84,3290.66,7591.01,50.1408
250,4,941.34,60807.16,74099.65,2131.45,3400.33,7760.71,9.2481
250,4,821.40,54196.63,67748.31,1389.10,3163.74,8998.84,15.3692
250,4,724.22,49787.31,61984.14,510.05,2976.80,8709.98,47.8178
250,4,744.98,51995.48,63898.86,1446.69,3298.58,7158.12,10.2253
250,4,685.66,46178.12,56995.54,1128.06,2713.15,6976.22,13.4737
250,4,543.89,42001.03,51976.24,601.57,2663.39,6710.26,25.4823
250,4,893.79,58693.77,71762.57,1400.04,3448.89,8219.88,15.5514
250,4,631.91,48973.40,60381.08,496.70,3190.11,7720.87,50.0451
250,4,967.15,57480.51,72535.13,2391.72,3467.90,9195.00,9.3409
250,4,1032.06,65733.70,80910.90,2591.07,4027.14,8558.99,11.3537
250,4,616.67,45212.74,56154.40,952.87,2776.04,7212.74,17.9191
250,4,599.29,46363.19,56015.43,575.36,2991.07,6085.82,30.4822
250,4,884.51,58678.52,71413.38,1276.91,3129.96,8328.00,21.0280
250,4,472.89,39402.13,49228.35,481.28,2920.04,6424.91,48.3444
250,4,868.91,54852.43,68726.75,2467.82,3405.52,8000.98,10.7287
250,4,755.15,48899.61,61257.42,1854.30,2972.07,7531.45,10.2887
250,4,633.92,46506.14,57908.37,601.13,2961.37,7839.74,26.0880
250,4,1015.02,60948.34,75972.90,3049.62,3632.42,8342.53,9.4080
250,4,807.94,55391.33,66858.45,1360.58,2966.96,7139.58,15.5220
250,4,803.94,57112.40,69237.14,622.86,3258.06,8243.82,34.0985
250,4,654.91,49858.99,61122.23,1008.28,3257.73,6997.23,17.1266
250,4,650.20,46781.17,57483.36,676.45,2788.02,7237.71,22.1701
250,4,628.79,44694.97,54937.82,452.92,2742.52,7047.41,36.7277
250,4,540.37,41659.27,52913.60,436.49,2833.83,7984.02,48.6073
250,4,852.96,55633.47,68058.13,1910.67,3425.58,7088.40,11.0784
250,4,693.88,50520.50,61837.39,840.88,3010.10,7465.91,16.8226
250,4,905.74,60358.81,74326.27,2020.83,3712.60,8234.04,10.0007
250,4,535.43,42692.09,52564.00,760.00,2865.81,6246.10,31.3208
250,4,963.68,60767.27,75493.04,3497.00,3854.23,7374.55,6.5777
250,4,733.63,48626.09,61353.73,1694.64,3148.35,7884.64,10.9430
250,4,871.25,54428.66,67532.72,2753.40,3208.05,7142.61,9.9568
250,4,844.51,58117.64,71604.22,1665.04,3558.20,8263.34,12.0750
250,4,650.58,43815.59,55454.79,1474.83,2843.02,7321.35,18.3928
250,4,808.01,51085.99,62993.48,1720.63,2935.77,7251.10,10.7613
250,4,961.04,59878.27,73316.79,2378.41,3252.42,7807.69,10.1965
250,4,567.54,45989.36,55391.13,642.04,2861.30,5898.43,25.8992
250,4,710.39,51350.47,61841.96,752.71,3092.00,6646.78,23.2551
250,4,801.43,55420.72,67846.06,813.79,3483.04,8128.51,23.1696
250,4,806.95,52940.35,64320.72,1754.99,3147.62,6477.76,9.9420
250,4,868.98,50586.89,64972.09,3258.89,2890.65,8235.66,8.1407
250,4,904.88,59608.03,74141.24,1382.87,3733.70,9416.64,12.3862
250,4,817.15,53741.40,67319.36,2644.90,3405.63,7527.43,8.2145
250,4,678.96,49591.28,61124.53,1065.10,3215.96,7252.20,14.8510
250,4,580.28,44872.15,56054.50,620.68,2811.42,7750.24,32.5674
250,4,810.90,55937.88,68896.04,1312.28,3603.67,8042.21,15.8440
250,4,643.49,49665.50,62016.27,679.18,3399.84,8271.75,20.2780
250,4,603.39,43217.53,54687.90,1419.59,2806.60,7244.18,13.2414
250,4,969.73,61730.78,75831.28,2202.93,3439.53,8458.03,9.0894
250,4,770.07,52341.20,65569.28,1886.52,3378.65,7962.92,13.0502
250,4,684.91,52302.20,63218.43,488.13,3191.30,7236.80,49.4891
250,4,825.58,58718.02,72234.72,1797.98,3541.65,8177.07,9.6981
250,4,1148.26,66537.89,82084.92,3161.98,3440.76,8944.29,8.6795
250,4,823.84,62791.71,75287.45,726.73,3748.26,8020.75,26.7677
250,4,644.25,46699.28,59244.56,1028.55,3181.38,8335.36,27.2196
250,4,581.59,41692.96,51980.10,809.22,2762.02,6715.91,25.8946
250,4,724.00,48212.63,60590.01,1535.77,2933.19,7908.42,14.3155
250,4,542.97,40672.41,50885.23,832.42,2719.57,6660.84,21.8396
250,4,763.35,56938.81,69865.46,897.65,3372.64,8656.36,20.3575
250,4,894.25,59343.34,72736.27,1382.34,3403.73,8606.86,17.1846
250,4,859.63,55504.72,68139.86,2521.87,3355.22,6758.05,8.8244
250,4,991.63,59857.08,73948.10,2542.53,3216.39,8332.10,7.5294
250,4,471.75,39933.89,49435.01,607.88,2798.57,6094.67,24.8955
250,4,606.61,46158.19,58415.22,647.38,3240.17,8369.49,31.2922
250,4,770.26,56679.54,69418.49,850.01,3558.53,8330.41,32.1191
250,4,1190.09,63775.15,81220.18,4661.47,3892.31,8891.25,6.9389
250,4,869.25,60021.11,74374.38,2057.29,4117.08,8178.91,12.0821
250,4,963.36,61410.00,75523.67,1709.48,3570.22,8833.97,9.9099
250,4,696.10,54248.41,66696.87,605.59,3445.19,8397.68,49.2722
250,4,870.31,58500.57,71014.49,1053.87,3261.27,8198.78,16.5120
250,4,607.28,45908.21,57992.96,1060.22,3084.46,7940.07,21.7106
250,4,1051.74,66382.18,78602.07,1148.61,3365.07,7706.20,27.4134
275,4,777.51,47824.82,59854.97,2097.00,2700.51,7232.64,10.1676
275,4,707.57,50175.35,62202.83,1496.13,3361.65,7169.71,15.4215
275,4,849.76,58574.29,71991.05,1703.89,3517.46,8195.41,13.1926
275,4,1413.22,74923.66,93496.76,4545.59,4033.56,9993.95,8.0209
275,4,755.79,52643.98,65397.26,1475.63,3206.40,8071.25,25.7033
275,4,713.20,48050.35,60374.16,1470.89,3006.10,7846.82,21.5182
275,4,737.19,51398.05,63144.78,1005.52,3088.35,7652.85,17.7109
275,4,1008.29,57649.73,72959.83,2918.56,3154.78,9236.76,8.8787
275,4,838.19,51700.51,64554.74,2712.78,3187.84,6953.62,8.2338
275,4,799.78,52797.75,65613.23,1613.05,3116.98,8085.45,12.5066
275,4,815.56,53177.63,65730.07,1923.21,3240.48,7388.75,10.2167
275,4,788.65,55493.90,67216.41,1169.68,3188.63,7364.20,22.2643
275,4,1075.25,65332.05,82593.70,3818.99,4062.13,9380.53,9.2461
275,4,829.58,57500.44,70700.74,1578.79,3567.13,8054.37,14.3875
275,4,763.42,53266.56,65008.74,1243.19,3334.02,7164.97,23.2116
275,4,545.41,42700.84,52905.72,597.78,2850.04,6757.06,47.2140
275,4,606.99,47399.41,57954.64,833.31,3065.75,6656.17,27.0144
275,4,803.86,62253.36,75551.55,961.36,4089.28,8247.54,22.5648
275,4,671.29,49587.74,60280.20,1123.40,2945.11,6623.96,21.1862
275,4,817.87,53620.25,67031.54,1066.95,3062.13,9282.21,16.8497
275,4,712.61,49334.10,60490.04,1449.41,3026.44,6680.09,13.8590
275,4,820.88,51084.45,64419.06,2405.50,2889.36,8039.74,10.6858
275,4,848.04,56423.85,69067.92,1068.53,3139.68,8435.86,19.6998
275,4,1015.71,63790.71,78407.07,1784.39,3486.31,9345.67,11.6598
275,4,870.05,55681.14,69102.86,2323.37,3341.79,7756.56,10.5577
275,4,990.01,61866.92,75123.92,1640.99,3375.55,8240.46,12.4469
275,4,840.80,54169.95,68823.93,2033.18,3344.17,9276.63,10.6982
275,4,670.77,49510.52,60977.86,749.14,3070.55,7647.65,20.3428
275,4,616.21,49235.16,60903.73,636.24,3348.87,7683.46,31.9467
275,4,1123.43,62284.64,78922.76,4657.33,3749.89,8230.89,7.0440
275,4,865.79,56293.19,70394.62,1916.76,3078.23,9106.44,14.0698
275,4,782.85,51975.99,64683.27,766.44,3055.72,8885.11,23.9689
275,4,764.90,53930.97,65518.58,1132.31,3348.72,7106.58,15.6019
275,4,776.67,48517.06,60849.55,2032.00,2959.74,7340.76,10.1483
275,4,552.00,42550.87,52447.95,585.09,2709.85,6602.15,29.4131
275,4,880.18,60233.19,73184.25,1314.26,3471.47,8165.33,22.6325
275,4,733.94,51304.45,64036.13,1442.56,3262.54,8026.58,16.1603
275,4,962.39,59154.96,74337.03,2575.82,3423.47,9182.78,8.5545
275,4,1124.97,68596.65,85030.98,3494.19,4101.41,8838.72,8.6524
275,4,654.82,46270.68,57648.96,1263.72,2877.63,7236.94,17.5999
275,4,696.87,47378.73,59132.40,2088.82,3229.89,6434.96,10.7627
275,4,932.48,58679.76,72680.03,2304.11,3167.27,8528.89,12.9307
275,4,495.37,40138.94,49962.81,464.31,2842.72,6516.83,54.1482
275,4,898.28,56493.81,70316.21,2432.06,3397.49,7992.86,10.2313
275,4,792.64,50505.42,63198.00,2088.46,3050.40,7553.73,15.1394
275,4,678.61,48253.04,59604.07,530.99,2932.68,7887.36,47.6798
275,4,1081.83,64196.10,80151.84,3711.58,3684.67,8559.48,7.4839
275,4,830.11,56991.37,68968.94,1674.16,3078.50,7224.91,13.5621
275,4,882.12,59207.51,73099.66,1720.79,3538.31,8633.04,16.3791
275,4,703.21,51586.02,63333.32,1373.02,3322.07,7052.20,16.9720
275,4,665.98,47746.13,58913.67,945.00,2827.59,7394.95,18.8379
275,4,644.98,45480.77,56065.31,729.14,2766.06,7089.33,28.8208
275,4,551.07,42601.45,54012.60,440.73,3035.23,7935.20,53.3932
275,4,915.01,58967.55,72234.05,2416.14,3555.03,7295.34,13.2844
275,4,779.73,52766.81,65115.93,1570.67,3127.71,7650.74,12.1679
275,4,850.85,60781.66,73614.38,1279.17,3628.39,7925.15,17.7937
275,4,599.77,44300.40,55343.45,1453.05,3108.22,6481.79,15.8067
275,4,929.01,62477.43,76053.86,2425.51,3820.10,7330.83,12.8580
275,4,704.45,49221.71,61292.18,1177.48,3048.33,7844.67,27.3064
275,4,957.64,56347.07,71262.10,4015.25,3438.76,7461.02,8.1987
275,4,868.75,61267.24,74605.71,1431.83,3649.32,8257.31,21.1795
275,4,655.88,45016.67,56970.25,1795.49,2813.67,7344.42,13.2692
275,4,886.25,51675.60,64781.17,2751.44,2934.98,7419.14,9.4593
275,4,1037.00,62258.87,76727.44,3132.72,3293.42,8042.43,9.2057
275,4,679.07,48039.08,59189.28,1877.54,3116.70,6155.96,11.3848
275,4,903.48,53100.26,67730.72,3899.78,3409.78,7320.90,9.2639
275,4,896.84,57975.99,71938.70,1918.31,3591.11,8453.29,13.3206
275,4,957.69,55245.99,69638.99,4122.25,3367.54,6903.21,7.0314
275,4,948.28,53080.91,68310.21,3701.63,3148.96,8378.71,8.6687
275,4,902.98,59883.91,74643.89,1798.18,3587.80,9374.00,11.8535
275,4,848.29,55134.71,68964.72,2771.70,3538.51,7519.80,9.7576
275,4,650.79,50265.22,61288.88,565.79,3253.14,7204.72,31.2854
275,4,636.86,46319.09,58641.83,1313.31,2985.35,8024.08,22.4331
275,4,822.24,57880.28,70962.17,1260.42,3694.40,8127.08,14.3014
275,4,691.27,52165.77,64636.55,805.92,3314.75,8350.11,40.1057
275,4,644.41,44732.20,56007.75,1230.18,2811.23,7234.14,14.4837
275,4,1033.15,63648.49,78712.29,2877.43,3580.43,8605.93,8.7936
275,4,771.81,54211.16,67086.03,1552.24,3344.15,7978.49,14.2829
275,4,699.99,53244.59,64224.38,479.71,3348.10,7151.98,56.7120
275,4,896.87,60721.91,74755.47,2085.78,3684.00,8263.77,11.8361
275,4,1149.25,68809.87,83368.68,2483.91,3328.48,8746.42,10.6440
275,4,896.30,65257.56,78731.10,1381.93,3868.43,8223.18,16.5108
275,4,635.42,48560.24,60402.58,447.29,3120.37,8274.67,56.0682
275,4,596.53,42802.41,53167.79,805.32,2833.97,6726.08,16.2023
275,4,808.92,49998.41,63198.07,2068.04,3052.84,8078.79,10.3358
275,4,565.08,41880.33,52845.91,1365.18,2858.87,6741.52,12.8646
275,4,862.02,59559.29,73675.89,1510.58,3653.30,8952.72,12.7421
275,4,1025.62,62836.44,77718.10,2318.50,3669.69,8893.48,11.3872
275,4,887.53,57964.02,70075.41,2130.78,3246.79,6733.82,13.1888
275,4,1082.00,62182.94,77755.53,3655.53,3404.45,8512.62,7.5448
275,4,501.04,41746.83,51742.20,836.00,2904.48,6254.89,30.9434
275,4,627.17,47976.84,59969.10,475.07,3220.72,8296.47,57.5630
275,4,864.90,58937.00,72778.95,1535.40,3732.90,8573.64,12.0859
275,4,1141.73,64924.13,81079.54,3813.31,3604.02,8738.08,9.7030
275,4,854.82,60974.00,74694.56,1723.23,3992.00,8005.33,14.5405
275,4,1039.01,63752.60,79031.18,2518.23,3621.67,9138.68,11.1256
275,4,734.01,55498.72,68174.37,756.56,3530.41,8388.67,43.1524
275,4,1084.54,61395.16,78350.42,4199.50,3840.64,8915.12,7.3743
275,4,622.77,46858.58,58055.27,457.76,3009.67,7729.25,55.4023
275,4,1187.85,69069.40,83529.78,2740.80,3581.37,8138.20,9.6859
300,4,762.53,50242.60,61065.31,885.17,2799.54,7138.01,29.1587
300,4,721.63,50981.74,63291.16,1729.17,3373.51,7206.74,12.4240
300,4,876.56,60851.81,74318.83,1729.69,3548.71,8188.61,12.1564
300,4,1521.69,76962.78,97270.08,5843.42,4255.85,10208.04,7.8206
300,4,873.06,55459.73,69362.74,2186.99,3399.07,8316.95,13.1058
300,4,672.87,47567.30,59571.96,1239.96,2932.08,7832.61,20.4323
300,4,793.13,54722.52,67183.94,1459.98,3166.72,7834.72,17.6753
300,4,1203.18,59976.88,79067.99,5455.79,3503.17,10132.14,7.6411
300,4,790.86,51900.43,63915.79,1992.09,3219.27,6804.00,14.4749
300,4,841.33,52896.22,67114.08,2649.49,3307.17,8261.20,10.1427
300,4,824.89,55260.11,67938.33,2050.59,3246.40,7381.23,14.0380
300,4,943.47,58724.46,71922.15,1974.22,3445.21,7778.25,17.7176
300,4,1128.94,68887.85,86602.70,3995.58,4150.70,9568.58,8.2914
300,4,939.32,61237.82,76037.06,2654.06,3725.92,8419.25,11.3412
300,4,969.05,56057.39,71672.41,4147.79,3698.06,7769.16,7.8639
300,4,574.38,44223.47,54982.34,1059.77,2882.73,6816.37,35.6703
300,4,619.63,48282.94,58951.87,778.31,3236.10,6654.51,29.8682
300,4,899.25,65658.05,79727.42,1488.87,4173.08,8407.42,17.4247
300,4,765.63,51177.52,63753.14,2502.57,3152.87,6920.19,12.8755
300,4,904.44,55265.57,70150.73,2105.57,3163.59,9616.00,16.8832
300,4,734.53,50369.35,61235.58,1313.95,2910.30,6641.97,14.9928
300,4,922.61,53449.24,67761.04,3065.17,2985.65,8260.98,9.8770
300,4,967.42,58178.66,73168.59,2708.07,3460.20,8821.66,11.2166
300,4,1130.13,66448.76,82270.97,2668.53,3594.83,9558.85,10.7773
300,4,922.49,58164.70,72114.80,2555.97,3522.29,7871.83,13.4884
300,4,1109.10,63514.38,79087.55,3435.95,3547.02,8590.19,10.4826
300,4,845.00,55693.29,70226.75,1860.45,3370.55,9302.46,14.1535
300,4,661.47,50122.53,61558.81,849.81,3123.25,7463.22,25.8911
300,4,671.66,50721.46,63036.40,1138.04,3378.96,7797.93,20.9763
300,4,1079.09,64690.48,80023.49,3601.99,3648.33,8082.68,9.2157
300,4,925.31,58594.10,73043.33,1972.01,3310.21,9167.01,12.7495
300,4,831.23,52313.12,66627.17,1974.80,3152.14,9187.11,15.7694
300,4,789.08,54449.06,66383.82,1357.29,3385.83,7191.65,14.1981
300,4,733.86,49199.73,60216.86,1047.98,2907.59,7061.56,18.9244
300,4,645.62,44789.93,56399.42,1777.32,2887.44,6944.73,15.6908
300,4,959.81,63439.13,77575.15,2056.00,3510.12,8569.89,12.9372
300,4,741.64,52453.36,65307.07,1353.77,3399.65,8100.29,15.7522
300,4,1072.26,62205.45,78551.21,3209.03,3687.00,9449.72,8.5720
300,4,1192.34,70355.25,87547.30,4132.24,4126.22,8933.57,8.8872
300,4,689.68,48369.04,60174.77,1419.89,2956.37,7429.47,20.7801
300,4,713.68,49081.69,60728.85,2015.00,3250.90,6381.27,11.7657
300,4,1042.74,61982.62,77140.46,3227.16,3224.77,8705.92,10.8144
300,4,526.64,43726.24,53813.03,492.36,2953.83,6640.60,63.2855
300,4,1049.66,59360.75,75963.15,4346.10,3713.15,8543.14,8.4920
300,4,868.21,52561.11,66842.88,3121.26,3237.77,7922.74,9.0099
300,4,674.71,49932.15,61251.38,413.46,2954.19,7951.58,62.8380
300,4,1258.17,66942.19,85319.85,5293.77,4040.39,9043.49,7.2514
300,4,865.80,56920.95,69634.85,2071.70,3226.54,7415.66,12.6861
300,4,852.05,60759.91,73744.23,1007.17,3413.13,8564.03,20.9831
300,4,756.04,53152.00,66012.61,2214.55,3512.75,7133.31,11.3057
300,4,722.56,49068.37,60933.55,1464.79,2899.95,7500.44,18.5504
300,4,707.81,46982.51,59217.84,1978.34,2820.23,7436.75,11.0024
300,4,575.88,44004.72,55653.75,625.57,3015.89,8007.57,33.5788
300,4,929.87,59258.70,72551.58,2434.01,3642.99,7215.88,10.7495
300,4,820.67,54514.62,67188.23,1714.88,3210.40,7748.34,12.8941
300,4,1088.68,65431.11,81666.85,3462.00,4127.45,8646.29,8.3893
300,4,576.85,45430.72,55847.58,1064.80,3020.32,6331.73,20.9998
300,4,1052.61,65726.04,80519.61,3220.94,4069.70,7502.93,8.9494
300,4,713.63,50312.01,62573.83,1336.34,3105.35,7820.13,18.6673
300,4,1052.51,57823.58,74123.79,5108.77,3563.65,7627.78,8.2890
300,4,961.92,61606.65,77294.73,2958.79,4009.48,8719.81,10.8760
300,4,760.66,45516.21,59545.64,3225.65,3122.23,7681.55,8.7621
300,4,1020.10,55589.31,70780.94,4010.25,3232.71,7948.67,7.0891
300,4,1167.22,63701.01,81023.78,5436.48,3550.78,8335.51,7.6164
300,4,680.84,49321.89,60739.52,1940.64,3183.58,6293.41,12.0064
300,4,923.66,54108.56,69240.26,4197.24,3503.97,7430.49,9.1336
300,4,917.83,60434.15,74105.25,1631.55,3589.30,8450.24,14.7161
300,4,993.34,57029.54,71098.60,3672.18,3461.12,6935.75,8.2204
300,4,997.87,55625.50,71423.27,4055.12,3138.59,8604.05,7.7286
300,4,992.29,62295.45,78959.66,2902.69,3892.32,9869.20,10.8828
300,4,939.63,57527.19,73117.62,4140.91,3664.02,7785.50,8.9801
300,4,740.06,52457.63,65254.59,1781.63,3381.73,7633.60,17.2131
300,4,604.05,46304.76,57654.52,534.69,3042.51,7772.56,43.1910
300,4,905.33,61362.45,75306.37,1798.90,3758.61,8386.41,13.0133
300,4,659.74,51745.21,64022.92,557.42,3433.71,8286.57,37.1116
300,4,696.44,45773.11,57985.04,1800.14,2979.08,7432.71,15.2704
300,4,1014.12,65566.60,79229.78,1640.32,3559.81,8463.05,15.3794
300,4,844.13,57065.12,70307.23,1740.15,3390.68,8111.28,12.9403
300,4,802.27,56659.03,69546.13,1881.14,3492.49,7513.47,13.8939
300,4,914.51,62244.52,76061.75,1697.81,3781.12,8338.31,15.0916
300,4,1383.51,72116.78,90795.33,5488.57,3681.93,9508.05,7.4759
300,4,1041.23,68851.70,84210.91,2342.36,4223.67,8793.17,11.9968
300,4,674.84,49815.58,62924.85,1387.85,3256.45,8464.97,18.4981
300,4,623.70,43402.21,54277.96,1172.53,2855.37,6847.85,15.4874
300,4,796.75,51381.07,64666.54,2231.39,3003.52,8050.55,10.8104
300,4,649.75,42713.35,55916.87,2917.98,3069.57,7215.98,10.1753
300,4,838.87,61143.52,74940.96,1471.37,3554.28,8771.79,19.3908
300,4,987.35,63139.89,77474.68,1945.71,3570.01,8819.07,12.1144
300,4,1076.16,61711.42,76858.84,4091.83,3803.90,7251.69,8.0408
300,4,1151.11,63005.32,80108.32,4722.49,3664.94,8715.57,7.8040
300,4,493.44,42104.14,51909.04,655.88,2873.60,6275.42,45.9272
300,4,695.96,50632.66,63500.21,766.71,3409.21,8691.63,25.3064
300,4,912.04,60207.09,75165.98,2452.23,3723.56,8783.09,11.8284
300,4,1296.13,67633.44,86103.89,5402.63,3924.77,9143.05,7.6925
300,4,967.75,63362.88,78482.58,2539.60,4295.51,8284.60,9.2641
300,4,1171.92,68268.00,84210.68,2587.98,3785.66,9569.03,9.2604
300,4,736.41,55586.94,68198.29,800.63,3608.16,8202.56,35.7285
300,4,1158.34,63979.44,81672.17,4753.84,3791.19,9147.69,7.3330
300,4,624.81,49258.63,61062.84,639.61,3256.37,7908.24,38.1242
300,4,1170.40,71607.26,85682.97,2452.26,3461.30,8162.14,10.6765
325,4,779.41,52171.23,63038.51,1104.61,2665.18,7097.49,18.8994
325,4,762.84,52659.43,65897.09,2294.04,3488.23,7455.40,12.9965
325,4,947.17,62433.92,77238.36,2670.18,3676.25,8458.01,12.5493
325,4,1534.59,80070.26,100771.33,6216.68,4085.73,10398.66,8.7470
325,4,900.53,57318.41,72126.17,2907.80,3458.71,8441.25,12.9638
325,4,745.84,50195.14,62887.74,1649.81,3080.65,7962.14,19.6089
325,4,816.48,55634.42,68220.74,1591.44,3164.30,7830.58,20.0257
325,4,1138.47,62009.64,79182.08,4138.26,3359.20,9674.97,9.1776
325,4,792.28,54061.06,65026.51,1141.57,3151.16,6672.72,33.0194
325,4,876.74,54963.69,69623.15,2971.96,3372.03,8315.47,10.9686
325,4,870.74,56725.79,69707.09,2220.48,3209.17,7551.65,12.3527
325,4,883.16,59371.08,72176.25,1673.13,3450.19,7681.86,19.7450
325,4,1110.21,69488.55,86516.69,3457.46,4159.18,9411.50,11.1142
325,4,1036.17,63438.09,79258.02,3264.75,3883.56,8671.62,10.6658
325,4,960.07,56977.61,72350.39,4008.65,3631.43,7732.71,9.1580
325,4,583.68,45260.64,56174.41,968.01,3078.79,6866.97,40.5298
325,4,679.60,49423.26,61627.05,1987.63,3268.90,6947.26,15.2612
325,4,809.90,66048.52,78945.85,614.72,4119.52,8163.09,74.0551
325,4,708.80,50938.05,62395.99,1776.00,2962.47,6719.47,17.7045
325,4,955.70,57130.00,72722.93,2562.12,3375.41,9655.40,14.1132
325,4,867.98,53199.94,66543.34,2976.68,3319.83,7046.89,11.1130
325,4,954.91,53954.57,69531.44,4024.16,3123.00,8429.71,10.6342
325,4,963.54,60396.14,75189.14,2464.63,3481.69,8846.68,11.2032
325,4,1149.92,67915.62,83790.18,2697.84,3547.13,9629.60,10.6926
325,4,992.61,59548.73,74886.66,3629.72,3597.47,8110.74,10.1241
325,4,1212.43,65708.38,82804.80,4469.55,3733.24,8893.64,9.4616
325,4,851.64,57969.99,71965.92,1373.27,3417.12,9205.54,16.0976
325,4,766.14,51839.86,64631.68,1707.16,3331.41,7753.26,20.1366
325,4,677.59,51465.18,63875.79,1083.29,3533.04,7794.28,43.6264
325,4,1130.58,66384.62,82193.28,3850.16,3753.73,8204.78,9.7677
325,4,967.70,59194.07,74346.92,2531.65,3306.49,9314.70,13.3705
325,4,876.61,54360.36,68848.65,2296.45,3080.58,9111.26,12.5713
325,4,869.93,57523.87,70223.50,1761.86,3595.77,7342.00,14.3862
325,4,838.77,50884.46,64313.53,2916.32,3015.85,7496.90,11.3563
325,4,601.87,45575.85,55927.32,766.22,2806.16,6779.08,35.6258
325,4,1107.51,66598.85,82534.91,3207.09,3702.55,9026.42,10.6329
325,4,753.56,52863.85,65463.32,1333.03,3307.41,7959.03,18.2520
325,4,1178.03,64279.68,82604.21,4544.43,3898.44,9881.67,8.6531
325,4,1271.61,72573.11,91093.34,5047.06,4239.91,9233.26,8.3774
325,4,792.67,49267.31,63904.54,3755.70,3089.58,7791.95,9.1674
325,4,719.09,50461.13,61591.24,1659.19,3206.23,6264.69,16.5530
325,4,1082.91,63910.37,79315.17,3070.42,3475.68,8858.69,10.8701
325,4,520.59,44067.60,54140.88,489.85,2934.32,6649.12,69.4484
325,4,1035.94,60592.90,76492.07,3869.66,3576.87,8452.63,8.8748
325,4,978.28,54129.04,69876.76,4161.43,3455.50,8130.78,8.9232
325,4,697.09,51273.80,62817.24,454.35,3152.03,7937.06,68.9809
325,4,1281.46,68820.83,87507.74,5606.57,4038.23,9042.11,7.4144
325,4,903.80,60343.75,73136.23,2098.82,3266.11,7427.55,14.1194
325,4,931.64,61509.82,75722.03,1819.62,3715.15,8677.44,16.3309
325,4,793.02,55028.47,67954.96,2099.29,3549.14,7278.06,13.5531
325,4,665.16,50113.19,60611.16,383.73,2795.22,7319.03,67.3784
325,4,734.47,48225.89,60541.60,1983.90,2912.24,7419.57,13.5366
325,4,574.05,45052.69,56617.70,428.74,3007.71,8128.55,68.5267
325,4,1036.77,62049.79,77284.84,3898.69,3675.57,7660.78,8.8982
325,4,929.83,55883.13,70771.89,3176.29,3536.88,8175.59,9.5099
325,4,1081.20,66557.38,82638.25,3381.10,4145.71,8554.07,9.4881
325,4,615.36,47750.33,58256.24,1013.04,3155.34,6337.52,23.8500
325,4,1212.08,68029.63,86042.87,5698.71,4410.00,7904.53,8.2435
325,4,852.86,52365.82,67739.56,3567.74,3465.37,8340.63,11.4937
325,4,1050.09,59593.74,75466.13,4766.75,3481.28,7624.36,9.0592
325,4,1018.94,64743.52,80747.22,3155.78,3958.34,8889.58,9.9601
325,4,734.75,47892.98,60619.09,2162.68,2944.59,7618.84,16.8515
325,4,1084.07,57531.11,73347.53,4439.96,3286.08,8090.37,7.8979
325,4,1253.58,66451.04,83969.02,5331.78,3696.79,8489.41,8.8544
325,4,658.81,50422.84,60026.12,686.44,2950.17,5966.67,41.4680
325,4,981.93,56736.45,72498.46,4631.75,3646.90,7483.35,8.5400
325,4,929.69,61156.24,75366.77,2170.74,3579.28,8460.51,13.9380
325,4,995.57,58359.05,72013.35,3412.87,3323.83,6917.61,9.1752
325,4,1029.38,55933.13,72186.44,4582.52,3060.96,8609.82,9.1989
325,4,1053.37,65524.01,82000.31,2570.19,3953.40,9952.71,12.8410
325,4,1017.59,60009.06,76416.72,4497.95,3874.66,8035.05,8.5688
325,4,774.34,54172.24,66976.55,1811.31,3495.09,7497.91,19.6020
325,4,707.67,48967.82,61859.93,1693.27,3089.41,8109.44,16.6530
325,4,946.77,62417.09,76690.80,1997.05,3892.43,8384.23,11.8254
325,4,681.99,53585.46,65791.37,520.50,3477.09,8208.32,39.6993
325,4,687.74,46771.85,58346.14,1456.84,2850.33,7267.13,20.3704
325,4,1163.69,67694.75,83838.79,3465.32,3735.72,8943.00,9.7356
325,4,826.59,57649.12,70773.18,1532.93,3499.88,8091.24,16.8978
325,4,837.13,59106.67,71566.96,1328.80,3498.49,7632.99,20.4842
325,4,883.97,63496.54,76744.53,1270.47,3737.50,8240.03,19.8620
325,4,1329.68,73357.75,90776.38,4559.91,3536.46,9322.26,9.1047
325,4,1054.84,71185.05,86109.10,2085.63,4167.44,8670.98,13.0494
325,4,678.95,50785.26,63385.62,856.89,3383.69,8359.77,40.6918
325,4,606.42,44967.33,55417.37,935.15,2805.85,6709.04,30.2068
325,4,871.43,51959.02,66184.01,2871.05,3156.08,8197.86,12.1581
325,4,545.57,43195.20,53056.05,572.76,2721.71,6566.39,44.9516
325,4,888.77,63310.52,77210.96,1217.60,3790.95,8891.89,26.5652
325,4,1139.57,66183.96,83359.69,3948.22,3803.72,9423.79,9.1464
325,4,1120.71,63064.20,79228.63,4941.56,3859.38,7363.50,8.2841
325,4,1215.79,65115.05,83203.95,5442.96,3649.32,8996.63,9.3504
325,4,519.05,44050.64,53752.93,467.08,3012.51,6222.69,66.1837
325,4,665.16,50088.89,62191.62,448.60,3297.30,8356.83,68.8211
325,4,911.81,61731.57,76176.89,2010.36,3655.07,8779.89,17.1221
325,4,1332.16,70545.80,89073.27,5397.72,3883.89,9245.87,8.2974
325,4,891.89,64105.19,78067.87,1876.11,4049.62,8036.95,15.8686
325,4,1173.73,69860.26,86359.52,3193.99,3722.49,9582.78,10.2473
325,4,746.68,58062.56,70661.64,703.78,3563.75,8331.55,56.0699
325,4,1151.36,65250.11,82438.02,4321.70,3895.08,8971.14,9.3139
325,4,658.74,49224.63,61192.29,804.26,3203.01,7960.38,37.4637
325,4,1364.18,73343.63,90138.93,4401.16,3833.28,8560.87,8.6581
350,4,967.10,52915.06,67500.33,4024.29,2972.41,7588.56,10.5672
350,4,865.88,54972.64,69212.40,2948.42,3646.01,7645.33,11.2843
350,4,1037.46,63694.84,79639.16,3456.40,3890.56,8597.36,10.8713
350,4,1658.44,82487.02,104303.52,6831.19,4379.51,10605.79,8.9631
350,4,894.41,58308.70,72895.82,2706.74,3510.85,8369.52,15.9247
350,4,762.01,50964.27,63317.14,1498.88,2977.26,7876.73,21.3481
350,4,965.06,58773.93,73807.82,3165.61,3494.02,8374.25,12.0540
350,4,1329.99,64308.29,84619.15,6362.06,3633.83,10314.97,8.8477
350,4,908.01,53923.20,68353.53,3964.91,3411.68,7053.74,10.8394
350,4,903.82,56465.14,71012.51,2720.50,3391.75,8435.12,14.4534
350,4,952.29,58353.87,72610.27,3062.49,3449.83,7744.08,10.6643
350,4,1048.92,61202.88,76356.23,3407.92,3573.19,8172.25,10.0723
350,4,1250.46,71456.45,90830.11,5145.59,4378.48,9849.60,9.7646
350,4,1137.03,65449.94,82866.34,4419.82,4039.87,8956.70,9.6331
350,4,924.39,58661.17,72112.35,2457.41,3517.12,7476.65,12.2299
350,4,604.59,47156.26,57707.57,735.76,2912.71,6902.83,58.7076
350,4,662.12,51089.00,62253.60,1088.54,3232.30,6843.77,24.1011
350,4,890.22,68310.72,81874.47,1109.03,4136.55,8318.17,22.9050
350,4,742.41,52957.94,64163.88,1439.12,3067.67,6699.15,20.9319
350,4,903.71,58371.56,73158.33,2107.19,3147.90,9531.67,13.5627
350,4,791.94,53593.35,65798.57,2251.58,3091.98,6861.66,14.9023
350,4,974.55,56451.54,71633.64,3591.62,3202.84,8387.64,10.3132
350,4,1026.42,61520.77,77299.07,3144.29,3603.48,9030.54,12.7944
350,4,1093.33,68765.92,84018.80,2171.83,3599.99,9481.06,17.7516
350,4,1048.65,60096.65,76331.27,4317.47,3649.48,8267.67,10.5447
350,4,1162.07,67591.43,83434.29,3390.31,3718.31,8734.24,11.5951
350,4,856.11,58398.28,72136.89,1224.38,3314.96,9199.26,21.9395
350,4,788.80,52452.55,65925.30,2155.36,3377.73,7939.66,14.2671
350,4,765.81,54216.89,67949.68,1849.20,3685.39,8198.20,18.6742
350,4,1294.23,68322.52,87145.00,6224.42,3970.09,8627.97,8.9304
350,4,1024.84,60805.67,77248.07,3486.97,3377.00,9578.43,13.2392
350,4,887.37,56810.21,71264.55,2140.10,3170.19,9144.05,16.6936
350,4,932.79,59202.21,73145.42,2686.08,3681.52,7575.61,11.4667
350,4,820.23,51659.57,63730.71,1847.02,2992.17,7231.95,18.6721
350,4,614.33,46432.55,56913.07,990.80,2798.36,6691.36,23.3766
350,4,1174.60,68626.48,85638.18,3984.27,3815.94,9211.50,10.4659
350,4,772.65,54557.56,67441.08,1308.68,3491.63,8083.21,21.9003
350,4,1128.91,65286.02,82158.77,3544.99,3709.01,9618.75,10.5361
350,4,1471.84,76258.65,97602.41,6955.15,4629.04,9759.56,8.6228
350,4,764.03,51228.76,63809.27,2015.97,3052.11,7512.42,19.9377
350,4,792.06,52917.06,65500.58,2568.77,3366.23,6648.51,11.4476
350,4,1258.18,65904.77,84683.72,5636.35,3714.67,9427.93,10.1290
350,4,580.49,44578.11,55457.14,1126.61,3023.87,6728.54,24.0367
350,4,1124.54,62869.38,80071.47,4665.20,3772.64,8764.27,10.0401
350,4,1004.23,55851.47,71867.98,4376.76,3483.63,8156.12,9.5972
350,4,699.90,51917.12,63539.44,621.23,3063.38,7937.71,59.3798
350,4,1231.05,70197.51,88147.92,4958.02,3964.70,9027.70,9.1143
350,4,1001.01,61827.15,75624.79,2720.69,3429.76,7647.19,11.2269
350,4,947.97,62725.21,77160.13,2007.59,3610.87,8816.45,19.8537
350,4,808.47,55904.76,69058.30,2290.93,3556.26,7306.36,13.6442
350,4,744.33,51224.87,63065.56,1328.64,2948.32,7563.73,23.6694
350,4,723.92,48986.62,60687.90,1539.05,2901.47,7260.76,16.5508
350,4,592.52,45431.77,57204.31,577.79,3108.95,8085.79,49.9486
350,4,1173.72,64482.69,81610.74,5031.11,4166.69,7930.26,10.3057
350,4,888.83,56560.51,70339.11,2516.17,3375.55,7886.89,12.3194
350,4,1111.47,68600.33,84869.90,3475.03,4060.28,8734.26,10.1316
350,4,685.20,47901.01,59818.00,1925.60,3360.27,6631.11,16.6733
350,4,1247.10,70508.20,88788.71,5737.93,4441.52,8101.06,8.9432
350,4,858.77,53702.82,68419.72,3119.99,3353.95,8242.96,12.6558
350,4,1073.22,61442.87,77223.89,4511.78,3547.10,7722.14,9.7740
350,4,1075.62,66423.56,83231.09,3760.28,4070.80,8976.44,10.3290
350,4,746.76,48155.52,61135.40,2372.71,3058.31,7548.87,14.7212
350,4,1123.69,58260.55,74500.72,4668.92,3416.76,8154.49,9.1201
350,4,1341.42,68867.03,87833.11,6375.26,3802.91,8787.90,9.7351
350,4,812.98,53190.91,66098.56,2931.04,3521.50,6455.11,10.6538
350,4,1036.97,57584.90,73531.14,4726.70,3655.25,7564.28,8.8187
350,4,1050.90,64911.05,80912.73,3145.09,3901.27,8955.32,11.0132
350,4,1112.51,62239.55,77219.66,4262.55,3510.94,7206.63,8.6246
350,4,1051.22,58329.72,74643.22,4345.58,3195.12,8772.81,10.0532
350,4,1085.69,66414.77,83399.29,2925.94,4053.89,10004.70,11.5698
350,4,1070.17,60916.74,78225.56,5210.58,3973.79,8124.44,9.7910
350,4,836.64,55889.42,69909.89,2604.90,3653.55,7762.02,13.0704
350,4,737.32,49421.94,63400.07,2516.29,3206.30,8255.54,13.9135
350,4,997.30,64640.01,79614.11,2463.80,4035.29,8475.02,13.1432
350,4,745.86,54707.47,68146.73,1374.34,3530.01,8534.91,26.2640
350,4,725.84,48423.01,60800.38,1877.98,3056.37,7443.02,16.5986
350,4,1148.04,69268.09,84508.65,2669.14,3810.89,8760.54,12.9905
350,4,950.42,59870.25,75349.16,3225.01,3702.66,8551.24,13.1982
350,4,814.90,59420.10,71864.67,1480.18,3458.17,7506.22,27.4893
350,4,1094.34,67214.79,83877.78,3793.83,4045.97,8823.19,11.2431
350,4,1419.73,75535.75,93819.15,5123.39,3657.35,9502.66,9.4270
350,4,1176.00,73715.88,90722.68,3589.52,4368.55,9048.73,11.7124
350,4,729.23,52180.16,65528.71,1410.64,3397.02,8540.88,19.3181
350,4,684.08,46542.98,57565.56,1327.20,2846.11,6849.27,20.3816
350,4,926.63,53929.36,68711.88,3202.45,3190.89,8389.18,10.9746
350,4,543.18,43075.16,52864.12,428.08,2831.07,6529.81,78.1621
350,4,1012.59,65091.86,81375.89,2907.09,4013.32,9363.62,12.0812
350,4,1219.72,68941.80,86514.59,4121.86,3935.93,9515.00,9.6122
350,4,1183.54,64683.20,81395.90,5380.58,3884.67,7447.44,9.0617
350,4,1328.46,67623.46,86436.80,5828.49,3818.07,9166.77,9.0503
350,4,576.64,44747.72,55722.52,1471.83,3112.09,6390.89,30.2253
350,4,734.04,52431.51,65857.05,1360.61,3422.98,8641.95,30.2883
350,4,1012.03,64520.34,80458.55,2941.12,3937.79,9059.30,14.1188
350,4,1369.32,71838.43,90934.00,5833.89,3930.59,9331.09,9.0573
350,4,931.22,64917.76,79243.98,2033.99,4225.46,8066.77,16.6609
350,4,1270.77,71867.32,89416.40,3722.26,4027.92,9798.89,10.0317
350,4,804.30,59434.96,72622.29,1009.65,3743.20,8434.47,37.7421
350,4,1147.21,66552.56,83269.41,3978.17,3848.34,8890.34,10.0773
350,4,666.19,50984.47,62817.33,724.13,3225.06,7883.68,40.3760
350,4,1400.80,74183.03,91904.50,5129.11,3955.25,8637.12,8.8993
375,4,896.71,53952.94,66581.84,2339.79,2937.32,7351.80,16.3509
375,4,822.56,54944.06,68378.47,2335.34,3624.80,7474.27,20.7980
375,4,1067.30,65153.45,81395.03,3630.87,3839.30,8771.42,11.7729
375,4,1687.38,84419.92,106254.80,6840.14,4355.01,10639.73,12.3774
375,4,920.17,58208.85,72740.33,2592.72,3578.92,8359.84,16.6994
375,4,822.84,51770.64,66053.05,2889.14,3178.08,8215.19,15.9625
375,4,985.81,58941.25,74487.65,3608.11,3532.39,8405.90,13.2394
375,4,1242.37,65078.45,83958.26,5422.95,3439.23,10017.64,12.2918
375,4,1020.11,57940.96,72908.40,3941.65,3656.26,7369.53,12.6711
375,4,1002.06,57643.20,73801.61,3845.65,3624.21,8688.55,12.4882
375,4,960.49,60685.10,74353.21,2616.64,3387.80,7663.68,13.3067
375,4,1086.90,63111.66,78362.04,3301.37,3774.60,8174.41,12.4111
375,4,1249.39,73449.91,92274.03,4610.53,4414.25,9799.34,11.8273
375,4,1008.62,65292.90,80775.09,3049.37,3870.78,8562.05,17.2819
375,4,952.07,59799.84,73987.68,3058.16,3556.75,7572.94,13.8994
375,4,601.54,47689.23,58336.92,813.61,3039.78,6794.30,52.5287
375,4,678.28,51149.19,62979.10,1693.89,3311.45,6824.57,21.6564
375,4,939.58,71310.73,85356.49,1353.57,4179.09,8513.09,22.7205
375,4,897.82,55533.18,70591.92,4367.36,3319.79,7371.58,12.5520
375,4,1017.28,59460.46,75854.32,3136.26,3411.30,9846.30,14.6907
375,4,904.72,55436.23,69055.09,3198.01,3317.43,7103.43,14.4877
375,4,1044.50,57258.92,73911.16,4891.58,3145.20,8615.47,10.9801
375,4,1019.85,62254.56,77374.88,2780.96,3492.47,8846.89,16.4392
375,4,1332.75,72179.75,91164.47,5049.18,3797.35,10138.19,12.2118
375,4,1129.22,62843.05,79744.13,4730.41,3743.26,8427.41,10.2139
375,4,1315.19,69404.41,87790.28,5304.31,3857.76,9223.80,11.4723
375,4,971.46,60011.04,76241.21,2839.12,3751.72,9639.32,15.2291
375,4,795.15,53262.73,66387.13,1925.06,3373.65,7825.68,19.6621
375,4,717.07,53907.92,66520.20,1121.78,3580.38,7910.12,53.1288
375,4,1394.45,71109.66,90549.17,6482.39,4100.17,8856.94,10.2086
375,4,1013.75,62713.45,78092.51,2650.50,3296.50,9432.05,16.5051
375,4,913.19,57298.94,72040.57,2318.01,3274.51,9149.11,20.2615
375,4,920.94,60022.60,73899.43,2587.66,3702.21,7586.97,16.7217
375,4,913.88,53587.42,67548.46,3209.85,3113.94,7637.25,13.0187
375,4,653.11,47072.24,58459.31,1540.49,2938.55,6908.02,23.3117
375,4,1296.31,70004.92,88936.35,5234.14,4089.77,9607.52,10.7470
375,4,851.28,57162.36,71371.72,2272.54,3597.13,8339.69,24.8373
375,4,1237.76,68157.90,86381.26,4384.16,3858.05,9981.16,11.2970
375,4,1425.78,78546.05,98299.74,5785.52,4470.25,9497.92,13.0058
375,4,754.30,51856.75,64131.70,1618.45,3053.77,7602.73,21.9015
375,4,843.90,53812.47,66738.92,2750.59,3492.17,6683.70,14.7620
375,4,1137.73,66306.89,82535.08,3820.25,3452.16,8955.79,13.8361
375,4,625.90,46218.26,57798.49,1401.91,3254.58,6923.74,28.7875
375,4,1210.74,64023.46,82021.78,5293.21,3862.37,8842.73,11.3999
375,4,1048.20,56919.30,73719.38,4850.42,3558.21,8391.45,12.0298
375,4,767.05,52993.70,65780.99,1406.01,3161.56,8219.71,22.8589
375,4,1356.89,72442.17,91017.74,5218.75,4190.41,9166.42,11.8828
375,4,1142.87,63873.29,80188.77,4569.91,3681.53,8064.04,11.4970
375,4,896.39,64146.38,76911.25,716.78,3506.26,8541.83,43.9332
375,4,895.40,59144.08,73914.68,3438.30,3709.78,7622.51,19.3682
375,4,780.79,52415.13,64723.34,1735.06,3019.95,7553.20,23.9971
375,4,725.78,49939.63,61804.65,1608.56,2922.56,7333.89,34.8175
375,4,596.33,46417.70,58223.35,593.34,3134.37,8077.94,88.3945
375,4,1187.93,66339.56,83123.47,4886.95,3989.06,7907.90,11.2191
375,4,945.84,58619.90,73269.90,3012.56,3498.19,8139.25,14.2871
375,4,1239.25,70712.09,88711.77,4657.29,4490.15,8852.24,11.8874
375,4,658.19,48745.74,59926.20,1594.40,3104.62,6481.44,23.7328
375,4,1330.98,72530.34,91118.12,5955.77,4534.70,8097.32,12.7355
375,4,865.50,54668.60,69863.46,3482.17,3444.45,8268.24,17.3567
375,4,1160.35,63460.70,80719.45,5642.79,3652.45,7963.51,13.1204
375,4,1312.84,69739.82,90633.48,6525.61,4578.01,9790.04,12.9193
375,4,808.79,49665.36,63815.03,3332.74,3118.60,7698.32,15.1865
375,4,1107.98,59648.38,75041.69,4100.13,3308.22,7984.96,10.9380
375,4,1333.60,69630.28,88606.89,6508.54,3716.64,8751.43,10.7450
375,4,730.30,52944.35,64539.83,2045.27,3296.62,6253.59,18.7144
375,4,1168.17,59023.30,77894.26,6963.26,3993.41,7914.29,10.5667
375,4,1085.54,66896.19,82161.10,2404.18,3987.99,8872.73,15.7797
375,4,1126.24,63217.33,78740.75,4684.48,3612.72,7226.22,15.6430
375,4,1010.10,58731.61,73775.45,3504.79,3093.49,8445.57,17.9510
375,4,1117.68,68547.84,85131.35,2629.41,4039.92,9914.18,18.0928
375,4,1067.42,62163.61,78911.78,4699.38,3929.22,8119.56,13.8457
375,4,910.49,58202.61,73638.80,3700.16,3704.58,8031.45,14.1623
375,4,719.76,50514.15,63764.53,1888.21,3212.98,8149.19,26.9381
375,4,1180.58,67467.49,85012.13,4004.66,4423.01,9116.97,16.7106
375,4,845.51,56370.59,71316.79,2453.19,3790.84,8702.18,21.7434
375,4,767.27,49052.51,62269.26,2544.36,3079.46,7592.94,23.3722
375,4,1294.84,72254.11,90339.82,4833.47,3924.04,9328.21,11.7970
375,4,972.75,61698.80,77238.50,3271.34,3695.88,8572.48,14.0736
375,4,913.25,61749.08,75597.71,2405.68,3689.15,7753.80,19.8484
375,4,1217.35,68553.00,87107.16,4954.27,4385.31,9214.57,12.2095
375,4,1560.94,77097.75,97843.44,6986.47,3901.24,9857.98,13.2746
375,4,1189.25,74288.46,90541.81,2962.25,4427.43,8863.67,14.3013
375,4,705.23,51903.10,64876.69,1227.50,3375.18,8370.91,34.8239
375,4,679.77,47545.65,59046.13,1519.92,2963.23,7017.32,23.0345
375,4,971.13,55749.34,71325.51,3733.90,3290.03,8552.25,14.5738
375,4,635.19,44929.32,56467.23,1772.65,2972.44,6792.81,24.1668
375,4,955.18,66577.22,81219.69,1916.59,3741.62,8984.26,23.5817
375,4,1263.93,70999.04,88586.74,3981.89,3917.17,9688.64,13.4375
375,4,1201.37,66430.98,82580.09,4740.39,3963.67,7445.04,11.0525
375,4,1367.04,69627.54,89034.03,6307.89,3833.41,9265.19,10.0323
375,4,539.92,46064.51,56278.88,849.91,2942.53,6421.93,51.6527
375,4,717.61,52126.76,65350.00,1341.64,3353.09,8528.51,31.9688
375,4,1277.68,67935.87,88074.46,5774.73,4476.00,9887.87,11.1399
375,4,1512.80,73211.94,94759.31,7711.61,4163.26,9672.51,10.4167
375,4,1091.95,70147.38,87140.26,3769.39,4507.44,8716.04,12.7502
375,4,1277.74,73511.07,90952.07,3616.58,3895.18,9929.24,11.4047
375,4,842.61,60871.38,74725.67,1446.47,3806.83,8601.00,25.7969
375,4,1322.56,69878.16,89635.93,5976.95,4144.68,9636.14,9.8331
375,4,746.61,53271.86,66187.93,1358.68,3360.87,8196.51,39.4248
375,4,1525.72,77135.45,96339.88,6340.82,3979.31,8884.30,9.1036
400,4,868.23,54246.88,66125.14,1731.37,2814.03,7332.85,19.7560
400,4,931.54,57603.83,72578.31,3329.48,3792.22,7852.77,13.7364
400,4,1033.17,66724.88,82482.53,3289.33,3778.69,8689.62,15.7544
400,4,1751.86,86664.82,108926.20,7018.88,4380.41,10862.09,10.9030
400,4,1108.00,61782.89,79739.58,4876.73,3926.65,9153.31,11.9369
400,4,841.43,53629.62,67595.50,2623.92,3251.73,8090.23,20.1816
400,4,899.32,60072.47,73515.53,2073.67,3378.29,7991.11,16.9225
400,4,1372.71,66673.28,87820.05,6993.16,3665.71,10487.91,10.4334
400,4,1031.25,59076.42,74388.01,4293.21,3574.32,7444.06,10.9539
400,4,1032.70,58084.43,75467.73,4956.39,3596.53,8830.40,12.8742
400,4,955.15,60373.31,73808.72,2396.71,3436.12,7602.58,15.8528
400,4,1133.38,64979.85,80820.18,3823.18,3776.91,8240.25,12.5322
400,4,1318.37,76225.92,95443.07,4902.37,4387.93,9926.85,16.1468
400,4,1121.65,66723.25,83533.22,3874.76,4122.96,8812.24,14.2366
400,4,1080.99,62869.29,79113.04,4483.02,3780.98,7979.75,11.7392
400,4,673.91,48131.21,59833.08,1554.52,3160.45,6986.90,23.2363
400,4,702.40,51949.19,63860.81,1714.89,3316.88,6879.84,28.8183
400,4,1005.23,73586.10,88199.03,1649.42,4330.77,8632.75,21.2724
400,4,808.64,56175.39,67683.29,1458.07,3188.68,6861.15,28.5303
400,4,1144.43,60978.90,79654.18,4524.99,3698.18,10452.11,12.5763
400,4,1024.07,58122.50,73561.69,4477.17,3546.89,7415.13,12.8379
400,4,1048.06,59127.71,74837.85,4052.46,3169.87,8487.82,12.2617
400,4,1135.08,64420.35,81394.34,4047.94,3693.79,9232.26,11.2856
400,4,1297.65,74088.25,92122.95,4193.68,3712.25,10128.77,11.9173
400,4,1209.03,64907.08,83500.47,5933.26,3931.02,8729.11,10.3796
400,4,1380.05,71249.02,90691.99,6118.75,3940.96,9383.26,10.8307
400,4,970.38,60679.70,76538.96,2705.29,3643.32,9510.65,15.3626
400,4,858.53,55021.60,69144.93,2564.03,3563.49,7995.81,17.4845
400,4,742.60,55594.84,68231.21,1084.15,3686.41,7865.81,26.6144
400,4,1364.97,71704.98,90385.93,5845.38,4074.60,8760.97,10.6436
400,4,1087.27,63309.22,80240.71,3654.52,3549.93,9727.04,13.6397
400,4,935.50,58634.02,73274.67,2291.69,3200.00,9148.96,16.9265
400,4,1074.96,62859.87,78245.07,3481.21,4022.36,7881.63,12.4419
400,4,955.11,53630.52,68268.83,3662.77,3279.46,7696.09,11.9515
400,4,682.86,47809.87,59899.92,2169.53,3000.98,6919.54,20.9771
400,4,1279.59,71313.65,89121.00,4384.69,4049.65,9373.01,11.6691
400,4,863.53,58497.72,72253.46,1950.04,3495.61,8310.10,22.4302
400,4,1256.65,69361.87,87431.32,4223.23,3851.21,9995.01,11.6407
400,4,1595.59,80791.87,102483.71,7002.42,4837.43,9851.99,10.8924
400,4,762.20,52361.51,64473.29,1575.23,3066.21,7470.35,23.9571
400,4,879.09,55241.91,69256.66,3541.85,3637.53,6835.37,14.3130
400,4,1168.08,68493.27,85165.82,4102.91,3478.28,9091.37,16.4184
400,4,559.62,45991.37,56514.45,749.95,3018.44,6754.68,61.8607
400,4,1198.91,65907.72,83782.51,5135.92,3839.96,8898.92,12.3932
400,4,916.92,58149.03,72155.63,2802.87,3247.80,7955.93,15.5068
400,4,808.36,54779.16,67650.27,1516.85,3184.02,8170.23,28.5146
400,4,1431.47,74010.63,94341.39,6557.67,4354.03,9419.06,10.9337
400,4,1068.26,64892.83,79737.24,3576.79,3431.27,7836.34,16.4925
400,4,1106.11,67744.28,84846.41,4004.36,3804.32,9293.45,14.2033
400,4,879.43,59713.03,73299.57,2478.91,3648.93,7458.70,18.6149
400,4,847.90,53580.69,67165.66,2663.11,3164.62,7757.24,15.9442
400,4,854.15,52008.20,65679.48,2720.83,3162.79,7787.66,15.5067
400,4,580.20,47718.36,59279.73,476.02,3078.15,8007.20,94.1245
400,4,1272.96,67844.77,86325.99,6059.57,4202.84,8218.82,10.8464
400,4,929.67,60100.62,73533.77,2114.67,3405.57,7912.91,18.7529
400,4,1307.84,73485.25,92297.04,5178.35,4469.60,9163.84,10.8565
400,4,714.86,50664.50,62691.33,1996.50,3330.68,6699.65,19.9732
400,4,1355.94,74267.17,93103.23,6054.98,4582.14,8198.94,10.5239
400,4,858.76,55568.10,69828.88,2776.77,3361.01,8123.00,16.2412
400,4,1185.17,64780.41,82457.95,5960.92,3667.52,8049.11,11.1205
400,4,1140.92,69593.13,86392.60,3542.51,4180.58,9076.38,12.5210
400,4,887.00,50484.94,66330.62,4426.02,3399.77,8019.89,13.0617
400,4,1195.31,62401.24,78878.28,4579.93,3537.44,8359.67,10.3043
400,4,1478.52,72324.46,92628.02,7463.40,3897.14,8943.03,10.4878
400,4,853.57,54743.09,68750.48,3850.07,3575.69,6581.63,13.7184
400,4,1141.85,60193.50,77766.05,5922.65,3862.41,7787.49,10.4440
400,4,1199.64,68136.77,85462.89,3899.35,4136.75,9290.02,11.5775
400,4,1224.17,65107.32,81856.24,5518.33,3774.15,7456.45,10.0932
400,4,1107.35,58786.19,75892.13,5115.69,3300.32,8689.93,11.3471
400,4,1260.67,72086.52,91139.45,4151.62,4335.48,10565.83,13.0743
400,4,1214.19,65129.49,83582.07,5800.64,4207.95,8443.99,11.5797
400,4,933.86,58554.02,73989.96,3612.68,3792.64,8030.62,15.1461
400,4,762.13,52112.06,66369.01,2519.38,3388.14,8349.42,20.8351
400,4,1182.96,69460.51,87501.91,4475.01,4334.11,9232.28,14.0395
400,4,794.32,58587.56,72437.36,1523.58,3700.02,8626.20,27.7633
400,4,787.31,51225.04,64919.29,2737.40,3192.10,7764.75,22.8881
400,4,1331.53,73071.91,90832.15,4351.70,4032.37,9376.17,11.2789
400,4,1011.03,62914.64,79041.76,3704.00,3747.42,8675.71,14.4696
400,4,990.94,63754.25,78683.74,3049.80,3862.73,8016.95,14.4884
400,4,1125.42,69416.94,85912.97,3474.01,4198.65,8823.37,13.8202
400,4,1543.08,79296.64,99697.93,6760.95,3739.91,9900.43,10.6652
400,4,1227.03,77513.81,94963.46,3793.03,4463.80,9192.82,14.4490
400,4,760.63,54098.89,67862.68,1758.42,3431.67,8573.70,20.8296
400,4,716.93,48304.26,59717.01,1502.99,2940.99,6968.77,27.7606
400,4,1070.13,56238.18,74140.71,5579.30,3463.91,8859.33,11.9824
400,4,594.99,46327.89,56522.40,743.39,2759.70,6691.43,57.8659
400,4,1023.20,67428.13,83592.94,2933.87,3955.73,9275.21,23.1548
400,4,1327.28,70828.68,89792.95,5047.75,4156.32,9760.20,11.9098
400,4,1333.88,69078.47,86900.62,5913.97,4135.34,7772.84,11.0839
400,4,1390.34,71844.23,91265.74,6195.18,3820.90,9405.43,11.1578
400,4,604.80,47079.24,58289.55,1579.78,3126.74,6503.79,24.7958
400,4,705.06,53702.78,66420.34,609.96,3535.13,8572.46,56.9468
400,4,1111.55,67930.52,84990.25,3687.03,4063.13,9309.57,15.8773
400,4,1463.03,74538.78,94452.49,6437.00,4055.90,9420.81,11.1106
400,4,1225.96,72824.87,91062.19,4472.46,4785.30,8979.56,11.6735
400,4,1476.06,77500.85,96705.56,4567.89,4312.56,10324.26,11.8510
400,4,933.47,63253.58,78498.24,2345.89,3918.12,8980.65,17.7094
400,4,1374.43,71940.39,91515.30,5738.54,4171.52,9664.85,11.2231
400,4,721.86,52936.16,65721.77,1284.76,3355.39,8145.46,46.6751
400,4,1529.07,79602.24,98379.81,6008.39,3856.42,8912.77,13.4112
