400,1,447.82,27730.37,31545.43,252.46,1184.13,2378.470630,40.558251
400,1,477.67,27021.50,30724.29,451.95,898.50,2352.337692,34.868817
400,1,494.58,29010.45,33267.57,616.34,1017.19,2623.599362,32.811804
400,1,589.38,34615.95,39602.86,322.66,1227.48,3436.767092,36.255798
400,1,400.99,24253.86,27372.89,206.27,920.65,1992.115271,33.909084
400,1,505.31,28052.82,32962.76,724.41,942.24,3243.290073,33.072640
400,1,390.15,24327.41,27094.13,122.17,840.44,1804.101146,29.088684
400,1,627.38,37299.11,42464.45,598.22,1399.66,3167.459051,33.386862
400,1,336.24,22260.28,25198.19,168.68,1025.19,1744.038127,30.207911
400,1,565.80,30266.28,34489.74,594.25,767.81,2861.395925,36.556998
400,1,317.52,18354.34,21302.44,276.79,734.84,1936.475594,36.654380
400,1,370.66,23500.33,26668.04,306.22,889.28,1972.217451,38.806250
400,1,651.77,37481.05,41926.36,468.21,1006.38,2970.707942,36.696376
400,1,529.92,31713.10,35536.86,185.31,1077.69,2560.762454,29.833272
400,1,594.18,34915.42,39026.93,453.35,727.27,2930.894733,29.878543
400,1,395.05,23776.77,26654.20,261.76,677.62,1938.052557,28.413231
400,1,517.20,29702.75,32984.42,72.26,1053.47,2155.943099,28.934242
400,1,407.35,23683.40,27942.24,566.53,908.57,2783.732216,28.710586
400,1,369.44,22886.07,25701.57,317.16,647.14,1851.207652,28.410278
400,1,556.23,33740.63,37403.07,237.67,787.29,2637.477247,35.585719
400,1,268.74,17600.61,20348.59,285.02,642.24,1820.713752,35.608923
400,1,463.26,28291.39,31153.13,73.16,755.45,2033.119769,37.066818
400,1,530.19,31974.52,35482.59,96.52,884.11,2527.442815,39.981264
400,1,711.03,40567.54,45726.26,434.55,1319.98,3404.187580,39.307306
400,1,526.46,31689.20,36573.78,639.95,1051.89,3192.741239,39.445906
400,1,482.64,28848.22,32340.83,227.26,985.27,2280.084175,37.227732
400,1,405.98,24751.65,28353.02,348.35,841.19,2411.834375,34.224725
400,1,455.38,27067.13,31714.73,565.24,1122.01,2960.343820,37.933961
400,1,575.06,32039.41,37023.77,716.20,952.22,3315.955181,34.830287
400,1,453.55,26172.68,30213.54,377.37,890.36,2773.130651,35.165681
400,1,315.74,21124.49,24600.43,369.19,931.74,2175.014504,35.196459
400,1,668.79,38233.72,43129.02,265.61,1427.59,3202.101504,40.308599
400,1,427.65,26996.89,30493.68,293.36,1092.97,2110.460104,41.445124
400,1,338.26,21199.96,24134.10,241.61,982.32,1710.208149,32.235726
400,1,456.86,26286.20,29829.05,238.47,876.63,2427.739103,35.933817
400,1,662.71,41059.83,45559.12,120.88,1504.03,2874.371094,39.890255
400,1,523.35,28699.28,33806.64,974.83,923.81,3208.726445,36.514839
400,1,377.53,24367.39,28130.89,324.11,1001.79,2437.608669,36.871504
400,1,550.74,32095.01,35820.79,98.91,1031.72,2595.137514,34.233843
400,1,481.65,26723.60,30691.78,698.16,877.14,2392.882373,28.573114
400,1,424.51,24297.07,26959.53,122.50,536.40,2003.566989,37.011843
400,1,459.93,29414.74,33024.15,210.71,1114.85,2283.838934,30.922609
400,1,378.73,24246.29,27334.34,247.14,922.15,1918.758338,28.732238
400,1,541.86,30194.86,35042.38,631.55,1052.69,3163.276963,34.296913
400,1,640.22,38076.10,43255.30,567.31,1296.45,3315.438302,40.369041
400,1,542.85,32915.09,37528.72,541.71,1138.82,2933.100730,33.773564
400,1,421.31,25790.23,28733.88,149.80,947.19,1846.654769,30.970700
400,1,389.60,24834.44,27905.41,376.00,997.09,1697.882204,30.336810
400,1,314.08,20094.86,23701.96,306.63,980.10,2320.365710,28.113836
400,1,509.74,30254.73,33678.54,136.06,709.21,2578.540978,28.948969
400,1,688.32,38901.59,43841.99,905.53,1222.98,2811.893096,30.203857
400,1,483.56,25727.16,30135.01,614.80,828.69,2964.359895,29.262980
400,1,730.96,43341.93,47816.73,164.05,1256.92,3053.830049,31.412215
400,1,551.47,31148.72,35168.84,630.90,1078.90,2310.327449,29.613495
400,1,371.68,24393.04,27634.59,293.57,1101.96,1846.017522,28.505915
400,1,565.88,34431.06,39184.59,207.89,1165.28,3380.363375,29.970533
400,1,335.06,20676.23,23283.08,103.55,714.67,1788.634098,27.949225
400,1,291.67,19626.80,23138.26,286.47,889.20,2335.786747,28.074359
400,1,509.20,27994.38,32626.90,421.06,1012.43,3199.027449,28.645041
400,1,336.38,19369.36,23191.11,641.48,962.35,2217.920215,35.008557
400,1,574.27,33050.13,37722.16,425.36,1143.54,3103.142461,36.254771
400,1,339.06,21076.70,24412.66,615.75,1008.80,1711.411599,32.585955
400,1,599.48,34845.62,38192.16,178.38,566.17,2601.997004,37.566846
400,1,493.24,29555.77,32990.11,476.45,763.37,2194.521507,31.688330
400,1,329.40,19379.87,22959.14,842.27,776.04,1960.962052,32.697880
400,1,421.49,24639.11,27469.51,134.43,840.40,1855.559960,33.395069
400,1,538.09,33144.92,37149.81,379.73,1027.29,2597.877898,35.786834
400,1,512.90,29396.27,32818.84,381.78,946.36,2094.425484,36.754750
400,1,417.55,26158.07,29296.20,140.57,857.64,2139.912014,37.849525
400,1,506.03,30771.87,35541.03,317.90,1165.73,3285.529354,31.371680
400,1,403.76,23051.49,26572.46,554.90,971.16,1994.907079,28.102416
400,1,361.83,22210.73,25292.99,191.69,1039.24,1851.334534,27.682201
400,1,502.13,29143.35,33462.67,530.35,1082.97,2705.982861,29.351820
400,1,431.90,27153.87,30629.37,411.41,1050.43,2013.654543,29.164297
400,1,391.36,22494.46,26170.32,198.40,812.23,2665.239562,28.325551
400,1,410.54,25060.36,28738.43,444.61,959.03,2274.431591,28.848143
400,1,631.38,37521.11,42044.13,147.95,1198.69,3176.380326,30.281089
400,1,289.52,19916.16,22880.78,312.81,840.14,1811.668176,28.537216
400,1,519.05,30492.02,33978.23,332.12,648.68,2505.404077,29.204063
400,1,487.10,27692.92,31787.60,626.83,1007.72,2460.136896,28.744299
400,1,517.78,30001.94,33722.15,579.81,888.96,2251.441607,28.528694
400,1,488.73,30365.49,33581.96,168.32,963.31,2084.837646,35.391761
400,1,387.48,25018.95,28277.21,236.51,877.22,2144.534662,31.231144
400,1,322.79,20480.93,23428.19,491.51,805.02,1650.737079,35.687238
400,1,610.42,35675.30,39671.61,144.27,1107.11,2744.917289,36.724554
400,1,467.39,27806.33,30829.28,150.05,821.76,2051.141903,37.187628
400,1,628.67,36890.57,41113.41,96.68,1347.83,2778.318313,36.297532
400,1,636.67,37298.11,41527.32,128.50,1338.95,2761.766494,30.986594
400,1,539.72,31744.00,35145.72,347.89,645.81,2408.015383,28.999165
400,1,403.15,23118.11,25797.04,98.88,658.77,1921.282508,27.938309
400,1,406.75,23518.25,26740.89,252.56,978.58,1991.508628,33.921700
400,1,470.42,29575.35,34509.26,664.17,1029.44,3240.304856,33.149042
400,1,642.82,38386.38,42519.50,376.27,1016.95,2739.908614,35.283715
400,1,433.73,26754.69,31550.75,582.25,1216.79,2997.025896,34.436427
400,1,348.38,21387.66,24684.00,287.94,1001.75,2006.661989,36.054451
400,1,378.04,23827.79,27558.91,565.01,1090.92,2075.188721,42.053748
400,1,681.96,39619.11,44679.48,692.59,1303.22,3064.552426,63.175219
400,1,659.73,39738.52,44105.55,194.33,1184.09,2988.618789,32.480699
400,1,466.22,26167.84,31266.02,1081.92,1194.74,2821.520491,39.523573
400,1,449.19,26188.62,30173.93,423.58,937.69,2624.038863,40.635432
400,2,964.79,53135.61,61029.32,1464.11,1446.74,4982.857173,50.454788
400,2,614.57,39823.99,46182.22,871.53,1452.23,4034.478881,49.389291
400,2,935.42,56015.58,63631.81,581.19,1778.65,5256.388124,72.263673
400,2,809.55,50826.06,58730.37,329.20,1668.01,5907.104759,47.720757
400,2,532.93,33702.82,40999.12,537.38,1630.80,5128.122151,48.333855
400,2,1029.41,62649.66,70026.29,720.32,1480.11,5176.197444,51.410728
400,2,939.40,55128.76,62412.16,561.09,2019.78,4702.526063,39.474356
400,2,1029.55,60291.46,69346.17,588.10,2068.37,6398.241019,52.659578
400,2,687.24,42236.09,47983.67,293.62,1464.15,3989.802331,46.921801
400,2,935.65,54499.57,61558.53,390.13,2136.63,4532.187136,42.992185
400,2,525.83,32677.28,38224.95,521.94,1456.22,3569.513374,39.049039
400,2,773.72,46772.69,54177.24,773.61,1874.31,4756.628762,39.657633
400,2,761.28,47145.34,54283.33,367.65,1905.21,4865.129413,45.746147
400,2,912.23,54062.27,61860.76,650.54,1811.67,5336.281293,40.703122
400,2,808.48,46204.45,53328.62,703.95,1732.56,4687.660466,40.467268
400,2,606.18,36690.59,43589.25,880.17,1571.53,4446.958359,38.120456
400,2,761.67,43566.54,49984.36,433.75,1298.46,4685.613146,37.637902
400,2,863.92,51719.33,59295.01,609.40,1897.43,5068.857137,41.946197
400,2,867.15,51730.20,58160.39,588.36,1247.05,4594.787219,49.464198
400,2,976.38,57874.71,66215.14,606.13,2077.18,5657.125714,50.365933
400,2,740.42,46182.99,51841.87,672.04,1130.67,3856.168485,40.048578
400,2,744.10,45264.11,52023.56,633.45,1712.58,4413.419706,44.128302
400,2,719.22,41768.27,50291.19,1140.14,1837.76,5545.023678,47.695397
400,2,1024.97,61082.85,69882.26,520.81,2088.93,6189.670008,49.765915
400,2,1079.50,59620.93,68350.52,1519.30,1635.24,5575.052285,46.997104
400,2,594.26,37187.47,43790.17,421.07,1478.21,4703.423099,40.466264
400,2,908.23,53988.82,62272.84,881.22,2034.59,5368.206237,53.237390
400,2,791.30,47408.61,55195.59,712.29,1650.30,5424.387125,47.068961
400,2,625.35,37714.83,45843.50,1159.33,1796.50,5172.847072,44.631026
400,2,808.56,47941.09,55048.45,434.49,1859.77,4813.104423,57.868530
400,2,822.39,50285.01,58130.10,551.69,1999.87,5293.524417,40.186756
400,2,908.17,53460.10,60856.26,361.08,1904.84,5130.239727,45.923272
400,2,542.69,32858.90,39476.07,794.19,1391.72,4431.266339,42.071387
400,2,753.68,42999.19,50303.58,1175.94,1551.30,4577.153442,42.976196
400,2,820.84,49799.02,56317.75,529.52,1506.25,4482.956929,46.101511
400,2,749.55,45446.63,53217.64,632.15,1810.65,5328.228038,43.871101
400,2,979.96,57263.98,65190.39,567.91,1833.33,5525.172916,46.314645
400,2,895.87,53844.34,61659.74,560.88,1847.47,5407.034260,46.645206
400,2,748.41,44784.06,53052.63,602.01,2034.30,5632.258169,46.692439
400,2,688.03,44405.10,50829.90,960.90,1460.02,4003.888989,41.919309
400,2,672.86,41395.55,47648.66,797.10,1831.43,3624.579642,72.937566
400,2,833.97,49708.09,57449.29,611.68,1801.75,5327.773565,45.876338
400,2,743.63,41872.17,48720.15,1045.53,1400.14,4402.311966,43.013668
400,2,981.39,57894.48,65166.63,524.91,1938.03,4809.216540,49.678673
400,2,1126.34,63926.40,73272.46,1381.36,2256.99,5707.716412,49.831200
400,2,819.66,50201.03,58125.03,425.21,1955.83,5542.961091,46.129889
400,2,851.04,51990.98,58867.56,311.49,1522.80,5042.287276,47.496094
400,2,903.26,53576.32,60323.64,333.23,1763.86,4650.224931,46.047207
400,2,686.10,42382.34,49167.07,563.61,1934.26,4286.845428,45.069507
400,2,846.98,48785.40,55652.33,647.11,1813.50,4406.325168,45.970095
400,2,769.72,47029.65,54004.81,607.42,1988.92,4378.822681,75.649763
400,2,750.54,44736.65,51683.91,384.51,1722.76,4839.995666,45.969634
400,2,959.26,57148.28,65278.10,773.08,1798.05,5558.689161,45.472755
400,2,768.75,45529.85,52418.60,845.42,1551.20,4492.121567,44.467032
400,2,783.42,46342.87,53954.40,1141.99,1475.32,4994.218557,43.106437
400,2,897.16,52810.61,60972.33,850.09,1907.45,5404.188683,47.869920
400,2,447.47,30451.35,36100.33,670.53,1272.10,3706.352551,42.552906
400,2,680.35,39722.80,46594.11,1020.14,1346.53,4504.636418,43.778284
400,2,709.55,43128.00,50726.97,571.84,1906.06,5121.068985,44.683689
400,2,609.35,36952.57,42705.07,398.59,1329.34,4024.567163,42.577493
400,2,653.07,39352.34,46540.39,465.18,1836.95,4885.921733,46.501207
400,2,777.54,48243.36,54534.31,531.38,1650.84,4108.738846,43.469139
400,2,673.90,40920.37,47937.81,784.50,1412.84,4820.096514,42.775577
400,2,824.28,49644.73,56528.47,366.38,1853.40,4663.958054,44.804233
400,2,623.47,36541.53,42559.49,1249.34,1292.40,3476.223363,42.915146
400,2,474.99,33118.48,38671.24,518.95,1384.07,3649.726235,40.736990
400,2,953.16,57484.37,65681.49,615.06,2034.99,5547.074849,45.720504
400,2,776.03,46181.33,51735.44,317.62,1571.03,3665.461285,43.271518
400,2,747.76,44301.96,51837.34,520.15,1999.85,5015.385749,42.172401
400,2,928.17,54776.02,63896.68,660.78,2220.13,6239.750863,49.232954
400,2,580.87,36262.01,42581.23,509.61,1517.90,4291.709620,40.938958
400,2,711.25,42021.96,48382.57,254.91,1585.01,4520.690993,40.398442
400,2,984.79,57793.58,65536.16,404.91,2123.26,5214.412999,44.320568
400,2,845.39,50431.07,57692.06,455.97,1875.21,4929.820459,40.828129
400,2,712.75,44930.03,51474.66,386.55,1857.74,4300.341779,45.477327
400,2,859.62,49878.08,57143.29,372.24,1772.98,5119.998126,43.683891
400,2,819.68,49155.83,57476.32,601.27,1905.15,5814.071000,42.891352
400,2,780.21,47906.82,55012.70,551.60,1996.53,4557.751938,44.223496
400,2,732.41,42769.61,50167.36,955.41,1643.13,4799.218029,41.540427
400,2,885.18,52029.39,60044.60,755.82,2063.28,5196.110122,43.702231
400,2,794.81,50568.97,57386.56,463.04,1991.28,4363.264723,46.183518
400,2,859.64,52016.21,59172.45,450.92,2046.48,4658.835844,43.664536
400,2,786.49,48343.00,55342.52,374.63,1775.60,4849.284510,42.365378
400,2,646.38,41154.23,46726.66,337.50,1445.46,3789.470774,41.214147
400,2,889.81,53063.16,60908.20,742.73,1929.69,5172.623955,42.991238
400,2,654.21,41250.30,46859.18,576.73,1260.54,3771.607773,41.053518
400,2,925.66,55113.03,63389.57,770.83,1666.68,5839.041168,45.049961
400,2,959.94,57661.21,65448.01,584.82,2147.24,5054.738613,47.253101
400,2,698.71,41222.17,48053.71,892.21,1480.63,4458.706120,43.481295
400,2,678.85,42559.79,48413.11,449.80,1567.73,3835.801789,41.547243
400,2,700.10,42488.16,48439.25,449.50,1441.19,4060.389914,41.700421
400,2,950.19,56202.44,64771.63,766.62,1862.09,5940.473133,46.954915
400,2,944.50,56785.93,64338.53,438.14,1892.95,5221.509056,44.702352
400,2,966.12,54804.04,62562.89,618.67,1806.23,5333.943438,44.028454
400,2,652.56,40460.00,46458.81,475.82,1576.88,3946.114750,41.387744
400,2,859.26,54303.94,61907.92,427.74,1985.98,5190.264036,45.473888
400,2,1174.51,67123.16,76242.57,799.68,2253.09,6066.628673,44.827973
400,2,864.77,51465.02,59296.49,669.62,1921.65,5240.209634,42.990938
400,2,730.27,46223.75,53553.93,596.26,1422.07,5311.853065,43.324297
400,2,707.33,43164.35,50066.52,687.72,1694.83,4519.618415,42.065610
400,3,968.96,58727.41,68189.54,775.36,2172.90,6513.860249,55.989263
400,3,974.46,58809.60,68075.71,731.81,2170.46,6363.842227,53.505586
400,3,1087.85,64434.60,74765.22,589.68,2516.08,7224.856503,58.073774
400,3,1313.19,77952.15,90020.83,718.63,2510.25,8839.786445,61.744912
400,3,1017.12,62062.14,72366.89,867.62,2623.65,6813.478995,56.503977
400,3,1279.06,73072.52,84035.11,728.17,2277.64,7956.780614,59.580383
400,3,1286.95,77041.06,86803.13,486.90,2539.71,6735.465116,55.143254
400,3,1361.33,78711.58,90962.44,856.37,2194.49,9199.994510,59.359079
400,3,946.94,58325.97,67787.33,1203.64,1912.16,6345.558163,53.902151
400,3,1107.68,64658.38,74596.97,677.61,2260.52,7000.452401,57.295871
400,3,937.65,56783.19,65765.08,932.03,2272.60,5777.260961,57.229927
400,3,894.30,54664.93,63435.39,506.98,1690.72,6572.761985,59.140375
400,3,1234.45,71777.14,82538.84,649.41,2568.92,7543.370023,58.271868
400,3,1140.16,65742.82,77198.07,827.21,2533.87,8094.165037,54.846120
400,3,888.86,53573.86,62729.80,883.30,1976.07,6296.574819,57.971862
400,3,940.91,57101.07,66527.76,1009.76,1727.60,6689.329718,53.184084
400,3,948.65,57832.24,67341.12,808.65,2232.65,6467.568283,55.477282
400,3,1015.06,60252.40,70982.84,697.02,2016.54,8016.879053,61.038005
400,3,1081.89,65759.57,75031.01,557.71,2166.73,6546.996151,61.081150
400,3,1066.05,61441.64,73062.12,784.02,2331.01,8505.442340,56.457773
400,3,1066.69,61717.96,70424.56,716.44,1554.18,6435.979311,56.500008
400,3,1097.00,64286.92,73477.26,452.10,2234.86,6503.394552,56.251862
400,3,1168.95,68381.96,80124.68,1152.90,2282.39,8307.436373,59.159836
400,3,1141.81,66032.99,78044.19,540.29,2311.25,9159.660834,59.350175
400,3,1224.43,71484.84,82282.86,610.09,2658.30,7529.628628,65.854848
400,3,991.89,59129.41,69311.38,602.48,2284.51,7294.969858,60.845409
400,3,1273.70,71972.49,83931.73,1146.06,2821.31,7991.853264,57.734805
400,3,900.61,55127.44,65165.00,593.10,2511.51,6932.954384,55.610025
400,3,1305.63,73657.80,83430.45,592.56,2402.94,6777.151159,61.277736
400,3,1034.41,61183.16,71057.60,790.70,1803.42,7280.316759,55.400184
400,3,1473.47,88061.91,99410.30,877.20,2591.92,7879.268172,59.833836
400,3,1254.22,74763.51,85903.97,641.13,3013.53,7485.795309,58.047141
400,3,1015.94,61887.37,71388.48,732.39,2311.22,6457.500865,56.894565
400,3,1065.76,64902.28,74031.70,619.20,2366.50,6143.716066,55.839337
400,3,746.23,46865.36,56094.80,1123.07,1860.89,6245.479965,55.757054
400,3,1248.63,69947.26,81290.98,661.35,2442.94,8239.432371,59.838304
400,3,1096.72,67283.14,77892.59,728.88,2607.29,7273.277295,61.827165
400,3,1343.22,78276.05,89957.44,559.62,2805.73,8316.030266,59.265800
400,3,1049.42,62630.24,73769.38,672.60,2161.74,8304.803447,59.595297
400,3,933.90,57501.18,66881.83,589.62,2023.57,6767.473705,55.998843
400,3,851.47,52230.11,61252.76,782.24,2051.62,6188.788012,55.252737
400,3,1263.16,72311.06,83642.77,1146.94,2361.39,7823.378746,63.567220
400,3,858.72,52997.59,61282.28,507.78,1773.18,6003.729310,56.763391
400,3,1001.70,61099.07,71363.42,795.12,2022.01,7447.216371,59.146779
400,3,957.76,59172.98,69364.26,986.02,1848.92,7356.332065,61.879875
400,3,1055.76,64347.80,74357.35,756.61,2202.49,7050.455120,59.834451
400,3,1023.17,61700.84,72499.32,680.61,2447.54,7670.325834,58.621338
400,3,1049.86,64549.04,74292.15,941.08,2359.21,6442.822793,58.007866
400,3,1046.21,62563.35,72508.18,553.37,2103.10,7288.355428,54.257822
400,3,1091.96,64207.85,73336.88,559.88,2190.67,6378.470997,58.781481
400,3,1284.74,74187.38,83637.05,512.52,2651.41,6285.747230,63.019521
400,3,898.40,55225.96,64671.85,695.59,2171.93,6578.366712,56.504046
400,3,1314.88,76793.04,87433.24,833.71,2069.71,7736.781613,59.710314
400,3,1013.62,61188.65,70551.83,832.38,2311.93,6218.869937,55.719742
400,3,1073.54,63589.13,73475.52,643.29,2109.15,7133.957575,57.207177
400,3,1196.50,71304.96,82331.21,439.63,2407.80,8178.820677,59.480163
400,3,1160.95,70466.93,79267.11,410.29,2536.79,5853.091780,61.875816
400,3,1081.04,66427.37,76226.23,829.57,2231.69,6737.600736,59.008134
400,3,1016.75,59648.83,70402.13,718.03,2038.34,7996.931608,62.812565
400,3,813.04,48892.26,57943.88,725.27,2301.33,6025.012645,58.167103
400,3,1056.17,63075.69,74005.72,849.29,2270.57,7810.162680,62.812748
400,3,875.86,53883.93,63808.38,681.35,2381.81,6861.287435,57.741166
400,3,805.85,50244.93,59405.16,542.82,2111.07,6506.338390,56.830827
400,3,1240.31,71567.71,81784.56,787.73,2454.46,6974.664017,61.282114
400,3,935.13,56620.88,64800.67,1052.96,1750.24,5376.591619,58.725405
400,3,1117.73,67478.23,75953.94,674.83,2162.53,5638.345879,57.850123
400,3,1172.23,66320.51,78167.06,1479.33,2310.15,8057.063633,61.492552
400,3,1251.69,74870.59,83283.25,457.77,1908.48,6046.403647,57.296744
400,3,1073.21,63986.50,74036.45,718.14,2472.02,6859.796004,57.089722
400,3,1647.18,93886.42,105666.44,618.38,2618.28,8543.354252,68.993663
400,3,973.70,58213.21,67972.43,566.92,1994.72,7197.577839,58.297987
400,3,1132.78,67483.88,77603.32,829.79,2401.22,6888.428873,61.541737
400,3,959.84,56744.43,67027.74,614.33,2293.25,7375.736917,57.434139
400,3,1239.16,73935.41,84674.23,559.63,2452.61,7726.580380,60.312846
400,3,862.65,52947.59,63018.06,739.50,2104.82,7226.155994,58.104681
400,3,1277.03,76619.29,87463.53,834.20,2886.30,7123.740045,61.297596
400,3,1044.12,60806.51,72120.96,952.02,2008.72,8353.718951,61.368311
400,3,1014.17,60154.06,70873.05,718.91,2758.45,7241.627627,58.297085
400,3,1248.45,76752.87,86351.61,679.71,1797.65,7121.391050,58.758261
400,3,1318.90,78227.28,88373.70,741.05,2334.49,7070.876545,56.523212
400,3,1173.14,69470.52,80215.35,767.74,2675.54,7301.560801,55.692423
400,3,1014.85,60409.09,70134.55,678.72,2036.00,7010.735867,55.412329
400,3,1136.93,70579.22,80561.20,625.11,2025.09,7331.768898,56.003845
400,3,989.35,60694.19,69504.80,878.42,2373.22,5558.972494,55.873314
400,3,1280.11,75419.08,85235.66,544.53,2303.60,6968.447953,58.883511
400,3,1115.14,65993.13,74547.53,493.03,2443.41,5617.962658,56.655505
400,3,1265.53,76154.15,88193.17,728.06,2288.00,9022.966583,56.413626
400,3,1109.22,67784.15,78660.86,718.31,2788.17,7370.222019,60.333889
400,3,999.06,60108.23,69756.97,1231.57,2011.72,6405.453923,58.669498
400,3,1069.57,64564.85,74327.23,640.00,2262.00,6860.371273,55.865946
400,3,1001.39,59268.92,67885.22,636.93,1906.58,6072.799334,55.327230
400,3,1498.25,85054.80,96175.10,740.36,2479.19,7900.753265,60.945998
400,3,1414.61,83760.08,94029.56,488.83,2546.79,7233.855062,57.869301
400,3,1166.13,68536.71,79501.11,743.92,2367.65,7852.817871,60.054779
400,3,966.73,59461.89,68976.38,581.19,2212.49,6720.806536,54.639011
400,3,1147.99,68084.07,78688.11,539.82,2259.29,7804.929263,54.298239
400,3,1183.37,69915.21,81602.19,591.54,2682.00,8413.442860,56.639320
400,3,1174.13,69383.32,79769.81,713.14,2400.29,7273.061799,59.557667
400,3,1173.86,69060.94,80730.84,912.33,2792.47,7965.095103,56.893749
400,3,1073.87,62542.81,72109.24,638.47,2262.56,6665.397972,56.030319
400,4,1116.40,66348.53,78075.42,1170.86,2146.60,8409.439360,70.935745
400,4,1193.03,71438.28,83838.42,925.37,3023.34,8451.440741,69.223941
400,4,1390.59,82224.87,95236.63,772.43,2759.62,9479.717695,74.276838
400,4,1752.22,100910.41,116793.33,1494.86,3349.35,11038.711406,77.114718
400,4,1336.92,77126.05,90380.92,782.10,2813.50,9659.265074,69.730574
400,4,1114.23,66126.28,79360.26,1095.32,2753.62,9385.036618,70.335223
400,4,1268.45,76090.01,89276.65,1028.53,2792.89,9365.221768,69.124380
400,4,1488.48,80815.65,96487.05,1851.92,2982.88,10836.593167,71.477126
400,4,1127.17,73066.19,83960.81,708.19,2300.20,7886.231497,66.655090
400,4,1280.36,74006.34,87037.54,779.93,2736.07,9515.197781,68.919789
400,4,1221.89,75047.69,86713.69,669.73,2546.55,8449.722084,66.684040
400,4,1306.56,77848.81,90476.42,1099.46,2800.81,8727.336712,124.154029
400,4,1585.51,92547.31,107273.37,850.72,3425.38,10449.960042,122.096010
400,4,1397.24,82882.54,96609.18,1007.87,3128.83,9589.936043,73.877970
400,4,1289.16,77115.56,88681.24,721.14,2513.91,8330.639479,72.471694
400,4,1035.32,62232.82,73985.72,842.05,2632.23,8278.628284,68.266810
400,4,1120.25,68444.34,80222.40,699.10,2924.84,8154.123568,68.882582
400,4,1585.90,92186.78,105971.03,921.12,3172.41,9690.729546,75.747207
400,4,1222.88,72477.12,84019.82,761.89,2721.57,8059.247170,72.544568
400,4,1301.66,73099.84,88721.99,1570.46,2900.47,11151.203745,71.575698
400,4,1218.74,71984.72,83689.20,1026.23,2735.39,7942.868554,70.278893
400,4,1308.53,74488.05,87091.52,829.27,2410.83,9363.377396,69.195755
400,4,1372.01,78542.46,92064.10,823.73,2755.54,9942.360224,72.135054
400,4,1547.04,88836.24,103235.26,967.71,2731.40,10699.917517,78.842820
400,4,1364.12,78815.41,92167.69,1250.66,3108.46,8993.168798,82.244755
400,4,1437.65,86399.63,99598.77,1018.49,2551.05,9629.596499,75.967329
400,4,1222.00,74020.51,88744.88,1291.05,2665.11,10768.221628,75.149780
400,4,1148.50,68970.41,81509.04,732.74,2770.95,9034.935799,74.796675
400,4,1204.48,71553.50,84713.19,932.55,2871.85,9355.285714,78.421849
400,4,1460.93,85739.32,98461.39,805.36,2971.38,8945.318680,80.864523
400,4,1338.57,77955.71,92968.60,1351.07,2969.27,10692.557222,74.139765
400,4,1180.70,72589.48,86119.93,729.87,2417.20,10383.385298,73.677742
400,4,1286.42,76594.24,88437.31,645.12,2803.11,8394.844062,74.879858
400,4,1128.69,66122.47,78107.96,967.26,2570.42,8447.813684,68.301101
400,4,947.10,59949.32,71214.54,712.70,2362.22,8190.300215,63.680290
400,4,1483.86,86582.01,100570.11,985.64,3137.46,9865.002758,66.726720
400,4,1206.36,73503.86,86625.48,918.12,2754.78,9448.723435,67.555924
400,4,1484.01,82863.32,97678.22,1025.93,3269.54,10519.436403,65.460481
400,4,1586.42,95385.10,109443.81,1092.39,3094.55,9871.774317,70.985535
400,4,1094.79,66562.71,78209.05,644.11,2408.14,8594.080144,60.856065
400,4,1130.03,68415.51,79608.10,903.90,2823.81,7464.878423,63.373117
400,4,1401.79,84280.82,97957.21,1168.01,2510.34,9998.035727,62.084167
400,4,981.59,59696.71,71330.93,842.53,2699.65,8092.042451,58.497222
400,4,1405.31,80964.86,94139.31,733.21,3011.71,9429.530918,62.717662
400,4,1260.19,71526.12,84417.43,1220.91,2754.72,8915.682990,60.873613
400,4,1125.65,67390.77,80324.34,846.50,2417.88,9669.184151,62.025623
400,4,1479.45,88274.44,101528.06,793.86,2934.49,9525.267944,60.999433
400,4,1334.40,79938.11,91533.49,830.28,2351.54,8413.565509,57.358571
400,4,1387.14,82758.98,95831.78,674.62,2404.80,9993.374229,60.879017
400,4,1249.39,75142.14,87190.67,807.41,2955.80,8285.313030,60.137994
400,4,1118.07,67114.56,79626.59,995.77,2633.22,8883.034225,59.428007
400,4,1090.81,63366.16,76196.92,1451.91,2643.44,8735.414882,58.621783
400,4,1000.90,60266.60,73706.42,899.38,2691.21,9849.221774,57.509518
400,4,1419.35,82665.32,95082.29,840.68,3187.24,8389.047919,61.293017
400,4,1208.72,73803.85,86598.06,1293.30,2554.26,8946.652313,59.872362
400,4,1452.97,87551.15,101294.40,1064.14,3157.01,9522.090653,63.745788
400,4,1024.00,64141.86,75705.97,1150.74,2735.80,7677.567920,57.266425
400,4,1524.74,88735.38,101417.20,865.34,3518.25,8298.230577,63.270144
400,4,1218.73,70265.08,83679.68,1198.54,2836.57,9379.485866,61.605050
400,4,1357.98,79159.27,91592.57,1136.88,2936.08,8360.338833,58.035388
400,4,1423.78,85648.64,99800.08,991.53,3372.64,9787.266731,61.560086
400,4,1080.44,62282.45,75407.35,1508.14,2761.32,8855.445838,56.728896
400,4,1226.46,74524.60,86339.71,861.03,2380.45,8573.631776,61.752150
400,4,1548.83,89002.94,101548.55,771.24,2668.46,9105.908268,61.252701
400,4,1123.83,70217.76,80420.14,619.81,2402.65,7179.923881,57.133586
400,4,1238.16,73746.21,86107.34,1275.01,2909.79,8176.328014,58.554127
400,4,1334.27,80594.11,94678.51,1380.57,2944.02,9759.810838,60.897862
400,4,1337.75,78191.45,89330.80,787.91,2737.41,7614.036313,59.923023
400,4,1255.22,72021.66,85558.07,1639.69,2520.00,9376.719213,59.448820
400,4,1523.50,86979.59,102699.66,911.99,3633.27,11174.811142,60.810956
400,4,1355.63,80289.45,93119.06,731.35,3278.70,8819.566587,62.864319
400,4,1199.72,72754.84,85432.03,907.65,2975.35,8794.182076,58.499220
400,4,1128.80,66356.29,79529.89,828.88,2763.81,9580.918612,60.748998
400,4,1470.51,85298.48,98956.15,765.36,3169.54,9722.770949,61.752226
400,4,1217.11,74059.60,87868.31,910.07,2829.94,10068.698850,58.915794
400,4,1066.21,64520.21,76563.54,642.02,2656.68,8744.624298,56.883071
400,4,1540.45,89298.65,103006.48,720.13,3105.83,9881.885888,64.692604
400,4,1289.66,76799.64,90883.79,1315.07,3148.03,9621.040911,59.218677
400,4,1345.30,78866.80,90735.55,780.31,2440.03,8648.401578,62.709192
400,4,1495.07,86484.68,100017.24,847.64,3112.48,9572.441768,62.371379
400,4,1600.09,91599.83,105161.17,831.84,2650.95,10078.538717,62.493027
400,4,1603.51,95779.04,109687.86,1009.13,3078.96,9820.733456,62.877195
400,4,1109.97,67183.92,80940.24,938.51,2847.43,9970.372798,57.633282
400,4,1015.24,61637.28,73126.26,949.88,2430.01,8109.090042,56.334380
400,4,1219.12,70359.69,83556.81,1119.34,2711.45,9366.335222,58.144584
400,4,974.16,59146.90,70475.92,812.81,2415.52,8100.691495,55.925620
400,4,1472.53,84553.54,99079.72,909.04,3201.68,10415.456740,64.034844
400,4,1514.63,86148.40,99960.97,691.44,2930.01,10191.126726,64.490893
400,4,1425.93,81955.05,93869.28,852.20,3167.06,7894.970198,62.120222
400,4,1461.86,85378.89,99050.43,1038.63,2925.23,9707.687882,58.564719
400,4,967.88,59567.25,70728.28,857.63,2752.58,7550.825501,85.688520
400,4,1164.15,67975.90,81888.28,889.46,2881.54,10141.384135,59.086392
400,4,1452.15,84870.92,98708.14,885.14,2855.37,10096.709263,62.251450
400,4,1537.14,90447.64,104466.59,1101.36,3170.81,9746.791552,63.187877
400,4,1484.27,87352.74,101038.22,845.86,3571.24,9268.370232,59.450350
400,4,1616.59,92037.00,107293.76,1061.36,3427.98,10767.422255,59.879250
400,4,1359.58,79516.37,93201.30,783.40,2970.37,9931.156405,63.116619
400,4,1499.55,86428.77,100271.14,836.40,3160.33,9845.636003,63.188310
400,4,1150.45,66918.09,79728.43,733.00,2698.15,9379.199043,58.377508
400,4,1537.93,89753.30,102950.84,1381.67,2774.68,9041.188591,62.034530
400,5,1384.27,85184.84,99212.01,1348.13,2732.84,9946.201388,73.044633
400,5,1497.20,88633.57,103986.65,1507.93,3603.33,10241.828298,109.932585
400,5,1677.03,96096.81,112589.93,1032.47,3431.01,12029.632141,72.424485
400,5,1685.03,99636.86,118666.72,1995.37,3411.84,13622.642437,74.696745
400,5,1314.75,78790.56,94812.71,943.71,3223.81,11854.627804,68.218969
400,5,1456.02,86090.38,101304.02,1188.20,3114.20,10911.233639,71.852338
400,5,1950.83,113388.76,129895.34,975.10,3251.69,12279.803187,72.045187
400,5,1616.40,92333.60,110567.70,1489.99,3792.47,12951.628690,74.955826
400,5,1125.89,69115.22,82928.96,1211.12,3030.66,9571.963278,68.999132
400,5,1401.66,82036.23,98158.76,1230.77,3336.17,11555.589515,73.951981
400,5,1732.40,103519.27,118797.67,1072.38,3755.65,10450.371981,69.656433
400,5,1385.82,84644.96,99573.55,1040.61,3589.21,10298.771331,67.975823
400,5,1978.33,111601.84,130278.41,1222.38,4252.78,13201.407428,73.959597
400,5,1621.41,98172.48,114246.84,1224.49,3548.36,11301.511553,74.524699
400,5,1418.05,82587.00,96955.03,992.76,3283.22,10092.047315,73.561667
400,5,1469.46,86948.91,101117.00,939.61,3181.21,10047.273079,72.472932
400,5,1521.82,89072.47,104483.19,1110.18,3588.13,10712.402937,72.789289
400,5,1522.27,89259.91,105564.33,978.00,3280.22,12046.201561,73.188519
400,5,1354.78,80897.13,95111.86,866.40,3333.35,10014.983970,68.833126
400,5,1557.04,89503.97,106318.77,932.86,3170.17,12711.760840,97.854895
400,5,1332.14,79396.01,93366.86,1183.60,3142.03,9645.232237,69.278329
400,5,1681.99,98260.36,113758.52,1268.92,3252.05,10977.198000,75.354837
400,5,1394.44,80412.28,96054.93,977.92,2868.71,11796.023710,71.442180
400,5,1969.44,112959.06,131142.15,1177.10,4325.30,12680.681750,77.642195
400,5,1301.92,79100.87,94546.16,1092.90,3367.01,10985.381013,73.293263
400,5,1618.81,93371.96,110807.57,1100.86,3585.37,12749.378926,69.461451
400,5,1711.97,99253.80,116753.74,1276.61,3599.78,12623.554319,71.634912
400,5,1501.25,89198.98,104992.52,923.35,3271.33,11598.858861,82.355511
400,5,1189.23,71711.29,87450.30,870.58,3300.95,11567.478904,69.467374
400,5,2016.29,114530.37,131794.05,1435.41,3999.01,11829.267622,79.436686
400,5,1519.58,88698.08,105545.32,1016.58,3272.39,12558.269000,71.435702
400,5,1921.83,110823.14,128998.71,1024.88,4296.89,12853.803280,79.135108
400,5,1286.92,77144.10,92657.32,883.41,3505.28,11124.528935,70.713347
400,5,1401.17,81758.79,95646.51,1080.68,2982.97,9824.067819,69.799776
400,5,1391.81,82693.89,98274.71,1167.96,3436.86,10976.009006,70.687389
400,5,1737.69,100282.56,116990.54,947.90,3264.89,12495.192659,74.224447
400,5,1896.25,108597.12,125548.41,1007.83,4038.42,11905.039211,78.657510
400,5,1609.95,93909.96,111377.18,1000.54,3475.18,12991.498479,71.367710
400,5,1528.27,87447.29,104228.62,1320.07,3345.91,12115.348208,77.709711
400,5,1506.56,88728.22,104225.86,1047.31,3833.60,10616.729703,73.828647
400,5,1119.16,68021.36,81341.58,1129.68,3091.91,9098.628212,66.152160
400,5,1770.57,104237.51,120879.75,1010.29,3800.45,11831.503414,76.713728
400,5,1417.55,84179.81,98209.33,1200.23,3011.08,9818.219106,71.510473
400,5,1512.66,88475.71,104141.57,993.20,3533.19,11139.464641,75.827932
400,5,1611.19,92113.52,107411.66,1227.33,2977.97,11092.843413,76.247129
400,5,2010.66,118978.67,135185.31,987.54,3593.91,11625.185232,81.244438
400,5,1267.32,75846.38,91917.29,952.37,3087.82,12030.712203,68.750497
400,5,1448.38,86342.67,101519.99,940.84,3245.72,10990.755939,70.311311
400,5,1524.94,88534.54,105105.34,907.00,3197.19,12466.621156,72.314216
400,5,1293.81,75862.85,90798.42,1218.50,3413.17,10303.905696,75.366332
400,5,1349.68,80931.96,95939.84,1123.19,3252.95,10631.728120,76.022144
400,5,1487.65,89411.69,103684.16,883.90,3049.95,10338.626661,77.821206
400,5,1574.02,92740.71,109490.39,1255.47,3627.79,11866.418993,78.459625
400,5,1415.76,83433.88,96992.70,956.27,2967.64,9634.912146,73.196355
400,5,1594.53,91396.98,106395.37,846.14,3037.68,11114.568161,68.806327
400,5,1833.23,104887.22,120973.13,824.02,3686.46,11575.422183,76.301793
400,5,1195.30,72753.22,86571.51,1067.76,2865.26,9885.259937,65.037041
400,5,1643.50,97235.98,111856.72,906.13,3188.19,10526.425402,70.398139
400,5,1616.49,95323.09,111597.83,974.90,3500.40,11799.437420,73.738501
400,5,1641.33,93508.94,108571.80,1012.75,3449.41,10600.700094,71.088226
400,5,1772.60,103893.73,121517.46,1484.93,3701.95,12436.849315,76.566103
400,5,1348.94,79994.83,95045.79,1001.29,2883.72,11165.943454,68.708886
400,5,1392.35,82662.05,97473.61,1191.12,3284.11,10336.331446,74.281931
400,5,1454.41,87143.08,102144.70,1008.67,2844.84,11148.101950,69.984179
400,5,1327.43,82256.15,95431.62,1148.96,2989.66,9036.851950,70.168715
400,5,1367.52,83307.09,97531.75,1370.94,3121.56,9732.162757,67.370811
400,5,1618.45,93932.40,109788.38,1148.71,3493.36,11213.919318,75.397975
400,5,1624.94,95200.44,109492.79,979.57,3362.57,9950.208061,71.118369
400,5,1731.11,99647.21,116069.53,1022.93,3688.40,11710.973270,74.512896
400,5,2125.69,123691.98,141901.47,982.47,4271.72,12955.300509,82.855158
400,5,1535.29,88785.54,105648.20,1367.26,3782.41,11712.991140,72.071078
400,5,1197.23,71543.39,86158.24,1095.58,2831.30,10687.966376,68.502863
400,5,1879.47,106272.74,122735.41,1143.01,3530.14,11789.524067,75.479413
400,5,1744.06,100190.56,116251.70,1338.92,3471.08,11251.141233,72.654388
400,5,1243.91,73689.04,90698.20,1352.05,3287.32,12369.800206,69.008324
400,5,1363.60,82250.54,97096.28,1107.33,3284.93,10453.484775,71.238496
400,5,1637.71,95339.75,111020.59,963.26,3286.99,11430.593608,76.787724
400,5,1538.32,92798.18,110700.10,1697.82,3571.92,12632.182451,72.875818
400,5,1607.82,96530.95,111754.98,895.65,2977.45,11350.926074,71.592548
400,5,1592.01,92089.37,109025.55,1321.85,3529.30,12085.032751,72.582698
400,5,1596.88,92467.57,109734.03,1250.48,3563.77,12452.206184,72.065581
400,5,1703.39,100751.26,117628.45,1467.10,3536.75,11873.339784,75.103578
400,5,1737.40,99474.31,116428.58,1177.02,3367.53,12409.719947,74.711273
400,5,1441.40,84029.48,99530.55,1506.79,3281.08,10713.199023,68.546069
400,5,1173.68,68642.27,84197.89,1103.61,3369.62,11082.387122,69.299881
400,5,1137.09,66948.19,80646.86,913.93,2985.52,9799.216931,69.372270
400,5,1492.65,87268.97,103940.37,1154.61,3497.90,12018.897760,73.274395
400,5,1588.92,93648.18,110274.06,1106.79,3182.86,12336.233713,73.415765
400,5,1523.52,89563.62,104428.21,1423.84,3488.18,9952.570105,76.044969
400,5,1311.77,79317.42,95199.01,1159.61,3611.40,11110.581113,68.052521
400,5,1313.76,77602.99,91700.02,1161.79,3626.24,9309.006106,70.779288
400,5,1422.49,82612.77,98589.79,863.00,3492.08,11621.939531,74.544271
400,5,1657.09,97745.12,114966.60,1265.08,3899.53,12056.867830,72.589557
400,5,1636.65,95578.63,112128.49,1219.77,3819.08,11511.006461,73.954014
400,5,1290.10,80621.66,96769.91,1537.04,3533.14,11078.070287,70.294788
400,5,1385.79,80049.04,97578.41,1248.43,3323.52,12957.430669,69.571726
400,5,1555.62,91591.86,109233.47,1215.70,3782.73,12643.183154,73.970717
400,5,1441.11,84182.60,100901.90,1301.90,3447.45,11969.941136,70.724793
400,5,1711.33,97586.12,114312.94,1171.64,3635.72,11919.445901,77.943305
400,5,1431.10,86842.88,101926.52,1101.33,3329.34,10652.962259,70.784728
400,6,1281.56,78292.24,94687.01,1494.06,3423.52,11477.181316,83.410314
400,6,1922.52,110298.18,127417.89,1204.34,3716.02,12199.355442,86.140427
400,6,1918.98,109412.15,129158.65,1438.31,3807.71,14500.476644,88.167704
400,6,1835.56,105895.52,126454.16,1197.79,4141.97,15218.893545,88.692471
400,6,1665.34,95191.20,114734.51,1603.77,3952.10,13987.447698,82.220085
400,6,1676.92,98670.85,117197.52,1656.30,4057.37,12812.998098,87.887060
400,6,1625.80,95572.68,115450.69,1667.37,4026.91,14183.721232,82.107760
400,6,1604.01,91005.89,110486.94,1303.45,4068.89,14108.710847,86.351052
400,6,1230.52,73959.62,89766.64,1363.06,3213.27,11230.684093,75.573618
400,6,1858.51,106236.98,124426.78,1262.99,3700.92,13225.880331,89.302736
400,6,1682.44,95351.67,113161.38,1226.10,4159.28,12424.326425,81.734443
400,6,1591.76,93144.89,110916.03,1169.66,3688.82,12912.655004,80.395264
400,6,1798.06,102745.98,123309.39,1636.38,4076.42,14850.623373,84.820741
400,6,1562.78,88886.26,107982.52,1684.76,3573.81,13837.684753,83.119346
400,6,1598.53,94641.24,112364.25,1639.20,3864.31,12219.501485,86.938284
400,6,1509.41,90825.89,107168.59,1361.17,3405.03,11576.505795,82.823560
400,6,1821.08,105174.02,123406.24,1504.75,3985.63,12741.838519,81.306796
400,6,2145.41,123175.34,142714.32,917.13,4046.19,14575.651965,90.207786
400,6,1560.85,92424.48,108472.38,1167.05,3618.26,11262.590806,84.855460
400,6,2117.47,120854.91,141097.72,1222.95,4103.10,14916.757609,88.901988
400,6,1356.29,85699.48,101167.14,1239.96,2960.29,11267.402849,79.797034
400,6,1639.52,97436.54,115189.36,1236.18,3797.84,12718.805878,83.269063
400,6,1918.98,110224.87,129261.45,1250.61,3669.73,14116.230373,85.678977
400,6,1615.61,92070.23,112562.51,1557.64,3856.87,15077.778310,85.724847
400,6,1211.34,73006.09,90413.86,1665.78,3449.24,12292.738190,82.870289
400,6,1902.73,111784.20,131879.05,1345.25,4696.00,14053.598199,87.702023
400,6,1880.00,106755.55,127814.37,1227.23,4365.89,15465.700050,87.723290
400,6,1856.37,107497.42,126403.23,1083.40,4076.87,13745.540286,88.377708
400,6,1868.29,107018.79,125324.13,932.95,3877.70,13494.688685,86.089630
400,6,1463.78,85511.97,103955.01,1586.83,3599.31,13256.900356,83.357454
400,6,1652.25,97774.28,116062.41,1332.23,3190.11,13765.790750,86.931608
400,6,1758.82,99338.40,119908.23,1205.41,3970.76,15393.665471,87.597924
400,6,1592.67,95807.15,114275.10,1763.74,4052.70,12651.512263,81.724093
400,6,1572.05,91972.87,109710.22,1372.56,3629.98,12734.815275,79.616069
400,6,1352.91,80898.19,97786.20,1185.12,3273.79,12429.106811,81.440967
400,6,1713.04,100438.39,119168.82,1009.65,3313.96,14406.818840,89.392374
400,6,1874.18,106062.24,125938.26,1187.84,4236.42,14451.770904,89.409101
400,6,1617.18,93179.17,113629.91,1601.56,3727.03,15122.144233,84.854809
400,6,1775.67,103186.11,122970.64,1400.13,4110.59,14273.804329,85.064449
400,6,1566.96,94239.63,112373.92,1479.07,4268.03,12387.183807,83.500764
400,6,1665.60,100866.11,117396.66,1132.77,3869.16,11528.624014,81.802404
400,6,1825.51,106632.76,125296.85,1439.54,3868.30,13356.251707,88.512627
400,6,1765.37,107264.41,124532.42,1227.07,3381.79,12659.152632,80.631251
400,6,1504.53,90521.82,109089.67,1124.67,3638.23,13804.951116,83.228428
400,6,1901.32,110220.52,128029.01,1042.13,3597.58,13168.784269,88.569683
400,6,1859.90,108206.23,127247.86,1337.16,3545.83,14158.640475,86.649912
400,6,1908.50,109281.31,129674.62,1775.51,4266.19,14351.614312,83.852343
400,6,1790.99,103404.27,121791.50,1346.11,4347.35,12693.772839,84.446420
400,6,1873.44,107390.79,127895.48,1730.18,4301.21,14473.295562,82.431701
400,6,1807.98,105723.28,124393.91,1584.82,4288.45,12797.361084,88.945139
400,6,1701.60,97224.51,115549.97,1275.18,3800.99,13249.284904,87.459934
400,6,1310.05,79492.95,96981.95,1202.50,3821.64,12464.858939,84.986989
400,6,1850.47,106604.40,125922.05,1240.13,3893.27,14184.250427,87.623250
400,6,1991.07,117998.90,135827.20,1192.69,4060.02,12575.590696,85.330318
400,6,1733.16,102950.59,120385.94,1384.15,3335.41,12715.776804,86.747268
400,6,2106.46,119864.71,139660.72,1589.35,4210.61,13996.044299,91.309963
400,6,1570.89,93917.28,111420.79,1689.77,3807.41,12006.335601,82.229633
400,6,1500.99,86689.52,103806.78,1211.88,3617.54,12287.841426,80.571523
400,6,1471.06,83227.03,101248.63,1280.31,3223.69,13517.594375,83.501051
400,6,1548.21,92538.34,109866.07,1184.62,3494.91,12648.192682,85.315471
400,6,1841.40,103679.52,123087.71,1036.38,4296.12,14075.681303,88.733102
400,6,1680.86,99402.15,117431.54,1327.11,3670.92,13031.362900,78.850167
400,6,1440.40,89502.15,107141.29,1619.73,3618.44,12400.967634,84.390350
400,6,1963.04,114014.57,131972.38,1128.53,3908.69,12920.593383,85.450928
400,6,1488.94,87850.12,102640.47,869.26,3382.15,10538.938046,82.168672
400,6,1402.47,82727.31,99120.99,1113.20,3549.57,11730.905645,80.405017
400,6,1534.76,90742.08,107978.45,1140.04,3091.75,13004.579686,84.722512
400,6,1479.55,88371.27,105591.18,1385.80,4214.30,11619.799064,79.843896
400,6,1695.65,101745.56,121112.30,1555.04,4272.26,13539.447431,87.106849
400,6,1733.70,100091.68,120465.52,1599.95,4139.90,14633.993962,89.429953
400,6,1719.45,101005.25,121227.60,1342.87,4661.97,14217.515031,85.175962
400,6,1855.20,107561.33,125552.23,1124.51,3822.61,13043.789745,83.401656
400,6,1709.80,99844.82,118666.49,1199.72,4016.75,13605.201867,87.735954
400,6,1925.24,115323.87,135365.02,1246.07,4799.09,13995.997573,87.342848
400,6,1879.49,107942.74,128026.20,1383.21,4102.49,14597.764939,86.218825
400,6,1708.74,98780.66,117130.88,1289.55,3836.15,13224.513133,85.532980
400,6,1840.94,107649.09,126674.59,1218.29,3945.25,13861.966900,86.547584
400,6,1899.28,109208.37,130136.41,1590.62,4728.04,14609.383526,83.169855
400,6,1886.53,108020.19,125900.57,1008.68,3652.63,13219.066187,87.465140
400,6,1535.85,90047.46,109827.98,1489.08,3628.33,14663.100525,81.355132
400,6,1740.24,101863.29,120935.87,1261.23,3918.54,13892.806645,85.120856
400,6,1741.79,103714.24,123557.79,1087.14,3920.64,14835.768448,83.386188
400,6,1657.44,95423.49,115062.70,1187.79,3937.91,14513.515192,83.166955
400,6,1634.25,96122.58,113705.64,1435.81,3770.95,12376.293743,76.563923
400,6,1834.50,108952.41,127810.39,1546.87,4112.80,13198.316526,87.809631
400,6,1802.69,105319.79,123271.98,1489.53,4176.93,12285.731824,83.132556
400,6,2099.06,121900.98,142704.21,1222.38,4787.19,14793.666293,99.816053
400,6,1990.16,110295.09,131349.43,1769.32,4524.57,14760.454956,95.277246
400,6,1456.04,88273.62,104438.98,1605.87,3350.39,11209.096149,83.122917
400,6,1680.09,100773.59,119355.56,1670.89,4208.14,12702.943894,81.529720
400,6,1420.26,86536.35,104057.58,1923.38,3759.21,11838.638019,80.840373
400,6,1600.08,93324.56,112391.49,1299.74,3738.78,14028.414222,93.462109
400,6,1781.76,104890.99,125178.95,1615.35,4031.80,14640.821460,83.171727
400,6,1466.48,86561.31,105569.84,1490.28,3924.88,13593.367839,81.742788
400,6,1572.44,91462.11,111321.10,1357.41,4306.95,14194.626850,82.130126
400,6,1586.73,90390.34,110031.92,1930.61,3286.92,14424.052969,83.923083
400,6,1622.62,94256.10,113915.95,1513.68,3867.65,14278.518839,88.798703
400,6,1655.28,96911.01,115287.12,1201.14,3683.25,13491.711361,87.956642
400,6,1704.43,100561.13,119682.20,1227.18,3978.60,13915.296723,85.499635
400,6,1382.70,83050.16,100455.75,1381.14,3914.44,12110.006068,84.500996
400,7,2293.94,133022.42,152332.24,1498.42,4424.11,13387.292980,96.443571
400,7,1579.64,94618.47,113801.97,1710.20,3843.91,13629.394978,89.681852
400,7,1945.28,116856.12,139016.76,1891.62,4530.28,15738.749172,92.501956
400,7,2096.13,119092.48,143992.90,1725.15,4991.59,18183.682732,94.659264
400,7,1624.30,96649.23,118759.81,2007.14,4008.37,16095.065247,88.223981
400,7,2145.75,124360.13,146487.61,2102.94,4833.00,15191.544300,95.983134
400,7,1473.29,89877.94,111242.75,1917.68,3736.99,15710.147800,85.190029
400,7,1901.68,107102.01,129075.16,1501.43,4434.11,16037.612673,96.640518
400,7,1991.08,116507.28,135721.91,1633.54,4371.88,13209.216881,89.850263
400,7,2093.97,120389.56,140505.48,1200.02,4002.71,14913.187760,94.584259
400,7,1894.87,111029.07,131226.32,1647.44,4670.53,13879.274349,91.025958
400,7,1768.34,102677.10,124747.60,1952.47,4414.39,15703.634779,91.617204
400,7,2093.03,116662.65,140259.92,1879.81,4591.48,17125.977803,93.904836
400,7,2521.87,143949.68,166368.60,1688.58,4738.00,15992.350845,99.133308
400,7,1698.26,99569.85,119226.12,1383.97,4260.99,14011.317834,92.420279
400,7,1872.91,108859.38,128481.17,1633.13,4204.27,13784.388601,90.425842
400,7,1954.73,115929.71,137529.74,1937.75,4538.06,15124.215772,90.508499
400,7,2422.76,135914.23,159425.47,1296.59,5170.03,17044.615824,96.975596
400,7,1738.92,102847.74,123002.13,1623.17,4602.36,13928.858483,91.294281
400,7,1817.19,106244.90,128716.16,1398.46,4386.02,16686.785301,91.582534
400,7,1255.88,78831.65,97346.91,1964.02,3835.66,12715.581004,88.319662
400,7,1547.45,91440.72,111336.17,1520.24,3985.67,14389.536995,87.757853
400,7,2044.59,115607.37,137300.53,1603.38,4382.04,15707.739629,94.987357
400,7,2636.21,147595.78,171750.14,1486.01,5115.66,17552.681219,100.444455
400,7,1863.24,110232.48,131289.69,1613.29,4541.67,14902.249330,94.756532
400,7,1567.23,92635.08,114165.60,1870.76,3836.33,15823.435855,86.856425
400,7,2174.49,124382.98,149050.82,1631.17,4846.16,18190.514988,93.790499
400,7,1992.20,115176.23,136722.36,1670.58,4755.34,15120.212149,93.669649
400,7,1945.59,115519.55,137426.43,1715.24,4348.80,15842.831324,92.603979
400,7,1821.76,107270.40,129218.90,1534.38,4069.32,16344.810120,91.621647
400,7,1894.24,107850.72,129731.61,1320.88,4296.83,16263.174235,91.677749
400,7,1727.09,98345.46,121554.32,1815.87,4620.72,16772.277454,91.459857
400,7,1718.85,99802.26,120307.31,1665.85,4681.49,14157.706908,91.216961
400,7,1796.59,105505.22,126696.31,1863.11,4797.61,14530.364925,90.150881
400,7,1872.69,108039.21,128746.11,1766.02,4377.68,14563.195078,88.110415
400,7,1900.71,115814.29,137609.24,1692.52,4243.37,15859.050217,95.249337
400,7,1677.06,96916.10,118896.42,1490.84,4674.78,15814.697234,94.435154
400,7,1960.75,113702.55,136300.76,1487.70,4267.01,16843.490475,90.323280
400,7,2106.09,119707.65,142270.75,1347.70,5107.49,16107.906925,96.910174
400,7,1950.83,112765.13,133565.47,1556.73,4751.54,14492.069137,93.233953
400,7,1440.66,87560.60,105678.92,1376.88,3514.33,13227.101630,86.933330
400,7,1934.08,112351.38,133566.81,1834.00,4659.66,14721.758552,94.899023
400,7,1735.90,100553.77,121103.93,1556.89,4133.11,14860.165627,88.689499
400,7,1565.82,93696.73,115105.00,1615.98,4048.86,15743.430061,91.513689
400,7,1871.40,110043.10,130269.74,1532.38,4227.43,14466.834145,98.649180
400,7,1875.02,107396.93,129277.00,1977.54,4492.32,15410.213319,94.243755
400,7,1750.33,98486.43,121367.72,2167.26,4128.52,16585.504729,88.633406
400,7,2097.91,121838.96,142862.70,1576.96,4041.01,15405.769130,93.585185
400,7,1709.70,99937.26,122180.23,1597.68,4231.22,16414.069967,87.279690
400,7,1855.18,108821.01,129720.07,1455.80,4742.85,14700.406911,92.799426
400,7,1816.57,105755.74,127154.02,1810.24,4775.15,14812.893744,94.976327
400,7,1623.18,94584.11,114447.45,1556.16,4356.85,13950.322012,90.425709
400,7,1729.63,104891.49,127184.53,1847.09,4105.65,16340.301414,92.909303
400,7,1655.56,97525.10,117618.64,1643.54,3739.25,14710.743482,89.170601
400,7,1866.13,109823.95,131470.12,1681.83,4507.49,15456.857590,91.836363
400,7,1866.81,108268.70,130564.61,1893.73,4669.29,15732.893220,93.758360
400,7,1874.96,109329.94,129607.24,1207.94,4362.29,14707.063209,88.920486
400,7,2204.39,130420.11,150637.00,1399.29,4735.41,14082.189168,93.211298
400,7,2025.14,115635.17,137229.34,2001.12,4732.53,14860.518824,96.614482
400,7,1859.30,105726.32,125637.85,1436.88,4044.99,14429.662018,88.664892
400,7,2033.97,119328.01,141647.95,1465.58,4264.92,16589.445788,94.876684
400,7,1800.84,104733.27,125852.38,1757.05,4472.48,14889.578802,92.812296
400,7,1792.13,106675.34,126298.75,1329.39,4143.66,14150.364773,94.158524
400,7,1739.47,101692.41,122316.32,1590.99,4313.00,14719.914069,90.516406
400,7,1895.58,108676.11,126516.74,1337.58,3845.80,12657.246408,88.713244
400,7,1526.43,92131.67,111609.14,1418.33,3846.05,14213.099240,87.525846
400,7,1997.30,117156.36,138247.99,1401.37,4719.51,14970.757325,96.147871
400,7,2014.76,115406.33,135918.99,1556.28,4628.62,14327.756870,98.679571
400,7,2033.13,119248.80,139877.93,1583.19,4263.11,14782.829762,95.431674
400,7,2078.81,118167.97,141251.11,1531.97,4733.39,16817.782133,97.606657
400,7,2007.05,117937.39,140661.34,2153.54,4463.76,16106.647098,90.805318
400,7,1709.69,104658.52,125862.69,1711.01,4240.96,15252.195203,89.091760
400,7,2162.71,127129.09,148624.69,1456.58,5162.93,14876.095257,97.318491
400,7,2311.08,130094.68,152749.06,1808.91,4636.61,16208.850019,94.171012
400,7,2209.82,126902.10,149574.29,1429.01,4932.82,16310.365289,96.954611
400,7,1818.62,109172.01,131111.08,1816.63,4364.06,15758.374968,92.306918
400,7,1951.87,110734.18,131755.40,1432.26,4117.66,15471.294518,93.135781
400,7,1560.13,89674.77,112357.67,1597.82,3837.08,17248.003389,88.521308
400,7,1858.08,111249.71,133069.65,1630.55,4473.40,15715.983257,89.213861
400,7,2159.74,122878.66,144723.29,1516.46,4128.55,16199.616753,93.503888
400,7,1892.49,107552.60,129053.22,1695.12,4211.82,15593.679987,90.902126
400,7,2584.79,142209.44,166201.39,1422.07,5179.21,17390.666479,96.273203
400,7,1848.75,105224.92,126904.30,1283.35,4283.41,16112.617261,92.079850
400,7,1905.63,111116.25,131280.70,1664.70,4553.36,13946.386653,89.519229
400,7,1839.39,106773.87,128269.76,1676.84,4791.40,15027.651451,90.880411
400,7,2213.67,127531.23,148400.91,1460.80,4995.63,14413.241716,94.932159
400,7,1785.40,101271.13,123822.79,1509.26,4357.88,16684.508287,90.019370
400,7,1487.12,89101.97,112389.59,2085.36,3998.59,17203.663057,90.206080
400,7,1467.80,87813.57,106524.95,1973.86,3824.01,12913.507870,91.437309
400,7,1942.53,115569.22,136595.68,1668.93,4841.49,14516.033701,92.847245
400,7,2042.38,123768.29,143840.10,1818.60,4128.55,14124.660381,93.806116
400,7,2193.39,125759.68,148411.70,1742.54,4861.92,16047.558385,95.755096
400,7,2125.39,121545.15,144917.84,1746.23,4521.87,17104.594076,95.199082
400,7,2002.52,114973.97,137559.17,1593.08,4962.40,16029.717905,96.364538
400,7,1978.84,113332.84,136435.90,1766.68,4839.12,16497.261827,89.457910
400,7,2264.62,128456.03,150193.10,1178.70,4679.57,15878.812331,98.856525
400,7,1960.19,110948.76,133924.62,1255.15,4533.77,17186.940562,91.544237
400,7,1855.81,110247.69,131314.04,1608.65,4399.15,15058.548576,95.991737
400,7,1803.69,104648.43,126691.10,1671.73,4508.76,15862.188101,90.801442
400,7,1790.12,103966.87,124498.41,1743.32,4212.60,14575.626318,104.004945
400,8,1685.92,99320.29,120670.03,1786.23,4506.58,15056.931794,104.617271
400,8,1715.85,102215.94,124626.64,1825.91,4464.23,16120.563482,105.216653
400,8,2276.97,128863.95,153339.71,1712.31,5160.89,17602.562496,108.522138
400,8,1975.87,113061.68,138691.52,1946.66,4766.86,18916.322372,108.433497
400,8,1645.67,98409.51,123000.14,1767.11,4224.71,18598.817162,97.887025
400,8,2354.22,135029.32,159855.00,1875.75,5727.59,17222.334571,115.116443
400,8,1986.01,115198.82,139319.03,1822.72,4545.18,17752.309360,101.956015
400,8,2147.41,123758.05,148566.61,1664.79,5059.92,18083.854174,109.211514
400,8,1678.58,97654.09,119143.68,2116.40,4635.52,14737.666400,100.119489
400,8,2255.35,127335.01,151797.78,1974.91,5360.65,17127.198264,107.359656
400,8,2027.02,119156.54,142090.78,1843.02,5185.85,15905.365483,104.105058
400,8,2345.70,136383.02,161147.04,1869.96,5749.32,17144.732227,105.471427
400,8,2298.01,130761.72,157366.48,2011.13,5067.01,19526.613071,103.499143
400,8,2248.04,127554.03,152200.39,1746.88,5338.66,17560.809368,110.181270
400,8,1836.21,108384.79,130592.50,1701.07,4554.91,15951.723696,103.549514
400,8,2063.28,118783.14,141163.44,1825.55,5053.97,15500.779851,101.826933
400,8,1899.19,111818.40,134582.98,1803.25,4026.55,16934.773183,100.714560
400,8,2328.95,131641.31,157515.16,1966.31,4695.70,19211.844016,104.839661
400,8,1778.63,108534.32,130935.82,1714.33,4464.88,16222.291333,100.515716
400,8,2104.26,120488.69,146613.83,1753.27,5426.15,18945.726114,108.807547
400,8,1914.80,111402.86,132245.02,1347.48,4493.14,15001.539214,101.595393
400,8,2139.91,124759.88,147884.72,1618.54,4952.40,16553.896334,103.078770
400,8,2097.30,120120.47,143916.58,1677.65,4914.92,17203.540363,107.299014
400,8,2807.10,155949.92,182381.90,1992.57,5547.85,18891.549700,109.774646
400,8,1950.60,117847.45,141080.28,2061.74,4896.90,16274.198937,111.530895
400,8,2004.78,116486.90,140647.92,2038.10,4392.94,17729.979783,102.617148
400,8,2178.31,123268.45,149863.45,1618.88,5002.13,19973.985918,105.154234
400,8,2257.69,129389.31,154659.09,2102.99,5421.95,17744.845809,109.336381
400,8,2124.02,122153.24,147551.87,2130.39,5227.22,18041.016248,105.511504
400,8,2039.42,115535.94,140138.51,1801.14,4846.94,17954.486981,101.690637
400,8,2180.20,128499.15,152736.17,2243.90,4429.83,17563.289572,107.619091
400,8,1887.49,110803.57,137385.26,2096.11,5057.40,19428.180455,103.761874
400,8,1715.20,100064.02,122951.94,1701.64,4267.74,16918.536401,98.283359
400,8,2062.82,123940.22,147287.64,1844.09,5301.79,16201.538860,102.147460
400,8,1927.53,111459.26,134547.77,1780.25,4907.99,16400.274873,101.868009
400,8,2236.17,132519.79,155870.86,1829.86,4266.16,17255.042998,105.157681
400,8,2028.98,118929.76,144130.21,2306.32,5283.04,17611.093878,106.796088
400,8,2179.72,124615.94,150158.32,1865.32,5306.64,18370.423657,104.406777
400,8,1598.00,92370.38,116970.35,1921.61,4444.82,18233.542289,100.928180
400,8,2214.42,126867.22,149953.90,1735.06,4729.76,16621.858185,106.094380
400,8,2293.76,132594.67,155470.55,2515.07,5139.31,15221.503441,106.911930
400,8,1827.85,107527.58,131634.20,2237.17,4280.82,17588.623590,103.454372
400,8,2040.96,117937.69,140919.19,1815.79,4585.43,16580.281215,101.377858
400,8,2484.73,141080.80,166164.59,1893.25,6133.44,17057.099504,109.928825
400,8,2191.12,125062.10,147849.79,1437.23,5293.50,16056.962115,110.707328
400,8,2067.45,123071.68,146722.71,1785.04,4588.76,17277.239095,106.255290
400,8,1878.32,112687.47,138249.53,2221.00,4444.52,18896.540182,102.116527
400,8,1980.13,112498.09,136317.23,1575.94,4872.69,17370.505408,105.009493
400,8,1842.86,106508.48,131378.06,2038.27,4589.29,18242.006188,99.860368
400,8,2234.02,129637.29,153635.35,1565.40,5114.01,17318.645736,105.393203
400,8,2214.42,128220.04,151331.91,1870.28,4449.61,16791.978743,107.568277
400,8,2173.80,126638.09,150389.56,2264.30,5186.47,16300.701103,105.951841
400,8,2124.91,124873.44,150038.26,1885.29,5081.39,18198.141111,111.961779
400,8,1872.47,106546.13,130462.49,1904.80,4608.25,17403.317884,99.020853
400,8,1552.85,91772.03,114990.94,1998.77,4260.92,16959.217181,97.726015
400,8,2262.10,128022.58,152680.94,1714.09,5307.01,17637.264371,106.018488
400,8,2122.11,122899.35,146213.19,1481.83,4570.50,17261.511107,98.544525
400,8,1944.31,114996.09,137840.40,2038.52,4857.60,15948.192036,104.620795
400,8,2318.31,134348.18,158913.83,2302.38,5079.40,17183.874124,106.542294
400,8,1724.81,102216.65,123575.09,2083.82,4052.25,15222.370206,99.437231
400,8,2442.19,139095.71,165479.76,1830.12,5534.37,19019.562385,107.046246
400,8,2187.05,128104.63,151787.11,1701.61,5010.12,16970.748050,105.233104
400,8,1800.19,105860.00,128664.76,2068.09,4729.85,16006.811023,102.838870
400,8,2054.58,118652.92,141487.99,1767.26,4992.05,16075.753085,104.438575
400,8,1905.56,110697.50,132392.20,1793.52,4873.80,15027.380417,98.574819
400,8,1941.89,112614.46,135303.99,1508.61,4918.68,16262.236665,101.180790
400,8,1883.57,111014.65,134759.43,1814.29,4080.34,17850.147710,103.155201
400,8,1759.56,102997.24,124505.23,1449.91,4448.02,15610.060259,98.912518
400,8,1865.31,111380.21,134597.49,1895.54,4795.71,16526.027343,108.014135
400,8,2053.90,117452.98,142829.99,1963.92,4697.80,18715.293180,109.187976
400,8,2494.73,142442.80,168740.86,1896.40,5362.74,19038.916728,100.218804
400,8,2100.20,120770.53,144540.99,1721.51,4914.61,17134.330987,102.589990
400,8,2371.63,135139.80,159385.30,2095.19,5082.35,17067.957476,115.325596
400,8,2466.13,135498.91,160864.42,1773.59,5360.51,18231.411746,105.027640
400,8,2399.40,135220.78,160268.02,1671.57,5118.36,18257.320021,107.438171
400,8,2355.29,133333.97,157951.48,1483.05,4738.93,18395.531930,103.016470
400,8,1947.26,114632.54,139118.79,1896.59,5049.62,17540.036734,104.460509
400,8,2412.58,138379.24,163647.76,1640.08,4699.70,18928.740390,105.406931
400,8,1964.46,112798.29,137997.78,1698.47,5455.79,18045.234533,100.625194
400,8,1892.28,109032.91,133935.30,2144.91,4862.01,17895.463866,105.618252
400,8,1749.31,100929.62,124632.62,1656.76,4364.19,17682.054032,100.219101
400,8,1986.58,117051.86,143287.95,1698.91,4590.73,19946.451058,101.046797
400,8,2085.93,119963.08,145002.89,1919.09,4716.09,18404.630244,104.195138
400,8,1640.23,96140.88,118322.96,1755.49,4793.97,15632.617612,99.278840
400,8,2482.96,141351.40,164778.16,1802.89,5158.14,16465.718272,106.513616
400,8,1819.21,105495.16,128840.70,1839.40,4973.64,16532.500487,100.041592
400,8,1898.10,109878.33,135983.11,2052.95,5121.19,18930.643963,103.219300
400,8,2010.81,117950.10,143465.92,2025.68,4937.37,18552.776368,105.449209
400,8,1774.08,104189.38,126000.07,2134.61,4563.95,15112.132435,101.602243
400,8,1512.60,91621.76,115068.00,2140.78,4318.29,16987.169918,99.350189
400,8,1995.60,116756.71,140138.20,1953.06,5006.09,16422.345971,98.951481
400,8,1706.22,97446.12,121899.21,1698.21,4623.97,18130.914289,102.203193
400,8,2586.88,144380.76,170580.92,2151.28,4700.48,19348.398721,110.000429
400,8,2301.70,130813.47,155522.14,1988.28,5476.40,17243.996105,111.752241
400,8,2373.48,136857.37,163346.14,2238.40,5789.35,18461.023568,106.582214
400,8,2399.48,135459.16,160053.40,1543.11,4868.52,18182.617941,107.008460
400,8,1935.93,110607.47,136220.86,1875.76,4235.28,19502.348641,104.183768
400,8,1920.13,112307.28,136106.58,1943.99,4854.50,17000.810085,107.481230
400,8,2118.50,121486.64,145347.92,2052.91,4862.21,16946.166279,107.603024
400,8,1955.91,116391.71,139427.62,1749.83,4383.07,16903.016999,99.146449
400,9,2135.78,121700.57,145732.46,1617.84,5656.74,16757.306150,119.413128
400,9,2014.05,119179.33,144714.03,2151.23,5329.46,18054.004774,116.943568
400,9,2137.68,121732.83,148330.02,2283.49,5293.76,19019.940739,161.902451
400,9,2565.54,145655.46,173789.61,2121.29,5139.38,20873.472967,129.592708
400,9,2354.61,136140.35,163414.25,2089.47,5115.17,20069.259418,117.202548
400,9,2492.78,140601.01,166940.60,1733.79,5857.55,18748.242496,121.826156
400,9,2790.65,161547.57,189748.43,2166.97,6457.62,19576.258064,122.369214
400,9,1930.04,109026.50,136490.53,2036.76,5257.96,20169.310151,118.857410
400,9,1869.34,108117.74,130784.87,1762.37,4745.99,16158.771832,111.428840
400,9,2251.06,134634.60,160629.68,2590.84,5084.76,18319.483650,117.151453
400,9,1768.70,103958.67,128877.17,1975.37,4457.61,18485.516483,109.633394
400,9,2265.61,132710.46,159653.39,2161.79,5425.39,19355.746309,115.779457
400,9,2045.28,115264.59,144411.76,2042.88,5197.09,21907.201194,116.044837
400,9,2401.22,137946.98,165591.03,2086.77,5410.28,20147.003609,123.976184
400,9,2103.30,123931.73,149276.00,1967.58,5893.83,17482.855772,120.907613
400,9,2182.57,128581.70,153031.25,2166.92,5499.53,16783.095773,115.594397
400,9,1980.34,113858.26,140625.13,2411.41,5577.01,18778.445156,110.921713
400,9,2172.31,123242.63,152695.83,2716.11,5487.93,21249.161149,120.855379
400,9,2316.03,135385.04,161692.38,2137.15,5313.71,18856.477803,114.737449
400,9,2436.98,141373.12,169955.91,2252.90,5417.79,20912.096316,125.516025
400,9,1872.54,113183.04,136965.57,2097.83,4641.44,17043.248934,115.041448
400,9,2179.41,128918.76,153915.50,1997.81,5205.49,17793.435384,114.619850
400,9,2219.84,125027.64,151761.89,1614.77,5342.87,19776.620535,119.725388
400,9,2263.20,132585.21,159594.44,1732.88,4744.70,20531.662488,123.294091
400,9,2183.41,126303.51,152500.35,1927.70,5342.79,18926.357385,122.148263
400,9,2451.56,141112.51,169266.66,2033.08,5906.28,20214.789582,122.333523
400,9,2558.99,142613.15,171170.63,1821.71,5348.39,21387.389457,116.556500
400,9,2521.40,145081.32,173379.96,2639.53,5622.52,20036.592760,121.497594
400,9,2663.50,149815.43,178518.47,1906.16,5958.69,20838.179222,121.496255
400,9,2099.63,119660.61,147102.35,1984.64,5360.90,20096.196115,116.519434
400,9,2238.47,128533.63,154444.76,2236.10,4877.76,18797.278906,116.601692
400,9,2139.98,124518.98,153396.40,2025.77,5182.27,21669.371660,117.517300
400,9,2463.96,140710.50,167582.07,1947.19,5571.84,19352.547583,116.912334
400,9,2144.45,126281.12,151389.91,1978.40,5287.96,17842.421533,113.144931
400,9,1606.05,95504.83,120586.32,2070.93,4480.97,18529.595620,111.279625
400,9,2141.61,125797.34,153056.25,2825.08,5388.35,19045.481989,119.885166
400,9,2559.24,140245.94,168032.29,1865.84,6330.80,19589.712049,128.053551
400,9,1895.80,112083.70,139706.72,2707.79,4860.38,20054.841954,118.292963
400,9,2591.74,147672.21,176190.51,2329.48,5914.55,20274.271838,129.243232
400,9,2218.76,131011.97,158154.36,2273.61,5824.78,19044.006615,119.440748
400,9,2185.81,129808.25,154428.18,1877.99,5027.23,17714.702067,112.389348
400,9,2598.03,147216.17,174456.21,2941.71,5383.22,18915.111129,123.634498
400,9,1691.05,100850.43,125920.45,2101.57,4627.75,18340.712438,108.151946
400,9,2062.43,119011.43,145841.84,2779.72,4957.32,19093.374479,117.855452
400,9,1837.66,108391.09,132783.59,1803.37,5136.69,17452.439484,120.957699
400,9,2398.09,137128.65,164656.75,1894.01,5635.71,19998.385931,119.688719
400,9,2203.82,126909.02,155547.77,2022.93,5599.45,21016.368574,115.688222
400,9,2447.36,140204.58,166448.55,1784.71,5202.61,19256.657705,116.007696
400,9,2840.78,162175.89,191005.46,1976.17,6231.21,20622.193207,127.690766
400,9,2431.39,139135.68,166872.07,2105.85,6085.89,19544.651987,119.362317
400,9,2081.97,121682.46,147160.54,1791.92,4660.29,19025.861683,118.305180
400,9,2111.31,119348.36,146506.76,1826.90,5593.15,19738.350978,117.436157
400,9,2295.15,132533.93,159909.82,1895.83,5288.93,20191.124301,119.193866
400,9,2174.66,123891.19,151119.37,2495.88,5380.31,19351.992911,111.862594
400,9,2164.77,122143.14,147213.45,2084.80,5111.15,17874.347400,120.022420
400,9,1785.54,102856.95,129692.27,2151.91,4751.91,19931.499002,115.674396
400,9,1881.46,111479.41,137406.86,2116.22,4529.22,19282.005047,108.662916
400,9,2030.80,121510.85,148324.34,2329.72,6014.91,18468.863003,117.381939
400,9,2236.76,130958.49,157127.96,2203.17,5255.07,18711.232149,121.475463
400,9,2056.48,124102.35,148736.29,2409.91,4895.09,17328.931911,114.674736
400,9,2028.14,114774.27,143073.01,2722.78,5802.15,19773.814440,118.688746
400,9,2018.43,121174.90,146656.30,2095.50,5126.02,18259.867163,111.899639
400,9,2046.30,121708.37,147839.99,3387.39,5061.72,17682.516677,115.845193
400,9,1804.50,107864.86,132575.08,1948.67,4507.54,18254.014981,112.047176
400,9,2406.12,140317.11,164366.41,1837.66,5026.85,17184.782580,113.349874
400,9,2118.36,123452.89,148842.04,2067.28,5129.00,18192.872098,112.559346
400,9,2090.77,124247.87,151077.17,2505.93,4550.95,19772.424619,117.561094
400,9,2309.37,133554.59,158644.76,2066.69,5196.98,17826.500692,116.075083
400,9,2105.16,126764.75,152394.61,2138.43,5039.39,18452.040878,120.442907
400,9,2384.00,139555.20,168260.03,2006.07,5912.91,20785.846355,128.882574
400,9,2465.52,136357.83,164974.49,1980.51,5158.39,21477.757020,113.482083
400,9,1785.23,110208.17,135130.81,2069.14,4926.42,17927.087965,115.158261
400,9,2391.76,137706.63,165396.69,2405.09,5760.93,19524.045824,120.493974
400,9,2598.08,148163.47,175625.99,1756.76,5492.67,20213.099312,117.913675
400,9,2304.51,131600.04,159149.80,1686.92,5766.12,20096.713774,117.663690
400,9,2165.55,125528.47,151891.70,1847.26,5019.00,19496.970228,114.921625
400,9,2135.42,122573.68,148985.60,1879.04,5005.62,19527.265336,124.482189
400,9,2495.23,141144.52,169487.66,1767.77,5975.38,20599.999296,121.481620
400,9,2334.24,132161.07,159191.38,1900.58,5670.42,19459.306317,117.207351
400,9,2332.44,133247.54,160686.04,2007.23,5677.31,19753.958610,119.919882
400,9,1937.07,113239.68,139380.14,2260.91,4900.49,18979.065065,115.907393
400,9,2026.45,116695.28,144527.88,1741.64,4835.65,21255.314992,111.417367
400,9,2249.96,128882.18,156786.29,2135.41,5617.28,20151.423554,123.438415
400,9,2066.04,121372.58,146639.04,2158.53,5663.26,17444.672433,115.329844
400,9,1999.79,114538.79,141292.61,1788.03,5594.93,19370.851832,118.584164
400,9,2438.27,139714.35,165781.58,2033.40,5491.45,18542.388715,115.405517
400,9,2710.40,150732.44,180613.64,2231.45,5818.25,21831.510455,126.836147
400,9,1937.65,110267.15,138167.91,2039.91,5461.10,20399.754877,120.435987
400,9,1755.04,107401.31,131363.00,2564.63,5020.98,16376.080203,116.509283
400,9,2206.26,127610.31,153667.00,2432.64,5028.03,18596.023438,116.991454
400,9,1816.76,108590.98,133855.67,1867.03,4666.64,18731.011665,111.514295
400,9,2486.79,143410.83,170833.22,2245.60,5653.15,19523.642915,125.184247
400,9,2539.64,141874.01,172283.59,1921.00,6425.74,22062.834531,119.148983
400,9,2358.53,134732.80,162788.18,2142.40,5844.64,20068.341030,125.112309
400,9,2279.68,130002.10,158616.15,2182.81,5648.58,20782.661587,113.067323
400,9,2264.30,129362.24,156201.15,2597.53,4903.20,19338.178610,115.021973
400,9,2343.50,133196.50,162336.71,2342.45,5562.60,21235.163771,119.455449
400,9,1992.78,117623.32,143746.38,2019.18,5058.50,19045.380348,119.265541
400,9,1984.54,115462.74,142919.17,2739.05,5223.86,19493.514618,116.535176
400,9,2278.37,132748.56,158640.67,2294.63,5516.06,18081.419408,120.312392
400,10,1897.29,112104.47,138783.29,2350.46,5595.60,18732.755615,127.965388
400,10,2141.94,128626.97,156132.20,2494.76,5605.13,19405.347851,131.190717
400,10,2652.24,152080.58,181578.48,2325.12,6003.37,21169.409360,138.535847
400,10,2376.69,136728.94,167013.26,1977.65,5055.97,23250.693012,142.107482
400,10,2408.06,140825.40,170584.66,3080.90,5633.32,21045.029732,131.662318
400,10,2518.17,145086.58,174909.28,2376.05,6208.55,21238.101508,137.428962
400,10,2264.14,130337.25,159333.49,2292.07,5458.27,21245.902257,129.854953
400,10,2096.04,123349.86,153941.77,2513.79,5975.02,22103.095709,133.457786
400,10,2043.66,120075.34,146288.66,2452.45,5947.74,17813.128822,123.141526
400,10,2725.73,157193.74,184795.91,1846.22,5970.53,19785.413261,140.583137
400,10,2565.08,147371.22,176412.34,2263.54,6241.54,20536.039608,129.321991
400,10,2503.33,142261.22,171591.62,2158.29,6254.64,20917.474199,130.994479
400,10,2592.44,146889.33,179163.42,2734.13,5665.18,23874.779890,131.143249
400,10,2367.55,137539.17,167359.65,2276.42,5842.14,21701.921991,129.514330
400,10,2304.89,132686.56,159177.51,2026.83,5686.73,18777.389016,131.773225
400,10,2562.80,149677.43,177602.15,2818.54,5806.61,19299.569733,132.844711
400,10,2326.37,138459.13,167057.85,2473.01,5808.78,20316.920639,145.230896
400,10,2966.16,167646.66,197997.25,2235.12,5844.05,22271.415675,139.796712
400,10,2309.50,135210.79,163893.49,2127.66,5765.86,20789.179408,131.059467
400,10,2286.45,131463.93,162055.06,2320.44,5951.80,22318.884277,136.380613
400,10,2528.86,146321.28,173868.43,1963.10,6467.53,19116.519471,131.044838
400,10,2582.02,144378.12,172626.43,2011.35,5682.19,20554.766329,126.806027
400,10,2254.92,128738.48,157944.62,2050.48,6031.70,21123.954095,129.624001
400,10,2672.08,151767.51,182139.09,2216.69,6067.20,22087.680821,143.207271
400,10,2169.63,129955.77,158365.38,2576.45,5633.86,20199.302000,133.634114
400,10,2130.53,121760.10,151361.80,2401.34,5495.08,21705.296698,126.211349
400,10,2882.68,160078.84,192701.44,2365.71,6185.83,24071.055444,138.177703
400,10,2213.46,128027.90,157992.62,2247.64,4842.98,22874.104375,129.388709
400,10,2631.82,151345.41,183280.56,3178.71,5917.96,22838.468584,133.211512
400,10,2325.42,133364.02,162401.77,2452.52,5527.94,21057.296228,132.030000
400,10,2108.59,122390.77,150720.04,2371.61,4960.39,20997.261219,127.061922
400,10,2037.80,115238.22,146179.68,2113.41,5367.74,23460.318144,128.474813
400,10,2541.40,141554.41,170417.76,2214.42,6008.71,20640.223153,125.743061
400,10,2590.06,149746.73,177549.79,2435.14,6058.31,19309.608996,133.288240
400,10,2175.97,127174.33,156347.41,2558.35,5980.59,20634.136296,131.128694
400,10,2128.69,123106.99,151496.76,2071.38,5468.49,20849.903665,132.408211
400,10,2771.34,156876.55,187717.50,2114.83,6814.67,21911.453744,135.510777
400,10,2193.11,126476.66,155897.16,1909.46,6156.25,21354.786270,134.125799
400,10,2577.39,147820.64,179709.09,2354.27,6610.72,22923.458421,131.940767
400,10,2275.41,131344.29,161044.59,2765.08,5878.92,21056.288881,127.153632
400,10,2277.26,132079.01,159965.11,2988.77,5158.62,19738.710845,128.257155
400,10,2713.71,154519.82,184160.33,2200.42,5933.22,21506.882224,135.980883
400,10,2681.25,153604.64,182749.97,2053.48,6486.28,20605.563463,132.346173
400,10,2138.00,123629.98,153046.27,2598.32,5500.41,21317.557774,136.388273
400,10,2389.35,137977.18,166304.33,2225.78,6047.64,20053.728677,145.814786
400,10,2738.56,154876.53,185531.82,2279.98,6526.30,21849.005613,142.082765
400,10,2758.33,158290.19,189235.07,2486.62,5974.84,22483.424255,128.989369
400,10,2302.54,134195.39,163611.21,2504.63,6113.19,20797.995679,130.448273
400,10,2520.70,144183.70,175216.80,2292.19,5782.73,22958.191147,134.617170
400,10,2745.67,155952.09,185300.29,2252.03,6069.37,21026.805357,139.030401
400,10,2932.24,167369.08,196970.03,2870.84,6247.26,20482.851025,135.698686
400,10,2142.13,122993.57,152614.61,2222.70,5600.87,21797.469496,125.052782
400,10,2354.31,136050.91,165987.45,2821.72,5620.51,21494.321193,135.807640
400,10,2362.50,132690.36,161749.50,2186.81,6037.39,20834.947858,123.978198
400,10,2574.73,145939.79,173832.81,2004.06,5524.59,20364.371616,133.986421
400,10,1985.60,115705.95,145018.94,2160.66,5147.87,22004.461536,130.719775
400,10,2559.46,147142.76,176499.56,2087.30,6324.86,20944.642183,125.784870
400,10,2557.80,148764.22,177544.12,2311.65,5609.62,20858.626714,130.948306
400,10,1793.49,105775.09,134495.87,2495.26,5281.95,20943.559357,129.767327
400,10,2342.33,133285.63,159429.07,2311.19,5476.36,18355.892856,133.693750
400,10,2544.49,143363.99,174033.54,2348.86,6099.46,22221.223946,135.746221
400,10,2364.38,133301.66,162427.08,2225.34,5909.36,20990.725263,128.776929
400,10,2244.68,131261.34,159822.32,2535.28,6106.18,19919.523302,129.944420
400,10,2054.89,122662.63,150449.37,2500.14,5180.97,20105.620777,128.226272
400,10,2186.39,128826.12,155736.75,2527.79,5648.52,18734.320853,127.882843
400,10,1937.75,113778.41,141220.41,2320.25,5412.28,19709.475852,122.891497
400,10,1987.07,116216.47,144759.52,2193.92,5450.80,20898.333816,130.895664
400,10,2540.34,150041.01,178799.34,2408.38,5784.41,20565.537666,129.804930
400,10,2342.34,135465.27,164573.60,2242.84,5903.99,20961.502103,138.043514
400,10,2258.98,131569.18,162329.62,2491.73,5781.98,22486.725343,132.542275
400,10,2204.33,123207.95,153819.55,2064.12,5594.40,22953.083946,126.762008
400,10,1854.46,108832.37,136874.55,2840.47,5030.33,20171.387167,125.795789
400,10,2602.85,149798.42,179790.16,2483.07,6605.31,20903.355377,143.240913
400,10,2094.28,120213.08,149970.35,2268.04,5318.97,22170.263598,130.310504
400,10,2578.99,147059.82,177797.37,2509.66,5727.13,22500.757525,135.203413
400,10,2462.11,138864.28,168996.07,2273.23,5923.58,21934.975186,131.133436
400,10,2302.63,134331.54,164061.60,2722.56,6070.28,20937.215631,137.773903
400,10,2082.74,120871.22,150717.23,2266.67,5299.57,22279.776036,135.521659
400,10,2408.02,134996.81,164013.08,2518.84,5837.55,20659.880223,149.511122
400,10,2339.92,134110.28,162903.72,1974.26,5948.29,20870.886969,140.305716
400,10,2701.45,152680.24,182765.80,2601.95,6047.62,21435.976740,141.195634
400,10,2124.79,124716.37,155564.92,2814.15,5415.42,22618.972060,139.861347
400,10,2305.26,133554.99,162674.33,2285.76,5285.14,21548.443156,135.353193
400,10,2298.73,130606.35,157587.35,2262.20,5564.77,19154.042540,127.796875
400,10,1974.21,117471.71,147057.54,2616.10,5261.15,21708.590322,140.267297
400,10,2352.94,134787.65,163019.35,2212.58,5609.38,20409.744985,165.660980
400,10,2891.85,162709.19,195837.36,2677.32,6917.80,23533.065768,157.683636
400,10,2372.32,134920.67,166043.78,2496.90,6329.37,22296.836092,142.615412
400,10,2161.61,126518.28,152952.25,2296.02,5687.50,18450.442631,141.726674
400,10,2636.12,151251.77,180416.52,2054.61,6255.82,20854.321594,134.838295
400,10,2238.24,128943.38,157538.80,2118.79,5378.33,21098.298424,124.329527
400,10,2456.25,138714.29,169271.80,2377.27,6079.47,22100.767753,135.765118
400,10,2599.24,148819.30,180204.55,1988.75,5633.73,23762.773985,130.529184
400,10,2572.52,145899.53,176136.59,2492.91,5923.15,21820.999358,135.769017
400,10,2867.28,164371.22,195702.97,2377.85,5868.75,23085.148606,130.718652
400,10,2239.80,130082.69,159272.31,2760.37,5315.95,21113.311377,130.309142
400,10,2779.83,155090.31,185352.53,2238.58,5092.25,22931.394644,137.559226
400,10,2035.65,120812.31,149669.17,2429.94,6151.53,20275.387271,133.378446
400,10,2231.69,130140.83,158924.55,2202.88,5656.69,20924.148970,136.490692
400,10,2256.02,131722.22,159955.70,2237.75,5581.61,20414.119779,127.557537
400,11,2246.07,130364.71,159957.51,2489.49,6342.96,20760.354797,159.787044
400,11,2770.45,159853.26,191704.64,3187.00,7088.68,21575.705170,175.674164
400,11,2889.44,163719.69,195975.00,2894.74,7390.46,21970.121028,163.249323
400,11,2537.68,144098.92,178371.36,2566.67,6229.92,25475.852099,152.091042
400,11,2790.50,160562.17,192337.42,2514.68,6634.60,22625.968593,154.005222
400,11,2348.13,135416.57,167216.13,2907.40,5980.51,22911.651459,149.935713
400,11,2493.33,142875.47,174718.61,2633.00,5823.03,23387.109417,149.123828
400,11,2538.06,144795.04,177308.75,3057.63,6339.74,23116.341362,158.788118
400,11,2196.83,128353.00,157209.46,2655.14,6686.33,19514.987262,144.860321
400,11,2385.21,137588.79,168471.22,2137.20,6177.14,22568.099544,155.461908
400,11,2412.15,137880.36,168892.13,2182.89,5908.89,22919.979254,141.487794
400,11,2358.47,135744.03,166787.82,2432.18,6290.40,22321.203029,146.246744
400,11,2842.73,156541.56,190124.27,2253.01,6371.38,24958.322053,148.471391
400,11,2234.03,129633.77,162258.64,2987.96,6099.59,23537.317284,139.617123
400,11,2368.06,139450.52,167965.63,2252.49,5204.10,21058.517022,145.689082
400,11,2024.64,120041.66,149013.81,2411.24,5074.38,21486.537807,137.732704
400,11,2076.02,122645.61,153615.22,2533.03,5825.96,22610.617790,141.692543
400,11,2640.19,149827.54,182936.79,2390.72,6347.78,24370.750488,150.253133
400,11,2513.95,142876.54,174493.09,2545.81,6467.99,22602.752586,143.846289
400,11,2775.85,161104.54,194373.66,3061.33,6934.50,23273.292238,159.276814
400,11,2093.30,120495.86,148566.76,2165.65,5430.70,20474.553876,139.506564
400,11,2748.84,159819.36,190989.02,2839.78,6287.92,22041.954897,144.591865
400,11,2595.64,147585.55,179546.11,2516.12,7150.90,22293.544554,158.072349
400,11,2008.90,117542.45,150798.86,2836.54,6208.02,24211.846489,147.041386
400,11,2119.59,124507.52,155466.60,2531.19,6098.31,22329.586905,150.336836
400,11,1984.00,118287.13,149613.04,2653.85,5809.60,22862.453048,187.039622
400,11,3115.69,172860.09,209186.88,2539.64,7275.54,26511.613142,165.211593
400,11,2942.72,166253.20,199827.95,2401.71,6879.14,24293.904055,164.874161
400,11,2827.98,158748.60,191665.26,2261.46,6561.77,24093.418886,164.842819
400,11,2290.72,130795.11,163349.29,3163.71,6196.13,23194.335024,153.632997
400,11,2138.51,126069.02,157793.09,3016.42,6076.10,22631.543660,153.260503
400,11,2466.63,141949.69,175314.86,2554.67,6164.21,24646.291730,163.650216
400,11,2724.07,156790.31,189781.03,2717.68,6599.55,23673.489649,156.820403
400,11,1886.25,110209.38,139685.98,3112.70,5558.02,20805.882463,164.667353
400,11,1923.48,112055.76,143422.83,2750.00,5729.59,22887.466215,145.530909
400,11,2196.99,130271.50,161504.59,2835.07,5469.10,22928.914793,147.722790
400,11,2481.67,142470.22,174891.38,2401.13,5818.04,24201.983591,155.364012
400,11,2905.02,162855.85,195868.67,2553.78,7461.26,22997.772837,161.962712
400,11,2219.24,123476.41,156875.16,2295.14,5750.38,25353.235516,147.229471
400,11,2422.45,138622.36,171982.27,2850.63,6570.25,23939.030362,149.773184
400,11,2056.69,123697.14,153182.32,2511.70,5579.17,21394.307944,147.629088
400,11,3055.60,173419.78,205680.78,2174.10,6989.10,23097.798834,175.727032
400,11,2305.03,135329.10,166165.11,2572.47,6201.01,22062.524465,153.260170
400,11,2392.07,136706.13,169694.61,2489.41,6423.02,24076.040631,155.289590
400,11,2753.16,158721.14,190438.62,2416.61,6945.01,22355.860026,164.525339
400,11,2454.64,139485.63,171197.37,2653.60,5693.61,23364.538659,159.614462
400,11,2645.13,145062.39,177385.61,1986.72,6221.10,24115.401844,155.626513
400,11,2646.40,155657.58,187585.89,3076.84,6398.13,22453.341688,154.113415
400,11,2712.49,152644.59,186893.09,2702.60,6568.48,24977.416506,155.614981
400,11,2210.88,129834.29,162701.09,3213.76,6636.13,23016.913527,199.489978
400,11,2450.87,141561.65,171463.86,2369.25,5632.77,21900.194854,221.330346
400,11,2343.15,133154.72,165796.52,2662.87,6209.37,23769.563618,209.346583
400,11,2333.96,138263.53,170685.71,3040.58,6261.89,23119.707751,215.901781
400,11,2111.06,123109.82,154305.74,2573.34,5834.44,22788.143060,199.685001
400,11,2682.57,156095.83,186560.44,2224.59,6375.68,21864.345222,228.099543
400,11,2451.65,141470.77,174806.16,2789.32,7116.01,23430.071196,212.013912
400,11,2135.83,124943.83,155771.71,2370.40,6074.48,22382.995193,190.255654
400,11,2279.65,134948.70,166473.75,2806.75,5950.46,22767.843330,189.090437
400,11,2521.41,143373.08,174319.46,2635.55,5812.55,22498.289677,189.850655
400,11,2128.38,125755.23,154883.53,2531.89,6084.08,20512.324711,217.506376
400,11,2382.15,138584.35,170096.05,2862.90,5786.80,22861.997358,164.080274
400,11,2036.03,118984.27,149724.39,2664.44,5235.26,22840.404615,140.575713
400,11,2241.10,130379.41,160972.85,3267.21,6339.11,20987.124097,152.131409
400,11,2228.42,132427.13,162177.89,2720.98,5037.24,21992.545863,152.047961
400,11,2096.62,127834.29,156337.36,2787.48,5467.15,20248.448229,144.975067
400,11,1861.11,109166.63,138490.20,2512.39,5364.54,21446.631660,148.445323
400,11,2971.80,171014.84,203389.25,3344.03,6286.15,22744.230641,160.946596
400,11,2426.71,140964.23,172874.12,2738.32,6560.44,22611.127512,152.958127
400,11,2648.83,150546.41,182055.08,2498.31,6262.32,22748.031044,153.639358
400,11,2384.90,141001.38,173657.03,2645.54,5872.99,24137.122459,158.055529
400,11,2464.34,140497.54,174397.38,2577.38,6337.02,24985.437809,176.355306
400,11,2384.06,136749.45,168235.29,2792.52,6440.38,22252.933739,182.813686
400,11,2922.72,167075.87,200535.26,3090.40,7422.62,22946.375062,167.225163
400,11,2368.84,134786.55,167929.87,3038.65,6101.59,24003.078292,152.289543
400,11,2859.11,164030.98,197844.98,2625.98,6473.20,24714.824388,160.038553
400,11,2597.93,145726.59,179058.77,2281.91,6659.93,24390.336869,153.239495
400,11,2498.03,145309.88,177981.08,2779.88,6684.31,23207.017992,162.552680
400,11,2551.25,144702.70,177858.14,2567.03,6456.80,24131.608449,155.972555
400,11,2997.44,167967.64,199347.83,2254.80,6380.24,22745.144785,158.399690
400,11,2418.28,140681.77,172720.91,2898.45,5768.85,23371.852462,159.895920
400,11,2288.14,130695.56,162267.05,2562.08,5946.24,23063.173946,151.577530
400,11,2849.04,160951.28,194728.48,2918.31,6726.59,24132.297012,156.643012
400,11,2446.12,138160.40,170304.37,2461.97,6188.43,23493.570609,154.823507
400,11,2203.94,126015.89,155617.05,2594.76,6176.20,20830.191698,144.754120
400,11,2101.26,122492.82,154564.13,2487.94,5724.96,23858.409590,151.718319
400,11,2486.55,144636.98,175387.03,2474.81,6078.56,22196.676114,153.725523
400,11,2123.96,119589.90,153710.58,2748.74,5469.70,25902.245333,153.498518
400,11,2534.35,146521.40,180342.50,3229.14,5956.78,24635.177040,155.346469
400,11,1996.57,117280.04,147038.65,2788.66,5862.79,21107.155964,148.334080
400,11,2581.18,146246.47,177595.29,2134.46,6847.88,22366.483298,153.708283
400,11,2823.18,156899.31,189280.59,2166.59,6596.64,23618.047811,149.798006
400,11,2507.94,139916.40,174249.57,2731.17,6667.20,24934.803281,157.118473
400,11,2752.44,153813.10,188360.57,2452.08,6590.69,25504.695120,160.208331
400,11,3399.27,188670.53,222899.85,2669.11,7413.26,24146.955414,163.331563
400,11,2503.65,142573.76,176361.72,2725.42,5946.99,25115.541470,153.048968
400,11,2575.20,148348.17,180018.97,2276.84,6208.24,23185.721582,162.430931
400,11,2813.09,161842.96,194607.39,2459.11,5743.67,24561.654326,158.969295
400,11,2413.65,138443.77,170312.18,2783.06,6811.82,22273.532196,158.655586
400,11,2133.97,122146.29,153536.79,2666.91,5831.28,22892.308865,154.454118
400,11,2130.15,120952.22,152125.55,3039.75,6001.29,22132.293180,149.378650
400,12,2491.12,143942.95,176476.25,3345.66,6474.35,22713.283062,186.009736
400,12,2089.07,119126.27,151041.56,2983.94,5486.72,23444.625085,196.943290
400,12,2398.91,139399.88,173068.99,3049.34,6538.77,24080.995847,229.774723
400,12,3145.72,174798.78,212344.46,3133.44,7647.98,26764.268572,255.161251
400,12,2287.60,130449.96,165233.01,2976.17,6611.61,25195.258993,225.843146
400,12,2211.40,126082.87,160742.26,2811.31,6848.11,24999.963895,203.119811
400,12,2595.22,146940.85,182637.13,3113.06,6650.29,25932.937193,218.658760
400,12,2632.17,150290.69,185217.83,2657.48,6673.21,25596.448289,244.331727
400,12,2213.07,134523.97,165754.64,3263.79,6670.04,21296.841067,221.345556
400,12,2411.47,136686.52,170617.87,2728.62,6792.28,24410.442977,230.726232
400,12,2791.72,160413.82,194446.82,2789.19,6839.52,24404.288694,216.664993
400,12,2773.65,155006.10,188316.97,2795.68,6554.60,23960.581817,217.346076
400,12,2496.47,140815.68,176790.73,2877.15,6080.37,27017.536985,173.191294
400,12,2562.17,145855.46,181634.12,3296.03,7152.49,25330.134029,172.045144
400,12,2022.74,118224.87,149822.29,3011.74,5677.22,22908.468982,166.044185
400,12,2307.93,131879.07,163512.78,2414.02,6666.93,22552.756109,162.624169
400,12,2219.57,129160.57,163569.22,3056.11,6887.60,24464.941307,166.462220
400,12,2846.05,161945.52,198802.57,3157.42,7311.12,26388.515537,166.333053
400,12,2761.14,158383.33,192757.36,3186.15,7184.48,24003.384950,172.047753
400,12,2676.40,153681.09,189504.42,2719.39,6954.10,26149.841850,238.675173
400,12,2449.42,142514.88,174159.49,2741.41,6351.99,22551.216677,168.302598
400,12,2102.78,120238.94,153792.11,3017.91,6365.57,24169.682895,161.094976
400,12,2559.36,146591.80,180917.35,2492.75,6583.95,25248.850378,246.797086
400,12,2637.15,148453.86,184056.89,2736.77,7193.65,25672.609315,184.123353
400,12,2465.08,139727.18,172599.93,2832.20,6334.52,23706.032810,172.131943
400,12,2674.26,152830.37,188549.77,3344.81,7616.82,24757.772372,167.361113
400,12,2664.99,146744.31,185191.86,3085.74,6961.11,28400.701207,168.064981
400,12,2437.73,139621.99,175518.09,2863.52,6367.05,26665.523295,170.353722
400,12,3167.24,182128.61,219882.20,3192.29,7733.77,26827.526018,237.577564
400,12,2352.95,135083.56,169558.23,2674.12,6840.79,24959.754741,175.936682
400,12,2237.95,134406.60,167481.52,2861.46,5867.75,24345.701083,171.515880
400,12,2452.99,141306.35,177210.98,3190.66,6681.41,26032.554209,169.087501
400,12,2905.77,166567.46,201758.84,2677.88,7243.35,25270.148191,233.240347
400,12,2463.29,141286.01,173687.17,2613.05,6644.12,23143.996326,221.373779
400,12,2801.40,162756.25,196582.52,3058.68,6809.58,23958.002672,237.618352
400,12,2513.70,141835.08,176135.12,2797.55,6214.02,25288.464141,243.107853
400,12,2623.23,151613.13,187002.11,3207.60,6235.57,25945.802471,182.716305
400,12,2529.46,146242.78,180957.49,3142.74,6718.63,24853.325004,173.649920
400,12,2948.52,166877.49,204745.54,2662.10,7717.63,27488.316964,192.137146
400,12,2203.21,125752.35,161430.97,3240.07,6607.87,25830.668679,160.131809
400,12,2798.35,159601.46,192770.92,3032.48,7085.47,23051.520908,279.837009
