400,1,411.25,23066.25,28419.34,1598.35,1375.38,2379.352031,4.184152
400,1,536.86,26010.88,30698.88,1068.55,990.15,2629.289131,1.899159
400,1,525.06,26095.30,31928.07,1872.14,1244.70,2715.929134,2.255816
400,1,586.45,31424.76,37952.94,1615.25,1275.53,3637.387138,2.553364
400,1,330.32,20280.05,24290.15,1016.84,1057.70,1935.557224,2.134722
400,1,534.33,26001.49,32197.23,1660.99,1100.18,3434.566620,1.795117
400,1,333.52,20266.47,23177.00,216.20,999.13,1695.197875,2.667286
400,1,651.91,32761.09,39902.95,2337.66,1580.71,3223.493836,2.295092
400,1,287.85,18227.49,21830.71,808.70,1145.44,1649.071159,2.556113
400,1,565.85,27861.32,33409.12,1500.77,905.81,3141.220276,2.136432
400,1,335.49,16226.63,20830.19,1560.70,872.06,2170.797242,2.038814
400,1,301.43,18729.52,22723.52,984.37,1162.84,1846.789814,3.270106
400,1,664.46,32778.59,38630.26,1682.71,1111.32,3057.639039,1.962840
400,1,523.84,27761.99,32825.16,1263.95,1209.14,2590.092393,2.175953
400,1,650.45,32451.38,38319.35,1660.32,998.83,3208.826377,1.854886
400,1,379.86,20226.66,24902.54,1715.16,1015.61,1945.114346,1.917086
400,1,541.15,26111.41,30203.99,706.69,1193.24,2192.638434,1.827565
400,1,428.67,20766.70,26943.54,2085.56,1237.58,2853.697193,1.808555
400,1,345.93,19244.94,23138.76,1124.43,929.67,1839.722718,1.990943
400,1,531.64,28937.08,34946.26,2242.50,1073.05,2693.634499,3.577433
400,1,294.55,15610.69,19885.68,1446.13,918.67,1910.182526,2.181426
400,1,494.08,24071.57,28556.36,1432.51,1013.15,2039.137747,2.424548
400,1,473.02,27314.29,31461.52,502.49,1119.89,2524.854908,2.730211
400,1,687.56,37364.33,43827.07,1551.18,1329.43,3582.132171,2.278809
400,1,501.81,28068.01,34248.63,1840.43,1101.60,3238.580879,2.242157
400,1,493.71,24732.42,29383.37,1149.84,1170.89,2330.220876,2.828890
400,1,368.17,20958.06,25530.15,1131.09,1095.87,2345.137281,2.982159
400,1,463.95,24047.15,29896.34,1486.30,1304.62,3058.269935,2.252322
400,1,584.23,29371.69,35818.59,1940.43,1089.13,3417.337716,1.951410
400,1,442.39,22799.60,28390.78,1642.79,1159.62,2788.765729,2.412133
400,1,240.35,17497.94,21146.13,650.77,1016.52,1980.894412,3.281922
400,1,644.53,33656.91,39909.65,1678.94,1297.66,3276.132414,2.962079
400,1,458.73,23499.79,28487.83,1406.31,1465.11,2116.629394,2.216595
400,1,257.95,17461.74,20661.03,579.16,1014.34,1605.786105,3.370296
400,1,416.65,23051.45,27785.71,1310.20,977.62,2446.446646,2.483606
400,1,707.11,36490.00,41522.13,429.81,1671.99,2930.316948,2.454490
400,1,588.47,28486.10,34749.57,1764.79,1146.15,3352.532308,2.131595
400,1,339.45,20034.61,24897.82,1362.91,1173.80,2326.497286,2.930812
400,1,546.90,27854.32,33092.33,1226.48,1365.28,2646.257974,2.021561
400,1,464.79,23539.10,28847.31,1919.12,949.45,2439.638435,2.081050
400,1,410.71,21944.37,26473.56,1555.15,826.46,2147.584626,1.826431
400,1,477.18,25075.18,30178.60,1440.38,1367.67,2295.363241,2.113754
400,1,352.69,20531.18,25296.49,1776.65,1023.03,1965.630095,1.908837
400,1,567.64,27044.30,33254.00,1830.76,1132.73,3246.217187,2.201502
400,1,638.98,34065.86,40792.22,1877.93,1396.56,3451.869591,2.099878
400,1,522.67,29196.87,35282.46,1846.26,1266.98,2972.346579,2.030862
400,1,305.93,20778.23,24248.86,629.07,1119.25,1722.314255,3.884332
400,1,416.16,21582.71,25786.24,1294.95,1235.92,1672.660558,1.948553
400,1,283.80,17123.35,21700.63,1302.21,941.16,2333.920598,2.610318
400,1,481.91,25336.63,31055.32,2192.44,911.29,2614.970148,1.926943
400,1,716.68,36144.61,41451.48,1190.81,1199.02,2917.053929,1.824112
400,1,490.19,24772.76,30073.90,1306.61,792.23,3202.301270,1.628516
400,1,754.54,38591.30,44497.92,1244.03,1562.78,3099.810217,2.098940
400,1,546.03,28753.37,33725.96,1541.38,1054.24,2376.964734,1.727223
400,1,353.88,20015.76,24211.96,1139.97,1272.49,1783.739913,2.503651
400,1,563.46,30540.33,36732.07,1386.49,1315.72,3489.532965,2.042006
400,1,300.26,17484.82,21193.34,1131.85,800.67,1776.002329,2.078378
400,1,276.33,16164.16,21106.75,1567.46,1058.41,2316.728601,2.177851
400,1,512.61,24665.57,31263.11,2119.56,1053.26,3424.721605,1.696697
400,1,334.39,17339.84,22404.20,1832.51,985.52,2246.333389,2.167447
400,1,532.47,29213.23,35405.37,1805.11,1143.62,3243.415921,1.983170
400,1,312.74,18408.37,22385.42,1196.12,1082.50,1698.428482,2.347943
400,1,612.84,30395.97,35250.63,1345.91,910.91,2597.829255,2.282448
400,1,531.66,25613.89,30761.81,1665.90,1242.34,2239.687464,1.951257
400,1,372.80,18721.20,23244.28,1470.55,904.84,2147.693635,1.762770
400,1,404.58,21393.45,25636.53,1373.29,892.98,1976.816374,2.289452
400,1,571.60,29040.99,34139.33,1173.08,1304.21,2621.056016,2.142829
400,1,507.81,27038.35,31688.03,1461.38,938.98,2249.324294,2.078288
400,1,401.14,21831.77,26148.12,1131.47,1066.37,2118.514103,2.578631
400,1,512.83,26747.63,33166.48,1679.22,1410.45,3329.183886,2.197697
400,1,393.34,20635.69,25469.31,1644.28,1139.16,2050.172465,1.917746
400,1,289.24,18036.00,21816.79,942.33,1075.70,1762.751829,2.338352
400,1,485.44,26016.71,31949.68,1961.76,1166.76,2804.441900,1.831364
400,1,435.30,23728.03,28736.14,1752.89,1186.32,2068.899772,1.868808
400,1,362.65,18365.80,23298.29,1474.69,812.01,2645.795341,1.826750
400,1,395.40,21853.48,26749.95,1455.36,1146.32,2294.787945,2.081722
400,1,628.58,33206.25,39264.61,1411.70,1275.02,3371.651521,1.914569
400,1,235.54,16307.02,19935.66,955.75,1006.97,1665.923091,2.695696
400,1,491.67,26862.79,32181.42,1793.68,935.59,2589.357241,1.900097
400,1,517.18,24815.14,30254.39,1629.41,1307.82,2502.027643,1.787043
400,1,506.81,26504.69,32179.15,2260.50,1028.83,2385.132784,1.815092
400,1,471.19,26253.18,30839.38,1358.24,1087.44,2140.518889,2.826307
400,1,349.22,22525.87,26916.46,1245.66,1104.58,2040.361619,2.490403
400,1,355.31,18381.07,22129.65,1010.52,1072.96,1665.097451,2.406530
400,1,574.37,32145.56,36978.02,939.90,1071.04,2821.529578,2.137345
400,1,479.78,24284.41,28428.22,1042.03,973.18,2128.600418,2.214229
400,1,608.55,31689.76,38052.13,2134.52,1325.28,2902.573618,2.230824
400,1,612.20,32683.48,38036.18,1108.11,1408.91,2835.690358,1.987762
400,1,536.61,29088.57,34239.73,1632.68,907.16,2611.329057,1.892813
400,1,406.44,20594.95,24888.94,1385.68,851.95,2056.356902,1.720262
400,1,381.93,20434.58,24570.63,1155.32,952.52,2028.203094,2.319694
400,1,475.28,25695.09,32534.11,2120.25,1349.06,3369.702342,2.267977
400,1,600.42,33663.54,39346.63,1702.34,1171.66,2809.084390,2.400122
400,1,424.80,23542.26,29750.57,1879.02,1277.14,3052.158071,2.278606
400,1,332.28,18761.69,22838.59,1012.79,973.16,2090.951499,2.188880
400,1,364.16,20701.71,25020.51,1031.82,1267.07,2019.915723,3.587671
400,1,672.14,35787.70,42279.10,1991.14,1317.56,3182.702110,3.135877
400,1,630.36,34850.24,41117.90,1822.26,1351.98,3093.422526,3.505942
400,1,506.53,24444.63,30435.32,1752.85,1371.91,2865.935013,2.431602
400,1,456.00,23219.63,28817.06,1786.51,1134.54,2676.381507,2.188314
400,2,757.90,44701.64,52662.46,1678.84,1804.92,4477.061790,7.519123
400,2,537.81,32094.82,39932.86,2301.77,1807.39,3728.886581,6.805237
400,2,759.41,44237.82,53025.02,1835.16,2147.30,4804.736504,7.577134
400,2,652.89,40238.52,49799.79,1851.76,2332.56,5376.948544,7.725174
400,2,367.86,26878.66,33629.50,729.13,1733.72,4287.998085,16.694100
400,2,911.35,50683.71,59588.01,2016.61,2038.48,4849.203235,5.723099
400,2,825.15,44913.77,54059.01,2523.97,2122.56,4498.715092,6.076687
400,2,840.43,48383.07,58347.32,1896.49,2274.85,5792.903792,6.394541
400,2,573.28,33624.05,41123.05,1947.97,1791.10,3759.931382,5.774592
400,2,873.73,46093.35,55776.15,2377.50,2753.32,4551.984786,5.095052
400,2,319.61,24654.03,30071.16,894.10,1479.72,3043.306012,9.626711
400,2,640.98,36994.34,46224.67,2642.96,2133.59,4453.778687,5.544714
400,2,491.69,35449.43,42458.30,812.74,2061.87,4134.263053,12.035789
400,2,757.87,43692.66,52580.50,1686.27,2225.10,4976.462062,5.658466
400,2,668.40,37151.88,45950.04,2327.50,2032.95,4437.718820,5.167337
400,2,440.18,28900.54,36219.56,1738.93,1669.02,3911.078278,6.408290
400,2,547.38,33331.41,40115.23,1187.28,1429.92,4166.629197,6.495209
400,2,695.01,42370.99,51326.15,2094.42,2110.78,4749.957587,6.775626
400,2,880.80,44907.23,54155.85,2798.01,1810.86,4639.758070,4.866656
400,2,845.34,48092.06,58888.37,2604.64,2721.46,5470.210255,6.095040
400,2,707.58,38196.97,46113.59,2707.76,1527.07,3681.804035,5.688460
400,2,614.89,36430.53,44634.69,2091.05,2057.57,4055.539415,6.898188
400,2,501.37,32339.72,40352.86,1397.93,1870.63,4744.581225,9.206259
400,2,818.59,50212.62,60753.39,2341.49,2346.43,5852.860960,6.343119
400,2,921.46,49491.55,59747.77,3078.46,1834.61,5343.146823,5.029984
400,2,392.58,28351.97,34983.52,936.83,1714.32,3980.395843,13.778574
400,2,716.95,43678.00,53341.09,2527.42,2204.47,4931.206423,6.777497
400,2,639.93,37595.24,46986.22,2356.28,2094.65,4940.058461,7.352340
400,2,420.49,29137.22,36224.78,1024.99,1785.53,4277.044551,10.874899
400,2,632.60,37853.20,46520.99,1896.83,2335.55,4435.399892,7.249583
400,2,589.44,39038.97,48009.51,2008.05,2215.74,4746.753918,6.642920
400,2,743.15,43759.74,52557.75,1468.37,2457.79,4871.853129,6.967648
400,2,405.19,25704.67,32497.15,1428.40,1521.41,3842.680731,8.861214
400,2,621.46,36283.23,43704.68,1497.75,1719.42,4204.282195,6.499955
400,2,724.71,41035.25,49262.25,1952.25,1988.07,4286.681146,5.593629
400,2,585.57,36065.78,44334.84,1373.77,2081.71,4813.582598,7.832155
400,2,808.69,47215.45,55531.18,1197.88,2130.98,4986.864278,7.743963
400,2,696.25,44620.88,53923.03,2111.91,2118.63,5071.611154,6.896347
400,2,488.02,34332.61,42184.47,947.20,2094.86,4809.807275,11.612908
400,2,647.65,37524.50,45453.45,2255.73,1872.88,3800.329702,5.338355
400,2,556.49,33610.30,40933.84,1928.57,2018.23,3376.731151,6.129745
400,2,680.73,40427.13,49814.66,2227.67,2219.79,4940.079598,7.191742
400,2,622.10,34555.21,42446.44,2113.69,1594.25,4183.298120,5.790784
400,2,861.15,49351.25,59616.72,3194.25,2312.00,4759.222535,5.505103
400,2,941.94,51884.32,63045.13,3196.48,2433.18,5531.141013,5.879712
400,2,575.63,38955.86,47098.98,1190.14,2189.93,4763.051374,12.747492
400,2,664.05,40855.40,48997.25,1526.07,2085.08,4530.700369,7.561527
400,2,750.69,43086.73,51077.34,1371.14,2196.91,4422.561358,6.334700
400,2,479.21,33456.86,40891.21,1577.16,2041.33,3815.867554,9.357856
400,2,767.27,40466.21,49572.21,2442.35,2305.38,4358.262673,5.454514
400,2,552.57,34691.22,42682.76,2087.56,1987.31,3916.673785,6.733444
400,2,504.02,33877.92,41069.44,1011.78,2010.97,4168.763848,9.155696
400,2,841.05,46974.70,57747.60,3122.49,2324.17,5326.231871,5.525248
400,2,605.31,36544.83,44197.34,1848.17,1785.67,4018.675320,5.918523
400,2,613.46,36057.19,44040.27,1795.42,1780.66,4407.003380,7.722749
400,2,767.89,43838.58,53679.81,2563.24,2135.04,5142.944297,6.061961
400,2,425.40,26611.35,33129.26,1486.11,1755.26,3276.541798,6.974949
400,2,583.29,33952.37,40799.73,1234.59,1623.36,3989.399302,6.719304
400,2,448.69,33743.72,40798.24,876.00,1884.35,4294.172082,10.538915
400,2,411.58,28599.64,34903.11,1131.38,1672.43,3499.656437,9.470294
400,2,426.94,29716.79,37403.58,1660.53,1822.85,4203.410546,8.186120
400,2,649.62,38868.89,47154.45,2214.39,2133.90,3937.277236,6.126122
400,2,554.43,32931.03,40536.14,1456.38,1890.12,4258.603519,6.842327
400,2,662.80,38090.52,47477.53,2889.56,2138.04,4359.408098,6.158960
400,2,494.43,29473.11,35917.07,1825.19,1480.27,3138.501139,6.028607
400,2,394.23,25740.94,32967.90,2168.04,1713.76,3345.167530,6.212908
400,2,815.33,45742.66,55434.54,2023.93,2530.80,5137.147208,5.861157
400,2,635.47,37112.46,44566.23,1966.90,1993.76,3493.114049,5.446480
400,2,528.99,34135.91,41829.85,1282.82,2052.36,4358.761522,8.187177
400,2,780.40,44799.11,56090.11,2903.20,2415.42,5972.372277,5.440175
400,2,413.88,28100.76,35129.75,1542.98,1654.36,3831.639764,7.916709
400,2,565.24,32278.13,40710.63,2355.85,1894.61,4182.049813,5.878836
400,2,826.57,48201.84,58891.05,3000.20,2608.56,5080.450237,6.086014
400,2,693.74,40135.22,49163.44,2225.46,2199.31,4603.448550,6.036210
400,2,452.41,34727.35,41449.46,796.44,2222.80,3702.872528,13.645078
400,2,732.83,40205.00,49034.28,1771.73,2246.54,4811.015884,5.797781
400,2,642.51,38852.35,48372.76,2057.78,2147.77,5314.856993,6.583914
400,2,557.11,36714.03,45032.19,1996.53,2244.86,4076.762975,7.414559
400,2,604.53,34274.32,43253.85,2599.92,1893.08,4486.535696,5.578535
400,2,732.24,41233.81,50980.93,2566.19,2337.46,4843.463382,5.452470
400,2,671.64,41112.58,50017.44,2172.02,2552.39,4180.449087,5.650468
400,2,688.02,42568.27,51125.91,1961.76,2262.67,4333.208516,5.850439
400,2,611.54,38635.24,46964.98,1507.41,2377.96,4444.372936,6.863549
400,2,534.41,32873.17,40041.22,1920.25,1739.75,3508.058486,5.712689
400,2,765.72,44272.71,54310.12,2908.95,2210.25,4918.204972,5.218655
400,2,574.71,32793.62,40341.94,2071.27,1893.90,3583.146564,5.934970
400,2,829.93,45415.63,56099.41,3055.37,1949.92,5678.480225,5.729470
400,2,849.45,47891.59,57780.35,2209.38,2760.22,4919.154428,5.825680
400,2,502.38,33134.85,40035.61,1315.20,1658.82,3926.736263,7.669572
400,2,568.89,35852.69,43600.47,2048.77,2029.83,3669.181382,5.730673
400,2,519.42,33552.28,40176.79,1136.00,1849.89,3638.623568,7.648893
400,2,836.65,48565.33,58900.32,2413.06,2308.48,5613.444179,5.662308
400,2,828.95,47057.89,56009.15,1625.93,2390.35,4934.979751,5.677176
400,2,851.59,46168.19,56017.12,2404.11,2160.57,5284.252864,5.167754
400,2,413.76,31001.21,36924.07,646.47,1914.01,3362.384603,10.739598
400,2,667.53,43413.67,52398.35,1836.55,2431.20,4716.933790,7.914724
400,2,977.81,55977.89,66804.30,2556.08,2322.09,5948.233262,5.764270
400,2,726.11,42124.35,51842.83,2521.32,2241.39,4955.766038,5.532502
400,2,573.12,36347.43,43935.03,1059.86,1962.67,4565.072212,7.921271
400,2,566.78,35940.20,43974.61,1774.63,2125.55,4134.238180,6.440157
400,3,821.94,47327.52,59366.32,3044.73,2862.09,6131.966937,10.247456
400,3,846.95,47310.60,59813.22,3500.82,2994.18,6007.622498,9.216729
400,3,900.75,52620.01,66266.31,3538.85,3205.16,6902.297775,9.473384
400,3,1116.54,62024.75,77004.75,3531.82,3296.28,8151.911247,9.636702
400,3,807.58,48643.37,61604.67,3685.04,3021.88,6254.390878,9.948731
400,3,1129.55,59424.70,74070.68,3956.87,3056.77,7632.349212,9.575829
400,3,1161.13,64576.52,79031.53,4127.84,3627.87,6699.301230,8.993107
400,3,1273.27,67665.07,83401.79,3736.14,2978.79,9021.804661,8.697752
400,3,995.99,48942.92,62809.48,4958.76,2587.31,6320.485014,8.008079
400,3,965.20,52830.40,67331.60,4907.91,2861.52,6731.763410,8.694946
400,3,878.07,45942.22,59398.94,4819.96,3033.45,5603.298972,8.171164
400,3,586.52,40893.47,49828.76,1265.50,2166.47,5503.319680,19.399322
400,3,1072.37,58141.55,73629.42,4568.70,3645.05,7274.119693,8.909566
400,3,902.43,52328.69,65878.82,3057.63,3043.32,7449.177421,9.915703
400,3,651.19,42641.62,52865.37,2156.84,2551.07,5515.840767,12.279207
400,3,917.56,49075.50,61311.45,3558.29,2422.77,6254.890539,8.684943
400,3,799.34,45768.26,58564.25,3847.62,2927.66,6020.699750,9.535950
400,3,842.37,48570.20,61102.27,2660.93,2536.28,7334.850971,9.808440
400,3,1057.13,56522.71,69437.78,3682.07,2912.96,6320.039478,8.665419
400,3,765.71,47995.83,59702.07,1728.65,2545.15,7432.431079,17.910814
400,3,922.33,50728.28,61622.02,2734.02,2129.32,6030.397616,10.134439
400,3,883.54,50496.76,62611.31,3099.59,2997.67,6017.298585,10.499099
400,3,1019.83,57590.16,72630.83,4038.81,3048.62,7953.239161,8.950750
400,3,921.11,52309.05,66761.99,3265.36,2905.99,8281.597222,12.909104
400,3,1043.46,57671.53,72682.10,4457.60,3345.65,7207.326891,8.991817
400,3,733.83,47183.38,58748.12,2287.06,2749.90,6527.775383,11.328254
400,3,1082.89,59633.08,74285.99,3760.74,3288.00,7604.170191,9.847686
400,3,609.69,42530.93,53348.97,1986.65,2812.55,6018.828327,19.826487
400,3,1160.29,63352.67,76426.65,2357.07,3909.79,6807.129207,9.370576
400,3,815.15,48512.40,59673.73,2201.57,2480.36,6479.393587,13.054490
400,3,1354.80,73719.47,89804.34,4794.01,3601.47,7689.399022,9.385399
400,3,966.22,61568.06,75572.05,3361.46,3454.96,7187.568410,9.703591
400,3,936.18,50655.49,64022.61,4009.89,3075.18,6282.057387,9.130225
400,3,846.00,52124.42,63470.53,2666.21,2950.49,5729.414483,12.088084
400,3,619.68,37966.79,48229.65,2297.35,2376.64,5588.864430,10.205779
400,3,1096.89,58636.58,73084.87,3806.06,2702.45,7939.779818,8.810267
400,3,1047.53,54975.86,71224.53,5629.74,3500.40,7118.525425,8.859735
400,3,1172.81,65685.58,81548.90,3925.24,3752.18,8185.893865,8.744458
400,3,891.71,50921.50,64277.56,2931.19,2914.42,7510.449590,10.030303
400,3,710.26,44556.71,55122.23,2091.65,2501.73,5972.130675,13.703721
400,3,616.51,42853.11,52377.29,1482.69,2483.18,5558.318262,13.350520
400,3,1122.09,59482.01,75181.60,5024.60,3092.47,7582.531256,9.241864
400,3,691.44,42033.96,52148.29,2362.81,2316.59,5434.935533,12.860380
400,3,881.88,49377.81,62512.45,3395.27,2844.08,6895.285874,9.114017
400,3,813.62,46920.10,59115.77,2936.77,2529.14,6729.766165,11.156233
400,3,884.70,53474.79,65683.86,2517.36,3106.09,6585.628093,10.163509
400,3,750.16,48731.28,60287.36,1892.29,2936.74,6727.053370,13.905854
400,3,934.66,52550.99,65533.62,3861.17,2940.79,6180.674958,9.315760
400,3,646.58,48337.47,58505.25,1147.90,2779.29,6240.590800,28.154694
400,3,855.85,51552.44,63962.84,3387.60,3040.53,5982.272513,9.342759
400,3,1270.67,64266.59,78769.54,4701.79,3364.03,6437.124555,8.028488
400,3,650.09,44105.18,53936.36,1491.54,2569.69,5769.950825,13.963539
400,3,1256.47,64886.01,80865.77,4830.65,3319.30,7829.816621,8.397538
400,3,921.23,49966.06,62782.51,3831.33,2932.43,6052.692703,8.471711
400,3,884.03,52437.10,64354.16,2476.69,2883.54,6556.831790,13.554341
400,3,821.90,54358.49,66358.15,1884.58,2977.42,7137.660983,13.655140
400,3,1075.59,59180.29,71794.89,3205.09,3644.14,5765.363784,8.939462
400,3,1036.13,55160.75,68849.98,4199.43,3078.17,6411.640592,8.609274
400,3,786.26,47149.05,58841.89,2112.46,2635.54,6944.840756,12.980093
400,3,563.37,38610.09,48474.50,2025.54,2532.21,5306.663985,12.166196
400,3,685.42,48699.12,59166.61,1189.44,2593.05,6684.995040,18.756739
400,3,628.08,42876.06,52994.33,1628.76,2585.55,5903.961597,18.823905
400,3,511.13,39229.47,48008.85,858.81,2459.75,5460.813196,39.679538
400,3,1118.26,59187.82,73949.48,4824.83,3134.47,6802.355610,8.996129
400,3,837.67,46001.42,57395.00,3792.00,2459.97,5141.600153,8.494487
400,3,1101.13,56110.26,70062.08,5062.28,3303.88,5585.658426,8.338036
400,3,1071.96,54702.39,70454.33,5043.18,2906.72,7802.041146,8.600511
400,3,1207.99,62675.67,75572.67,3549.05,3337.56,6010.388431,8.592946
400,3,860.32,52224.50,64562.05,2919.37,3081.54,6336.636139,9.858411
400,3,1546.88,82374.36,98313.69,4396.28,3140.31,8402.735045,9.028055
400,3,860.64,46407.66,59457.07,3324.46,2987.72,6737.229835,9.231738
400,3,1043.12,54573.32,69476.02,4800.42,3412.16,6690.114458,8.521011
400,3,678.24,45423.39,56945.70,2040.87,2849.98,6631.453463,12.642942
400,3,1143.81,60722.82,75512.89,4084.53,3302.05,7403.497470,9.144952
400,3,508.92,41118.59,50170.94,498.63,2567.75,5985.974857,48.833609
400,3,1127.88,64826.86,79375.18,3918.62,3619.62,7010.080032,9.583434
400,3,808.48,48890.24,60792.55,2090.70,2333.24,7478.372866,12.803802
400,3,619.26,46578.52,57152.16,1429.62,3008.44,6135.578834,18.517067
400,3,1199.55,64667.47,78793.17,4375.83,2768.93,6980.938470,8.868786
400,3,1118.08,64405.71,78779.20,4062.78,3499.99,6810.729954,9.226010
400,3,919.93,57088.06,70008.52,2939.08,3199.55,6781.842583,9.818247
400,3,846.32,49376.78,62340.81,3345.59,2904.70,6713.738326,9.334034
400,3,986.63,57984.05,71602.71,3653.57,3064.18,6900.914388,10.660295
400,3,780.25,48187.91,59981.78,3765.47,2783.44,5244.953954,11.309652
400,3,1188.76,62909.73,78635.92,5365.69,3373.34,6987.166355,8.254216
400,3,985.05,55443.30,66967.61,3142.94,2943.35,5438.037395,8.459401
400,3,1073.62,60818.44,75681.04,3486.54,3118.31,8257.749192,10.958053
400,3,932.88,55049.41,68952.70,3216.98,3653.97,7032.347377,10.672852
400,3,845.35,49564.83,61217.90,3164.03,2574.37,5914.670812,9.052323
400,3,827.42,51127.06,62436.24,2332.11,2841.47,6135.599880,12.389087
400,3,890.40,48689.22,61951.88,4260.58,3022.53,5979.549567,8.351581
400,3,1353.13,71843.29,87071.38,4118.41,3301.17,7808.509602,8.468018
400,3,1225.10,70109.22,84510.67,3733.41,3626.00,7042.039328,9.043405
400,3,1011.76,56004.87,70371.13,3906.27,2992.20,7467.797801,8.895028
400,3,827.56,47474.75,60590.01,3804.63,3058.21,6252.418763,10.254403
400,3,883.21,54105.35,66292.26,2520.21,2670.96,6995.736445,11.981515
400,3,1032.49,56091.49,72157.32,4741.26,3205.61,8118.961561,8.687012
400,3,1082.38,58252.06,72674.01,4113.26,3187.08,7121.606437,9.028354
400,3,997.35,55135.82,69731.40,3920.06,3259.48,7416.035016,9.277283
400,3,944.86,52058.77,64696.70,3626.41,2660.07,6351.450834,8.481630
400,4,868.23,54246.88,66125.14,1731.37,2814.03,7332.854905,22.796583
400,4,931.54,57603.83,72578.31,3329.48,3792.22,7852.774936,15.796666
400,4,1033.17,66724.88,82482.53,3289.33,3778.69,8689.622373,17.660093
400,4,1751.86,86664.82,108926.20,7018.88,4380.41,10862.086253,12.572327
400,4,1108.00,61782.89,79739.58,4876.73,3926.65,9153.313780,13.551075
400,4,841.43,53629.62,67595.50,2623.92,3251.73,8090.226469,23.492049
400,4,899.32,60072.47,73515.53,2073.67,3378.29,7991.109692,19.156980
400,4,1372.71,66673.28,87820.05,6993.16,3665.71,10487.907938,11.929872
400,4,1031.25,59076.42,74388.01,4293.21,3574.32,7444.060548,12.321876
400,4,1032.70,58084.43,75467.73,4956.39,3596.53,8830.395113,14.434868
400,4,955.15,60373.31,73808.72,2396.71,3436.12,7602.578049,18.677246
400,4,1133.38,64979.85,80820.18,3823.18,3776.91,8240.246105,26.652867
400,4,1318.37,76225.92,95443.07,4902.37,4387.93,9926.852768,13.268210
400,4,1121.65,66723.25,83533.22,3874.76,4122.96,8812.238956,15.046716
400,4,1080.99,62869.29,79113.04,4483.02,3780.98,7979.752055,12.985417
400,4,673.91,48131.21,59833.08,1554.52,3160.45,6986.897852,24.850057
400,4,702.40,51949.19,63860.81,1714.89,3316.88,6879.841255,31.562737
400,4,1005.23,73586.10,88199.03,1649.42,4330.77,8632.746830,22.215683
400,4,808.64,56175.39,67683.29,1458.07,3188.68,6861.150627,30.635913
400,4,1144.43,60978.90,79654.18,4524.99,3698.18,10452.105973,12.076912
400,4,1024.07,58122.50,73561.69,4477.17,3546.89,7415.130739,12.328477
400,4,1048.06,59127.71,74837.85,4052.46,3169.87,8487.821999,13.903785
400,4,1135.08,64420.35,81394.34,4047.94,3693.79,9232.260884,12.682236
400,4,1297.65,74088.25,92122.95,4193.68,3712.25,10128.765955,14.841052
400,4,1209.03,64907.08,83500.47,5933.26,3931.02,8729.106534,12.280198
400,4,1380.05,71249.02,90691.99,6118.75,3940.96,9383.258899,12.725311
400,4,970.38,60679.70,76538.96,2705.29,3643.32,9510.649569,18.762077
400,4,858.53,55021.60,69144.93,2564.03,3563.49,7995.808646,22.025637
400,4,742.60,55594.84,68231.21,1084.15,3686.41,7865.810875,32.762598
400,4,1364.97,71704.98,90385.93,5845.38,4074.60,8760.965033,13.175972
400,4,1087.27,63309.22,80240.71,3654.52,3549.93,9727.043213,16.946059
400,4,935.50,58634.02,73274.67,2291.69,3200.00,9148.955654,20.310563
400,4,1074.96,62859.87,78245.07,3481.21,4022.36,7881.634983,14.967562
400,4,955.11,53630.52,68268.83,3662.77,3279.46,7696.089850,12.723489
400,4,682.86,47809.87,59899.92,2169.53,3000.98,6919.538086,22.544803
400,4,1279.59,71313.65,89121.00,4384.69,4049.65,9373.010872,12.410189
400,4,863.53,58497.72,72253.46,1950.04,3495.61,8310.098291,24.485825
400,4,1256.65,69361.87,87431.32,4223.23,3851.21,9995.010248,11.602418
400,4,1595.59,80791.87,102483.71,7002.42,4837.43,9851.994099,10.652298
400,4,762.20,52361.51,64473.29,1575.23,3066.21,7470.353365,24.192163
400,4,879.09,55241.91,69256.66,3541.85,3637.53,6835.373477,13.225410
400,4,1168.08,68493.27,85165.82,4102.91,3478.28,9091.365924,13.942793
400,4,559.62,45991.37,56514.45,749.95,3018.44,6754.680132,57.973172
400,4,1198.91,65907.72,83782.51,5135.92,3839.96,8898.920833,11.544924
400,4,916.92,58149.03,72155.63,2802.87,3247.80,7955.925815,14.349672
400,4,808.36,54779.16,67650.27,1516.85,3184.02,8170.234006,26.645135
400,4,1431.47,74010.63,94341.39,6557.67,4354.03,9419.056231,9.756614
400,4,1068.26,64892.83,79737.24,3576.79,3431.27,7836.339493,14.339195
400,4,1106.11,67744.28,84846.41,4004.36,3804.32,9293.448835,12.922158
400,4,879.43,59713.03,73299.57,2478.91,3648.93,7458.699764,17.354693
400,4,847.90,53580.69,67165.66,2663.11,3164.62,7757.238523,14.852174
400,4,854.15,52008.20,65679.48,2720.83,3162.79,7787.658489,15.632698
400,4,580.20,47718.36,59279.73,476.02,3078.15,8007.197937,94.593016
400,4,1272.96,67844.77,86325.99,6059.57,4202.84,8218.815038,11.018063
400,4,929.67,60100.62,73533.77,2114.67,3405.57,7912.909058,18.991936
400,4,1307.84,73485.25,92297.04,5178.35,4469.60,9163.840060,10.743931
400,4,714.86,50664.50,62691.33,1996.50,3330.68,6699.649330,19.874098
400,4,1355.94,74267.17,93103.23,6054.98,4582.14,8198.936122,10.608772
400,4,858.76,55568.10,69828.88,2776.77,3361.01,8122.998342,16.517589
400,4,1185.17,64780.41,82457.95,5960.92,3667.52,8049.106528,11.266355
400,4,1140.92,69593.13,86392.60,3542.51,4180.58,9076.384304,12.448196
400,4,887.00,50484.94,66330.62,4426.02,3399.77,8019.891330,13.141298
400,4,1195.31,62401.24,78878.28,4579.93,3537.44,8359.671906,10.270849
400,4,1478.52,72324.46,92628.02,7463.40,3897.14,8943.031712,10.610809
400,4,853.57,54743.09,68750.48,3850.07,3575.69,6581.630927,13.680723
400,4,1141.85,60193.50,77766.05,5922.65,3862.41,7787.492135,10.528417
400,4,1199.64,68136.77,85462.89,3899.35,4136.75,9290.020711,11.816219
400,4,1224.17,65107.32,81856.24,5518.33,3774.15,7456.446174,10.132697
400,4,1107.35,58786.19,75892.13,5115.69,3300.32,8689.930631,11.402288
400,4,1260.67,72086.52,91139.45,4151.62,4335.48,10565.828770,12.211578
400,4,1214.19,65129.49,83582.07,5800.64,4207.95,8443.990219,10.858564
400,4,933.86,58554.02,73989.96,3612.68,3792.64,8030.619993,14.087647
400,4,762.13,52112.06,66369.01,2519.38,3388.14,8349.418374,19.212505
400,4,1182.96,69460.51,87501.91,4475.01,4334.11,9232.276825,13.169882
400,4,794.32,58587.56,72437.36,1523.58,3700.02,8626.197592,25.671879
400,4,787.31,51225.04,64919.29,2737.40,3192.10,7764.751357,21.226660
400,4,1331.53,73071.91,90832.15,4351.70,4032.37,9376.171866,11.388472
400,4,1011.03,62914.64,79041.76,3704.00,3747.42,8675.711629,14.402385
400,4,990.94,63754.25,78683.74,3049.80,3862.73,8016.953932,14.553971
400,4,1125.42,69416.94,85912.97,3474.01,4198.65,8823.373040,13.896648
400,4,1543.08,79296.64,99697.93,6760.95,3739.91,9900.425319,10.797379
400,4,1227.03,77513.81,94963.46,3793.03,4463.80,9192.822063,14.491518
400,4,760.63,54098.89,67862.68,1758.42,3431.67,8573.701561,20.813010
400,4,716.93,48304.26,59717.01,1502.99,2940.99,6968.773711,26.189477
400,4,1070.13,56238.18,74140.71,5579.30,3463.91,8859.326159,11.119755
400,4,594.99,46327.89,56522.40,743.39,2759.70,6691.428019,53.471506
400,4,1023.20,67428.13,83592.94,2933.87,3955.73,9275.210430,21.075869
400,4,1327.28,70828.68,89792.95,5047.75,4156.32,9760.201258,11.682436
400,4,1333.88,69078.47,86900.62,5913.97,4135.34,7772.836383,10.353016
400,4,1390.34,71844.23,91265.74,6195.18,3820.90,9405.434678,13.700606
400,4,604.80,47079.24,58289.55,1579.78,3126.74,6503.794784,24.848102
400,4,705.06,53702.78,66420.34,609.96,3535.13,8572.456675,56.626636
400,4,1111.55,67930.52,84990.25,3687.03,4063.13,9309.570702,16.028993
400,4,1463.03,74538.78,94452.49,6437.00,4055.90,9420.809642,11.187820
400,4,1225.96,72824.87,91062.19,4472.46,4785.30,8979.557269,11.728576
400,4,1476.06,77500.85,96705.56,4567.89,4312.56,10324.259406,10.909888
400,4,933.47,63253.58,78498.24,2345.89,3918.12,8980.646433,16.648592
400,4,1374.43,71940.39,91515.30,5738.54,4171.52,9664.847721,10.382320
400,4,721.86,52936.16,65721.77,1284.76,3355.39,8145.460269,29.768528
400,4,1529.07,79602.24,98379.81,6008.39,3856.42,8912.773002,10.201423
400,5,1439.18,70290.86,91315.26,7244.77,4232.79,9546.840178,13.927927
400,5,1397.39,72054.15,94318.86,7638.76,4761.03,9864.926536,13.895274
400,5,1430.15,78289.15,99390.64,5650.88,4237.43,11213.185700,15.492223
400,5,1510.05,82965.54,105327.83,5016.51,4779.58,12566.196249,16.744469
400,5,800.14,62397.46,77092.68,798.53,4126.16,9770.534537,67.097309
400,5,1029.58,68676.47,86005.93,3159.72,4519.11,9650.636835,26.307207
400,5,1565.80,93796.40,114731.90,4218.31,5247.56,11469.628536,16.384533
400,5,1261.29,75863.69,95842.29,3943.96,4640.37,11394.273961,19.174277
400,5,853.06,54952.65,70687.67,3430.05,3713.53,8591.440970,18.390948
400,5,950.76,64998.42,81215.51,2183.97,4160.09,9873.037780,27.748871
400,5,1376.26,84007.33,103659.33,4859.32,5068.41,9724.268542,16.305800
400,5,959.56,66679.97,83213.02,2931.03,4539.05,9062.968582,22.721985
400,5,1510.67,92045.86,114086.61,4030.57,5730.42,12279.761772,18.349962
400,5,1431.81,79471.68,100605.47,5789.49,4795.67,10548.634234,16.293329
400,5,1021.93,65949.75,81795.78,2859.39,4060.19,8926.440173,23.536729
400,5,1036.43,69849.10,85946.56,2817.96,4320.78,8958.712877,23.019004
400,5,1162.58,72233.59,89647.44,3227.22,4495.97,9690.668163,20.785948
400,5,1076.89,72082.98,89372.47,2291.18,4353.18,10645.133378,23.812415
400,5,827.82,62432.39,76307.83,1272.72,4089.01,8513.711603,44.253626
400,5,1106.73,70905.04,89467.50,3153.57,4166.53,11242.367122,21.452234
400,5,1081.07,64534.51,81726.60,4575.22,4025.13,8591.743845,16.303359
400,5,1354.58,78419.92,97520.77,4682.03,4519.26,9899.557098,19.063745
400,5,899.65,63658.98,79549.12,1800.74,3971.91,10117.488001,35.155588
400,5,1709.02,94406.05,118557.31,5932.95,5959.12,12259.184266,15.616237
400,5,827.43,60617.42,75383.78,1909.75,3760.68,9095.933937,34.580356
400,5,1361.13,75799.72,97429.79,5094.48,4636.29,11899.308668,15.229592
400,5,1475.02,81428.33,103873.80,5713.36,4804.65,11927.463715,16.811436
400,5,1244.77,71687.87,92012.65,4838.94,4671.61,10814.233950,22.210969
400,5,688.64,55775.95,69947.26,834.14,3854.54,9482.642546,97.867148
400,5,1713.15,96287.58,119224.73,6155.03,5388.63,11393.487538,15.942146
400,5,1017.57,71179.81,86760.41,924.92,4094.13,10561.546982,74.971783
400,5,1613.81,91475.98,114520.13,5622.71,5367.66,12053.792333,16.398393
400,5,751.70,60474.76,74568.83,863.13,4014.48,9216.455461,82.464215
400,5,1142.60,66739.85,84577.73,4592.28,4072.80,9172.794406,17.267687
400,5,923.36,66955.74,82927.11,2169.22,4282.13,9520.024390,25.740733
400,5,1366.20,82622.00,101991.09,3656.38,4295.70,11417.002876,20.721163
400,5,1510.20,89876.16,111215.58,4714.56,5329.66,11295.200735,20.988328
400,5,1154.77,75885.51,94001.37,2238.78,4507.16,11369.914767,34.375819
400,5,1120.14,70927.76,88814.65,2979.39,4151.84,10755.646319,23.897048
400,5,878.46,68214.85,83156.35,1623.61,4357.92,8959.969388,47.658271
400,5,716.16,54601.47,66942.04,1018.16,3571.58,7750.838197,62.441100
400,5,1333.84,82823.94,102581.70,4330.18,4891.41,10536.163879,19.465042
400,5,1056.88,66716.64,82840.30,3450.16,3904.67,8768.822315,21.800600
400,5,991.18,70422.47,86190.34,1866.44,4443.77,9457.657485,26.327506
400,5,1464.95,77642.85,98731.44,6202.05,4057.69,10828.853114,13.854528
400,5,1766.46,100065.77,121768.83,5483.52,5062.91,11156.633314,15.310794
400,5,777.40,59820.31,74038.28,729.32,3653.76,9834.901771,67.694147
400,5,976.77,69021.12,84968.59,1953.69,4316.31,9677.471211,36.173603
400,5,1164.39,70655.92,89843.00,3821.82,4156.47,11208.797273,21.792294
400,5,724.35,59425.99,72794.59,796.14,3986.35,8586.106834,103.724145
400,5,844.76,64109.78,78879.74,1480.96,4169.30,9119.695515,44.283925
400,5,1054.91,71493.09,87162.26,2088.12,4495.48,9085.572225,31.216157
400,5,1232.42,75814.58,96473.75,4867.03,4722.79,11069.349129,16.895762
400,5,1167.87,67600.07,85634.08,4819.16,4154.65,9060.202537,15.884923
400,5,1352.36,75938.01,95832.67,4962.52,4315.05,10617.078313,15.327418
400,5,1624.54,85950.89,109022.02,6856.89,5032.57,11181.673998,14.007350
400,5,878.30,58097.07,73063.23,2533.94,3754.73,8677.495365,25.463114
400,5,1295.05,79229.77,98770.38,5026.31,4607.04,9907.257600,16.196603
400,5,1292.51,77412.15,97455.01,4197.57,4948.84,10896.450944,19.554738
400,5,1413.46,76872.83,97521.75,6093.80,4359.31,10195.798790,14.691223
400,5,1471.35,85781.35,105984.73,3692.24,4921.62,11589.519818,16.402803
400,5,932.87,64545.67,79158.93,1245.11,3782.31,9585.842566,42.245857
400,5,940.84,65562.10,79919.45,1558.40,4025.75,8773.192780,28.265054
400,5,1216.89,69737.75,89541.80,5489.85,4115.66,10198.541955,17.215209
400,5,912.05,63095.98,77335.73,2498.27,3987.17,7754.304501,28.821897
400,5,1160.52,68590.90,86172.33,4809.40,4022.01,8750.019999,18.008599
400,5,1500.51,78753.79,100344.12,5949.77,4872.35,10768.203853,15.205698
400,5,1421.04,78403.26,98404.89,5403.51,4958.79,9639.314875,15.157081
400,5,1566.51,82011.72,105225.50,7016.90,4792.21,11404.673803,13.469880
400,5,1897.96,105568.78,131247.10,6940.82,5946.84,12790.650996,15.627869
400,5,1003.70,69761.15,87171.12,2995.51,4372.67,10041.794119,24.863978
400,5,906.43,57955.83,73792.25,2807.24,3658.71,9370.470440,19.893669
400,5,1801.01,87502.18,112165.43,8246.29,4856.04,11560.926999,13.436397
400,5,1441.60,82880.27,103010.36,4742.11,4910.09,10477.897868,15.776349
400,5,872.70,58612.34,74841.95,2128.74,3690.63,10410.240371,29.386336
400,5,793.15,64858.70,78388.37,654.92,4116.85,8757.900596,127.445808
400,5,1528.38,79583.51,102349.76,6567.54,4843.78,11354.934221,14.485890
400,5,1295.95,76752.24,98089.10,4987.80,4718.89,11630.166497,18.669501
400,5,1313.14,77089.87,96562.76,4731.83,4478.20,10262.862039,19.603157
400,5,1204.29,73863.74,92199.52,3327.59,4377.74,10630.444999,26.812029
400,5,1318.15,76720.01,97359.63,4626.29,4704.26,11309.073670,17.122279
400,5,1415.30,82778.30,103907.80,5183.68,4809.04,11136.777527,17.837164
400,5,1582.23,82140.57,105041.10,6532.57,4555.66,11812.303731,15.456203
400,5,1326.74,69196.63,89922.82,6025.74,4426.87,10273.582830,14.359972
400,5,699.58,55242.85,68619.96,568.45,3632.82,9175.851428,117.984315
400,5,672.61,53210.74,65275.72,528.70,3381.90,8154.381535,121.140591
400,5,896.66,68792.53,84837.48,1644.88,4314.59,10085.478660,33.421735
400,5,1267.86,76746.99,95382.29,3048.09,4472.64,11114.568422,18.505778
400,5,1356.59,74396.41,94519.41,6221.69,4621.47,9279.828249,15.838399
400,5,845.49,62114.42,77661.17,1992.49,4190.49,9363.762917,33.774760
400,5,743.74,59775.37,72623.48,1144.93,3970.34,7732.841748,42.934777
400,5,857.14,66059.06,81343.85,1106.53,4193.73,9984.535924,46.867090
400,5,1108.35,78867.23,96149.06,2029.09,4816.22,10436.525029,28.213213
400,5,1341.94,77037.55,99287.51,6467.43,4865.25,10917.280427,14.952901
400,5,881.33,63812.07,80667.44,2859.64,4442.72,9553.002193,25.665665
400,5,1020.22,65357.36,83307.26,2782.66,3982.63,11184.614340,23.953882
400,5,1118.55,72888.30,90822.01,2705.02,4412.39,10816.304552,26.460251
400,5,1164.21,67254.56,87072.56,4779.26,4195.06,10843.687016,17.035822
400,5,1399.39,79402.60,100058.80,5132.57,4447.13,11076.494720,18.626971
400,5,1150.42,69763.86,88955.11,5081.52,4426.97,9682.758481,17.141099
400,6,772.16,62314.12,76676.27,642.59,4153.04,9566.527188,154.806348
400,6,1644.09,92050.44,115394.79,6246.89,5419.45,11678.002512,19.259475
400,6,1409.89,89648.68,110513.87,3044.34,5046.92,12773.924043,37.930036
400,6,1260.34,86059.81,106633.09,2159.33,5287.09,13126.841826,43.764788
400,6,1218.58,76622.22,97189.09,3830.61,4688.11,12048.146350,35.552508
400,6,1452.47,79743.90,103100.25,6188.40,5332.03,11835.908944,20.891238
400,6,1010.34,77331.04,94688.89,909.43,4726.92,11721.505007,84.977002
400,6,1015.24,72509.56,90698.63,1666.74,4704.18,11818.150834,87.352644
400,6,826.20,57981.34,72927.24,1837.64,3647.06,9461.205579,41.440983
400,6,1355.57,86323.58,106242.22,3263.19,5051.91,11603.533151,37.393069
400,6,1140.12,76681.82,94763.74,2589.80,4774.34,10717.790513,30.523211
400,6,970.22,72872.08,89018.31,980.99,4493.66,10671.588512,136.493716
400,6,1174.22,82399.38,101528.20,1689.36,5020.29,12419.162907,58.884244
400,6,1095.98,72380.22,90991.79,2548.78,4403.34,11659.455592,34.864927
400,6,1156.23,74256.82,93231.60,3721.39,4742.44,10510.953328,30.317932
400,6,1049.49,73317.19,89966.78,1985.70,4589.33,10074.564950,46.191900
400,6,1616.08,86377.19,111620.47,7689.81,5377.83,12175.647801,19.844535
400,6,1765.70,102911.66,126421.09,4401.92,5592.07,13515.441907,24.483941
400,6,993.25,73207.93,89136.70,1680.79,4596.30,9651.684196,70.323033
400,6,1495.69,98964.56,120209.18,2381.86,5809.22,13053.537755,52.288451
400,6,847.00,68553.06,83143.50,693.82,4353.80,9542.821626,154.313911
400,6,989.36,77765.75,93854.92,669.09,4814.90,10605.178704,155.838218
400,6,1443.33,87457.53,109481.53,4486.79,5026.47,12510.744245,23.571296
400,6,1113.70,75556.36,94881.23,1661.64,4722.44,12940.786759,54.165404
400,6,810.95,58294.42,74301.29,1789.85,3984.64,10232.376240,47.305442
400,6,1418.85,90437.24,112964.78,4182.18,5833.20,12512.158765,29.335409
400,6,1232.64,84856.37,105235.71,2139.20,5172.14,13068.010305,40.486324
400,6,1109.64,83172.83,100608.15,972.85,5239.33,11223.137900,91.679246
400,6,1172.18,85519.95,103708.87,1522.11,4999.45,11667.361167,47.480732
400,6,940.86,68513.60,85401.59,1376.99,4426.92,11084.088654,59.222933
400,6,1312.86,77668.63,98572.95,4491.82,4323.95,12088.558900,25.472706
400,6,1257.46,81097.78,101311.72,2094.91,4910.61,13208.419955,30.343140
400,6,1186.88,77406.77,96667.64,3302.60,4934.42,11023.841182,30.544844
400,6,1122.93,74586.33,93046.15,2516.50,4735.67,11207.645888,34.988098
400,6,910.04,64326.99,80948.43,1916.94,4207.28,10497.217052,48.259868
400,6,1182.47,81290.76,99968.49,1714.47,4622.91,12340.348202,43.976318
400,6,1260.48,86527.21,106486.87,2121.75,5118.63,12719.284090,37.668791
400,6,1161.40,75164.94,95102.09,2648.11,4550.14,12738.903513,33.008043
400,6,1128.30,82301.76,100773.88,1341.44,5076.24,12054.438190,58.549602
400,6,894.13,72952.57,89660.07,1234.88,5149.27,10323.348477,61.485677
400,6,1109.02,79245.24,96503.43,2294.97,4964.26,9998.968537,44.409214
400,6,1309.77,87355.49,107247.82,2820.41,5174.57,11897.350038,31.925600
400,6,1391.26,87237.91,108818.38,4540.46,5328.18,11711.835528,23.871533
400,6,954.87,72088.71,89328.15,885.02,4754.43,11599.980557,90.710541
400,6,1322.28,87991.90,107029.63,2445.56,5030.51,11561.663471,59.305480
400,6,1332.91,88316.23,108028.02,2369.35,4935.02,12407.430703,50.112228
400,6,1644.26,88993.08,115070.65,7345.47,5548.27,13183.829075,20.628256
400,6,1421.36,85157.21,106877.19,4629.74,5395.14,11695.092544,21.291814
400,6,1274.07,86950.90,107193.17,2333.09,5364.45,12544.716556,40.687410
400,6,1184.76,84497.90,102485.41,1924.01,5075.79,10987.709551,61.736471
400,6,1094.80,77054.60,94863.94,1809.55,4812.94,11186.865285,67.422693
400,6,770.79,63125.06,78604.05,662.68,4504.36,10311.952159,154.961637
400,6,1579.64,86726.61,112226.89,7108.04,5062.55,13329.692557,19.609902
400,6,1466.48,94936.06,115933.09,3907.36,5738.28,11351.396544,27.769980
400,6,1228.63,82344.53,100295.43,2438.90,4678.03,10833.962230,44.663015
400,6,1920.88,99276.46,127792.85,9308.18,5548.77,13659.442264,18.551352
400,6,1061.21,75982.65,93303.44,2375.12,4559.92,10385.757926,36.142927
400,6,868.75,68395.41,84473.62,1018.72,4699.13,10360.356202,83.796081
400,6,930.82,66531.37,82203.67,560.22,4044.10,11067.982476,158.809154
400,6,1148.35,73034.79,93683.87,4421.01,5050.07,11177.999244,24.471915
400,6,1370.25,82047.42,104666.31,4740.07,5115.73,12763.089259,26.964516
400,6,1205.54,80130.43,98481.23,2481.97,4615.80,11253.041114,40.016339
400,6,1064.86,70304.04,89183.31,3524.80,4675.03,10679.438212,33.123375
400,6,1540.46,93688.84,116333.84,5194.59,5426.27,12024.135710,23.546618
400,6,869.79,69645.21,83854.15,703.44,4616.17,8889.328023,156.057462
400,6,895.78,66342.36,81653.66,1117.68,4248.57,9945.047334,60.835515
400,6,1034.82,73985.93,90491.32,786.87,4376.96,11341.563991,84.213030
400,6,840.57,68982.49,83981.73,742.51,4614.49,9642.253000,157.260286
400,6,1135.43,81205.57,98896.67,1394.45,4960.97,11335.682762,67.514649
400,6,1239.89,80012.30,101094.68,3256.68,5064.33,12761.376651,35.466849
400,6,1012.07,80167.15,98175.64,1013.93,5227.03,11767.528903,85.064914
400,6,1558.65,88973.95,112228.94,5811.61,5206.44,12236.938411,21.653109
400,6,1008.11,77921.61,94738.95,724.78,4824.46,11268.096905,164.653160
400,6,1337.30,93015.60,112702.63,2187.95,5662.54,11836.544310,51.502623
400,6,1445.15,89495.10,112059.34,3838.36,5503.65,13222.230452,28.506739
400,6,1097.78,78785.55,95967.14,1269.89,4731.82,11179.879131,54.024355
400,6,1256.89,85915.11,105613.93,2310.05,5296.47,12092.283875,40.773480
400,6,1621.33,89886.20,115617.38,6728.10,5566.65,13436.427389,20.541963
400,6,1338.87,87693.46,107813.42,3067.76,5202.67,11849.526065,27.205509
400,6,1048.25,73048.28,90824.61,1039.03,4431.00,12306.292703,119.762835
400,6,1345.77,81574.04,104292.72,5185.28,5255.51,12277.891619,23.698144
400,6,1265.66,83085.05,102912.71,2264.41,4895.60,12667.645563,49.637557
400,6,1060.65,77599.03,95231.29,660.21,4762.24,12209.811473,154.889353
400,6,1090.94,76007.84,93679.43,2283.94,4744.58,10643.066800,37.542856
400,6,1414.93,89769.14,111579.57,4384.19,5431.21,11995.038245,26.320742
400,6,1174.63,84230.55,102696.93,2637.53,5204.29,10624.560920,43.717852
400,6,1470.91,98074.06,120995.80,3727.63,6104.65,13089.472025,34.375003
400,6,1513.11,90392.39,111578.85,3156.19,5175.07,12855.206545,31.123989
400,6,1183.34,70843.18,89830.46,4715.43,4323.36,9948.484204,20.997418
400,6,1092.44,79321.36,96636.41,1809.61,4975.68,10529.762898,67.739158
400,6,933.32,68058.31,84808.94,2250.72,4632.22,9867.689030,52.036554
400,6,1071.75,74407.37,92979.57,1741.68,4912.91,11917.597805,60.036803
400,6,1146.32,82762.80,101222.19,1264.13,4898.02,12297.250168,67.675274
400,6,911.94,70906.60,87160.64,593.21,4530.05,11130.770361,153.992632
400,6,908.56,71224.90,88302.68,888.81,4610.00,11578.971810,83.129666
400,6,1085.31,72327.50,90223.94,1767.06,4075.90,12053.479989,43.202028
400,6,1185.51,75780.58,96840.00,3687.72,4773.69,12598.001393,26.253025
400,6,1164.44,76703.37,94741.63,2095.44,4442.57,11500.251693,35.350671
400,6,1250.50,80810.60,101177.17,3139.62,5046.03,12180.915141,33.536512
400,6,760.86,65266.16,80298.53,748.24,4469.17,9814.952763,153.274074
400,7,1900.86,108757.60,135649.36,7936.12,6389.31,12566.329325,26.705564
400,7,1027.43,77215.62,94337.10,691.11,4924.94,11505.439135,191.702799
400,7,1648.53,96489.33,123734.65,6500.62,6284.73,14459.973879,24.530011
400,7,1344.77,95042.29,117078.15,1214.93,5962.47,14858.465492,104.699345
400,7,1202.95,79515.88,101335.11,3265.06,5064.81,13489.370692,48.763713
400,7,2013.49,100582.07,133449.60,11713.07,6624.27,14530.192509,22.261240
400,7,1043.99,75076.76,94031.64,1177.37,4754.06,13023.447491,91.656742
400,7,1174.02,85713.48,106266.82,1267.70,5734.34,13551.295557,146.791342
400,7,1434.28,92577.27,113018.74,3570.24,5413.91,11457.326456,39.994855
400,7,1515.33,97158.37,119171.53,3295.83,5556.12,13161.212578,39.041838
400,7,1276.16,86371.21,107912.61,3851.15,5739.37,11950.885870,36.946315
400,7,1196.27,83491.97,103420.37,1667.19,5139.71,13121.511421,68.710572
400,7,1478.20,94634.03,117586.68,2906.65,5502.43,14543.562166,53.788580
400,7,2169.12,121365.49,150308.79,6917.55,6785.40,15240.348409,23.827015
400,7,1027.46,79779.56,97952.33,1038.32,5296.88,11837.559017,107.900242
400,7,1207.64,87686.24,105826.29,1420.67,5115.91,11603.472375,95.084130
400,7,1250.68,94635.43,114703.48,1115.85,6084.58,12867.620880,142.633995
400,7,1492.33,108904.18,130808.58,1102.62,6504.81,14296.961267,109.702149
400,7,1029.75,81030.55,99253.43,1382.96,5192.64,11647.284299,179.144425
400,7,1171.61,84981.80,104957.14,780.88,5290.79,13903.663991,200.237013
400,7,789.95,61495.97,77206.31,1290.03,4336.38,10083.938287,93.141262
400,7,975.42,73650.12,91308.89,752.33,4870.75,12035.697627,193.239866
400,7,1179.16,91156.88,110661.42,890.08,5640.50,12973.958792,190.579577
400,7,2120.32,124298.43,152184.87,4578.59,7153.11,16154.732711,30.860677
400,7,1347.24,88651.42,110474.71,3496.70,5594.84,12731.742176,37.328863
400,7,1126.63,77332.57,97522.52,1893.30,4945.54,13351.107255,51.325734
400,7,1618.68,101528.11,127687.74,3698.04,6384.76,16076.831235,36.176993
400,7,1212.87,92687.26,112406.16,890.82,5966.31,12861.770758,193.807933
400,7,1291.01,93606.09,113503.43,800.01,5655.44,13441.898762,192.630360
400,7,1190.06,88037.44,108337.17,1062.12,5300.96,13936.650475,126.178699
400,7,1304.68,88074.71,109543.41,2107.36,5404.39,13956.953592,50.655118
400,7,1056.75,79310.49,98699.38,744.89,5036.66,13607.345203,189.290517
400,7,1116.71,79276.85,99614.19,2723.75,5534.78,12078.804524,55.924466
400,7,1132.12,84524.23,103747.96,1703.98,5448.96,12070.784354,67.379859
400,7,1268.67,85494.59,106726.63,3304.62,5456.05,12471.374592,48.455299
400,7,1319.02,93089.12,112667.33,925.38,5395.25,13257.585815,123.022652
400,7,948.33,76838.58,96466.68,947.01,5514.28,13166.815496,192.386037
400,7,1349.44,90255.20,112414.58,2301.97,5579.58,14277.831008,63.063513
400,7,1208.83,96554.59,117685.90,912.35,6374.18,13844.789752,204.596105
400,7,1430.20,89964.45,114099.99,5030.00,6132.99,12972.556955,36.035947
400,7,1003.35,70490.98,87882.53,1605.29,4381.00,11405.254490,90.985286
400,7,1245.99,90620.80,110598.61,1606.47,5875.56,12495.782876,105.202571
400,7,1128.25,79820.18,98842.91,1497.47,5002.66,12522.596509,93.275813
400,7,1008.83,76111.07,95073.47,786.15,5031.82,13144.421876,191.184454
400,7,1156.23,87357.96,106053.27,1095.35,5552.09,12047.868713,174.407502
400,7,1179.16,87204.30,105959.58,732.39,5341.26,12681.632925,186.588997
400,7,1328.31,80977.89,103090.99,2971.00,4802.88,14339.223572,39.000608
400,7,1575.93,100199.32,121796.63,2825.96,5427.64,13343.711118,37.512079
400,7,1102.68,81533.18,102019.34,1140.20,5358.94,13987.016880,111.931325
400,7,1108.98,85659.09,104479.08,1081.81,5577.31,12160.866562,152.833825
400,7,1156.84,84361.05,104414.93,1910.11,5667.17,12476.591173,66.626125
400,7,923.51,74578.00,92267.16,805.70,5195.30,11688.173123,189.649193
400,7,1310.78,87458.80,109115.01,2308.14,5331.16,14016.907329,45.577169
400,7,1200.00,78263.31,97987.29,2412.98,4876.25,12434.746507,58.495842
400,7,1376.08,88792.61,111239.67,3643.89,5413.13,13390.050013,33.832422
400,7,1208.17,87952.01,107734.13,1020.19,5544.08,13217.838531,140.186481
400,7,1069.99,86738.17,105604.35,933.62,5582.14,12350.421161,194.571780
400,7,1425.91,103530.29,124196.02,2126.28,6384.33,12155.121327,66.101844
400,7,1425.60,94680.41,116274.18,2794.49,5816.12,12983.167279,53.885717
400,7,1233.84,85453.72,103659.97,1121.94,4968.43,12115.884947,81.991218
400,7,1610.09,95589.02,122864.56,6096.22,6109.68,15069.639269,28.931747
400,7,1250.75,85779.03,106082.82,2015.78,5548.25,12739.768135,60.982915
400,7,1200.20,85930.10,104484.29,1503.70,5253.03,11797.460004,82.600613
400,7,1013.52,81088.14,99343.23,820.31,5070.95,12363.840212,181.267299
400,7,1483.67,89501.01,112283.04,5331.25,5562.96,11887.829329,24.663240
400,7,1011.57,73247.28,91052.41,1460.05,4666.42,11678.668001,115.715089
400,7,1267.22,93989.68,113334.44,1233.39,5723.78,12387.585916,101.353119
400,7,1350.61,92234.74,113933.67,3534.93,5927.62,12236.378554,51.372779
400,7,1595.66,97913.16,121736.40,4779.88,5846.44,13196.922962,31.515313
400,7,1440.10,96802.28,120009.95,2588.76,6115.86,14503.049619,56.988666
400,7,1530.17,96197.26,119550.57,3819.40,5656.61,13877.298709,54.919072
400,7,1105.32,83257.33,101957.89,1075.46,5270.45,12354.652769,135.509201
400,7,1305.60,101016.46,120853.45,1288.13,6167.26,12381.598607,109.545256
400,7,1735.23,107424.32,130127.93,2925.04,5676.53,14102.038967,50.704887
400,7,1294.25,100512.28,121842.23,1390.65,6287.90,13651.390690,116.806257
400,7,1151.10,87570.88,107138.18,782.59,5663.22,13121.486504,192.151281
400,7,1323.90,88874.10,109818.32,2207.30,5400.39,13336.535073,60.909756
400,7,1041.16,72005.47,91760.13,1039.62,4580.90,14134.149452,131.677936
400,7,1188.75,87746.79,108757.63,2013.80,5772.71,13224.329852,67.051709
400,7,1492.91,101115.73,122887.58,1729.75,5891.60,14150.500381,52.928515
400,7,1295.51,85422.04,105873.98,2197.06,5273.04,12981.838376,47.794938
400,7,1853.39,118039.62,142708.76,2801.25,6420.70,15447.189372,78.738199
400,7,1184.52,85561.51,105499.15,1123.11,5300.52,13514.022084,73.191922
400,7,1590.49,89228.13,115544.39,7481.98,6088.62,12745.660604,26.770002
400,7,1168.78,85364.49,104949.98,1444.16,5566.94,12574.385849,94.100381
400,7,1622.82,101874.40,126245.64,5272.07,6253.87,12845.303094,32.994604
400,7,1165.04,81474.36,100937.52,977.17,5026.59,13459.398676,169.903106
400,7,1066.19,72188.48,92974.83,1745.49,4849.91,14190.950579,70.367524
400,7,1101.48,71246.77,90506.18,3564.75,4619.34,11075.309245,35.155043
400,7,1425.49,93015.91,116007.02,4523.38,5662.88,12804.850245,35.458507
400,7,1731.15,100801.81,125903.93,6222.20,5955.72,12924.193979,30.509526
400,7,1307.94,100844.80,121362.07,879.27,6272.30,13365.699923,194.580997
400,7,1564.20,98039.33,122276.71,3672.55,5716.50,14848.336050,41.633508
400,7,1247.31,93111.06,112954.36,945.65,5604.96,13292.695838,114.995587
400,7,1208.25,90030.48,109651.99,773.38,5449.69,13398.447885,185.170957
400,7,1827.34,108154.76,133772.63,4514.50,6442.17,14661.186213,34.128560
400,7,1206.93,90633.08,112062.79,812.30,5930.15,14687.251612,191.949724
400,7,1164.61,88793.34,107955.12,832.38,5698.62,12630.786095,195.389616
400,7,1086.16,82444.10,101407.51,789.01,5340.27,12834.131812,187.235060
400,7,1295.37,83668.05,103810.75,2638.03,5129.52,12375.139298,48.487198
400,8,1007.96,79569.60,98370.90,777.68,5469.09,12554.533942,224.830840
400,8,1142.06,82645.28,102412.57,1115.51,5445.50,13206.282921,123.340345
400,8,1536.18,105632.14,129603.90,2134.19,6492.99,15344.583578,107.071343
400,8,1312.88,92664.72,114928.80,1117.28,5758.98,15387.821771,128.673409
400,8,1126.09,81482.00,103818.38,816.45,5727.62,15792.304428,223.487851
400,8,1564.19,108773.52,133583.80,3233.21,6869.73,14707.339710,72.843270
400,8,1354.92,94027.33,115785.63,1361.75,5552.30,14844.254135,110.187032
400,8,1355.71,97478.17,121060.64,1924.89,6466.58,15190.996395,95.125949
400,8,1048.21,80627.32,99254.50,837.21,5539.09,12250.879742,213.817162
400,8,1529.11,102288.69,126221.49,3040.50,6378.10,14514.202189,57.212275
400,8,1184.63,95275.76,115426.59,916.37,6265.71,12968.737174,222.407989
400,8,1378.38,107063.23,129111.91,1081.39,7015.81,13951.486820,242.861374
400,8,1601.72,108849.88,133002.71,1058.30,6545.88,16548.653406,127.851568
400,8,1523.42,104490.83,127660.15,1842.37,6508.99,14817.970873,96.374543
400,8,1124.70,87037.86,106901.78,834.44,5631.84,13397.632496,244.789184
400,8,1260.25,96387.50,116237.86,857.19,6017.29,12975.874978,221.618474
400,8,1375.62,92935.21,113300.77,714.02,5620.31,14031.224232,220.814791
400,8,1783.55,111834.93,137089.40,2492.41,6200.93,16561.127015,72.172939
400,8,1091.78,86085.80,106094.26,912.46,5729.33,13366.682786,226.055032
400,8,1189.62,97916.40,122194.25,1215.34,6828.12,16234.382002,252.596192
400,8,1269.76,88656.07,109265.30,2248.77,5732.45,12628.002719,62.418870
400,8,1390.02,99812.63,122426.35,2301.50,6260.41,14051.811014,73.355541
400,8,1271.44,97000.71,118816.93,991.64,6441.44,14383.133767,229.250887
400,8,2179.72,135192.78,160296.05,1659.64,7189.81,16253.810513,155.411997
400,8,1367.82,97694.53,119339.44,1632.68,6109.78,13902.447506,126.801638
400,8,1380.74,95627.47,117961.22,1739.06,5716.04,14878.656423,121.670882
400,8,1268.47,99356.84,123863.34,1115.69,6675.57,16715.243011,239.538091
400,8,1443.10,103523.75,126454.36,1983.64,6379.32,14567.649014,90.942058
400,8,1421.53,98717.24,122182.10,2051.05,6426.88,14986.918826,87.367024
400,8,1272.66,95286.62,117812.94,902.01,6261.96,15362.348370,228.043048
400,8,1622.93,107546.54,131595.53,2442.46,6442.38,15164.159170,79.520472
400,8,1167.74,88300.04,110632.38,836.94,5892.78,15602.612673,227.539149
400,8,1156.68,79664.23,100427.50,1666.59,5149.07,13947.611075,113.699586
400,8,1258.64,98089.23,118498.92,853.75,6378.83,13177.113492,224.624612
400,8,1150.21,89517.63,110367.92,919.64,6122.26,13808.391681,230.588957
400,8,1772.96,110647.73,135248.91,3090.71,6256.45,15254.023539,60.588166
400,8,1290.28,95794.78,117425.81,1260.70,6073.06,14297.264578,168.959247
400,8,1399.57,101985.04,124849.61,876.16,6534.03,15454.383846,237.714576
400,8,1027.98,77186.52,99253.90,928.02,5661.90,15477.452772,221.375163
400,8,1415.34,101386.00,123561.00,1836.10,6306.62,14032.284291,82.150254
400,8,1840.59,109200.46,135925.21,6803.12,6534.36,13387.265976,39.840167
400,8,1171.30,86418.81,107079.18,805.93,5394.93,14459.516791,230.388585
400,8,1473.50,95465.32,117432.53,2541.17,5604.95,13821.087527,73.060946
400,8,1637.32,113888.67,138301.47,2702.97,7241.96,14467.869563,79.003503
400,8,1338.33,99953.88,121157.60,1191.86,6494.66,13517.194596,150.027134
400,8,1297.21,100091.75,122220.66,931.46,6466.28,14731.166704,238.079599
400,8,1316.20,92319.48,115339.04,1374.48,5783.82,15861.258181,103.352363
400,8,1307.27,91203.10,114792.47,2684.77,6020.41,14884.198700,53.368566
400,8,1115.94,87590.82,110760.00,1107.45,6423.39,15638.339703,226.259566
400,8,1396.09,103859.17,125783.87,947.01,6490.99,14486.705697,228.685881
400,8,1618.36,103588.61,127959.84,3563.14,6320.38,14487.711831,57.825107
400,8,1745.87,103278.11,131463.79,6796.40,6672.11,14717.158124,31.729887
400,8,1377.14,101245.74,124484.10,1478.48,6431.20,15328.680200,124.285141
400,8,1171.23,87391.08,108619.07,873.03,5770.15,14584.807747,228.969364
400,8,973.17,73994.64,93506.35,758.07,5008.18,13745.460098,216.561792
400,8,1490.07,105499.32,127578.05,883.18,6469.17,14726.380346,229.630130
400,8,1479.75,100765.46,123747.67,2127.85,6019.95,14834.412585,74.043816
400,8,1341.66,93270.71,114997.75,2451.17,5861.30,13414.557719,81.174532
400,8,1638.00,107759.15,133050.10,3939.06,6626.32,14725.574528,65.507218
400,8,1246.01,83710.64,103714.22,1847.32,5243.58,12912.680428,68.626731
400,8,1753.03,112883.21,140105.04,3923.19,6818.67,16479.983313,48.173832
400,8,1509.02,102750.69,126671.89,2890.56,6475.82,14554.820153,58.314904
400,8,1123.84,86379.42,106560.58,920.48,5859.39,13401.293706,215.807097
400,8,1377.13,96886.03,117776.64,1326.41,6167.15,13397.043941,126.683092
400,8,1180.55,89538.12,108730.10,885.11,5918.04,12388.828926,222.125868
400,8,1215.73,89460.04,109847.49,1194.16,5744.78,13448.516524,197.606169
400,8,1254.72,90099.19,111893.47,1081.51,5852.40,14860.381818,118.999393
400,8,1051.32,83280.75,103381.12,970.98,5891.47,13237.916279,227.020340
400,8,1106.54,90729.15,112077.47,978.13,6341.86,14028.330934,230.841638
400,8,1519.61,95496.54,120522.37,3329.91,5941.81,15754.103754,57.400329
400,8,1969.99,116998.33,147565.83,6341.20,7133.53,17092.781818,34.188234
400,8,1261.42,96617.00,118338.36,1244.75,6220.13,14256.482388,160.391195
400,8,1710.90,112225.92,136687.35,3153.49,6420.49,14887.442684,46.880915
400,8,1688.54,115301.79,138453.41,822.86,6813.41,15515.357238,242.959897
400,8,1569.81,110365.40,133892.45,1477.05,6624.87,15425.131481,106.406077
400,8,1534.41,109007.55,132953.43,1607.80,6600.60,15737.490269,124.369703
400,8,1231.65,92863.71,115514.10,1576.82,6273.11,14800.469954,169.802237
400,8,1608.69,113821.61,137838.15,1186.00,6710.39,16120.157027,210.499197
400,8,1240.82,91105.60,112950.37,1097.09,5987.39,14760.288121,120.782186
400,8,1181.79,86199.95,107859.99,1297.12,5812.19,14550.727118,131.852771
400,8,1114.17,81376.71,102450.50,925.33,5562.47,14585.993337,218.296928
400,8,1357.99,96971.71,120591.05,708.20,6038.73,16872.412859,230.838813
400,8,1526.18,101464.51,125429.75,2244.39,6028.49,15692.358273,55.194550
400,8,942.35,76900.26,96207.75,938.84,5480.57,12888.082080,213.553489
400,8,1820.61,117646.21,141399.72,2671.21,6718.91,14363.380524,64.189036
400,8,1065.15,85045.78,105704.67,943.89,5889.47,13825.529079,223.500848
400,8,1200.17,90343.30,113352.84,892.00,6267.65,15849.887335,224.579009
400,8,1332.79,95302.60,117469.31,806.77,6098.54,15261.401066,238.204533
400,8,1234.70,84125.77,105765.49,3229.34,5425.14,12985.231445,65.584810
400,8,932.68,73689.84,93653.50,859.10,5237.07,13867.483753,219.412233
400,8,1280.24,94209.21,115989.84,1763.65,6173.57,13843.410966,108.255209
400,8,1086.52,81922.97,103704.58,781.06,5625.77,15374.776614,217.852724
400,8,2208.04,123531.40,154992.68,6642.41,6806.30,18012.562715,31.045438
400,8,1443.00,106861.74,129178.68,988.79,6681.95,14646.193613,233.581990
400,8,1568.67,108699.89,132801.09,2158.24,6689.38,15253.584940,120.272002
400,8,1615.75,109183.21,133318.89,2389.83,6279.67,15466.181523,83.073567
400,8,1393.28,90018.31,114534.04,2372.34,5694.25,16449.137158,83.389652
400,8,1197.68,89022.78,109775.04,1220.61,5894.84,13636.813928,170.708938
400,8,1453.67,98353.94,120965.49,2432.73,5899.94,14278.874681,53.671991
400,8,1416.41,96209.09,119297.19,2298.61,6101.90,14687.588779,59.540600
400,9,1322.22,99646.74,121308.60,952.11,6678.53,14031.222353,258.645591
400,9,1241.17,96443.16,119176.01,1066.43,6627.13,15039.291972,284.947593
400,9,1330.71,99004.35,122221.73,967.15,6525.05,15725.185194,270.337284
400,9,1837.67,122821.70,148625.58,1215.53,7128.36,17459.992905,156.847623
400,9,1620.32,112202.50,137574.63,1581.38,6862.23,16928.516477,165.130109
400,9,1584.39,114411.59,138621.27,1019.31,7369.33,15821.028998,270.696640
400,9,1778.03,129783.94,156626.54,2116.30,8359.36,16366.925481,98.667342
400,9,1174.19,87945.29,111186.91,897.72,5965.01,16378.888759,257.467579
400,9,1138.76,88668.34,109482.81,976.31,6114.09,13724.074439,256.484046
400,9,1606.16,110465.86,133594.09,1278.93,6740.99,15108.305102,164.924784
400,9,1168.10,85912.24,108309.03,931.75,5931.21,15533.822448,253.709464
400,9,1529.80,107653.61,132475.55,1719.05,7006.75,16096.140988,108.400670
400,9,1362.63,94940.88,119471.82,781.42,6099.04,17650.479099,249.888103
400,9,1653.96,111658.40,138807.39,2870.66,7167.27,17111.061279,81.107432
400,9,1216.18,98154.85,121027.78,1177.48,7097.98,14597.461565,274.860934
400,9,1418.09,103072.43,125488.69,1925.49,6525.27,13965.500723,91.134107
400,9,1199.45,92133.87,115087.56,924.75,6589.29,15439.645432,257.931300
400,9,1479.14,103819.00,129184.25,853.73,6678.16,17833.362363,269.032999
400,9,1582.34,111125.58,135481.66,1808.41,6694.14,15853.525210,91.661228
400,9,1779.31,114295.37,143037.04,4271.35,6809.08,17661.247423,80.734021
400,9,1242.47,92022.51,113415.16,979.06,6228.27,14185.314840,252.774163
400,9,1485.29,105483.55,128419.46,1212.92,6705.57,15017.419927,185.891033
400,9,1317.72,99414.35,123333.62,991.16,6582.61,16345.491930,276.892518
400,9,1591.22,108044.83,134224.89,2126.93,6610.21,17442.923175,115.047658
400,9,1335.44,101829.36,126200.02,1378.41,7014.37,15977.882303,177.787517
400,9,1774.02,115432.80,143418.78,3474.56,7249.98,17261.444422,53.519924
400,9,1733.61,118513.65,144094.59,823.56,6848.36,17909.017674,270.867887
400,9,1724.17,117810.99,143146.96,1886.33,6938.09,16511.543756,99.444715
400,9,1624.80,121714.98,147348.93,980.35,7341.92,17311.679737,272.462912
400,9,1277.86,97856.69,122469.51,937.95,6792.58,16882.295348,266.084018
400,9,1738.99,108329.55,133486.79,3112.99,6050.50,15993.755398,79.845679
400,9,1406.95,102009.46,127675.25,913.92,6666.62,18085.247452,267.099662
400,9,1551.87,114096.37,138364.78,1062.25,7170.64,16035.520958,267.078636
400,9,1341.88,102441.10,125042.46,967.85,6554.70,15078.805718,267.300209
400,9,1016.23,77522.35,99027.00,843.79,5512.51,15148.345919,248.665581
400,9,1478.32,103197.65,127599.58,1939.75,6589.42,15872.755437,91.951841
400,9,1552.85,114743.77,140267.87,1432.24,7464.72,16627.143016,146.052254
400,9,1312.10,94556.23,118496.76,880.57,6216.02,16843.952863,261.239539
400,9,1786.36,121063.74,147461.23,2148.58,7131.41,17117.506384,84.166084
400,9,1387.81,106017.07,129860.47,1036.68,7041.01,15765.709463,259.279922
400,9,1513.63,106872.34,130288.44,1646.04,6528.26,15241.808394,115.262590
400,9,1971.95,123548.07,150658.39,3932.94,6880.02,16297.366230,62.047322
400,9,1085.41,81075.52,102300.18,779.13,5430.50,15015.031394,252.347041
400,9,1428.36,99187.44,121494.36,827.53,6007.81,15471.574956,261.565269
400,9,1093.53,87068.64,108661.46,988.03,6283.53,14321.253482,253.993312
400,9,1514.96,112509.28,137883.00,1058.69,7388.58,16926.455249,277.377284
400,9,1370.13,103488.85,128856.42,1023.62,6997.00,17346.956702,263.649787
400,9,1835.59,117418.22,145078.56,3955.90,6973.86,16730.578388,73.362508
400,9,1774.58,131886.54,158598.27,1161.18,8105.80,17444.749124,279.765332
400,9,1490.79,113153.87,137810.61,1017.09,7353.47,16286.176483,265.901891
400,9,1400.05,97913.96,121698.64,1615.26,6181.96,15987.454515,109.687241
400,9,1284.85,96655.40,120665.01,1009.24,6594.00,16406.373424,249.495431
400,9,1515.09,108227.03,132525.65,863.87,6742.81,16691.924069,262.626924
400,9,1440.98,100307.64,123643.55,1540.46,6235.45,15560.010359,186.636670
400,9,1473.62,99999.91,121788.80,1413.11,5867.93,14507.864785,149.755167
400,9,1214.43,85509.12,108123.07,1094.80,5386.96,16132.183437,210.589699
400,9,1274.12,91883.93,114984.78,803.60,5973.52,16323.730199,269.823749
400,9,1188.06,97562.44,121175.64,1177.26,7235.88,15200.075635,263.817076
400,9,1499.57,105890.43,129838.05,1639.34,6588.96,15719.326595,101.959152
400,9,1358.77,99847.28,121940.76,1333.23,6442.27,14317.979472,168.921261
400,9,1254.03,94942.54,119293.39,1350.93,6705.89,16294.037889,249.554428
400,9,1341.19,98222.87,119908.53,855.82,6086.10,14743.743788,260.782873
400,9,1562.10,103525.53,126015.42,1715.86,6143.00,14631.034338,116.171321
400,9,1177.31,88487.02,110395.41,888.75,5907.53,15112.100997,250.785406
400,9,1768.00,114657.95,140103.35,3636.51,6821.25,14987.646209,55.428960
400,9,1316.76,100287.35,123061.88,943.61,6617.24,15213.680235,255.275518
400,9,1676.43,105441.97,132077.99,3414.44,6204.21,17017.375860,78.960814
400,9,1578.91,109025.56,133609.64,2450.07,6894.32,15239.690011,104.954178
400,9,1440.77,104559.38,127330.19,876.73,6507.76,15386.328188,254.158596
400,9,1548.73,113843.51,139308.27,942.74,7328.03,17193.987463,273.161205
400,9,1682.92,113063.66,139374.38,1561.50,6591.98,18157.242308,119.269977
400,9,1138.90,89938.05,111559.64,925.98,6077.90,14617.717066,250.208870
400,9,1872.67,112082.00,142360.11,6126.00,7006.89,17145.225300,46.002659
400,9,1939.28,125419.97,151280.96,1365.13,7101.12,17394.733160,218.457642
400,9,1470.50,106354.41,131348.96,1374.61,6833.36,16786.583359,228.946096
400,9,1451.75,104383.36,128709.80,978.98,6698.76,16648.707905,272.443769
400,9,1301.11,99603.55,123841.29,1052.76,6515.67,16669.312755,269.126980
400,9,1545.31,114389.14,140144.42,1072.41,7389.37,17293.509726,265.918029
400,9,1451.06,106541.37,130855.22,1360.13,6810.93,16142.792952,192.252302
400,9,1494.81,108594.44,133310.15,1374.98,6796.38,16544.347305,159.214766
400,9,1201.03,89457.15,112215.93,1398.37,6070.33,15290.087728,201.922413
400,9,1370.89,99546.76,125987.35,994.80,6591.46,18854.322504,268.746401
400,9,1430.49,105856.87,130292.83,934.03,6853.03,16648.902170,274.463764
400,9,1213.37,99058.69,122176.19,1138.42,7273.81,14705.264696,262.452839
400,9,1185.86,91713.94,114694.28,926.13,6377.70,15676.503307,249.944421
400,9,1683.41,116412.51,140987.37,1863.22,6873.70,15837.944346,88.912158
400,9,1712.42,124988.40,152161.07,1081.92,7532.19,18558.566578,284.242191
400,9,1185.49,89922.06,114162.95,1058.08,6599.78,16583.022147,250.381300
400,9,1171.61,89309.07,110150.43,880.66,6031.22,13929.475902,238.364346
400,9,1568.11,108379.98,132560.63,1820.76,6460.89,15899.005893,140.742887
400,9,1160.31,88818.69,111746.43,1341.60,6034.85,15551.298760,236.946416
400,9,1732.17,117555.70,142379.17,1553.78,7179.29,16090.405140,139.820492
400,9,1514.47,114626.83,141608.49,1108.39,7565.49,18307.778128,274.092847
400,9,1471.47,106704.99,131137.67,1832.64,6730.92,15869.116215,142.841560
400,9,1409.89,106157.68,131898.66,1373.57,7005.92,17361.489215,140.229253
400,9,1536.68,108047.92,131386.19,814.82,6435.81,16087.643297,264.016082
400,9,1669.26,110673.18,138264.20,2707.65,6796.29,18087.081160,96.028789
400,9,1224.87,94851.55,118049.85,945.74,6505.18,15747.372033,266.108046
400,9,1262.32,94653.01,118581.91,1267.62,6490.37,16170.911089,139.569618
400,9,1560.36,111280.15,134778.21,1258.53,6996.13,15243.402934,158.306625
400,10,1169.54,92320.44,115381.31,994.07,6583.10,15483.707924,290.123593
400,10,1428.97,106428.81,130992.20,1018.82,7376.51,16168.060563,289.306579
400,10,1791.04,124760.80,151224.84,1329.22,7300.47,17834.353632,167.507769
400,10,1597.59,115438.04,144826.55,1205.00,8000.26,20183.250607,306.331750
400,10,1642.13,117385.63,142994.06,950.57,7257.12,17400.742158,316.458452
400,10,1527.41,118746.69,145502.80,1153.76,7964.39,17637.962912,304.389571
400,10,1445.74,107616.22,133626.91,1019.22,7220.15,17771.320968,311.407443
400,10,1358.49,101549.79,127886.54,980.32,6995.08,18361.353264,291.392623
400,10,1274.94,98581.66,122346.39,1193.41,7372.13,15199.186419,287.498532
400,10,1769.76,128559.06,154482.38,1105.88,8043.89,16773.557181,321.100068
400,10,1780.32,122009.61,148944.89,1987.36,7561.64,17386.271413,114.904382
400,10,1615.16,115960.35,141679.16,1075.21,7269.53,17374.079288,294.205265
400,10,1785.02,119361.87,147668.29,1743.60,7331.78,19231.033714,130.734055
400,10,1502.84,111939.66,138361.49,1009.79,7299.62,18112.423831,303.492417
400,10,1460.75,106854.51,131607.74,1889.90,7252.14,15611.192756,279.629876
400,10,1864.75,124819.39,151448.75,2829.82,7296.10,16503.449251,120.143948
400,10,1521.58,113630.25,139309.01,1045.45,7569.71,17063.591066,308.718570
400,10,2094.76,137934.87,167026.11,2191.27,8066.21,18833.752051,158.405062
400,10,1566.16,112235.25,138189.36,985.74,7333.61,17634.768996,304.233827
400,10,1516.70,109071.31,136830.29,1145.37,7613.43,19000.178977,303.015616
400,10,1572.06,117920.41,142826.73,1487.36,7721.91,15697.051984,199.435450
400,10,1648.26,118614.03,144336.74,993.56,7390.05,17339.090655,314.164034
400,10,1339.31,104860.31,131360.33,1253.03,7629.27,17617.714749,299.230078
400,10,1823.21,125780.87,153495.22,1337.64,7650.38,18726.337407,180.410243
400,10,1428.28,108569.94,134166.12,1156.45,7510.76,16928.972769,289.485342
400,10,1380.91,100336.78,125650.61,974.51,6473.30,17866.020160,297.294299
400,10,1996.17,135167.99,166101.33,1523.00,8668.35,20741.998361,199.807925
400,10,1639.20,107858.48,133989.20,808.74,6163.21,19158.768355,310.756055
400,10,1928.32,126934.02,155342.43,1629.74,7535.50,19243.163340,146.574453
400,10,1696.18,114092.14,140151.02,1282.62,7035.90,17740.362301,218.996554
400,10,1497.23,103407.16,127965.59,830.25,6502.98,17225.196184,304.856374
400,10,1333.50,95434.44,122914.35,1035.71,6932.89,19511.309173,286.022149
400,10,1698.98,118649.44,145354.09,1114.33,7804.24,17786.076027,306.719066
400,10,1823.86,122662.26,149919.00,3233.73,7651.25,16371.765058,77.704610
400,10,1331.40,104549.97,130154.75,1154.80,7264.41,17185.568567,309.497355
400,10,1411.88,102368.26,128296.31,1294.52,6987.69,17645.843842,179.859538
400,10,1656.30,128540.58,157640.83,1404.98,9028.95,18666.323671,319.651643
400,10,1408.70,102915.68,128058.31,971.61,6863.85,17307.169913,293.061796
400,10,1630.17,123444.50,152755.15,1279.99,8399.41,19631.247684,317.340065
400,10,1534.08,108237.02,134004.27,1042.37,7330.99,17393.891354,286.131105
400,10,1591.82,111016.15,135176.40,845.60,6791.25,16523.414334,329.089212
400,10,1782.57,128384.52,155505.83,1005.61,7977.06,18138.639376,316.626233
400,10,1712.78,124634.63,150374.63,1076.83,7640.04,17023.132974,306.232789
400,10,1495.12,105521.32,130967.89,925.11,6665.07,17856.399063,290.721454
400,10,1427.41,112089.98,138294.04,1349.49,7882.72,16971.852277,310.586829
400,10,1848.39,127354.06,154132.86,1032.79,7835.10,17910.901587,311.316066
400,10,2073.37,132747.27,162640.69,3024.87,7710.18,19158.369562,116.982901
400,10,1545.21,110084.95,135675.84,1423.48,7104.61,17062.794177,150.991568
400,10,1771.00,121178.94,148576.73,1014.03,7301.64,19082.111767,307.123575
400,10,1886.38,130845.14,158355.29,1467.86,8047.06,17995.231458,282.235879
400,10,2083.81,138290.81,164731.42,1706.90,7618.86,17114.837309,210.232320
400,10,1383.76,102109.63,128789.72,1097.39,7122.49,18460.214713,288.615324
400,10,1678.64,114393.26,141091.91,1777.15,7094.14,17827.358453,188.222548
400,10,1415.72,108599.47,134731.04,1049.52,7515.16,17566.897170,304.899058
400,10,1633.91,120596.41,147034.03,1161.92,7959.38,17316.327751,300.476104
400,10,1367.93,96668.34,122792.16,964.36,6452.55,18706.906630,286.885572
400,10,1667.51,120320.00,146140.55,1082.00,7406.88,17331.672585,312.593439
400,10,1807.36,122821.34,148620.76,1230.47,7138.53,17430.415645,165.427887
400,10,1095.39,86262.76,111000.19,1034.66,6435.93,17266.832840,282.960362
400,10,1497.92,107917.50,131614.75,1410.40,6955.30,15331.554655,196.989210
400,10,1625.24,118131.52,145687.56,1124.35,7839.40,18592.283753,304.268191
400,10,1541.41,110322.07,136273.07,998.48,7313.24,17639.279071,301.806281
400,10,1402.09,108637.06,133840.48,1116.78,7258.67,16827.968665,292.159407
400,10,1373.99,100119.18,123568.75,868.18,6334.52,16246.869349,301.875141
400,10,1498.11,107814.16,131985.71,1046.26,7380.40,15744.902614,295.421533
400,10,1230.58,93372.73,117540.74,1077.35,6838.23,16252.424003,285.151952
400,10,1304.21,94306.62,118524.43,961.23,6281.71,16974.859834,288.658679
400,10,1661.91,122106.83,147751.23,964.75,7503.80,17175.853274,317.933005
400,10,1602.38,111438.27,136779.39,944.51,7165.94,17230.665857,291.821941
400,10,1453.97,109913.24,137774.13,1124.80,7773.76,18962.332885,307.564476
400,10,1402.38,100599.19,127444.53,958.90,6837.41,19049.037391,304.241036
400,10,1233.24,90438.74,114118.80,958.92,6101.68,16619.464475,277.107415
400,10,1756.28,124566.40,152310.03,2227.13,7880.21,17636.288622,117.828672
400,10,1379.86,100552.70,127529.30,1165.06,7194.50,18617.051338,292.781315
400,10,1699.46,121095.48,148018.09,1001.49,7434.59,18486.534854,307.439714
400,10,1612.88,116214.59,143764.71,1100.09,7798.60,18651.435552,303.457757
400,10,1542.59,110603.44,135754.33,953.01,7126.26,17071.620717,302.717017
400,10,1297.57,98110.33,124741.79,1155.84,6926.86,18548.764401,317.840663
400,10,1605.94,110298.31,136136.45,1981.29,6779.65,17077.190561,142.120307
400,10,1508.62,111247.28,137390.36,1122.70,7332.47,17687.917968,296.862174
400,10,1714.25,123706.97,150100.19,1072.95,7687.58,17632.680550,328.684602
400,10,1437.78,104145.17,130441.15,955.73,6642.35,18697.901132,301.875270
400,10,1535.88,108316.51,134567.94,1323.45,7144.32,17783.671481,256.643711
400,10,1491.93,108370.89,132901.72,1121.54,7115.21,16294.080021,310.789473
400,10,1311.58,98391.66,124748.09,1052.06,7038.66,18265.713531,299.501526
400,10,1563.48,113897.91,139391.17,1039.22,7172.13,17281.918052,337.104211
400,10,1893.37,133932.53,163334.23,1418.17,8635.50,19348.034448,317.931170
400,10,1533.25,111211.60,137761.70,1001.03,7336.27,18212.807089,306.168993
400,10,1350.92,102675.73,125665.71,1004.72,6643.66,15341.595193,300.951661
400,10,1690.85,124229.77,151209.12,1529.98,7944.90,17504.472373,167.796727
400,10,1410.87,107535.19,134448.63,1152.83,7601.15,18159.452978,303.329563
400,10,1569.30,116480.30,144549.80,1222.01,7890.75,18956.734211,315.731239
400,10,1872.28,123548.85,151466.94,1258.37,7034.92,19624.799167,250.409646
400,10,1773.65,121849.82,148960.07,1317.98,7588.71,18203.565240,295.069123
400,10,2043.21,137086.39,166306.37,1868.20,8002.52,19349.257827,289.658759
400,10,1518.33,108407.37,134174.61,975.96,6872.45,17918.838795,291.130970
400,10,2011.71,130090.79,157429.88,1073.46,6822.64,19442.992342,208.778936
400,10,1166.55,98183.25,124013.61,1268.78,7650.69,16910.883016,298.478414
400,10,1421.63,107898.59,133912.92,1099.81,7477.73,17436.794266,311.260951
400,10,1428.91,106067.13,130673.26,994.28,6953.02,16658.824378,333.925988
400,11,1363.93,106637.14,132811.83,1293.57,7663.44,17217.683244,373.126620
400,11,1724.82,129927.17,157834.66,1409.35,8803.12,17695.024309,380.590098
400,11,1933.47,136749.88,165150.31,1218.79,8810.97,18370.679881,350.759391
400,11,1576.56,121015.25,153047.07,1349.22,8888.05,21794.546940,339.786408
400,11,1966.51,133691.45,161779.57,1442.82,8043.36,18601.938278,260.517447
400,11,1600.39,112796.98,140137.97,1081.02,7398.84,18861.139941,325.842548
400,11,1678.22,120931.98,149680.27,1066.61,7752.95,19928.727690,328.567232
400,11,1756.67,121227.12,149451.31,1491.64,7906.36,18826.192852,271.818196
400,11,1322.69,104608.24,129427.09,1202.05,7378.81,16237.996812,320.057962
400,11,1493.57,114304.37,143125.27,1321.95,8351.64,19147.302411,346.481226
400,11,1638.65,115472.75,143272.17,1073.42,7581.35,19144.658489,343.118159
400,11,1560.75,113713.45,141643.81,1131.38,8081.67,18717.308950,328.978193
400,11,1893.30,131391.20,162093.48,1118.10,8418.69,21165.477971,353.296699
400,11,1473.14,108276.78,136504.36,1081.66,7601.78,19544.141588,341.805369
400,11,1776.34,117847.20,144228.40,921.50,7297.86,18161.850296,354.038257
400,11,1347.67,98637.69,124110.14,1010.79,6669.54,17792.129503,322.407249
400,11,1351.24,100714.16,127240.08,1009.00,7164.48,18352.433036,320.446967
400,11,1811.27,125347.97,155140.22,1117.68,7976.87,20697.695059,352.283212
400,11,1576.06,118734.22,147274.58,1269.86,8212.24,19058.251685,338.864384
400,11,1935.91,136685.07,166155.07,1179.78,8766.23,19523.978004,329.279752
400,11,1283.52,101323.53,128199.34,1269.47,7675.51,17930.838351,335.467501
400,11,1817.99,130512.64,157385.33,985.39,7925.82,17961.489092,351.470546
400,11,1508.27,122544.68,152991.45,1582.36,9508.73,19355.677205,377.105610
400,11,1234.01,96763.27,125718.64,1323.60,7667.83,19963.949265,323.660121
400,11,1384.38,103329.44,129844.08,1048.85,7344.26,18121.533567,307.518003
400,11,1323.44,99379.95,126556.63,1102.75,7264.78,18809.155942,356.740889
400,11,2042.05,144880.54,178020.10,1322.64,9579.04,22237.880357,431.461158
400,11,1990.93,139390.70,169700.76,1142.70,8705.68,20461.683894,400.264817
400,11,1872.99,134678.06,165952.93,1267.45,8937.42,21070.010320,407.821138
400,11,1505.69,109443.33,137284.23,1129.46,7481.41,19230.034602,369.168769
400,11,1399.26,105013.32,131991.95,1112.73,7269.91,18596.003423,367.489879
400,11,1646.39,117849.81,146680.72,1098.78,7645.92,20086.206012,377.533915
400,11,1836.94,129818.38,159196.59,1088.44,8271.51,20018.263545,388.309680
400,11,1156.84,90099.72,114660.21,1077.51,6582.12,16900.853448,351.544138
400,11,1241.30,95756.13,124020.13,1218.02,7416.56,19629.419527,356.788219
400,11,1538.03,110190.76,137471.18,1048.36,7282.57,18949.482387,395.241703
400,11,1796.24,120899.48,149699.92,990.13,7729.04,20081.268218,399.647102
400,11,1806.91,137354.52,168166.61,1466.42,9530.46,19815.207524,397.937790
400,11,1468.78,103730.37,133646.77,1127.07,7389.64,21399.687000,381.433624
400,11,1543.50,112891.06,140997.52,1137.99,7634.36,19334.108753,357.203524
400,11,1333.53,102635.32,128487.53,1071.66,7108.76,17671.797003,368.927500
400,11,1996.46,145450.32,175578.50,1267.94,9243.67,19616.573855,419.077317
400,11,1538.75,112462.20,139504.27,1107.57,7781.05,18153.450177,393.017287
400,11,1628.15,115653.98,144537.92,1056.15,7845.79,19982.000840,379.540997
400,11,1736.17,129488.25,157510.45,1255.00,8578.43,18188.768613,388.389928
400,11,1719.43,116961.04,144402.45,901.61,7323.38,19216.411538,391.993828
400,11,1746.01,119660.88,148305.22,1023.42,7663.01,19957.913529,401.912075
400,11,1897.35,130658.79,158312.60,1406.79,7900.23,18346.791441,241.774036
400,11,1945.19,129786.46,160529.43,1606.49,8192.43,20944.052428,343.388220
400,11,1416.38,107938.39,136135.75,1232.93,7772.51,19191.919062,446.720613
400,11,1590.24,119499.12,148450.63,1321.32,8317.40,19312.798702,477.836419
400,11,1451.75,109676.49,138312.72,1195.00,7791.42,19649.812189,453.934110
400,11,1560.92,115129.46,143452.84,1139.37,7888.13,19295.890459,458.567584
400,11,1321.10,103225.29,131485.75,1247.38,7673.02,19340.066804,451.495657
400,11,1764.14,131141.78,160463.74,1362.61,8850.55,19108.799857,487.009611
400,11,1555.65,116159.61,144525.50,1210.92,8133.92,19021.047960,453.803146
400,11,1470.10,106408.19,133454.19,1047.60,7028.46,18969.938796,448.563078
400,11,1593.30,111622.54,139241.80,1362.73,7436.49,18820.043428,248.634656
400,11,1770.80,118526.03,146534.41,2013.35,7316.89,18678.125005,209.744019
400,11,1320.63,104007.10,130170.79,1227.29,7760.10,17176.303219,386.416617
400,11,1716.63,115741.86,142383.94,1366.33,7351.68,17924.074175,219.477682
400,11,1480.64,101138.26,127959.03,876.72,6910.74,19033.307767,365.654702
400,11,1356.31,106942.65,132895.79,1266.34,7446.63,17240.167064,358.054550
400,11,1677.66,114180.43,140631.21,845.78,6986.82,18618.185677,396.764339
400,11,1377.61,105845.44,131047.46,1141.30,7272.75,16787.973503,382.378192
400,11,1174.25,90592.24,117021.03,1268.01,7241.58,17919.198974,362.302356
400,11,2178.71,143736.64,171421.11,981.49,8216.92,18486.051940,403.047010
400,11,1614.46,117249.11,145770.47,1314.50,8334.75,18872.118450,383.473777
400,11,1850.16,122443.88,151299.96,2952.16,7324.87,18579.046231,156.494309
400,11,1660.04,115935.57,143539.32,932.26,7306.42,19365.060970,396.654899
400,11,1599.91,116905.53,147006.18,1181.46,8174.62,20744.575220,474.076506
400,11,1519.54,112608.37,139773.05,1157.60,7816.27,18190.818143,392.166908
400,11,1969.46,140165.51,168647.69,1211.88,8422.05,18848.260765,364.306696
400,11,1626.84,114264.36,142392.15,954.96,7718.39,19454.432769,362.929929
400,11,2004.31,136942.36,166792.14,1017.24,8170.13,20662.413586,375.491804
400,11,1644.52,121938.66,152665.22,1363.72,8548.80,20814.046451,399.558581
400,11,1513.38,118185.00,146993.05,1288.35,8278.77,19240.926251,369.936382
400,11,1645.40,120723.04,150341.01,1154.82,8243.46,20219.693285,387.451519
400,11,2115.70,140932.40,168794.68,942.79,7928.38,18991.105322,374.462577
400,11,1711.68,120209.39,149053.24,1002.13,7861.73,19979.987347,395.531269
400,11,1508.00,110517.39,139188.28,1090.69,7910.88,19669.317794,375.575843
400,11,1950.34,135827.87,165944.81,1204.53,8707.81,20204.594986,376.203610
400,11,1594.02,115266.23,143776.40,1113.90,7783.99,19612.281836,385.243354
400,11,1354.28,102729.77,128222.22,1120.51,7115.18,17256.755517,357.751159
400,11,1372.07,102691.01,131098.54,1117.27,7269.07,20021.196984,370.967956
400,11,1572.73,119113.68,147137.96,1222.44,8092.20,18709.645710,382.999380
400,11,1429.24,100903.65,130284.32,1013.16,6775.64,21591.861767,371.387448
400,11,1900.17,121441.89,149765.44,1312.82,7153.44,19857.295529,371.857873
400,11,1360.34,97507.88,123147.15,1056.07,7040.64,17542.547311,345.072504
400,11,1659.60,121566.59,150087.38,1183.21,8381.53,18956.043583,386.891532
400,11,1860.55,130539.49,160333.30,1265.19,8701.99,19826.628618,410.212716
400,11,1602.85,118291.38,148443.21,1147.96,7964.06,21039.808871,370.576274
400,11,1786.96,129245.44,161201.50,1352.92,8727.99,21875.157577,394.483786
400,11,2320.19,159135.20,189847.52,1117.48,9427.98,20166.862498,421.030269
400,11,1647.78,120214.81,150847.59,1179.35,8119.90,21333.524658,396.492395
400,11,1722.48,124621.42,153453.43,1102.72,8053.97,19675.322881,372.956753
400,11,2047.14,135683.81,165210.78,895.19,8060.67,20571.119009,403.473145
400,11,1468.88,114758.08,143429.60,1410.88,8438.93,18821.708880,390.894027
400,11,1372.63,101189.03,127596.39,1000.63,6834.03,18572.706305,371.240408
400,11,1290.50,97201.34,122998.60,1147.84,7239.42,17409.989297,356.589174
400,12,1627.53,116843.44,143987.98,1097.62,7699.82,18347.101384,429.217343
400,12,1462.44,100443.65,128123.72,979.57,6973.37,19727.130257,488.211818
400,12,1582.65,114887.25,143475.29,1081.00,7905.66,19601.382759,517.879542
400,12,2122.49,150850.71,185593.53,1475.85,9988.40,23278.565140,488.115397
400,12,1413.60,109826.14,140432.31,1374.42,8175.08,21056.659133,471.955053
400,12,1286.86,105021.17,135859.76,1517.77,8450.00,20870.811562,500.890826
400,12,1717.60,124113.11,155539.32,1205.54,8475.18,21745.490233,505.353416
400,12,1748.34,126480.00,158326.60,1280.80,8913.69,21652.103662,510.303498
400,12,1384.47,109315.01,135565.60,1230.30,8032.80,16987.491248,484.388358
400,12,1539.26,115407.26,145758.86,1301.39,8346.76,20703.453963,478.494038
400,12,1981.59,134375.13,164104.05,1114.55,8369.52,20244.841400,512.735427
400,12,1945.22,131432.92,161720.97,1196.29,8555.78,20535.980447,462.542888
400,12,1697.92,118107.55,149813.63,1116.60,8020.70,22568.785698,442.479249
400,12,1645.10,119953.36,150366.38,1254.05,8532.24,20626.731326,407.325839
400,12,1364.70,100617.26,129141.18,1204.62,7602.54,19716.760192,396.996934
400,12,1450.31,110173.63,139065.01,1307.14,8364.85,19219.392757,407.847512
400,12,1372.88,104955.09,134357.82,1443.44,8130.47,19828.819191,390.103865
400,12,1945.65,136736.82,168874.26,1215.20,9138.32,21783.922082,432.842341
400,12,1905.38,132256.67,162100.29,1581.43,8581.67,19680.504759,242.376672
400,12,1860.57,129583.22,161629.04,1320.62,8756.15,21969.051298,452.961945
400,12,1577.83,117696.75,145553.52,1138.71,8040.97,18677.090442,427.157419
400,12,1311.55,100145.27,130145.98,1385.57,8062.29,20552.844523,401.567532
400,12,1638.76,121701.59,152751.41,1386.52,8502.41,21160.892793,414.261765
400,12,1681.86,124504.53,156124.51,1298.96,8828.77,21492.246033,413.175371
400,12,1567.54,115583.53,144035.10,1150.13,7781.75,19519.685340,406.965651
400,12,1758.74,130389.39,163133.45,1592.38,9929.39,21222.292179,434.878354
400,12,1835.10,126227.71,160301.29,1256.22,8694.93,24122.431143,441.979326
400,12,1622.16,116354.98,148088.19,1296.76,8281.90,22154.554452,434.862982
400,12,2169.19,152061.29,185662.56,1286.17,9877.45,22437.648485,496.656091
400,12,1515.74,115004.38,146583.23,1422.91,8811.48,21344.468222,414.280040
400,12,1540.93,111474.62,140175.69,1150.28,7689.93,19860.853493,413.280951
400,12,1605.09,118360.17,149603.61,1190.81,8295.53,21757.095357,473.192485
400,12,1985.22,140474.16,171865.61,1135.63,8939.92,21315.907224,514.263515
400,12,1525.60,117489.68,146791.23,1331.70,8370.55,19599.299694,510.858648
400,12,1982.02,137139.96,167212.08,1161.00,8951.61,19959.504202,521.743730
400,12,1774.60,118450.13,149172.22,1960.91,7610.23,21150.946911,234.791940
400,12,1840.08,126730.37,157500.46,1013.90,8272.94,21483.263172,436.925639
400,12,1645.47,121466.45,151490.33,1203.16,8304.26,20516.457749,411.497427
400,12,2037.42,140727.66,174000.91,1262.43,9449.92,22560.901149,446.718132
400,12,1437.42,106264.01,137336.29,1284.94,8249.83,21537.520516,423.462326
400,12,1829.61,134141.05,163738.57,1324.88,8910.47,19362.175849,514.451870
