25,4,263.03,1561.36,15703.61,7714.36,2745.38,3682.49,0.0163
25,4,314.83,2518.78,19485.42,8970.71,3720.47,4275.46,0.0215
25,4,320.94,1730.35,20080.09,9906.10,4062.32,4381.32,0.0225
25,4,328.27,4333.15,19997.99,8618.53,3405.72,3640.58,0.0138
25,4,329.71,1072.04,19814.11,9919.09,3952.90,4870.08,0.0216
25,4,286.95,799.42,17995.99,8971.80,3502.94,4721.84,0.0156
25,4,299.44,1812.41,18857.78,9262.94,3516.89,4265.55,0.0170
25,4,291.51,1744.38,17420.26,8495.95,3020.46,4159.47,0.0134
25,4,269.41,1055.53,16529.35,8368.27,3295.85,3809.70,0.0119
25,4,314.03,1215.37,19185.54,9701.66,3578.30,4690.22,0.0186
25,4,306.57,684.90,18314.66,9750.88,3587.88,4291.00,0.0188
25,4,297.85,1820.85,18421.73,8843.45,3479.91,4277.53,0.0156
25,4,333.94,3396.90,21117.33,9710.44,3769.51,4240.48,0.0152
25,4,327.76,2984.80,20272.04,9184.88,3826.24,4276.12,0.0157
25,4,301.08,432.15,18706.35,9849.82,3943.56,4480.81,0.0141
25,4,301.73,242.78,18475.69,9827.43,3699.60,4705.89,0.0141
25,4,291.96,-200.28,18133.52,10170.78,3985.91,4177.11,0.0149
25,4,341.70,2239.41,21450.62,10179.76,4446.40,4585.05,0.0239
25,4,297.80,1354.46,18078.28,9576.92,3329.01,3817.90,0.0161
25,4,292.06,2059.35,18577.00,8362.47,3270.10,4885.08,0.0152
25,4,287.94,683.46,17855.79,9774.58,3464.24,3933.50,0.0193
25,4,296.35,1851.13,17997.79,8658.94,3250.83,4236.89,0.0149
25,4,316.01,1401.81,18829.07,9192.53,3569.46,4665.26,0.0203
25,4,326.49,1497.35,19516.84,9896.28,3383.21,4740.00,0.0129
25,4,292.78,1666.47,18512.24,9369.12,3459.97,4016.67,0.0121
25,4,294.22,3002.76,18481.17,8319.85,3275.75,3882.82,0.0145
25,4,307.60,1584.99,19349.11,8903.03,3687.97,5173.11,0.0121
25,4,305.10,1165.52,18736.25,9055.99,3743.97,4770.76,0.0218
25,4,299.65,351.28,19289.97,9706.60,4270.63,4961.45,0.0101
25,4,322.83,2378.13,19421.45,9422.19,3564.00,4057.11,0.0125
25,4,307.84,1117.81,18487.20,9371.06,3466.22,4532.11,0.0150
25,4,306.08,1410.66,19178.77,9134.45,3511.13,5122.52,0.0126
25,4,295.39,1012.65,18539.35,9549.75,3715.83,4261.12,0.0199
25,4,279.47,643.87,16952.07,8733.48,3244.19,4330.52,0.0114
25,4,273.12,-448.03,17100.21,9410.16,3741.54,4396.54,0.0107
25,4,325.26,1874.53,19878.76,10202.70,3465.56,4335.98,0.0133
25,4,299.32,1804.25,19841.35,9385.55,3670.02,4981.54,0.0121
25,4,305.57,1829.98,18815.04,8741.68,3587.75,4655.63,0.0105
25,4,336.09,3269.29,21502.81,9919.83,4177.69,4136.01,0.0121
25,4,303.39,1329.65,19170.46,9573.61,3416.25,4850.95,0.0118
25,4,271.07,456.08,16980.68,9043.23,3603.31,3878.07,0.0119
25,4,293.79,2243.14,18125.53,8889.52,3117.93,3874.95,0.0132
25,4,294.90,-248.39,18700.01,9994.24,4009.08,4945.08,0.0158
25,4,311.77,2628.89,19167.64,8942.16,3476.91,4119.68,0.0163
25,4,282.85,346.07,16894.00,8925.14,3321.60,4301.20,0.0129
25,4,299.35,1155.14,18752.73,9168.95,3443.30,4985.34,0.0120
25,4,310.88,1804.17,19326.82,9621.20,3728.88,4172.58,0.0123
25,4,287.85,1353.84,18180.27,9197.26,3525.30,4103.88,0.0152
25,4,309.37,238.11,18894.23,10178.60,3833.12,4644.40,0.0107
25,4,317.92,1619.41,19801.85,10033.18,3962.39,4186.87,0.0298
25,4,265.63,508.94,16917.97,8914.51,3240.37,4254.15,0.0140
25,4,266.64,-24.38,16209.61,8701.02,3260.71,4272.27,0.0106
25,4,298.36,-209.97,18911.35,9720.31,3877.93,5523.09,0.0112
25,4,325.22,2821.46,19789.67,9334.32,3880.04,3753.85,0.0119
25,4,296.87,959.36,18595.38,9601.37,3693.81,4340.84,0.0149
25,4,313.59,1591.12,19521.36,9767.93,3950.80,4211.51,0.0121
25,4,292.34,885.77,18200.06,9184.14,3900.87,4229.27,0.0114
25,4,325.85,2317.85,20342.28,10388.18,4026.97,3609.28,0.0148
25,4,287.62,375.38,18035.74,9547.54,3635.59,4477.23,0.0125
25,4,309.98,3323.32,19188.71,8752.98,3417.64,3694.78,0.0116
25,4,324.21,2295.32,20078.87,9391.12,3995.57,4396.86,0.0107
25,4,285.91,1376.19,17585.81,8565.23,3304.95,4339.45,0.0112
25,4,302.83,1717.92,18134.80,8758.22,3316.11,4342.55,0.0166
25,4,297.67,2290.15,17866.77,8945.21,3207.35,3424.06,0.0157
25,4,307.03,2613.93,19296.55,9230.29,3593.54,3858.79,0.0137
25,4,293.76,1641.23,17943.54,9108.12,3461.29,3732.90,0.0111
25,4,305.31,2017.36,19117.90,9073.10,3720.42,4307.02,0.0116
25,4,287.85,501.04,17953.09,9900.84,3609.55,3941.66,0.0122
25,4,299.86,2050.34,17491.45,8258.88,3261.04,3921.19,0.0109
25,4,309.80,1342.21,19386.55,9431.45,3713.75,4899.14,0.0145
25,4,308.93,2950.46,20006.58,9341.17,3804.82,3910.13,0.0143
25,4,296.49,494.07,18338.42,9477.34,3898.36,4468.65,0.0106
25,4,294.28,416.09,19001.48,9779.52,3705.37,5100.51,0.0127
25,4,328.11,2300.40,21029.29,10045.31,4114.26,4569.32,0.0125
25,4,307.10,303.59,19766.97,10054.83,4300.11,5108.44,0.0118
25,4,301.38,661.21,18469.37,9691.76,3536.39,4580.00,0.0111
25,4,308.72,3109.29,19205.81,8734.55,3354.01,4007.96,0.0128
25,4,292.97,1483.20,18554.59,9054.82,3575.02,4441.55,0.0116
25,4,324.11,2298.25,20478.08,9695.59,3952.64,4531.60,0.0102
25,4,325.61,2022.64,20292.73,10056.12,3902.08,4311.89,0.0117
25,4,309.07,4300.27,19616.77,8594.03,3116.44,3606.03,0.0107
25,4,346.77,2008.19,21715.27,11084.91,4328.07,4294.11,0.0125
25,4,307.50,370.70,19207.84,9755.23,4039.76,5042.15,0.0104
25,4,268.36,-871.53,15987.98,9274.75,3352.38,4232.37,0.0104
25,4,273.72,1127.10,16706.37,8171.08,3198.17,4210.02,0.0094
25,4,272.91,-394.27,16664.82,9142.20,3725.34,4191.55,0.0105
25,4,333.32,1403.22,20603.33,10121.68,4155.61,4922.82,0.0129
25,4,312.49,1189.50,19424.09,9561.90,3853.94,4818.75,0.0117
25,4,325.35,1829.05,19465.36,9833.26,3733.61,4069.43,0.0116
25,4,306.95,2936.64,18739.28,8678.92,3165.42,3958.30,0.0114
25,4,281.20,-901.18,17390.46,9914.26,4140.74,4236.64,0.0099
25,4,305.92,555.02,19159.79,9360.92,3789.17,5454.69,0.0112
25,4,344.04,2991.51,21388.57,9771.30,4051.16,4574.59,0.0120
25,4,306.27,2925.87,18754.50,8615.34,3209.29,4004.00,0.0110
25,4,325.48,2782.82,20908.33,9696.60,4333.49,4095.41,0.0107
25,4,306.83,1927.91,18742.24,8900.07,3707.16,4207.10,0.0104
25,4,314.92,977.43,19350.67,9745.51,3923.99,4703.75,0.0118
25,4,308.96,2100.93,19499.55,9396.97,3675.42,4326.22,0.0127
25,4,293.99,381.31,18940.52,9793.90,3830.18,4935.13,0.0115
25,4,276.53,2282.48,17674.44,8768.52,3121.79,3501.65,0.0099
50,4,389.78,7214.99,23536.05,7945.66,2891.94,5483.45,0.0161
50,4,427.83,7253.91,26378.47,9579.44,3862.51,5682.61,0.0130
50,4,485.38,10299.66,30570.51,9719.16,3950.00,6601.69,0.0118
50,4,572.92,16068.43,34513.25,8872.58,3482.23,6090.01,0.0136
50,4,450.59,8054.42,28511.55,10013.83,3801.66,6641.64,0.0150
50,4,400.36,5098.60,24761.04,9640.24,3624.14,6398.06,0.0118
50,4,440.87,8871.87,27439.80,8958.21,3425.29,6184.43,0.0125
50,4,464.28,10657.01,27797.32,8083.63,2890.58,6166.10,0.0102
50,4,424.25,7691.23,25406.33,8779.72,3374.14,5561.24,0.0111
50,4,471.59,8484.02,28176.96,9573.84,3574.10,6545.01,0.0117
50,4,410.50,7067.09,25562.07,9280.19,3427.84,5786.95,0.0107
50,4,433.27,9438.57,27145.85,8502.32,3377.55,5827.41,0.0122
50,4,548.93,13118.33,34244.68,10190.92,4023.42,6912.02,0.0150
50,4,489.81,10955.51,30982.01,9882.04,3791.12,6353.34,0.0138
50,4,436.64,7346.15,26796.04,9606.18,3910.49,5933.22,0.0135
50,4,380.79,5739.94,24226.27,9164.54,3514.23,5807.56,0.0131
50,4,403.83,6211.71,25605.39,9645.25,4009.60,5738.83,0.0173
50,4,526.86,12516.86,33892.31,10014.13,4456.00,6905.32,0.0156
50,4,426.53,8181.46,26883.57,9827.84,3438.83,5435.44,0.0139
50,4,439.72,8317.67,27103.32,8409.36,3228.59,7147.71,0.0145
50,4,400.26,6552.13,24482.90,9358.09,3285.33,5287.35,0.0135
50,4,470.06,9377.90,28357.44,9471.89,3166.29,6341.36,0.0149
50,4,459.66,9497.03,28373.93,8872.55,3353.47,6650.89,0.0294
50,4,516.11,10960.11,31503.58,10050.19,3335.77,7157.50,0.0143
50,4,477.95,10558.18,29226.58,9206.79,3516.89,5944.71,0.0157
50,4,465.75,11429.47,28526.01,8120.45,3198.55,5777.54,0.0115
50,4,446.75,8249.82,28477.04,9034.76,3686.96,7505.50,0.0126
50,4,411.63,6226.16,25274.57,9261.58,3654.01,6132.81,0.0206
50,4,431.04,7062.05,28329.75,10115.83,4384.98,6766.89,0.0148
50,4,481.50,10601.64,29601.56,9485.06,3505.45,6009.41,0.0140
50,4,448.41,8842.88,28024.65,8929.86,3405.28,6846.64,0.0149
50,4,446.94,7798.64,28024.17,9658.40,3375.62,7191.51,0.0120
50,4,431.11,7854.20,26644.42,9210.18,3807.11,5772.94,0.0137
50,4,383.73,6020.21,23696.53,8709.16,3196.19,5770.97,0.0132
50,4,381.02,4413.20,23183.41,9565.80,3634.03,5570.39,0.0128
50,4,455.24,9151.16,28009.44,9494.46,3413.08,5950.74,0.0134
50,4,429.49,6962.65,27166.34,9745.79,3750.36,6707.54,0.0153
50,4,457.50,9294.27,28007.97,8477.16,3503.40,6733.14,0.0139
50,4,551.36,14077.10,34894.10,10112.38,4182.98,6521.64,0.0127
50,4,413.45,5804.02,24813.47,9449.90,3463.29,6096.26,0.0119
50,4,392.96,6390.78,24038.81,9020.91,3647.50,4979.62,0.0132
50,4,466.84,11339.73,29248.39,8620.05,3017.13,6271.49,0.0145
50,4,363.02,3205.50,23019.20,9878.43,4083.66,5851.62,0.0139
50,4,471.33,10480.38,28986.47,8867.73,3537.43,6100.92,0.0140
50,4,422.75,6216.56,25123.51,9272.29,3552.78,6081.87,0.0141
50,4,407.19,5226.38,25030.38,9573.50,3600.31,6630.19,0.0136
50,4,472.39,10309.55,29427.56,9263.15,3647.26,6207.60,0.0131
50,4,426.70,7794.25,26812.07,9567.68,3621.41,5828.74,0.0203
50,4,474.75,8306.38,28837.05,10063.97,3706.59,6760.11,0.0132
50,4,432.23,8365.26,27945.04,9934.21,3958.47,5687.10,0.0120
50,4,396.95,7148.99,24799.94,8246.01,3230.89,6174.05,0.0115
50,4,363.56,4658.23,22102.19,8738.81,3215.59,5489.56,0.0115
50,4,399.27,3848.30,24273.17,9626.36,3817.27,6981.25,0.0114
50,4,464.13,11011.88,28909.34,8767.23,3695.74,5434.49,0.0128
50,4,435.97,7229.13,26872.09,9702.28,3761.82,6178.87,0.0124
50,4,468.32,9421.16,28943.54,9496.60,3907.58,6118.20,0.0133
50,4,391.01,5266.62,24457.74,9794.93,3934.11,5462.08,0.0141
50,4,509.82,13105.47,31912.90,9492.83,3928.54,5386.06,0.0116
50,4,424.91,7045.39,26486.91,9468.13,3622.09,6351.30,0.0139
50,4,473.95,9865.55,28386.79,9547.09,3527.72,5446.44,0.0119
50,4,487.30,11550.55,30855.32,8983.73,3876.53,6444.51,0.0139
50,4,399.62,6277.05,24598.70,9030.46,3463.16,5828.03,0.0110
50,4,399.39,6538.29,23813.30,8511.72,3145.07,5618.23,0.0113
50,4,503.55,13276.21,30784.75,8500.76,3193.24,5814.54,0.0126
50,4,417.60,8079.89,26252.38,9333.73,3668.62,5170.14,0.0165
50,4,427.41,8608.44,26329.65,9139.42,3450.67,5131.12,0.0134
50,4,483.76,9532.24,28507.07,9026.45,3715.06,6233.33,0.0133
50,4,399.58,6593.84,25033.04,9818.97,3550.90,5069.34,0.0176
50,4,428.90,8643.10,25982.40,8283.86,3138.64,5916.79,0.0145
50,4,488.85,10993.53,31411.45,9161.00,3823.02,7433.90,0.0162
50,4,474.04,10205.16,29847.44,9825.37,4001.19,5815.72,0.0126
50,4,413.97,6613.33,26511.27,9792.93,4026.73,6078.28,0.0126
50,4,401.30,5985.53,25912.35,9312.69,3783.44,6830.70,0.0116
50,4,469.45,10022.17,30643.52,10065.99,4121.68,6433.67,0.0118
50,4,463.36,6829.80,28755.34,10525.46,4416.17,6983.91,0.0163
50,4,374.21,5269.64,23338.47,8933.98,3274.45,5860.39,0.0124
50,4,470.85,11032.65,29117.41,8598.77,3435.19,6050.79,0.0136
50,4,438.90,8835.26,27651.05,9102.42,3635.51,6077.85,0.0147
50,4,453.82,9061.09,29149.57,9853.25,3890.87,6344.36,0.0155
50,4,504.79,11118.99,30956.74,9845.46,3657.70,6334.59,0.0144
50,4,523.20,15444.87,32745.00,8152.23,3014.58,6133.32,0.0184
50,4,534.48,12855.31,33729.50,10281.16,4209.68,6383.35,0.0155
50,4,433.65,6404.85,27539.40,9793.44,4160.34,7180.77,0.0167
50,4,375.14,5412.08,22906.31,8582.28,3245.28,5666.67,0.0176
50,4,439.00,7848.53,26470.82,8918.70,3397.90,6305.70,0.0177
50,4,389.58,4698.83,23395.19,9177.98,3789.18,5729.20,0.0147
50,4,504.96,10659.75,31637.19,9767.31,4013.46,7196.67,0.0167
50,4,471.22,8768.02,28750.70,9487.24,3734.48,6760.95,0.0165
50,4,417.97,8257.98,26308.26,9245.95,3609.52,5194.81,0.0177
50,4,501.04,12961.58,30543.61,8363.58,3035.15,6183.29,0.0153
50,4,374.63,4671.21,23890.25,9542.89,4128.98,5547.16,0.0161
50,4,426.47,5512.89,26013.18,9416.52,3936.84,7146.93,0.0159
50,4,519.42,13141.70,33770.58,9530.74,3991.60,7106.54,0.0186
50,4,516.98,13232.44,32089.50,9248.31,3458.24,6150.51,0.0141
50,4,504.01,12703.16,32666.57,9382.27,4382.67,6198.47,0.0137
50,4,508.97,11325.68,31375.36,9676.21,3655.24,6718.23,0.0156
50,4,466.17,7413.64,28858.24,10360.30,4115.67,6968.63,0.0114
50,4,462.58,10691.33,29201.75,8946.67,3485.90,6077.85,0.0132
50,4,436.86,6146.05,27009.62,9835.75,4125.38,6902.44,0.0163
50,4,485.57,11935.75,29609.55,9052.74,3245.91,5375.14,0.0164
75,4,456.51,9406.76,26830.57,8256.88,3024.37,6142.57,0.0270
75,4,448.63,8982.88,27560.76,8970.66,3679.25,5927.97,0.0179
75,4,537.07,12278.56,32876.96,9690.18,3844.98,7063.24,0.0174
75,4,670.53,21027.45,40457.93,8824.87,3502.37,7103.23,0.0179
75,4,473.77,8771.32,29587.29,10126.53,3877.64,6811.80,0.0174
75,4,458.88,8269.98,27932.16,9161.09,3488.54,7012.55,0.0157
75,4,474.84,9719.81,29297.31,9488.00,3495.55,6593.95,0.0242
75,4,524.04,13449.36,32178.47,8796.16,2927.56,7005.39,0.0155
75,4,451.22,9938.09,27619.43,8577.04,3309.61,5794.69,0.0159
75,4,483.45,10552.90,30283.74,9350.77,3532.04,6848.03,0.0151
75,4,438.09,8550.98,26979.85,9027.70,3433.85,5967.33,0.0162
75,4,484.47,11405.77,30201.65,8901.34,3547.15,6347.40,0.0212
75,4,592.20,16858.31,37912.98,9768.42,3885.08,7401.17,0.0180
75,4,552.22,13877.77,34458.48,9889.19,3705.97,6985.55,0.0154
75,4,455.65,8515.51,28070.03,9439.61,3782.68,6332.23,0.0151
75,4,428.99,7074.05,26774.53,9783.52,3635.62,6281.33,0.0153
75,4,430.91,7249.56,27122.37,9755.67,4314.04,5803.09,0.0163
75,4,537.86,13968.45,34957.39,9811.96,4196.05,6980.93,0.0174
75,4,455.15,9704.90,28983.55,9748.00,3586.68,5943.98,0.0172
75,4,499.55,10968.38,30606.26,8659.30,3298.98,7679.61,0.0163
75,4,440.56,7514.80,26527.92,9922.55,3516.80,5573.77,0.0228
75,4,473.21,10749.94,29222.79,8823.21,3036.07,6613.57,0.0183
75,4,517.59,12147.49,31603.98,8853.29,3438.11,7165.11,0.0177
75,4,570.85,15338.17,36300.48,9694.26,3184.92,8083.13,0.0185
75,4,502.00,13378.04,31819.10,8787.89,3335.48,6317.69,0.0184
75,4,547.73,14759.24,33332.61,8505.69,3395.55,6672.14,0.0178
75,4,514.16,10094.49,30922.68,9108.89,3837.62,7881.68,0.0164
75,4,446.18,9357.95,28708.56,9064.03,3713.40,6573.19,0.0164
75,4,443.93,6530.94,27413.06,9724.91,4235.78,6921.43,0.0182
75,4,530.58,13707.94,32961.85,9461.63,3440.97,6351.32,0.0153
75,4,495.24,11137.07,30716.67,8750.55,3431.74,7397.31,0.0181
75,4,496.56,11828.12,31854.96,8694.87,3369.38,7962.58,0.0173
75,4,436.67,8993.79,27656.87,9090.00,3570.20,6002.88,0.0165
75,4,407.92,7522.56,25420.41,8700.17,3151.18,6046.50,0.0182
75,4,388.93,6038.55,24799.82,9372.68,3563.73,5824.86,0.0171
75,4,519.90,13362.19,33444.90,9698.90,3454.11,6929.71,0.0172
75,4,473.76,9783.24,29885.14,9305.67,3731.31,7064.92,0.0167
75,4,504.26,11239.70,31164.67,8939.47,3692.86,7292.64,0.0170
75,4,640.37,18060.78,39969.08,10401.92,4139.21,7367.17,0.0187
75,4,443.99,8442.44,28093.75,9651.44,3414.61,6585.27,0.0172
75,4,422.38,8353.80,26201.27,8662.16,3751.32,5433.99,0.0183
75,4,545.74,14781.85,33501.18,8699.27,3147.78,6872.28,0.0176
75,4,377.43,3487.33,23727.53,10256.33,3984.49,5999.39,0.0164
75,4,521.93,12154.64,31523.03,9394.38,3406.60,6567.41,0.0200
75,4,445.93,8867.39,27222.51,8647.36,3366.03,6341.73,0.0171
75,4,444.11,7588.02,27722.68,9425.47,3617.15,7092.04,0.0200
75,4,536.48,13081.06,32823.80,9130.23,3769.47,6843.04,0.0166
75,4,473.47,11017.48,29837.34,8956.43,3561.22,6302.22,0.0162
75,4,513.65,12763.44,33245.63,9518.65,3657.33,7306.22,0.0167
75,4,475.19,10300.98,29849.57,9672.75,3889.35,5986.49,0.0201
75,4,446.04,7216.56,26942.09,9654.85,3526.53,6544.14,0.0222
75,4,407.06,6189.74,24909.46,9215.25,3330.21,6174.26,0.0159
75,4,392.76,5087.85,25208.38,9240.66,3774.46,7105.42,0.0191
75,4,502.97,12866.55,31214.95,8974.35,3646.65,5727.40,0.0271
75,4,478.54,9376.26,29275.55,9552.79,3725.72,6620.77,0.0201
75,4,545.82,13690.92,34515.19,9795.16,4127.54,6901.57,0.0178
75,4,413.53,6804.58,25877.56,9486.09,3974.64,5612.25,0.0190
75,4,559.62,16490.72,35841.57,9393.66,3933.78,6023.41,0.0204
75,4,435.30,8431.62,28408.93,9559.05,3603.66,6814.60,0.0233
75,4,513.48,12039.82,30847.09,9377.79,3564.80,5864.69,0.0178
75,4,532.44,14502.66,34176.49,8963.20,3909.36,6801.27,0.0207
75,4,438.85,8679.15,26704.64,8512.73,3295.76,6217.00,0.0170
75,4,437.09,9235.42,26847.54,8375.70,3181.70,6054.73,0.0172
75,4,561.62,16280.04,34288.58,8604.61,3077.16,6326.77,0.0147
75,4,452.58,9856.56,27965.16,9055.96,3740.24,5312.41,0.0174
75,4,491.56,11629.71,30271.06,9250.51,3551.87,5838.98,0.0167
75,4,515.32,12846.50,31996.18,8506.77,3712.00,6930.91,0.0164
75,4,429.25,8551.68,26480.87,9077.84,3441.86,5409.50,0.0172
75,4,481.44,11367.04,29044.23,8128.76,3117.51,6430.91,0.0144
75,4,547.63,12098.84,33713.65,9826.61,3845.29,7942.91,0.0168
75,4,496.16,11430.92,31424.25,10016.46,3899.75,6077.12,0.0175
75,4,460.86,8378.24,28052.34,9356.42,4014.18,6303.51,0.0224
75,4,443.80,6400.04,27253.04,9795.12,3937.50,7120.39,0.0202
75,4,510.85,11550.06,32635.79,10129.62,4071.73,6884.37,0.0213
75,4,483.80,9552.35,30687.53,9576.52,4225.03,7333.63,0.0202
75,4,398.54,5678.52,24600.21,9291.54,3552.88,6077.28,0.0230
75,4,531.15,15018.40,33793.47,8596.68,3349.01,6829.39,0.0200
75,4,499.78,10678.55,30876.43,9786.77,3830.62,6580.49,0.0194
75,4,497.48,10870.28,31480.52,10059.31,3928.98,6621.95,0.0207
75,4,579.45,15703.61,36541.45,9862.48,4019.11,6956.25,0.0229
75,4,632.29,19482.76,38272.42,8419.17,3290.69,7079.80,0.0191
75,4,596.63,15974.86,37997.85,10632.70,4374.20,7016.10,0.0193
75,4,450.12,8192.23,28921.72,9465.77,4010.38,7253.34,0.0294
75,4,406.57,6774.15,24792.65,8756.96,3236.22,6025.33,0.0229
75,4,471.79,8953.36,27769.63,8891.69,3262.58,6662.00,0.0173
75,4,402.68,5461.00,24460.83,9435.39,3734.90,5829.55,0.0216
75,4,541.31,12762.63,33958.04,9734.87,3896.73,7563.81,0.0190
75,4,513.30,11241.96,32454.39,10009.24,3962.56,7240.63,0.0189
75,4,439.93,10262.79,28110.79,9057.77,3400.28,5389.95,0.0190
75,4,575.95,16254.28,34828.27,8748.94,3127.61,6697.44,0.0256
75,4,389.45,4660.27,24372.75,9838.81,4174.60,5699.08,0.0200
75,4,463.64,7747.10,28721.13,9462.29,3891.35,7620.40,0.0179
75,4,560.05,15375.00,36220.84,9307.99,3901.74,7636.10,0.0187
75,4,571.52,16160.09,35266.27,8954.29,3322.96,6828.93,0.0177
75,4,544.60,14306.79,34752.96,9498.38,4313.33,6634.46,0.0162
75,4,581.82,14973.84,35389.88,9283.70,3728.94,7403.40,0.0161
75,4,494.88,10334.59,31060.34,9583.96,3996.94,7144.86,0.0153
75,4,536.20,13104.38,32827.60,8995.70,3640.10,7087.42,0.0172
75,4,432.46,6830.64,27684.79,9950.92,3973.94,6929.29,0.0169
75,4,592.03,17477.10,35738.99,8909.68,3172.87,6179.33,0.0159
100,4,488.33,12616.57,29728.70,7804.16,2870.85,6437.12,0.0211
100,4,471.66,9248.72,29225.26,9905.22,3909.85,6161.46,0.0206
100,4,512.67,13408.98,32913.02,8979.48,3675.13,6849.42,0.0215
100,4,712.09,25099.10,44076.55,8118.83,3370.95,7487.68,0.0185
100,4,461.99,9477.40,29892.38,9718.89,3765.45,6930.65,0.0208
100,4,464.15,9435.27,28727.86,8884.76,3454.25,6953.58,0.0214
100,4,499.49,11693.22,31461.16,9556.12,3443.14,6768.68,0.0226
100,4,563.86,14432.41,33563.52,8851.58,2996.71,7282.82,0.0204
100,4,459.65,10711.90,28067.40,8201.20,3180.03,5974.27,0.0203
100,4,525.27,11517.60,32034.84,9829.64,3614.62,7072.98,0.0224
100,4,453.10,8947.10,28507.50,9844.08,3440.58,6275.74,0.0272
100,4,479.16,11624.27,29860.26,8316.16,3470.23,6449.60,0.0269
100,4,595.38,15774.60,36878.86,9835.45,3836.47,7432.35,0.0286
100,4,563.43,15105.98,35791.22,9928.91,3613.39,7142.93,0.0242
100,4,435.12,8269.66,27541.04,9439.82,3736.21,6095.34,0.0229
100,4,416.96,6811.69,25957.22,9397.33,3526.02,6222.17,0.0293
100,4,436.02,7060.36,27651.57,10409.29,4274.05,5907.87,0.0611
100,4,593.78,15610.33,37489.70,10383.97,4224.18,7271.21,0.0236
100,4,484.97,11640.37,30240.02,9406.16,3268.89,5924.60,0.0224
100,4,502.16,11081.03,31129.35,8717.67,3362.77,7967.87,0.0212
100,4,466.63,9949.58,28676.49,9480.24,3383.20,5863.47,0.0218
100,4,495.75,12906.25,31271.78,8260.24,3113.85,6991.44,0.0241
100,4,543.92,12601.87,32512.52,9061.59,3558.17,7290.89,0.0219
100,4,595.51,15557.70,36373.39,9519.69,3226.20,8069.79,0.0195
100,4,514.20,13011.63,31674.82,8850.50,3329.89,6482.80,0.0209
100,4,614.07,17760.38,36990.29,8625.65,3471.71,7132.56,0.0206
100,4,510.83,11392.40,32091.36,8871.88,3693.96,8133.11,0.0405
100,4,476.16,9320.33,29150.01,9281.05,3746.95,6801.68,0.0219
100,4,435.91,6961.34,27847.83,9756.94,4268.88,6860.66,0.0258
100,4,548.44,14828.92,34417.78,9473.97,3534.74,6580.16,0.0279
100,4,533.08,13485.34,33524.98,8801.65,3374.95,7863.04,0.0211
100,4,507.14,9981.70,30805.96,9478.77,3493.29,7852.20,0.0260
100,4,457.76,9382.32,28757.70,9418.83,3765.50,6191.05,0.0278
100,4,432.70,8940.36,26258.39,8126.19,3055.60,6136.24,0.0244
100,4,409.83,6443.31,25141.44,9193.90,3508.59,5995.64,0.0354
100,4,543.51,14885.68,34771.02,9489.31,3372.12,7023.91,0.0232
100,4,468.30,9481.69,29692.40,9326.71,3747.72,7136.28,0.0255
100,4,524.22,11994.62,32727.18,9295.37,3765.20,7671.98,0.0215
100,4,646.88,20377.42,41127.25,9616.45,3754.19,7379.20,0.0208
100,4,452.46,8397.96,27843.30,9319.38,3484.98,6640.98,0.0237
100,4,434.19,7889.20,26376.71,9338.75,3766.65,5382.11,0.0250
100,4,592.13,16790.17,35736.07,8718.60,3166.20,7061.10,0.0223
100,4,381.21,4772.33,25057.80,10154.03,4006.12,6125.32,0.0233
100,4,503.91,11963.08,31435.77,9427.53,3419.22,6625.95,0.0218
100,4,463.88,9533.29,28447.44,9127.30,3363.91,6422.94,0.0225
100,4,451.50,8301.48,28301.81,9466.27,3568.33,6965.73,0.0210
100,4,579.89,14823.87,34872.13,9195.36,3878.05,6974.85,0.0232
100,4,527.95,12571.93,32330.41,9562.49,3714.26,6481.73,0.0217
100,4,556.08,13699.39,34916.63,9752.77,3762.77,7701.71,0.0199
100,4,481.03,10368.03,30632.51,9985.67,4104.69,6174.13,0.0207
100,4,444.65,8156.65,27280.86,9178.82,3378.11,6567.28,0.0194
100,4,434.88,6829.72,26076.90,9486.70,3495.33,6265.16,0.0234
100,4,402.57,5529.02,25658.30,9088.25,3774.92,7266.10,0.0244
100,4,534.02,14521.81,32591.80,8520.01,3674.31,5875.67,0.0262
100,4,487.19,10107.37,30369.78,9654.99,3824.93,6782.48,0.0241
100,4,562.32,15028.63,35805.12,9603.72,4079.24,7093.52,0.0282
100,4,409.85,7251.74,26581.96,9891.03,3900.21,5538.97,0.0285
100,4,579.36,17236.41,36782.48,9700.94,3826.46,6018.68,0.0243
100,4,472.80,9054.42,29256.78,9597.99,3687.42,6916.94,0.0293
100,4,498.96,11910.88,30702.16,9304.99,3632.03,5854.26,0.0200
100,4,536.19,15162.96,35237.09,9231.77,3808.77,7033.60,0.0231
100,4,471.59,10436.00,29194.82,8770.59,3362.40,6625.83,0.0373
100,4,457.20,10382.92,27848.89,8239.00,3135.67,6091.30,0.0214
100,4,606.65,17226.86,36742.38,9419.43,3389.02,6707.08,0.0254
100,4,459.49,9838.98,28908.95,9764.89,3894.55,5410.53,0.0219
100,4,506.13,12401.62,30880.17,9158.43,3428.63,5891.49,0.0223
100,4,542.82,12777.57,32803.06,9133.31,3742.25,7149.92,0.0213
100,4,446.69,9824.08,28009.99,9217.14,3550.52,5418.24,0.0202
100,4,496.95,11644.41,29900.88,8621.85,3078.59,6556.03,0.0197
100,4,537.95,13820.12,34945.16,9286.67,3755.27,8083.11,0.0218
100,4,506.81,12190.89,32058.10,9920.51,3899.18,6047.53,0.0433
100,4,486.27,9624.50,29510.19,9419.88,3950.89,6514.91,0.0206
100,4,451.43,6710.08,27840.81,9885.65,3997.16,7247.92,0.0212
100,4,529.53,12025.83,33376.22,10356.17,4162.79,6831.43,0.0216
100,4,480.29,9542.86,30946.84,9683.77,4184.59,7535.61,0.0438
100,4,408.23,6737.62,25309.08,8917.08,3357.25,6297.13,0.0231
100,4,563.25,16690.00,35845.45,8576.48,3467.70,7111.27,0.0220
100,4,493.77,11221.18,31351.39,9636.95,3716.03,6777.22,0.0228
100,4,518.29,12090.51,32773.26,10010.62,3872.35,6799.78,0.0200
100,4,569.63,13745.94,35099.97,10389.26,3994.49,6970.28,0.0228
100,4,666.98,20294.43,39789.33,8802.50,3398.27,7294.14,0.0199
100,4,599.15,16260.68,38050.80,10366.96,4260.57,7162.59,0.0234
100,4,477.81,9520.36,30493.45,9568.92,3869.69,7534.47,0.0232
100,4,420.44,7617.17,25724.81,8863.50,3272.82,5971.31,0.0196
100,4,476.04,10658.61,29379.45,8522.12,3315.50,6883.21,0.0193
100,4,404.01,6486.40,25033.12,8900.08,3663.55,5983.09,0.0209
100,4,566.27,13880.59,36079.83,10417.11,4022.16,7759.97,0.0217
100,4,542.30,12803.32,33408.27,9468.43,3879.58,7256.94,0.0227
100,4,494.46,12289.01,31017.33,9307.33,3670.52,5750.47,0.0222
100,4,592.31,17418.39,36317.04,8668.73,3160.14,7069.79,0.0245
100,4,401.90,5569.88,25505.38,9949.96,4095.61,5889.93,0.0209
100,4,457.15,7417.56,28351.69,9582.30,3773.13,7578.70,0.0205
100,4,584.42,15584.71,36928.86,9527.18,4078.49,7738.47,0.0213
100,4,565.82,16896.49,36192.84,8984.54,3388.22,6923.60,0.0194
100,4,541.61,14360.10,35306.81,9851.44,4361.52,6733.76,0.0236
100,4,608.07,16378.33,37137.57,9372.47,3689.51,7697.26,0.0224
100,4,511.53,12321.08,33268.33,9659.43,3894.37,7393.45,0.0430
100,4,555.37,13518.78,33670.28,9502.04,3574.13,7075.33,0.0200
100,4,448.79,7503.12,28415.39,9873.70,3920.63,7117.94,0.0209
100,4,611.88,19448.43,38092.49,9110.32,3119.70,6414.03,0.0206
125,4,479.38,11459.59,28938.95,8117.97,2913.23,6448.15,0.0275
125,4,469.30,9724.11,28945.33,9245.58,3868.05,6107.58,0.0274
125,4,529.23,14074.69,34710.77,9552.67,3782.95,7300.47,0.0269
125,4,753.39,26163.87,46061.84,8691.57,3441.24,7765.16,0.0240
125,4,475.79,9762.73,30611.70,10080.24,3827.84,6940.87,0.0401
125,4,476.98,8724.29,28483.27,9173.21,3426.76,7159.01,0.0256
125,4,514.41,12148.75,31648.96,9218.76,3408.98,6872.48,0.0244
125,4,572.57,15705.36,34429.13,8545.27,2847.91,7330.59,0.0467
125,4,472.77,11688.96,28797.84,7948.50,3198.90,5961.48,0.0278
125,4,524.82,12681.29,32553.66,9248.93,3520.26,7103.18,0.0256
125,4,488.88,10363.56,30122.38,9757.25,3539.33,6462.24,0.0281
125,4,525.84,13949.13,32642.30,8540.11,3495.40,6657.66,0.0250
125,4,600.04,16134.59,37326.04,9691.86,3930.09,7569.49,0.0255
125,4,573.70,15261.24,36358.19,10045.71,3857.09,7194.15,0.0253
125,4,474.64,9474.14,28735.30,9379.75,3747.22,6134.19,0.0255
125,4,431.28,7581.77,26893.62,9367.31,3586.38,6358.15,0.0264
125,4,422.39,7383.45,27435.93,10189.84,3938.08,5924.56,0.0265
125,4,607.41,16620.47,38868.14,10349.46,4403.46,7494.74,0.0267
125,4,486.27,10813.38,30127.75,9849.41,3531.17,5933.79,0.0301
125,4,493.27,11556.62,31135.75,8470.90,3180.22,7928.01,0.0254
125,4,449.32,9213.85,27862.83,9518.87,3301.27,5828.85,0.0270
125,4,522.27,12958.41,32193.12,8977.76,3165.02,7091.93,0.0242
125,4,525.61,13417.44,33140.73,8890.38,3523.75,7309.16,0.0244
125,4,609.15,15546.14,36929.93,9830.75,3388.73,8164.31,0.0249
125,4,534.21,13732.19,33605.62,9812.83,3435.85,6624.75,0.0267
125,4,610.83,17575.53,36894.96,8694.51,3522.53,7102.39,0.0255
125,4,519.93,12964.76,33372.85,8602.71,3614.64,8190.74,0.0264
125,4,474.85,10323.83,29929.80,9009.36,3792.67,6803.95,0.0363
125,4,417.26,6946.16,27873.78,9845.79,4296.98,6784.85,0.0279
125,4,558.22,17463.48,36010.70,8497.57,3286.47,6763.17,0.0258
125,4,536.72,13424.95,33362.44,8657.32,3432.77,7847.40,0.0244
125,4,552.15,12108.39,33191.21,9310.42,3494.25,8278.15,0.0244
125,4,469.38,9159.10,28667.94,9735.48,3788.94,5984.41,0.0285
125,4,446.80,8600.04,26693.80,8599.52,3207.60,6286.63,0.0267
125,4,424.17,6947.79,25914.29,9268.33,3633.08,6065.09,0.0256
125,4,568.48,13401.14,34214.21,10304.10,3504.28,7004.69,0.0255
125,4,485.68,9605.60,30138.91,9682.79,3765.36,7085.16,0.0378
125,4,535.89,14286.49,34179.47,8664.69,3555.54,7672.75,0.0263
125,4,659.23,19760.96,40839.67,9640.99,4085.88,7351.84,0.0273
125,4,445.56,8457.23,27713.85,9331.87,3353.41,6571.33,0.0284
125,4,432.98,9635.87,27351.39,8631.14,3427.70,5656.69,0.0244
125,4,601.80,18152.36,36857.67,8275.80,3159.80,7269.71,0.0398
125,4,387.64,4560.31,25119.56,10332.72,4090.64,6135.89,0.0309
125,4,526.22,12849.96,32238.21,9183.95,3613.97,6590.33,0.0251
125,4,471.23,9862.39,28565.28,8695.09,3439.99,6567.82,0.0263
125,4,455.64,9523.34,28955.19,8943.61,3432.02,7056.22,0.0270
125,4,592.12,15191.22,35589.51,9530.28,3738.62,7129.38,0.0259
125,4,531.30,13028.24,32635.20,9291.48,3686.31,6629.17,0.0311
125,4,565.00,13302.95,34689.99,9872.21,3722.00,7792.84,0.0255
125,4,488.45,11378.73,31030.38,9663.74,3809.19,6178.71,0.0253
125,4,449.61,9380.01,27813.11,8572.58,3258.86,6601.66,0.0230
125,4,451.74,8733.55,27143.33,8736.00,3353.24,6320.54,0.0232
125,4,409.21,5960.89,26736.59,9397.28,3938.36,7440.06,0.0342
125,4,548.94,14029.52,32895.55,9163.55,3827.35,5875.14,0.0289
125,4,489.85,10731.72,30682.90,9411.22,3740.79,6799.17,0.0248
125,4,576.25,15230.39,35820.74,9463.32,4103.84,7023.19,0.0252
125,4,435.09,8093.70,27741.99,9774.38,3993.29,5880.62,0.0276
125,4,579.44,17354.79,36511.85,9481.33,3724.55,5951.18,0.0244
125,4,463.95,9607.33,29191.76,9129.67,3559.95,6894.80,0.0267
125,4,538.08,14463.85,32894.40,8972.51,3423.58,6034.46,0.0239
125,4,556.49,15279.69,35203.73,9145.03,3880.85,6898.15,0.0267
125,4,439.05,9444.74,27453.28,8359.03,3278.56,6370.96,0.0231
125,4,480.08,9836.02,28511.94,9022.04,3227.11,6426.78,0.0250
125,4,618.13,17322.90,36736.51,9297.58,3322.10,6793.93,0.0234
125,4,470.68,10734.70,29649.68,9639.10,3758.41,5517.47,0.0264
125,4,519.58,12886.46,31739.88,9401.60,3463.05,5988.78,0.0244
125,4,552.20,14387.45,34100.58,8846.77,3582.99,7283.37,0.0257
125,4,450.65,9044.22,28048.52,9788.63,3631.91,5583.77,0.0248
125,4,492.39,12281.30,30206.86,8281.90,3037.66,6606.01,0.0233
125,4,548.46,13055.76,34457.44,9616.73,3785.22,7999.74,0.0274
125,4,523.28,14104.28,33812.43,9700.46,3700.36,6307.34,0.0278
125,4,476.62,9985.79,29847.00,9230.37,4048.01,6582.84,0.0250
125,4,442.24,7142.52,28439.38,10117.85,3899.50,7279.51,0.0265
125,4,540.68,13231.74,33903.30,9771.55,3881.61,7018.40,0.0247
125,4,500.85,10165.45,31937.34,9887.25,4219.90,7664.74,0.0250
125,4,430.29,7254.88,26466.77,9413.27,3440.10,6358.53,0.0529
125,4,604.32,17477.03,36914.02,8807.68,3483.27,7146.04,0.0267
125,4,514.74,11659.55,32063.51,9711.69,3811.61,6880.66,0.0333
125,4,526.70,13152.01,33643.63,9956.91,3649.96,6884.76,0.0269
125,4,561.35,14285.05,35315.29,10162.81,3851.73,7015.71,0.0249
125,4,644.03,20939.75,39899.06,8396.99,3186.71,7375.62,0.0266
125,4,610.63,17536.03,39695.76,10513.50,4445.43,7200.81,0.0265
125,4,476.47,8478.27,29862.64,9621.43,4192.86,7570.09,0.0314
125,4,415.30,7097.03,25470.51,8967.16,3290.25,6116.07,0.0268
125,4,494.86,11808.28,30754.93,8592.14,3208.78,7145.74,0.0274
125,4,404.06,6334.75,25136.56,9251.65,3683.85,5866.31,0.0357
125,4,580.60,13591.98,35766.83,10290.75,4065.36,7818.73,0.0334
125,4,530.25,13698.52,34422.26,9621.43,3724.05,7378.27,0.0254
125,4,491.86,13126.98,31825.52,9242.63,3563.66,5892.24,0.0308
125,4,624.09,17941.22,37645.40,9199.83,3274.09,7230.26,0.0308
125,4,404.26,6298.26,25633.61,9434.82,4004.13,5896.40,0.0552
125,4,466.68,8087.73,28893.74,9364.64,3742.14,7699.23,0.0304
125,4,602.36,16204.58,37562.23,9542.36,3949.73,7865.57,0.0314
125,4,637.03,17432.68,37554.60,9535.79,3533.50,7052.62,0.0237
125,4,592.58,15756.41,36473.56,9448.02,4463.52,6805.61,0.0258
125,4,602.47,16931.63,36831.19,8815.22,3470.77,7613.57,0.0408
125,4,499.24,10370.39,31815.01,10030.07,4074.61,7339.93,0.0273
125,4,589.55,15188.23,35258.10,9270.20,3637.10,7162.58,0.0310
125,4,470.69,8427.97,29119.59,9427.82,4023.20,7240.60,0.0330
125,4,639.41,20705.03,39241.74,8847.43,3089.72,6599.56,0.0294
150,4,477.09,11311.66,28596.07,7945.13,2907.90,6431.38,0.0518
150,4,467.12,10464.94,29602.54,9214.66,3693.65,6229.28,0.0316
150,4,548.76,13541.66,34190.53,9642.10,3867.21,7139.56,0.0441
150,4,758.27,26163.07,46040.46,8538.46,3525.07,7813.87,0.0331
150,4,506.18,10128.43,31561.19,10323.75,3903.89,7205.12,0.0344
150,4,498.91,9987.73,29925.29,9065.99,3674.39,7197.18,0.0371
150,4,509.49,11156.67,31107.22,9521.74,3552.77,6876.04,0.0508
150,4,571.80,16398.61,35380.32,8454.60,2863.79,7663.32,0.0306
150,4,455.27,10810.70,28651.68,8547.15,3314.04,5979.79,0.0309
150,4,533.46,13469.57,33592.18,9451.45,3438.32,7232.85,0.0327
150,4,456.50,9907.95,28772.64,9112.90,3481.51,6270.28,0.0399
150,4,518.29,14885.86,32916.59,8173.39,3277.90,6579.42,0.0315
150,4,607.29,18036.25,39293.43,9661.35,3986.47,7609.36,0.0335
150,4,564.61,14409.16,35321.56,9984.66,3871.37,7056.37,0.0342
150,4,462.44,9478.37,29147.36,9512.14,3767.55,6389.30,0.0314
150,4,422.68,6826.41,26484.53,9725.13,3654.19,6278.79,0.0334
150,4,439.27,7514.41,27690.46,10067.19,4232.59,5876.27,0.0375
150,4,571.46,15570.71,37474.13,10293.28,4346.82,7263.33,0.0362
150,4,493.25,10197.08,30242.66,10403.22,3688.62,5953.74,0.0331
150,4,553.93,12684.97,32983.91,8520.60,3457.39,8320.95,0.0287
150,4,445.56,9261.58,28368.01,9739.20,3426.03,5941.20,0.0322
150,4,501.45,12484.67,31452.75,8877.96,3117.80,6972.32,0.0341
150,4,536.04,12586.92,32618.23,9071.42,3518.02,7441.88,0.0318
150,4,604.51,17114.40,38481.31,9856.05,3284.70,8226.15,0.0321
150,4,522.63,13557.99,32654.38,9271.76,3313.76,6510.88,0.0280
150,4,634.67,19085.10,37959.46,8314.06,3318.51,7241.79,0.0292
150,4,526.06,12987.89,33496.83,8583.36,3633.59,8291.99,0.0290
150,4,446.74,9935.15,28464.33,8333.85,3549.51,6645.83,0.0290
150,4,469.49,8440.11,29820.69,9947.65,4339.06,7093.88,0.0323
150,4,588.87,16370.20,35899.99,9330.44,3478.02,6721.32,0.0353
150,4,560.05,14288.79,34473.73,8695.28,3490.43,7999.23,0.0311
150,4,543.16,12039.83,32843.59,9292.92,3409.74,8101.09,0.0366
150,4,476.37,10231.39,29549.70,9396.51,3751.76,6170.03,0.0292
150,4,415.66,7457.80,25611.35,8742.91,3264.50,6146.14,0.0392
150,4,420.09,7272.39,26266.71,9308.02,3582.59,6103.71,0.0357
150,4,589.65,15272.04,36150.91,10029.32,3571.12,7278.42,0.0363
150,4,477.82,10424.48,30568.57,9494.62,3634.30,7015.17,0.0355
150,4,525.08,14199.46,33778.17,8441.99,3565.83,7570.89,0.0408
150,4,659.33,20169.18,41106.94,9656.85,3865.40,7415.51,0.0546
150,4,470.10,9133.84,28934.42,9568.33,3522.68,6709.57,0.0343
150,4,451.12,9749.88,28227.23,8991.27,3799.80,5686.27,0.0332
150,4,625.66,18414.72,38092.50,9180.54,3075.87,7421.38,0.0325
150,4,395.74,5011.63,24679.99,9665.91,3965.32,6037.12,0.0375
150,4,533.67,12698.82,32633.79,9619.89,3591.53,6723.55,0.0267
150,4,480.13,10821.15,29631.14,8833.17,3250.02,6726.81,0.0322
150,4,458.36,9135.52,29143.38,9317.57,3509.20,7181.09,0.0616
150,4,604.49,16681.70,37436.76,9685.39,3762.72,7306.96,0.0274
150,4,518.72,13038.72,32541.88,9316.93,3611.45,6574.77,0.0326
150,4,570.07,15168.62,36200.42,9622.90,3595.08,7813.82,0.0333
150,4,497.05,10572.73,30780.46,9963.98,4008.90,6234.84,0.0309
150,4,458.76,10045.13,29094.56,9051.88,3321.13,6676.42,0.0277
150,4,439.58,8074.11,26857.46,9158.18,3304.57,6320.60,0.0297
150,4,403.98,5499.34,26266.16,9580.17,3789.72,7396.94,0.0296
150,4,536.26,15449.20,33780.71,8610.47,3699.92,6021.11,0.0319
150,4,482.48,8955.34,29347.44,9915.23,3801.79,6675.08,0.0298
150,4,597.68,17521.45,37691.10,9354.67,3847.53,6967.45,0.0268
150,4,422.60,6948.71,26327.37,9775.33,3977.43,5625.90,0.0334
150,4,592.90,17231.66,37357.47,10061.43,3970.09,6094.29,0.0284
150,4,481.93,9829.36,29613.05,9393.51,3628.82,6761.36,0.0270
150,4,509.48,13702.34,32102.63,9146.30,3237.16,6016.83,0.0277
150,4,592.10,16255.76,36449.01,9342.84,3834.05,7016.35,0.0283
150,4,470.63,10015.76,29096.04,8820.98,3569.23,6690.07,0.0291
150,4,491.83,11049.29,28796.38,8313.51,3161.55,6272.03,0.0269
150,4,635.09,18918.65,37930.45,8826.72,3282.27,6902.80,0.0327
150,4,477.95,11023.26,29113.22,8851.29,3606.25,5632.41,0.0298
150,4,525.90,12922.97,31713.45,9338.61,3513.04,5938.83,0.0269
150,4,544.55,13920.03,33114.68,8545.58,3546.54,7102.53,0.0322
150,4,451.26,10342.07,28417.59,8971.66,3497.27,5606.59,0.0315
150,4,520.74,12684.51,31686.26,8806.64,3300.09,6895.02,0.0324
150,4,555.34,13841.94,35028.57,9469.39,3741.98,7975.27,0.0307
150,4,519.35,12993.76,33029.35,9930.48,3836.10,6269.01,0.0283
150,4,480.74,10175.78,30073.05,9448.65,3957.70,6490.92,0.0287
150,4,453.81,7476.87,28301.26,9890.40,3885.23,7048.75,0.0308
150,4,547.21,13571.99,34738.87,9931.70,4141.70,7093.48,0.0547
150,4,520.48,10405.88,32426.57,9954.93,4204.08,7861.68,0.0301
150,4,435.95,6810.00,26463.90,9682.74,3493.07,6478.08,0.0393
150,4,632.04,18087.92,38126.08,9087.50,3629.55,7321.11,0.0298
150,4,505.42,13442.56,32953.67,9067.91,3621.79,6821.42,0.0376
150,4,534.38,13279.44,33937.14,10062.40,3812.98,6782.32,0.0315
150,4,574.13,14605.88,35285.83,9581.15,3918.22,7180.59,0.0385
150,4,630.94,19266.30,38370.70,8724.67,3203.18,7176.55,0.0614
150,4,640.16,17521.18,40187.18,10967.03,4373.60,7325.38,0.0407
150,4,489.32,8192.42,29858.71,9733.15,4286.92,7646.21,0.0317
150,4,414.80,7573.40,25447.07,8529.04,3218.82,6125.81,0.0363
150,4,515.31,12673.23,31322.63,8332.14,3303.46,7013.79,0.0289
150,4,422.59,7798.44,26323.32,8904.58,3554.46,6065.83,0.0476
150,4,558.60,13907.56,35723.39,10202.05,4013.81,7599.97,0.0330
150,4,532.34,12714.93,33724.33,9902.05,3730.65,7376.69,0.0301
150,4,503.24,12597.07,31159.95,9255.96,3545.54,5761.38,0.0431
150,4,635.34,18863.57,37966.34,8490.15,3239.07,7373.55,0.0304
150,4,421.99,5559.55,25162.87,9599.46,4205.59,5798.27,0.0358
150,4,463.18,8525.73,29240.60,9376.83,3782.07,7555.96,0.0353
150,4,585.69,15607.73,37052.35,9613.78,4100.44,7730.40,0.0582
150,4,603.16,18093.69,37407.20,9052.07,3321.66,6939.77,0.0353
150,4,568.69,15893.05,36061.55,9131.14,4105.98,6931.39,0.0393
150,4,610.22,16955.14,37245.06,9182.28,3483.82,7623.83,0.0327
150,4,531.55,11313.30,33168.81,10268.08,4056.40,7531.03,0.0353
150,4,579.66,15374.42,35615.83,9430.75,3597.16,7213.49,0.0337
150,4,465.30,8407.66,29280.27,9682.57,3986.78,7203.25,0.0376
150,4,642.20,20035.96,39137.81,9098.79,3136.60,6866.46,0.0322
175,4,521.11,13503.21,30874.06,7856.84,2916.39,6597.62,0.0429
175,4,479.24,11056.53,29891.85,8944.83,3598.22,6292.26,0.0525
175,4,589.97,14934.22,35953.06,9838.29,3858.77,7321.78,0.0477
175,4,772.31,26977.20,47168.43,8721.70,3481.77,7987.76,0.0418
175,4,501.71,10271.64,31061.64,9759.17,3793.03,7237.80,0.0620
175,4,465.28,8990.83,28567.83,9034.60,3490.99,7051.42,0.0761
175,4,520.93,12735.41,32707.75,9458.57,3451.08,7062.69,0.0362
175,4,599.51,16679.40,35817.93,8465.93,2902.97,7769.63,0.0418
175,4,464.77,11087.34,28535.62,8159.51,3278.23,6010.54,0.0479
175,4,528.67,12350.45,32706.16,9649.88,3490.50,7215.33,0.0426
175,4,460.42,9959.83,29358.74,9559.52,3526.04,6313.35,0.0436
175,4,522.03,13531.47,32515.84,8791.75,3437.03,6755.60,0.0392
175,4,617.51,17205.95,38418.34,9796.01,3775.75,7640.64,0.0379
175,4,586.39,15560.56,36385.58,9936.55,3722.20,7166.26,0.0446
175,4,458.47,9198.31,28220.21,8967.40,3869.08,6185.42,0.0796
175,4,426.71,6745.58,26576.28,9933.65,3613.28,6283.76,0.0473
175,4,458.56,7980.57,28067.12,9962.87,4160.91,5962.77,0.0538
175,4,609.26,16917.62,38595.15,9976.52,4266.20,7434.81,0.0447
175,4,493.21,10614.65,30137.11,10179.71,3442.91,5899.84,0.0383
175,4,524.97,12257.82,32430.48,8546.76,3397.94,8227.96,0.0367
175,4,472.14,10216.75,28938.03,9396.63,3393.31,5931.34,0.0582
175,4,522.93,12413.51,31562.05,8884.25,3187.56,7076.74,0.0615
175,4,560.23,14444.59,34051.50,8715.04,3371.75,7520.12,0.0492
175,4,641.27,17974.19,39445.88,9917.04,3205.92,8348.73,0.0404
175,4,532.65,13342.93,32674.86,9447.77,3373.78,6510.37,0.0426
175,4,635.86,19490.87,38498.43,8309.13,3291.69,7406.74,0.0379
175,4,526.99,13283.02,33928.06,8835.32,3595.71,8214.01,0.0384
175,4,472.86,9192.75,28969.19,9249.40,3714.01,6813.03,0.0387
175,4,459.50,7701.37,29024.74,9882.39,4431.98,7009.01,0.0443
175,4,610.25,18171.19,37506.25,9243.22,3350.32,6741.52,0.0412
175,4,548.00,14112.80,33828.48,8709.17,3253.91,7752.59,0.0383
175,4,535.51,12464.52,33116.83,9052.88,3359.54,8239.88,0.0383
175,4,453.93,9499.80,28542.26,9294.98,3730.12,6017.36,0.0394
175,4,434.61,8337.10,26145.75,8510.69,3140.84,6157.13,0.0417
175,4,425.09,8699.19,27107.88,8891.05,3280.48,6237.16,0.0489
175,4,578.69,16480.17,36264.97,9031.87,3413.49,7339.44,0.0383
175,4,471.57,11094.61,30961.24,9105.44,3653.18,7108.01,0.0508
175,4,558.71,14239.22,34732.42,9062.70,3598.24,7832.26,0.0429
175,4,691.37,20832.30,42243.26,9876.79,3977.29,7556.88,0.0412
175,4,460.35,8724.01,28075.02,9373.38,3459.38,6518.26,0.0421
175,4,439.92,9681.01,27819.65,8852.77,3588.43,5697.44,0.0818
175,4,637.45,19519.06,38706.74,8614.96,3039.76,7532.97,0.0388
175,4,396.07,5498.25,25373.47,9648.82,4111.50,6114.89,0.0523
175,4,553.31,14178.43,33621.24,9271.86,3400.25,6770.70,0.0632
175,4,481.75,11378.71,30122.80,8517.66,3395.15,6831.29,0.0561
175,4,491.54,10295.37,30194.98,9124.59,3499.26,7275.77,0.0880
175,4,606.42,16338.54,37235.06,9756.11,3841.63,7298.78,0.0584
175,4,529.61,11935.76,31921.76,9710.38,3660.86,6614.76,0.0494
175,4,555.37,13953.44,35089.94,9645.69,3814.51,7676.30,0.0541
175,4,483.40,10373.09,30806.33,10026.74,4145.07,6261.42,0.0525
175,4,459.28,9492.00,28698.97,9113.70,3327.17,6766.10,0.0445
175,4,427.66,8846.15,26941.33,8564.74,3219.18,6311.26,0.0476
175,4,419.36,5795.68,25972.74,9077.10,3777.08,7322.87,0.0427
175,4,554.92,14997.31,33809.53,8923.77,3712.04,6176.41,0.0463
175,4,509.98,11557.08,31049.77,9057.32,3638.24,6797.13,0.0472
175,4,605.17,16978.86,37763.43,9603.84,3973.22,7207.51,0.0504
175,4,448.40,7641.96,27655.91,10029.41,4130.87,5853.67,0.0369
175,4,576.18,17197.40,36831.14,9707.15,3871.04,6055.55,0.0427
175,4,475.82,9582.67,30117.24,9939.91,3698.37,6896.30,0.0585
175,4,559.44,15464.19,34469.25,9360.16,3525.10,6119.80,0.0987
175,4,578.23,16108.45,36431.62,9321.10,3898.98,7103.09,0.0718
175,4,452.48,9869.19,28328.26,8619.95,3392.24,6446.88,0.0577
175,4,483.17,10367.24,28874.63,8761.13,3295.19,6451.07,0.0564
175,4,637.47,20224.07,39096.53,8731.53,3150.33,6990.61,0.0549
175,4,484.99,12157.67,30890.60,9382.34,3648.04,5702.55,0.0432
175,4,504.10,13664.00,31880.61,8885.66,3406.98,5923.97,0.0431
175,4,567.60,13743.78,33933.56,9102.93,3794.63,7292.23,0.0494
175,4,456.88,9535.66,28224.51,9436.12,3598.78,5653.95,0.0431
175,4,528.87,13550.82,31749.90,8412.48,3030.07,6756.53,0.0370
175,4,533.90,14441.09,35369.06,9230.52,3621.45,8076.00,0.0403
175,4,523.26,13790.31,33726.02,9786.48,3804.57,6344.67,0.0497
175,4,494.29,10532.88,30373.61,9310.05,3861.52,6669.16,0.0458
175,4,449.32,7769.64,28269.82,9466.75,3787.50,7245.93,0.0975
175,4,505.37,12187.27,32749.67,9575.44,3954.71,7032.25,0.0546
175,4,517.71,9426.02,31674.85,10377.58,4345.46,7525.78,0.0457
175,4,462.58,8448.75,28108.58,9482.07,3513.49,6664.27,0.0389
175,4,622.49,18642.80,38065.33,8618.48,3462.73,7341.32,0.0663
175,4,534.63,13462.89,33387.38,9421.39,3555.65,6947.44,0.0381
175,4,527.26,13113.77,33620.36,9732.25,3959.47,6814.88,0.0591
175,4,579.66,15137.37,36307.26,10064.27,3919.24,7186.39,0.0689
175,4,660.09,22337.67,41302.31,8272.60,3196.69,7495.35,0.0479
175,4,606.64,17566.02,39313.71,10371.84,4190.51,7185.34,0.0599
175,4,479.06,8500.59,29627.71,9455.94,4212.90,7458.28,0.0531
175,4,405.31,8153.30,25942.28,8452.16,3253.64,6083.18,0.0398
175,4,468.96,10576.36,29312.28,8580.81,3245.68,6909.42,0.0523
175,4,415.59,6985.30,25637.14,9046.43,3576.63,6028.79,0.0457
175,4,550.95,14940.29,36274.47,9852.97,3749.16,7732.05,0.0887
175,4,531.26,12679.55,33859.08,9822.88,4038.67,7317.98,0.0420
175,4,493.45,12535.15,30797.25,9336.31,3361.62,5564.18,0.0472
175,4,617.55,18656.36,37585.63,8680.33,3140.65,7108.29,0.0548
175,4,402.03,6258.71,25764.85,9693.45,3987.72,5824.98,0.0407
175,4,473.10,8111.58,29285.00,9720.96,3850.52,7601.95,0.0479
175,4,597.09,15066.10,37146.05,10104.27,4053.26,7922.42,0.0435
175,4,621.74,19669.56,38294.57,8360.46,3134.61,7129.94,0.0379
175,4,558.74,14831.73,35602.02,9648.49,4342.34,6779.45,0.0591
175,4,627.35,17550.20,38122.18,9214.80,3615.89,7741.29,0.0499
175,4,536.23,11293.63,33242.69,10243.88,4065.03,7640.16,0.0579
175,4,578.89,17151.79,37237.93,9265.00,3553.02,7268.13,0.0381
175,4,476.36,9285.23,30105.95,9302.64,4031.73,7486.35,0.0558
175,4,695.85,22299.64,41560.47,8893.26,3383.43,6984.13,0.0380
200,4,513.15,13400.99,30449.74,7692.01,2869.12,6487.61,0.0703
200,4,474.49,10317.12,29819.52,9432.76,3683.64,6386.00,0.0590
200,4,570.07,15668.06,35870.67,9193.41,3712.53,7296.66,0.0559
200,4,741.68,26672.80,46329.84,8383.16,3351.14,7922.74,0.0525
200,4,490.04,10750.67,31274.56,9779.03,3718.41,7026.45,0.0567
200,4,478.52,9781.42,29853.01,9423.27,3542.98,7105.35,0.0471
200,4,514.99,12605.68,32041.41,8916.25,3446.94,7072.54,0.0626
200,4,591.52,17197.21,36287.18,8366.10,2964.16,7759.71,0.0461
200,4,508.81,13931.81,32141.68,8641.80,3258.13,6309.94,0.0508
200,4,525.14,12007.26,32060.27,9490.87,3511.01,7051.13,0.0497
200,4,443.98,8650.45,27578.02,9486.03,3365.35,6076.19,0.0448
200,4,520.36,13415.15,32174.68,8744.98,3439.36,6575.19,0.0544
200,4,602.22,17440.72,38516.08,9672.24,3787.52,7615.59,0.0643
200,4,562.50,15313.32,36273.34,10105.22,3849.76,7005.05,0.0454
200,4,451.95,9201.77,28471.95,9369.16,3803.04,6097.99,0.0464
200,4,444.94,7585.66,27378.64,9684.48,3816.58,6291.91,0.0502
200,4,447.55,7523.19,27779.29,10228.96,4166.21,5860.92,0.0749
200,4,612.81,16823.58,39152.66,10430.16,4499.88,7399.05,0.0714
200,4,464.94,10742.16,29242.70,9406.46,3258.97,5835.11,0.0581
200,4,547.27,13835.14,33592.46,8238.13,3294.52,8224.67,0.0412
200,4,451.51,8803.86,27720.20,9703.37,3488.46,5724.51,0.0780
200,4,521.06,12299.27,31831.64,9312.04,3151.36,7068.96,0.0473
200,4,541.87,13123.74,32988.55,8941.69,3494.84,7428.28,0.0446
200,4,638.87,18204.87,39416.21,9736.30,3340.47,8134.57,0.0610
200,4,546.32,14134.28,33593.57,9476.56,3464.93,6517.80,0.0558
200,4,647.60,19417.21,38233.19,8266.13,3367.85,7182.00,0.0440
200,4,521.01,12394.49,33661.23,9250.61,3640.85,8375.28,0.0395
200,4,463.19,9662.81,29195.84,9079.21,3687.17,6766.65,0.0402
200,4,468.65,8461.70,29703.54,10003.62,4201.77,7036.45,0.0446
200,4,608.33,16632.41,36615.29,9661.77,3576.36,6744.75,0.0408
200,4,551.28,14094.20,34583.41,8972.11,3451.32,8065.78,0.0389
200,4,543.63,12389.85,33286.87,9338.30,3388.17,8170.55,0.0399
200,4,490.27,10457.25,30009.95,9450.96,3781.87,6319.87,0.0406
200,4,456.15,9520.38,27925.14,8626.60,3344.13,6434.03,0.0387
200,4,422.75,8090.45,26915.92,9131.82,3487.67,6205.98,0.0403
200,4,581.42,16498.34,36414.43,9326.46,3353.09,7236.53,0.0366
200,4,496.44,11374.53,31441.72,9052.59,3724.97,7289.63,0.0421
200,4,539.80,14423.76,34597.49,8806.32,3535.96,7831.45,0.0369
200,4,684.03,20078.48,42256.67,10365.37,4160.30,7652.52,0.0426
200,4,462.02,9362.13,28655.91,9278.31,3371.80,6643.67,0.0430
200,4,440.42,9641.72,27456.23,8674.73,3659.88,5479.89,0.0404
200,4,632.24,17873.32,37761.45,9270.14,3161.91,7456.09,0.0348
200,4,386.35,5340.44,24892.73,9648.34,3820.27,6083.67,0.0468
200,4,510.28,12698.91,31653.82,9023.19,3327.83,6603.90,0.0379
200,4,482.34,10830.89,29518.35,8850.30,3334.43,6502.73,0.0366
200,4,477.08,9520.82,30179.95,9656.10,3658.89,7344.14,0.0433
200,4,597.02,16975.73,37868.69,9678.38,3874.29,7340.29,0.0425
200,4,503.60,12234.07,31508.14,9257.76,3506.98,6509.33,0.0380
200,4,574.64,14619.46,36004.13,9708.02,3801.55,7875.10,0.0486
200,4,486.38,11734.27,31511.20,9582.71,3939.03,6255.19,0.0448
200,4,463.71,9608.21,28798.62,9224.28,3249.26,6716.87,0.0368
200,4,452.04,8251.28,26870.02,8821.35,3400.68,6396.71,0.0378
200,4,454.34,6996.48,27905.35,9512.55,3970.77,7425.55,0.0425
200,4,535.82,14268.38,33169.90,9146.88,3751.71,6002.92,0.0399
200,4,507.10,11645.96,31742.33,9483.49,3838.28,6774.59,0.0455
200,4,593.17,16357.48,37441.07,9807.24,4107.60,7168.76,0.0478
200,4,429.59,7781.69,27319.00,9747.39,3985.07,5804.85,0.0418
200,4,593.78,16714.05,36824.84,10034.29,4021.30,6055.20,0.0415
200,4,472.90,10113.46,30086.23,9488.46,3547.50,6936.81,0.0489
200,4,526.24,14340.19,32951.08,9057.25,3505.54,6048.11,0.0419
200,4,589.90,16999.65,37430.06,9319.26,3936.54,7174.61,0.0410
200,4,474.73,11254.39,29626.70,8386.02,3315.02,6671.28,0.0367
200,4,483.91,10131.63,28458.70,8636.52,3373.47,6317.07,0.0376
200,4,629.15,19684.41,38412.14,8667.93,3152.77,6907.03,0.0521
200,4,483.00,11583.49,30081.35,9118.69,3857.72,5521.44,0.0410
200,4,543.63,14332.59,33228.34,9294.51,3483.60,6117.64,0.0396
200,4,561.00,15677.65,35562.36,8841.73,3546.90,7496.09,0.0369
200,4,471.34,9635.84,28454.92,9766.68,3527.50,5524.90,0.0368
200,4,535.26,14301.01,32938.07,8382.69,3140.16,7114.21,0.0429
200,4,561.96,13676.50,35060.83,9691.00,3751.62,7941.72,0.0401
200,4,533.16,12850.69,33183.11,10051.05,3969.75,6311.63,0.0409
200,4,486.18,10566.38,30594.86,9315.00,4027.73,6685.75,0.0369
200,4,457.09,7807.54,29072.39,10048.93,3993.04,7222.88,0.0413
200,4,525.31,12474.58,33825.15,10254.74,4047.23,7048.59,0.0397
200,4,498.32,10873.24,32040.83,9415.75,4109.10,7642.74,0.0382
200,4,433.90,8275.95,27049.85,8755.02,3427.65,6591.23,0.0400
200,4,602.15,17043.89,36667.01,8880.83,3515.29,7227.01,0.0364
200,4,527.83,12779.01,33087.12,9597.05,3784.64,6926.43,0.0430
200,4,543.49,13276.80,34057.71,9923.35,3959.37,6898.19,0.0429
200,4,580.83,16776.74,37518.62,9638.02,3858.47,7245.38,0.0406
200,4,643.72,21176.57,40286.90,8591.67,3109.06,7409.60,0.0372
200,4,637.30,17657.36,39634.58,10532.45,4115.43,7329.35,0.0434
200,4,485.17,9553.39,30926.89,9790.52,4020.53,7562.45,0.0415
200,4,438.35,7970.32,26340.41,8765.00,3378.25,6226.83,0.0367
200,4,530.42,10793.83,30825.70,9354.47,3511.91,7165.49,0.0371
200,4,422.19,6683.84,25731.01,9308.66,3778.10,5960.41,0.0419
200,4,566.97,14159.63,36072.64,10102.08,4073.70,7737.23,0.0404
200,4,529.85,13496.11,34056.30,9356.89,3709.57,7493.73,0.0477
200,4,498.17,11044.51,30037.60,9737.63,3593.80,5661.67,0.0372
200,4,627.03,17665.22,36895.34,8720.31,3294.78,7215.04,0.0378
200,4,412.34,7033.50,26138.36,9276.20,3924.19,5904.46,0.0586
200,4,466.21,7920.13,29192.12,9762.13,3866.30,7643.57,0.0439
200,4,607.61,16946.19,38660.93,9790.65,4066.33,7857.76,0.0403
200,4,598.70,18064.90,37493.40,8927.51,3398.80,7102.19,0.0359
200,4,564.70,15118.56,35848.44,9563.75,4360.46,6805.68,0.0409
200,4,613.24,16670.31,36844.91,8910.49,3532.58,7731.54,0.0376
200,4,531.92,11560.73,33763.57,10325.39,4239.03,7638.42,0.0406
200,4,585.72,16145.15,36569.47,9434.64,3718.03,7271.65,0.0361
200,4,460.10,8457.36,29137.22,9654.96,3888.76,7136.13,0.0387
200,4,656.86,20882.46,40019.68,9009.79,3169.41,6958.02,0.0351
225,4,499.41,11359.58,28997.06,8222.42,2960.54,6454.51,0.0389
225,4,477.36,10789.55,29687.94,9066.66,3664.13,6167.60,0.0437
225,4,564.11,15159.95,36115.00,9775.11,3906.50,7273.44,0.0469
225,4,779.39,27625.81,47937.42,8861.92,3542.50,7907.20,0.0456
225,4,524.39,10659.19,32039.15,10208.70,4018.91,7152.35,0.0448
225,4,484.43,9591.83,29415.95,9391.20,3486.70,6946.22,0.0412
225,4,500.08,12208.09,31477.25,8859.30,3406.71,7003.15,0.0433
225,4,601.80,16855.47,35982.50,8493.60,3040.85,7592.59,0.0421
225,4,501.82,12769.12,30627.71,8453.83,3269.82,6134.94,0.0424
225,4,550.88,12571.44,33468.82,10140.15,3520.72,7236.50,0.0430
225,4,488.13,11146.65,30370.96,9226.07,3583.22,6415.02,0.0493
225,4,510.37,12968.13,31845.51,8803.79,3426.66,6646.93,0.0456
225,4,606.31,17920.10,38979.12,9576.87,3867.79,7614.36,0.0428
225,4,558.34,15663.77,35915.11,9303.17,3657.92,7290.25,0.0454
225,4,462.72,8628.96,28285.66,9537.45,3819.36,6299.88,0.0419
225,4,428.56,6904.85,26513.90,9555.81,3772.41,6280.82,0.0484
225,4,450.87,7350.08,27844.16,10253.35,4214.90,6025.84,0.0488
225,4,615.11,16645.32,38833.37,10451.50,4292.69,7443.85,0.0489
225,4,479.42,11456.79,30605.08,9715.91,3475.53,5956.85,0.0437
225,4,539.69,13145.54,33358.94,8544.03,3336.87,8332.49,0.0435
225,4,472.65,11013.76,29823.17,9421.58,3402.45,5985.37,0.0648
225,4,530.15,13387.27,32384.67,8753.49,3102.64,7141.27,0.0424
225,4,560.43,13552.03,33760.49,9034.64,3497.14,7676.68,0.0440
225,4,624.96,17222.02,38281.93,9438.97,3379.86,8241.08,0.0408
225,4,544.94,14811.96,34149.79,9224.21,3510.54,6603.08,0.0406
225,4,632.90,19560.92,38596.90,8278.03,3380.63,7377.31,0.0413
225,4,549.66,13737.81,34737.93,8898.02,3639.73,8462.37,0.0403
225,4,485.35,9768.85,29428.77,9095.58,3715.22,6849.12,0.0411
225,4,453.67,7970.44,29061.83,9843.62,4287.30,6960.48,0.0526
225,4,577.60,15992.70,36101.42,9786.66,3601.42,6720.64,0.0454
225,4,573.42,14017.25,34688.04,9142.27,3502.47,8026.05,0.0429
225,4,536.33,12591.12,33653.63,9284.26,3622.89,8155.36,0.0427
225,4,477.56,11244.98,30145.08,8956.79,3628.25,6315.06,0.0414
225,4,453.99,9218.35,27165.97,8213.18,3254.10,6480.35,0.0409
225,4,442.77,7909.20,27153.66,9424.55,3477.98,6341.92,0.0415
225,4,572.50,15825.73,35866.65,9356.18,3405.80,7278.93,0.0421
225,4,507.81,11929.89,32063.92,9254.88,3588.79,7290.35,0.0510
225,4,555.22,13958.96,33892.00,8777.34,3519.16,7636.54,0.0430
225,4,661.13,18690.07,40379.14,10119.27,4110.17,7459.63,0.0464
225,4,440.89,8690.68,27545.53,9127.24,3234.08,6493.54,0.0442
225,4,440.13,9811.64,27814.20,8735.94,3626.41,5640.20,0.0457
225,4,646.90,19377.25,39086.92,8891.09,3053.18,7765.40,0.0428
225,4,405.43,5517.06,25330.14,9643.37,4044.67,6125.04,0.0507
225,4,539.77,12810.00,32630.39,9654.29,3510.13,6655.97,0.0456
225,4,482.35,11060.68,29782.78,8856.92,3289.29,6575.89,0.0459
225,4,473.33,9418.60,29140.26,9062.03,3438.46,7221.17,0.0499
225,4,625.09,18379.46,38541.87,9058.65,3744.55,7359.21,0.0442
225,4,512.20,11398.85,31489.00,9814.74,3701.41,6573.99,0.0456
225,4,578.07,14210.14,35541.22,9867.87,3791.02,7672.19,0.0442
225,4,507.89,11004.21,31557.92,10132.81,4149.97,6270.93,0.0724
225,4,476.77,10361.08,29325.36,8881.87,3343.56,6738.85,0.0447
225,4,442.64,8491.86,26862.93,8794.64,3176.62,6399.81,0.0402
225,4,442.71,7580.89,28125.89,9192.64,3864.74,7487.63,0.0443
225,4,563.81,16244.21,34705.00,8773.91,3625.65,6061.22,0.0451
225,4,496.74,10811.16,30713.63,9420.12,3700.54,6781.81,0.0436
225,4,604.34,17913.73,38428.18,9299.24,3936.21,7279.00,0.0478
225,4,436.64,6795.14,26845.87,10183.30,4147.72,5719.71,0.0465
225,4,586.19,16880.91,36749.01,9833.74,3912.34,6122.01,0.0431
225,4,474.69,10156.39,29665.30,9133.00,3484.02,6891.89,0.0450
225,4,557.21,14732.70,33578.77,9267.18,3494.65,6084.23,0.0440
225,4,581.80,16194.94,37173.65,9608.69,4123.03,7246.99,0.0468
225,4,481.00,9930.10,28784.94,8789.35,3404.27,6661.21,0.0563
225,4,495.66,10620.48,28734.39,8592.11,3251.29,6270.52,0.0392
225,4,610.32,18695.35,37404.57,8793.23,3115.84,6800.15,0.0414
225,4,461.06,11665.87,29791.44,8952.91,3696.42,5476.23,0.0464
225,4,534.38,13754.15,32574.18,9213.47,3469.09,6137.47,0.0407
225,4,572.88,15175.65,34889.09,8666.56,3674.73,7372.16,0.0395
225,4,472.02,12120.52,30273.08,9134.41,3426.67,5591.49,0.0432
225,4,558.43,13360.89,32707.31,8900.94,3357.21,7088.28,0.0413
225,4,530.29,13585.94,34781.81,9397.34,3812.74,7985.79,0.0484
225,4,531.88,13811.43,33585.44,9676.36,3798.89,6298.76,0.0428
225,4,462.70,9866.09,29401.52,9107.59,3870.17,6557.66,0.0434
225,4,446.38,8105.74,28889.58,9753.36,3735.05,7295.43,0.0454
225,4,538.48,12726.28,34171.95,10291.05,4011.03,7143.59,0.0437
225,4,511.06,9716.67,31962.28,10399.05,4329.97,7516.59,0.0436
225,4,453.66,7221.48,26831.00,9601.81,3588.78,6418.93,0.0404
225,4,639.41,18651.09,38427.33,8955.93,3561.69,7258.61,0.0421
225,4,534.31,13262.83,33650.56,9688.11,3776.41,6923.22,0.0431
225,4,523.83,12576.48,33131.14,9989.74,3709.15,6855.78,0.0419
225,4,587.08,16806.69,37573.16,9585.15,3903.09,7278.24,0.0422
225,4,676.39,21933.54,41270.15,8655.35,3150.34,7530.92,0.0422
225,4,598.04,16392.92,38426.91,10561.50,4195.80,7276.69,0.0457
225,4,484.43,8845.38,30485.32,9889.76,4123.64,7626.54,0.0434
225,4,435.91,8785.19,27461.08,8927.71,3421.74,6326.44,0.0416
225,4,495.40,11489.48,29911.27,8190.48,3243.75,6987.55,0.0386
225,4,404.97,6188.29,24789.50,9101.31,3589.87,5910.02,0.0448
225,4,567.71,13813.09,35313.46,9984.35,3836.42,7679.60,0.0434
225,4,549.98,13024.52,33848.26,9596.08,3844.93,7382.74,0.0469
225,4,500.67,13228.09,31268.24,8833.49,3340.25,5866.42,0.0445
225,4,632.54,18392.59,38071.45,9080.44,3262.77,7335.65,0.0387
225,4,405.03,6561.38,25445.59,9186.49,3978.21,5719.51,0.0430
225,4,461.45,6611.82,28119.33,9895.49,3969.21,7642.81,0.0428
225,4,611.34,16664.04,38495.58,9735.10,4185.08,7911.36,0.0433
225,4,618.52,20348.62,39816.58,8904.25,3282.82,7280.90,0.0438
225,4,575.17,14398.31,36250.22,10380.78,4524.33,6946.81,0.0475
225,4,615.94,18133.79,38777.08,9137.56,3761.41,7744.31,0.0407
225,4,521.69,12617.76,34270.03,9948.41,4058.37,7645.49,0.0481
225,4,601.61,15045.72,35887.75,9714.29,3813.87,7313.87,0.0398
225,4,462.27,7255.11,28259.56,9959.30,4068.35,6976.79,0.0476
225,4,674.34,20796.04,40208.59,9105.54,3388.99,6918.02,0.0433
250,4,520.50,13474.18,31097.80,7932.90,2969.75,6720.96,0.0445
250,4,476.22,10016.68,29072.85,9162.33,3631.33,6262.50,0.0498
250,4,583.72,15425.36,36104.54,9441.62,4056.90,7180.67,0.0523
250,4,727.80,26018.52,45468.10,8280.13,3388.92,7780.54,0.0421
250,4,522.35,11785.66,32926.83,10087.21,3939.20,7114.76,0.0511
250,4,495.77,10002.04,30309.41,9482.29,3604.57,7220.50,0.0501
250,4,545.39,12791.52,32923.69,9419.62,3574.25,7138.30,0.0459
250,4,570.51,16224.46,34883.79,8207.93,2906.51,7544.89,0.0438
250,4,510.63,12012.31,30607.73,8893.82,3465.13,6236.47,0.0465
250,4,518.08,12569.43,32376.87,9161.76,3333.50,7312.18,0.0483
250,4,476.60,9732.31,29087.86,9420.22,3507.83,6427.50,0.0522
250,4,530.54,13640.48,32537.84,8827.15,3475.51,6594.70,0.0463
250,4,606.88,17174.69,38793.38,9898.41,3996.84,7723.43,0.0484
250,4,594.67,16078.14,36736.93,9771.41,3677.46,7209.92,0.0457
250,4,484.02,10165.65,29823.61,9304.22,3915.77,6437.96,0.0457
250,4,435.39,8210.09,27400.62,9312.00,3638.04,6240.49,0.0496
250,4,450.63,8314.61,28144.59,9871.46,4045.56,5912.95,0.0529
250,4,622.14,18142.90,40215.11,10295.50,4303.18,7473.53,0.0545
250,4,490.61,10873.14,30218.27,9865.13,3521.22,5958.78,0.0694
250,4,553.53,12838.16,33471.88,8833.75,3376.71,8423.26,0.0475
250,4,512.63,10491.22,29829.57,9703.07,3564.10,6071.18,0.0449
250,4,493.20,12343.05,31088.93,8784.44,2947.67,7013.76,0.0466
250,4,554.66,13204.33,33401.35,9329.40,3423.22,7444.39,0.0438
250,4,658.29,18125.55,39796.22,9825.09,3403.61,8441.97,0.0450
250,4,547.78,14063.22,33317.46,9161.91,3425.74,6666.59,0.0453
250,4,616.80,18221.86,37112.32,8185.59,3445.88,7258.98,0.0433
250,4,558.43,12427.71,33662.91,9197.92,3757.19,8280.09,0.0445
250,4,471.61,11104.27,30440.66,8909.79,3575.98,6850.63,0.0500
250,4,456.34,7277.63,28623.83,9992.85,4376.41,6976.94,0.0503
250,4,572.58,15711.35,35676.14,9670.87,3524.40,6769.52,0.0503
250,4,578.91,14345.60,34446.17,8794.51,3405.31,7900.74,0.0480
250,4,516.45,11611.24,32358.77,9148.25,3360.63,8238.65,0.0494
250,4,472.16,10392.91,29812.96,9306.07,3858.61,6255.38,0.0811
250,4,463.44,9937.32,28504.64,8857.52,3219.77,6490.03,0.0470
250,4,424.07,6941.44,25580.50,9136.36,3527.70,5974.99,0.0675
250,4,596.31,16831.79,37113.49,9609.11,3436.05,7236.54,0.0612
250,4,497.45,10577.50,31325.47,9709.17,3698.46,7340.33,0.0479
250,4,543.94,14383.09,34723.38,8827.98,3634.30,7878.01,0.0468
250,4,674.92,20518.60,42316.89,10109.73,4066.86,7621.71,0.0459
250,4,465.62,9647.61,28882.54,9222.93,3344.03,6667.97,0.0527
250,4,447.48,9906.10,27845.62,8766.23,3593.94,5579.35,0.0487
250,4,634.41,19617.79,38868.44,8409.72,3239.38,7601.54,0.0471
250,4,408.44,5751.82,25631.61,9676.11,4015.74,6187.94,0.0539
250,4,536.16,15175.91,34174.70,8830.02,3411.07,6757.70,0.0459
250,4,480.22,10769.42,29751.47,9090.57,3321.54,6569.95,0.0493
250,4,481.95,10819.55,30894.98,9404.07,3397.59,7273.78,0.0494
250,4,593.74,17537.67,37693.50,9128.01,3726.27,7301.55,0.0538
250,4,497.76,12803.88,31848.69,9056.34,3437.06,6551.40,0.0531
250,4,573.66,13782.79,35376.57,10025.79,3794.59,7773.40,0.0500
250,4,493.26,10128.53,30806.01,10446.27,4079.96,6151.25,0.0496
250,4,458.86,10512.48,28979.45,8573.44,3193.44,6700.08,0.0481
250,4,446.45,9468.14,27764.72,8740.43,3303.22,6252.92,0.0484
250,4,434.94,7178.38,27449.53,9008.84,3794.16,7468.16,0.0534
250,4,553.12,15370.65,34340.23,9117.41,3795.02,6057.15,0.0645
250,4,477.11,10253.46,30174.92,9545.48,3649.25,6726.74,0.0533
250,4,581.50,17464.98,37831.53,9210.82,3970.27,7185.47,0.0481
250,4,428.38,7918.23,27063.86,9503.35,3981.80,5660.48,0.0577
250,4,581.76,18374.13,37317.34,9191.51,3642.98,6108.73,0.0511
250,4,470.53,10665.92,30206.17,9134.84,3461.46,6943.95,0.0602
250,4,551.82,15245.09,33995.23,9184.11,3488.17,6077.86,0.0483
250,4,582.24,16467.98,36846.00,9265.93,3848.91,7263.18,0.0476
250,4,456.25,8663.20,27643.02,9112.09,3452.33,6415.40,0.0462
250,4,489.76,11319.71,29597.04,8600.17,3274.64,6402.52,0.0429
250,4,644.73,19172.77,38192.28,8859.96,3300.92,6858.62,0.0440
250,4,457.09,10158.26,28772.74,9318.75,3816.67,5479.07,0.0487
250,4,528.76,13802.79,32217.33,9037.05,3397.68,5979.81,0.0416
250,4,555.68,14886.76,34538.50,8650.25,3690.84,7310.65,0.0479
250,4,457.31,9989.26,27914.64,9099.87,3385.47,5440.04,0.0486
250,4,539.36,13178.71,32348.80,8914.84,3241.71,7013.54,0.0440
250,4,573.86,14933.41,37144.26,10161.29,3816.03,8233.54,0.0546
250,4,546.15,13513.17,33686.37,9957.09,3896.88,6319.23,0.0527
250,4,476.52,12102.81,30820.69,8572.07,3652.03,6493.79,0.0458
250,4,468.37,7463.30,28614.80,9941.18,3925.00,7285.31,0.0512
250,4,536.06,12897.00,33969.37,10006.94,4062.42,7003.02,0.0475
250,4,507.89,9806.82,31818.18,9850.38,4457.34,7703.64,0.0482
250,4,443.35,7681.15,27061.18,9392.24,3484.01,6503.77,0.0488
250,4,607.03,18347.23,38338.00,9004.16,3518.36,7468.25,0.0457
250,4,542.34,14038.11,33458.75,8927.33,3578.51,6914.79,0.0468
250,4,528.22,12753.75,33482.95,10212.98,3785.96,6730.26,0.0505
250,4,593.46,15981.34,36750.73,9795.45,3760.19,7213.75,0.0493
250,4,714.97,23476.63,43126.39,8794.34,3340.24,7515.18,0.0475
250,4,581.39,17042.83,39129.58,10543.13,4148.84,7394.78,0.0498
250,4,485.93,9368.31,30564.97,9548.56,3939.81,7708.30,0.0516
250,4,432.99,7251.48,25700.08,8930.53,3384.12,6133.95,0.0482
250,4,515.24,11598.36,30950.64,8847.41,3411.10,7093.77,0.0451
250,4,428.95,6261.62,25638.21,9497.07,3860.50,6019.01,0.0460
250,4,582.53,14762.99,36888.61,10409.79,3840.68,7875.15,0.0530
250,4,547.13,12812.67,33935.66,9883.47,3839.98,7399.54,0.0482
250,4,503.40,11851.54,31094.48,9892.83,3629.12,5720.98,0.0539
250,4,611.62,19693.43,38285.94,8470.85,2897.97,7223.68,0.0480
250,4,399.77,5659.19,25150.16,9642.57,4127.38,5721.01,0.0489
250,4,477.73,8307.69,29547.73,9567.11,3914.11,7758.81,0.0475
250,4,603.19,16280.30,37775.40,9772.10,3942.53,7780.47,0.0503
250,4,664.13,19863.81,39893.14,9149.79,3446.10,7433.44,0.0467
250,4,563.22,15537.60,35973.12,9377.32,4315.18,6743.02,0.0535
250,4,618.30,15697.33,37046.57,9734.79,3880.19,7734.26,0.0498
250,4,538.36,11783.35,33653.77,10228.26,3939.44,7702.71,0.0471
250,4,552.48,15323.83,35196.79,9001.15,3574.72,7297.08,0.0638
250,4,452.98,8243.05,28757.70,9426.56,3894.17,7193.92,0.0482
250,4,719.19,23352.92,42837.40,9055.70,3362.89,7065.89,0.0424
275,4,495.48,11573.69,28898.47,8035.47,2902.41,6386.90,0.0666
275,4,483.12,10321.98,29834.77,9466.84,3807.48,6238.47,0.0544
275,4,576.79,14760.53,35611.90,9589.99,3983.52,7277.86,0.0628
275,4,735.00,25788.49,45358.57,8398.76,3449.82,7721.50,0.0490
275,4,484.41,9747.98,30720.03,10023.48,3866.43,7082.14,0.0539
275,4,444.75,8695.42,28234.05,9063.21,3442.02,7033.41,0.0553
275,4,518.48,12584.88,32698.37,9553.07,3534.27,7026.15,0.0510
275,4,604.82,17636.27,36611.71,8376.73,2927.49,7671.21,0.0464
275,4,507.11,12577.58,31292.09,9029.76,3462.75,6222.00,0.0477
275,4,505.63,12403.15,32173.70,9252.98,3382.51,7135.05,0.0501
275,4,465.90,10399.19,29448.63,9153.86,3458.63,6436.95,0.0702
275,4,509.36,13336.52,31941.44,8537.32,3426.46,6641.14,0.0529
275,4,628.00,18262.37,39668.51,9762.51,4020.57,7623.06,0.0594
275,4,575.23,15542.57,36434.12,10030.26,3665.94,7195.35,0.0505
275,4,475.28,9866.09,29374.90,9176.95,3944.30,6387.57,0.0522
275,4,424.63,6584.72,26188.07,9574.57,3693.81,6334.97,0.0569
275,4,437.83,8190.03,28187.85,10021.92,4004.98,5970.92,0.0670
275,4,596.88,15806.83,38259.06,10571.13,4563.28,7317.83,0.0559
275,4,509.03,11214.90,30979.93,10132.24,3663.34,5969.45,0.0583
275,4,515.33,11547.06,31658.02,8580.63,3275.21,8255.11,0.0503
275,4,460.10,7797.51,27022.43,9879.07,3451.02,5894.83,0.0561
275,4,530.48,13066.45,32553.52,9109.34,3125.36,7252.37,0.0474
275,4,516.07,12829.56,32170.63,8552.99,3505.30,7282.77,0.0543
275,4,623.68,18058.57,38812.27,9221.06,3220.53,8312.11,0.0545
275,4,560.05,14672.02,34509.20,9554.47,3457.34,6825.38,0.0518
275,4,622.26,18957.01,37856.80,8349.97,3378.54,7171.27,0.0517
275,4,534.52,11965.08,33078.96,9198.14,3638.09,8277.66,0.0565
275,4,483.01,9652.43,29704.03,9306.20,3844.69,6900.71,0.0505
275,4,457.68,8003.52,29436.90,10119.83,4304.44,7009.11,0.0643
275,4,578.13,16275.86,36432.22,9885.00,3460.87,6810.50,0.0506
275,4,579.11,13702.06,34482.16,9308.86,3566.16,7905.07,0.0499
275,4,538.52,12319.04,33254.84,9244.49,3471.96,8219.34,0.0511
275,4,484.34,11031.02,30384.30,9395.82,3699.04,6258.43,0.0571
275,4,421.69,8994.08,26740.43,8279.50,3193.11,6273.75,0.0554
275,4,446.01,7588.84,26888.64,9341.34,3697.79,6260.66,0.0511
275,4,587.94,15883.80,36364.32,9818.39,3417.19,7244.95,0.0488
275,4,516.79,11719.80,32504.89,9714.19,3764.17,7306.72,0.0708
275,4,553.88,13699.92,34039.59,8789.65,3690.96,7859.07,0.0530
275,4,679.84,19759.96,41612.97,10048.58,4267.82,7536.61,0.0549
275,4,466.42,9057.98,28723.91,9518.48,3532.15,6615.31,0.0521
275,4,439.61,9251.08,27981.52,9360.83,3830.85,5538.77,0.0547
275,4,638.24,19654.77,39130.57,8625.24,3170.58,7679.99,0.0479
275,4,388.76,5358.70,25278.99,9756.23,3958.20,6205.86,0.0595
275,4,554.24,14574.20,33670.80,8965.63,3408.43,6722.55,0.0482
275,4,497.55,10695.67,29607.64,8763.44,3461.49,6687.04,0.0530
275,4,464.50,9552.17,29190.92,9007.92,3477.97,7152.86,0.0515
275,4,585.97,16519.45,36351.16,8848.27,3697.51,7285.93,0.0506
275,4,503.64,12816.37,32443.71,9450.77,3530.30,6646.26,0.0524
275,4,582.31,15482.92,36771.86,9550.84,3859.82,7878.27,0.0554
275,4,499.16,12310.41,32107.86,9641.58,3889.22,6266.65,0.0579
275,4,472.53,10565.13,29403.35,8583.87,3313.49,6940.86,0.0502
275,4,435.97,7908.39,26927.68,9196.77,3365.71,6456.81,0.0533
275,4,421.88,7242.19,26998.40,8764.26,3600.66,7391.29,0.0549
275,4,558.22,15597.39,34391.13,8826.39,3773.20,6194.16,0.0548
275,4,484.16,11160.83,31098.61,9405.55,3699.72,6832.51,0.0515
275,4,591.40,16561.27,37395.51,9694.57,4018.20,7121.47,0.0565
275,4,423.83,7714.73,27023.70,9672.02,3937.39,5699.56,0.0555
275,4,574.86,15890.19,35630.05,9895.90,3809.69,6034.27,0.0556
275,4,485.13,10785.99,30829.75,9493.83,3568.15,6981.77,0.0510
275,4,550.20,14823.29,34015.87,9505.40,3560.94,6126.24,0.0584
275,4,579.53,16447.65,36623.63,9132.83,3938.97,7104.17,0.0579
275,4,470.28,9727.69,28870.89,9061.09,3460.58,6621.53,0.0536
275,4,470.88,10733.92,28714.48,8466.96,3217.78,6295.82,0.0461
275,4,658.50,19755.53,39338.18,9242.02,3325.57,7015.06,0.0518
275,4,471.76,9586.23,28897.01,9917.26,3815.13,5578.39,0.0573
275,4,524.45,14262.66,32963.30,9103.08,3419.88,6177.68,0.0520
275,4,569.73,15520.44,35260.20,8793.63,3707.31,7238.81,0.0557
275,4,479.57,10159.05,29026.66,9704.34,3564.58,5598.69,0.0639
275,4,526.48,13655.04,32038.06,8469.29,3036.14,6877.60,0.0501
275,4,588.89,16013.28,37376.31,9432.78,3718.42,8211.83,0.0552
275,4,528.27,13644.43,33746.10,9871.23,3949.57,6280.87,0.0567
275,4,478.98,9977.41,30026.65,9486.11,3896.18,6666.96,0.0509
275,4,443.44,7658.89,28599.57,9995.74,3819.66,7125.28,0.0561
275,4,532.67,11734.63,33202.43,10463.91,4039.93,6963.95,0.0581
275,4,515.97,10979.45,33270.87,10129.41,4355.24,7806.77,0.0529
275,4,430.66,7425.93,26979.93,9571.94,3450.88,6531.18,0.0517
275,4,609.00,17574.23,37370.37,8914.09,3549.15,7332.89,0.0526
275,4,540.97,13698.12,33960.66,9476.23,3687.91,7098.40,0.0558
275,4,528.33,12228.46,33237.83,10104.44,4014.48,6890.46,0.0585
275,4,585.31,15321.54,36483.46,10106.60,3868.32,7187.01,0.0526
275,4,699.57,21644.54,41316.48,8819.75,3310.52,7541.67,0.0471
275,4,614.81,16958.08,38930.24,10574.86,4202.01,7195.30,0.0593
275,4,495.95,9872.21,31058.87,9581.03,4009.16,7596.48,0.0581
275,4,428.94,7708.34,26263.93,8855.91,3484.75,6214.93,0.0540
275,4,528.62,13167.94,31890.25,8308.08,3288.70,7125.54,0.0467
275,4,419.42,6265.33,25555.31,9443.65,3737.28,6109.06,0.0575
275,4,586.78,14094.59,36042.28,10241.13,4064.53,7642.03,0.0575
275,4,565.21,13791.14,34544.79,9408.22,3908.69,7436.73,0.0561
275,4,488.40,12437.44,30896.63,9497.42,3398.49,5563.28,0.0515
275,4,635.46,18970.20,38539.60,9018.84,3155.12,7395.44,0.0496
275,4,404.51,6575.08,25650.05,9342.71,3930.62,5801.65,0.0572
275,4,462.95,8545.58,29507.72,9457.94,3833.40,7670.80,0.0576
275,4,590.32,18329.08,39214.94,9030.18,3959.10,7896.58,0.0602
275,4,647.12,19346.99,38706.62,8802.49,3378.60,7178.55,0.0479
275,4,582.77,15139.53,36029.51,9577.80,4431.79,6880.40,0.0597
275,4,621.55,17055.24,37931.76,9502.74,3600.25,7773.52,0.0534
275,4,528.37,10331.10,32823.53,10751.94,4261.49,7479.00,0.0554
275,4,572.17,15548.02,35651.17,9231.24,3571.24,7300.66,0.0525
275,4,466.14,8527.72,29343.79,9663.17,4030.51,7122.39,0.0577
275,4,706.93,22872.48,42739.39,9509.58,3256.60,7100.73,0.0463
300,4,502.71,11511.74,29312.29,8295.03,2975.23,6530.28,0.0547
300,4,500.80,12175.33,31109.39,9058.41,3539.03,6336.63,0.0596
300,4,584.85,14736.94,35846.04,9925.68,3924.22,7259.19,0.0569
300,4,777.61,27094.35,47221.82,8694.92,3495.67,7936.89,0.0520
300,4,493.93,10897.43,31635.73,9776.71,3873.54,7088.04,0.0634
300,4,495.65,9644.54,30029.06,9709.54,3533.01,7141.96,0.0757
300,4,512.92,12086.68,32056.36,9467.72,3579.64,6922.32,0.0557
300,4,579.66,16802.48,35390.13,8032.48,2899.48,7655.68,0.0613
300,4,487.60,10694.87,29069.88,8829.36,3375.70,6169.96,0.0525
300,4,521.45,13362.19,33100.36,8963.01,3410.55,7364.60,0.0604
300,4,474.68,10579.89,29821.47,9266.55,3543.72,6431.31,0.0599
300,4,539.82,14414.57,33368.05,8668.73,3431.66,6853.09,0.0571
300,4,611.01,17954.36,39067.48,9525.43,4001.91,7585.78,0.0651
300,4,579.13,14674.20,36055.65,10377.16,3767.18,7237.11,0.0622
300,4,485.83,10646.03,30563.39,9536.89,3887.48,6492.99,0.0612
300,4,401.22,7712.12,26771.78,9170.90,3641.43,6247.33,0.0653
300,4,446.32,7891.42,28291.17,10363.07,4078.81,5957.87,0.0628
300,4,605.37,17585.23,39911.46,10511.37,4304.21,7510.64,0.0691
300,4,476.22,10184.11,29243.94,9700.62,3444.47,5914.75,0.0608
300,4,537.03,12581.58,32840.76,8681.27,3370.73,8207.19,0.0570
300,4,453.76,8953.95,27896.35,9553.61,3475.17,5913.62,0.0551
300,4,544.68,12277.00,31849.00,9117.89,3198.68,7255.44,0.0507
300,4,552.11,14134.59,33901.42,8941.41,3501.71,7323.71,0.0538
300,4,626.50,18189.28,39018.53,9422.84,3205.00,8201.42,0.0538
300,4,566.73,15089.68,35071.21,9637.98,3614.49,6729.07,0.0553
300,4,664.36,20224.74,39413.45,8632.58,3281.29,7274.83,0.0533
300,4,540.68,12854.00,33529.25,8877.78,3592.59,8204.88,0.0556
300,4,482.02,10501.75,30362.02,9074.50,3793.71,6992.07,0.0557
300,4,458.23,8254.23,29741.55,10067.58,4359.76,7059.98,0.0674
300,4,587.24,15606.27,35927.25,9947.80,3586.16,6787.03,0.0589
300,4,585.59,15508.97,35659.00,8878.94,3324.02,7947.08,0.0525
300,4,525.41,11585.99,32039.28,9190.32,3307.32,7955.65,0.0573
300,4,468.85,9284.39,28854.24,9537.04,3766.82,6265.99,0.0611
300,4,442.52,9604.14,27522.51,8439.50,3243.55,6235.32,0.0561
300,4,422.49,6475.22,25717.34,9413.62,3734.53,6093.97,0.0604
300,4,601.15,16101.32,36531.07,9711.28,3451.66,7266.82,0.0593
300,4,493.47,10711.17,31802.69,9980.04,3834.56,7276.91,0.0590
300,4,558.59,15205.14,35269.02,8745.43,3477.80,7840.65,0.0596
300,4,674.48,20837.61,42764.74,10318.86,4034.62,7573.65,0.0559
300,4,449.87,8302.26,27892.78,9643.22,3372.41,6574.89,0.0613
300,4,468.20,9641.87,28400.78,9323.39,3860.04,5575.47,0.0550
300,4,655.91,20860.81,40406.50,8823.14,3067.73,7654.81,0.0502
300,4,405.78,7332.51,26523.43,9159.99,3826.27,6204.65,0.0656
300,4,557.71,13777.28,33666.73,9508.00,3566.28,6815.18,0.0587
300,4,467.20,9820.43,28491.99,8740.32,3274.75,6656.48,0.0597
300,4,486.19,9668.20,30481.29,9768.52,3656.70,7387.86,0.0608
300,4,620.30,17997.52,38671.51,9525.27,3707.24,7441.49,0.0534
300,4,519.13,12286.11,31900.22,9490.30,3535.93,6587.88,0.0614
300,4,601.52,14942.63,37055.07,10224.65,3920.39,7967.41,0.0556
300,4,502.69,11590.51,31578.36,9749.37,3936.56,6301.92,0.0584
300,4,459.67,9347.18,28398.15,8886.96,3364.90,6799.11,0.0599
300,4,445.10,8502.61,26576.83,8595.69,3189.64,6288.89,0.0566
300,4,437.05,6473.56,27257.05,9438.44,3831.46,7513.58,0.0618
300,4,522.14,15161.09,33657.80,8737.44,3659.70,6099.57,0.0560
300,4,482.70,10329.63,29814.93,9077.41,3706.58,6701.31,0.0557
300,4,615.59,17179.62,38268.95,9761.86,4068.03,7259.43,0.0565
300,4,434.22,7549.27,27291.76,10017.31,3929.88,5795.30,0.0607
300,4,573.30,16193.24,36008.64,9855.03,3928.32,6032.04,0.0631
300,4,487.07,10051.38,30030.88,9354.00,3665.69,6959.81,0.0596
300,4,547.92,14652.15,33682.72,9246.14,3619.49,6164.93,0.0599
300,4,577.01,16577.26,37042.62,9233.77,3912.47,7319.12,0.0583
300,4,493.92,9933.29,29265.58,9116.88,3504.39,6711.02,0.0561
300,4,473.90,10629.98,29008.43,8892.22,3234.08,6252.15,0.0558
300,4,629.20,19385.29,38541.89,8920.46,3308.03,6928.11,0.0568
300,4,476.62,11742.39,30438.02,9258.37,3849.83,5587.43,0.0595
300,4,553.67,14923.31,33787.14,9236.24,3478.48,6149.11,0.0585
300,4,600.58,16915.31,36451.53,8497.72,3654.24,7384.26,0.0586
300,4,468.49,10303.63,28654.17,9219.50,3507.29,5623.75,0.0589
300,4,531.41,13959.34,32681.67,8625.04,3173.64,6923.64,0.0558
300,4,549.99,14545.64,35777.36,9351.14,3686.66,8193.92,0.0618
300,4,515.24,13087.24,32882.42,9745.97,3887.85,6161.37,0.0584
300,4,491.75,9708.52,30167.19,9886.46,3901.70,6670.49,0.0574
300,4,465.81,7542.34,28601.06,9939.47,3854.50,7264.74,0.0560
300,4,536.14,13474.02,34205.47,9913.25,3970.90,6847.30,0.0645
300,4,512.17,10191.81,32160.74,9919.42,4325.76,7723.75,0.0618
300,4,419.56,7551.86,26660.90,9203.92,3403.46,6501.66,0.0572
300,4,599.21,16952.67,36780.31,9286.68,3473.05,7067.91,0.0553
300,4,528.68,13523.61,33765.17,9594.18,3635.81,7011.57,0.0571
300,4,523.17,11441.82,32455.73,10137.79,4009.27,6866.85,0.0589
300,4,586.23,15667.54,36799.11,10038.27,3888.27,7205.03,0.0571
300,4,686.34,21981.21,41425.62,8666.68,3210.76,7566.97,0.0569
300,4,628.51,17227.50,39164.63,10710.06,4096.90,7130.16,0.0634
300,4,487.14,9186.14,30578.05,9856.40,4007.62,7527.88,0.0603
300,4,432.74,8698.48,26952.28,8803.87,3336.91,6113.02,0.0613
300,4,514.53,13588.87,32322.16,8350.81,3188.26,7194.23,0.0501
300,4,426.64,5981.72,25148.96,9456.25,3718.13,5992.87,0.0596
300,4,562.63,14356.43,35818.79,9838.10,3968.88,7655.39,0.0626
300,4,537.22,12921.45,33441.81,9442.59,3764.50,7313.27,0.0586
300,4,522.58,14059.66,32972.35,9306.10,3697.30,5909.29,0.0643
300,4,631.57,19726.57,38870.94,8585.65,3179.12,7379.60,0.0522
300,4,417.63,7739.51,26968.96,9410.24,3933.00,5886.20,0.0652
300,4,471.15,8488.30,29629.01,9504.85,3773.65,7862.22,0.0622
300,4,595.02,16303.01,38144.01,9832.48,4075.92,7932.59,0.0610
300,4,631.28,20988.88,39764.38,8447.35,3194.82,7133.34,0.0529
300,4,562.93,15556.62,36223.34,9629.28,4207.38,6830.07,0.0897
300,4,608.54,16859.67,37083.42,8939.51,3541.40,7742.84,0.0537
300,4,550.97,12160.18,34255.50,10222.46,4241.19,7631.67,0.0635
300,4,580.63,16043.44,35774.89,8813.41,3564.23,7353.81,0.0527
300,4,458.26,8996.09,29149.60,9255.03,3742.24,7156.24,0.0565
300,4,691.60,24055.97,42362.68,8377.21,2957.54,6971.96,0.0540
325,4,512.12,12517.48,30147.45,8261.48,2980.14,6388.35,0.0541
325,4,477.51,11377.37,30548.19,9018.95,3678.49,6473.37,0.0613
325,4,548.43,15577.65,36035.82,9326.16,3830.82,7301.19,0.0664
325,4,774.52,28215.01,47886.22,8296.99,3477.54,7896.68,0.0559
325,4,488.05,10907.27,31461.92,9600.25,3882.01,7072.39,0.0654
325,4,482.69,8847.27,29210.80,9629.86,3636.95,7096.72,0.0613
325,4,516.10,12621.46,32854.16,9633.66,3508.89,7090.16,0.0609
325,4,595.75,16534.18,35587.33,8226.02,2993.74,7833.39,0.0558
325,4,496.67,11317.63,29774.02,8981.30,3350.96,6124.13,0.0611
325,4,530.46,12348.55,32461.60,9666.18,3386.03,7060.84,0.0653
325,4,483.56,10667.73,29935.70,9537.99,3354.17,6375.80,0.0715
325,4,508.76,13381.69,31760.41,8267.29,3512.23,6599.20,0.0627
325,4,611.76,17137.45,38607.02,9882.82,3911.58,7675.17,0.0646
325,4,585.95,15307.99,36065.72,9957.66,3691.79,7108.28,0.0617
325,4,479.66,9768.76,29667.93,9452.42,3916.95,6529.81,0.0670
325,4,429.94,7203.83,26987.98,9710.18,3738.73,6335.23,0.0623
325,4,467.52,7599.44,28157.18,10183.70,4362.87,6011.17,0.0700
325,4,624.19,17853.03,40261.28,10455.14,4414.19,7538.93,0.0742
325,4,496.74,11367.32,30513.97,9787.94,3465.39,5893.31,0.0649
325,4,542.59,12035.01,32587.74,8837.59,3400.26,8314.88,0.0572
325,4,478.00,9981.16,28503.53,9386.30,3328.73,5807.34,0.0591
325,4,515.86,13588.52,32260.81,8543.81,3058.77,7069.71,0.0558
325,4,516.14,12270.51,31885.32,8856.31,3392.29,7366.20,0.0606
325,4,618.18,16585.29,38158.67,9879.18,3279.26,8414.95,0.0597
325,4,562.13,14498.09,34476.32,9807.98,3559.48,6610.77,0.0705
325,4,628.81,18727.22,37376.50,8112.70,3350.69,7185.89,0.0605
325,4,555.41,12984.31,33785.22,8935.86,3580.43,8284.63,0.0623
325,4,507.33,10259.35,30681.26,9638.79,3846.79,6936.33,0.0654
325,4,464.69,8585.22,29775.20,9901.85,4438.46,6849.66,0.0732
325,4,582.88,16624.46,36232.27,9294.24,3471.06,6842.50,0.0788
325,4,562.51,14589.67,35276.49,9132.42,3537.09,8017.32,0.0643
325,4,536.51,13137.68,33560.67,8795.33,3435.38,8192.27,0.0640
325,4,498.23,10902.27,30542.15,9515.97,3761.60,6362.31,0.0667
325,4,451.33,8808.31,27230.47,8786.97,3303.17,6332.02,0.0566
325,4,435.36,7886.76,26984.14,9332.89,3590.33,6174.16,0.0635
325,4,590.56,16207.62,36517.18,9525.20,3463.28,7321.08,0.0592
325,4,502.54,10105.65,30841.38,9733.35,3767.20,7235.18,0.0672
325,4,573.22,14654.31,34990.12,8936.23,3596.47,7803.11,0.0589
325,4,688.48,20831.28,42616.09,10046.47,4050.06,7688.28,0.0655
325,4,449.04,8434.31,28098.49,9742.44,3347.05,6574.69,0.0642
325,4,463.10,10453.16,28791.53,8963.69,3681.56,5693.11,0.0592
325,4,597.86,17870.68,36893.58,8498.30,3068.16,7456.44,0.0577
325,4,417.42,5305.66,25659.12,10151.15,4007.70,6194.61,0.0640
325,4,533.66,13629.09,32585.34,8828.16,3423.07,6705.01,0.0581
325,4,495.03,11711.23,30371.12,8751.77,3254.21,6653.90,0.0620
325,4,487.58,10417.01,30395.24,9119.37,3440.42,7418.44,0.0648
325,4,582.02,17552.99,37935.31,9238.62,3745.98,7397.73,0.0645
325,4,538.23,13684.41,33287.28,9268.91,3615.10,6718.85,0.0649
325,4,591.79,15345.24,37018.88,9884.52,3813.28,7975.84,0.0618
325,4,494.14,10901.89,30942.50,9772.49,4032.86,6235.25,0.0648
325,4,458.25,9347.46,28607.77,9152.41,3283.19,6824.72,0.0628
325,4,454.93,8717.27,27625.66,9110.53,3354.33,6443.53,0.0632
325,4,425.99,6578.48,27012.33,9289.02,3665.97,7478.86,0.0652
325,4,541.70,14977.71,33602.28,8793.30,3757.32,6073.95,0.0658
325,4,501.64,11720.62,31336.60,9251.48,3595.99,6768.51,0.0615
325,4,591.65,15035.47,36390.15,9964.01,4136.77,7253.90,0.0671
325,4,430.92,7816.34,27569.82,10027.55,4024.68,5701.24,0.0691
325,4,584.58,17948.58,37545.47,9765.68,3865.16,5966.06,0.0675
325,4,487.15,10117.42,30796.96,9859.68,3731.18,7088.69,0.0609
325,4,536.45,15225.17,33512.08,8806.12,3381.55,6099.24,0.0647
325,4,574.08,16683.04,37179.05,9223.28,4023.27,7249.45,0.0699
325,4,458.32,9739.04,28222.99,8542.55,3497.49,6443.91,0.0644
325,4,482.94,11004.45,29342.43,8692.35,3235.69,6409.95,0.0541
325,4,653.06,20286.72,39125.05,8735.21,3231.06,6872.06,0.0604
325,4,470.93,11156.87,29506.58,9071.48,3689.18,5589.05,0.0704
325,4,551.26,14100.63,33402.86,9490.36,3587.47,6224.39,0.0616
325,4,576.16,15652.09,35696.03,8945.36,3767.61,7330.98,0.0670
325,4,473.71,11015.60,29571.11,9426.13,3469.03,5660.35,0.0598
325,4,551.75,14747.39,33846.81,8603.03,3270.67,7225.72,0.0605
325,4,568.37,14670.10,35400.63,9198.23,3669.16,7863.14,0.0616
325,4,531.90,12602.48,32794.01,10148.91,3965.55,6077.07,0.0863
325,4,509.28,11185.82,31389.01,9527.57,3995.10,6680.51,0.0647
325,4,465.30,7429.88,28657.33,10136.38,3841.70,7249.37,0.0672
325,4,541.82,13180.05,34156.77,10116.82,3978.81,6881.09,0.0696
325,4,510.89,10435.31,32281.31,9736.82,4309.25,7799.92,0.0618
325,4,412.88,7174.84,25990.01,9241.22,3287.43,6286.52,0.0600
325,4,616.66,18847.79,38504.26,8753.83,3428.08,7474.56,0.0628
325,4,511.93,12691.29,32426.56,9251.88,3645.88,6837.51,0.0650
325,4,531.27,12698.12,33075.09,9640.99,3915.74,6820.25,0.0630
325,4,588.37,15426.83,36117.16,9906.91,3740.18,7043.25,0.0641
325,4,672.65,22533.64,42004.79,8779.73,3170.98,7520.44,0.0561
325,4,594.29,16741.70,38960.21,10711.38,4253.98,7253.15,0.0678
325,4,494.98,9893.21,31391.76,9823.05,4027.87,7647.64,0.0643
325,4,437.09,9128.70,27128.94,8617.49,3145.58,6237.17,0.0573
325,4,509.87,12357.33,31080.57,8466.82,3253.31,7003.12,0.0581
325,4,411.90,7600.69,26076.36,8858.58,3530.83,6086.26,0.0648
325,4,586.62,15475.63,36992.97,9758.77,3942.52,7816.04,0.0700
325,4,536.26,12654.94,33522.11,9826.00,3788.93,7252.24,0.0669
325,4,499.94,12982.89,31755.21,9490.11,3567.28,5714.93,0.0659
325,4,635.43,19168.18,38488.80,8760.87,3264.29,7295.45,0.0568
325,4,425.84,6984.26,26525.76,9494.52,4058.47,5988.51,0.0797
325,4,477.63,7908.33,29179.80,9878.44,3914.00,7479.02,0.0649
325,4,610.62,15849.43,38289.16,10215.60,4243.28,7980.85,0.0678
325,4,633.51,19789.74,39296.57,8910.07,3339.33,7257.43,0.0617
325,4,577.22,15800.47,36453.13,9618.54,4189.27,6844.85,0.0712
325,4,617.60,17035.00,37469.52,9080.47,3568.48,7785.58,0.0569
325,4,534.08,11815.15,33716.36,10173.64,4144.29,7583.27,0.0649
325,4,568.04,14145.69,34148.12,9288.60,3499.59,7214.25,0.0591
325,4,485.59,8736.49,30284.75,10025.39,4118.27,7404.60,0.0688
325,4,718.92,23227.89,42387.72,8893.98,3129.08,7136.77,0.0536
350,4,516.05,13422.39,31024.85,8039.17,3009.56,6553.72,0.0648
350,4,475.16,10539.31,29687.25,9247.05,3716.26,6184.64,0.0656
350,4,610.69,16769.31,37305.58,9230.22,3880.81,7425.23,0.0684
350,4,788.21,26870.22,47211.17,8870.28,3540.26,7930.40,0.0638
350,4,495.26,10920.91,32338.23,10383.47,3844.11,7189.74,0.0757
350,4,480.92,9779.07,29678.89,9175.15,3503.31,7221.36,0.0644
350,4,531.52,13581.93,33371.74,9228.41,3546.01,7015.38,0.0674
350,4,611.58,17010.96,36248.21,8575.86,2977.57,7683.81,0.0581
350,4,509.58,11889.44,30797.51,9217.75,3477.66,6212.65,0.0614
350,4,550.89,13556.76,33457.62,9154.93,3479.92,7266.01,0.0678
350,4,465.99,10115.17,29407.09,9441.84,3439.36,6410.72,0.0665
350,4,530.65,14887.05,33449.05,8361.10,3471.00,6729.90,0.0667
350,4,654.53,19093.74,40663.60,9822.16,4106.68,7641.01,0.0680
350,4,583.02,15767.51,36366.56,9905.33,3633.83,7059.89,0.0735
350,4,470.58,9756.76,28798.67,9037.28,3741.34,6263.29,0.0745
350,4,447.67,8301.65,27716.42,9460.38,3677.58,6276.82,0.0747
350,4,456.45,7910.95,28284.73,10265.83,4163.98,5943.97,0.0719
350,4,623.30,16480.25,39174.95,10655.68,4569.70,7469.32,0.0747
350,4,497.98,12238.57,31275.71,9640.36,3318.75,6078.03,0.0688
350,4,532.44,12587.43,33054.86,8847.64,3293.69,8326.11,0.0615
350,4,482.81,10139.76,29652.97,9983.95,3487.70,6041.57,0.0633
350,4,507.89,13089.56,31809.93,8686.59,2990.16,7043.62,0.0602
350,4,554.30,13309.33,33168.32,9033.27,3372.38,7453.33,0.0659
350,4,648.55,17851.34,39454.52,9927.08,3291.08,8385.01,0.0688
350,4,549.30,13096.24,33093.61,9746.73,3585.35,6665.29,0.0654
350,4,630.62,19160.04,38126.97,8421.10,3282.39,7263.44,0.0805
350,4,557.87,12660.91,33930.71,9149.96,3799.10,8320.74,0.0663
350,4,469.17,10267.81,29845.42,9102.27,3705.97,6769.36,0.0729
350,4,440.36,8465.78,29407.47,9801.26,4233.78,6906.65,0.0785
350,4,569.00,16038.82,35450.28,9274.91,3504.53,6632.02,0.0690
350,4,546.96,13819.87,34189.05,8983.69,3420.15,7965.34,0.0642
350,4,550.18,12385.06,33424.34,9355.06,3395.93,8288.29,0.0678
350,4,467.40,10587.09,29901.49,9247.14,3716.13,6351.13,0.0724
350,4,455.38,8957.78,27253.90,8674.63,3273.01,6348.48,0.0624
350,4,426.80,7616.43,26660.16,9154.12,3630.13,6259.48,0.0635
350,4,616.52,16750.17,37221.39,9699.45,3503.13,7268.64,0.0636
350,4,524.75,12652.42,32646.74,9124.93,3674.90,7194.49,0.0676
350,4,552.33,14221.87,34470.87,8850.53,3554.32,7844.16,0.0686
350,4,673.47,20290.83,41820.88,9873.63,3993.22,7663.19,0.0720
350,4,463.37,9693.49,29228.58,9337.54,3372.04,6825.50,0.0674
350,4,457.43,11691.87,29593.89,8714.67,3573.43,5613.92,0.0690
350,4,642.46,19308.95,39074.78,9061.92,3153.24,7550.66,0.0602
350,4,412.96,5276.25,25544.59,10056.42,4052.79,6159.13,0.0757
350,4,562.11,13053.31,33126.33,9673.92,3579.66,6819.45,0.0686
350,4,480.29,9852.36,29666.87,9555.86,3530.26,6728.40,0.0691
350,4,462.43,9206.88,29679.18,9447.61,3740.65,7284.04,0.0691
350,4,632.66,18160.23,38882.74,9512.69,3808.66,7401.16,0.0701
350,4,527.17,13330.98,32475.27,9200.71,3456.75,6486.83,0.0690
350,4,571.93,14553.40,36148.21,9919.37,3796.77,7878.67,0.0717
350,4,493.14,11580.37,31362.42,9782.34,3860.69,6139.02,0.0755
350,4,486.53,9918.31,29461.07,9221.93,3477.69,6843.13,0.0704
350,4,442.27,9120.06,27220.29,8547.97,3195.66,6356.60,0.0633
350,4,435.98,7200.66,28049.66,9368.62,3898.05,7582.32,0.0750
350,4,531.68,14648.85,33325.77,8831.87,3842.28,6002.77,0.0753
350,4,510.47,11427.84,31702.58,9520.76,3909.30,6844.68,0.0716
350,4,594.20,16034.69,37118.66,9742.94,4156.68,7184.35,0.0721
350,4,421.14,8084.79,27207.63,9574.44,3908.42,5639.99,0.0737
350,4,567.56,16491.05,35832.29,9533.19,3787.23,6020.82,0.0753
350,4,481.20,10458.07,30217.03,9332.80,3554.64,6871.52,0.0670
350,4,529.81,15338.21,33831.35,9106.65,3398.40,5988.10,0.0678
350,4,568.36,17085.12,36843.63,8638.15,3852.92,7267.44,0.0729
350,4,463.22,8951.05,28227.10,9133.63,3526.98,6615.43,0.0622
350,4,473.08,10854.80,28748.53,8407.21,3161.60,6324.92,0.0581
350,4,622.69,20856.05,39476.25,8540.98,3103.86,6975.35,0.0648
350,4,495.92,11980.52,30481.63,9334.98,3559.72,5606.41,0.0663
350,4,554.15,14416.53,33289.19,9161.31,3388.97,6322.38,0.0659
350,4,544.54,14925.93,34292.96,8606.31,3638.80,7121.93,0.0637
350,4,479.61,10913.14,29755.69,9530.54,3531.87,5780.14,0.0685
350,4,542.13,14910.78,33056.87,8192.27,3033.14,6920.68,0.0597
350,4,573.27,14772.03,36534.13,9804.79,3848.38,8108.94,0.0726
350,4,512.70,13197.51,32731.68,9641.65,3755.26,6137.26,0.0752
350,4,495.23,11062.88,30600.54,9214.54,3756.32,6566.81,0.0768
350,4,458.39,7405.97,28546.75,10112.64,3907.35,7120.78,0.0652
350,4,528.03,13073.41,33675.12,9818.29,3897.65,6885.77,0.0726
350,4,499.44,9990.40,31620.81,9805.07,4150.67,7674.66,0.0657
350,4,419.44,7012.68,26500.65,9530.41,3547.78,6409.78,0.0671
350,4,594.14,17258.96,36701.75,8850.14,3424.63,7168.01,0.0631
350,4,588.14,14547.15,35440.93,9778.88,3903.51,7211.39,0.0710
350,4,514.13,12709.62,33089.62,9747.12,3754.83,6878.05,0.0681
350,4,581.01,16152.32,36850.14,9838.69,3705.48,7153.66,0.0708
350,4,705.91,24200.27,43631.00,8543.85,3291.14,7595.74,0.0648
350,4,628.68,17351.67,39111.66,10415.80,4197.84,7146.35,0.0683
350,4,470.72,9054.62,29860.33,9456.58,3963.85,7385.28,0.0677
350,4,417.32,7407.90,25964.02,9004.22,3380.42,6171.47,0.0689
350,4,524.51,11503.51,31360.76,9108.78,3543.78,7204.69,0.0625
350,4,419.58,6401.12,25357.38,9303.17,3611.61,6041.48,0.0691
350,4,575.85,14776.71,36610.69,10084.23,3860.53,7889.23,0.0747
350,4,537.92,13185.44,34044.24,9643.65,3838.05,7377.09,0.0664
350,4,491.19,11914.59,30337.79,9269.39,3467.64,5686.17,0.0641
350,4,636.57,19270.69,38697.45,8869.87,3264.68,7292.21,0.0678
350,4,417.11,7240.21,26405.69,9170.93,4057.67,5936.88,0.0769
350,4,465.10,8019.80,29133.21,9620.63,3742.73,7750.05,0.0720
350,4,601.36,16317.38,37792.90,9609.08,4001.23,7865.21,0.0727
350,4,648.90,20315.23,39681.82,8767.98,3369.73,7228.88,0.0681
350,4,569.88,16310.69,36774.83,9353.38,4258.84,6851.92,0.0734
350,4,625.85,18335.90,38623.84,8994.36,3609.21,7684.37,0.0669
350,4,545.85,11261.79,33856.79,10729.75,4177.12,7688.13,0.0735
350,4,603.83,16921.90,37175.81,9254.90,3609.00,7390.01,0.0613
350,4,460.88,9512.75,29656.26,9012.50,3863.49,7267.53,0.0795
350,4,703.02,22666.18,42339.30,9363.50,3273.19,7036.42,0.0641
375,4,498.97,12764.02,29727.63,7703.81,2878.98,6380.83,0.0659
375,4,490.79,10851.29,30290.10,9397.24,3817.08,6224.49,0.0768
375,4,555.72,14661.92,35556.27,9849.98,3893.16,7151.22,0.1131
375,4,750.12,27218.76,46586.92,8342.40,3316.22,7709.53,0.0749
375,4,501.82,9177.69,30600.50,10369.99,4071.04,6981.77,0.0979
375,4,496.78,10207.81,30078.66,9288.50,3449.69,7132.66,0.0800
375,4,517.61,12573.12,32236.90,9288.12,3524.37,6851.29,0.0799
375,4,597.42,16866.38,36243.45,8705.51,3032.68,7638.87,0.0729
375,4,511.55,11794.81,30415.16,8904.63,3488.87,6226.87,0.0964
375,4,546.73,13512.08,33058.47,8880.75,3371.92,7293.72,0.0761
375,4,465.68,9513.99,28624.20,9384.33,3430.70,6295.19,0.0816
375,4,536.37,14812.89,33811.40,8925.90,3405.61,6667.00,0.0794
375,4,620.90,17286.42,38679.01,9822.93,3940.37,7629.28,0.0827
375,4,578.37,16294.27,37032.15,9846.85,3677.16,7213.87,0.0801
375,4,454.29,8495.59,28229.46,9596.34,3801.46,6336.06,0.1086
375,4,421.49,7662.41,26816.82,9393.39,3524.45,6236.57,0.0974
375,4,450.31,8265.33,28213.02,9998.11,4020.27,5929.31,0.0954
375,4,608.53,17398.67,39338.11,9994.99,4326.31,7618.14,0.1110
375,4,481.14,11173.68,29955.87,9386.29,3398.36,5997.54,0.0873
375,4,542.51,14175.01,34048.77,8294.48,3249.49,8329.79,0.0737
375,4,489.42,11077.43,29741.91,9439.40,3365.34,5859.75,0.0847
375,4,510.95,11846.90,31413.11,9440.02,3141.38,6984.81,0.0775
375,4,529.04,13799.78,33560.89,8854.31,3366.30,7540.50,0.0996
375,4,630.35,18325.42,39356.73,9564.08,3160.15,8307.08,0.0964
375,4,533.61,14151.80,33918.07,9468.69,3455.83,6841.76,0.0905
375,4,632.35,18899.44,37820.47,8315.07,3411.09,7194.87,0.0870
375,4,539.16,13518.61,34388.84,8772.85,3674.83,8422.54,0.0764
375,4,487.37,10202.74,29868.02,9069.33,3773.10,6822.85,0.0818
375,4,451.01,8678.78,29613.78,9595.26,4307.37,7032.38,0.1105
375,4,573.06,16559.29,36175.90,9387.31,3585.74,6643.56,0.0799
375,4,577.99,14912.75,34967.05,8651.00,3331.53,8071.77,0.0769
375,4,556.94,12527.80,33354.86,9347.78,3386.69,8092.59,0.0757
375,4,486.17,11279.20,30500.01,9100.40,3894.18,6226.23,0.0879
375,4,444.13,8671.06,27066.79,8838.73,3225.40,6331.60,0.0784
375,4,407.64,7369.01,26610.81,9291.75,3655.73,6294.32,0.0921
375,4,596.17,15629.02,36823.49,10362.90,3580.82,7250.76,0.0820
375,4,502.92,11180.59,31790.31,9817.73,3543.61,7248.38,0.0807
375,4,542.03,12885.51,33098.98,9038.22,3679.28,7495.97,0.0988
375,4,696.04,21651.82,43049.88,9744.32,4012.95,7640.78,0.0816
375,4,470.83,8802.45,28953.89,9928.07,3392.79,6830.59,0.1279
375,4,471.81,10053.56,28822.76,9146.49,3875.93,5746.78,0.0883
375,4,649.94,19191.04,39248.15,9183.70,3187.99,7685.42,0.0787
375,4,413.05,5393.59,25393.28,9938.23,3905.11,6156.34,0.0867
375,4,538.92,13164.67,32849.75,9630.74,3394.32,6660.02,0.0811
375,4,474.99,10683.73,30013.25,9235.27,3397.26,6697.00,0.0801
375,4,487.81,9700.33,30373.36,9675.06,3652.29,7345.68,0.0854
375,4,611.56,18788.44,39003.90,9098.73,3662.14,7454.58,0.0850
375,4,499.45,12743.32,31808.16,8961.74,3450.69,6652.41,0.0819
375,4,576.21,14176.44,36138.12,10188.75,3818.59,7954.33,0.0838
375,4,498.82,11470.03,31705.90,9925.37,4033.50,6277.00,0.0861
375,4,449.14,9260.82,27707.89,8617.31,3290.66,6539.10,0.0823
375,4,462.79,9011.61,27434.37,8653.59,3330.50,6438.67,0.1100
375,4,422.34,5906.24,26496.57,9385.42,3836.91,7368.00,0.1528
375,4,564.77,15417.90,34595.17,9049.27,3900.65,6227.35,0.1167
375,4,497.43,9864.87,30059.83,9699.25,3853.71,6642.00,0.0928
375,4,602.70,16681.65,37190.83,9238.74,4115.44,7155.00,0.1027
375,4,436.34,8256.50,27954.30,9813.20,4132.61,5752.00,0.0867
375,4,583.81,17933.62,37135.71,9428.39,3729.21,6044.49,0.0864
375,4,486.02,10381.32,30128.74,9159.74,3619.84,6967.84,0.1251
375,4,543.59,14264.74,33017.45,9156.68,3456.85,6139.18,0.1105
375,4,594.15,17871.99,37831.90,8908.76,3774.88,7276.28,0.1372
375,4,448.73,9348.55,27481.56,8351.59,3328.99,6452.44,0.1071
375,4,474.13,10495.78,28916.68,8726.05,3312.29,6382.56,0.1454
375,4,650.16,19447.35,38613.50,8965.77,3243.80,6956.57,0.0703
375,4,495.62,11512.14,30244.27,9377.79,3809.30,5545.04,0.0829
375,4,523.55,14094.46,32324.62,8873.05,3399.98,5957.13,0.0799
375,4,566.55,16017.23,35573.77,8638.96,3600.64,7316.93,0.0792
375,4,466.16,10235.31,29429.83,9991.04,3545.42,5658.06,0.0845
375,4,539.41,14116.40,32881.42,8581.18,3077.09,7106.76,0.1544
375,4,590.43,15344.77,36468.53,9410.24,3703.83,8009.69,0.1051
375,4,521.59,13031.98,33200.96,10122.74,3824.79,6221.45,0.1397
375,4,489.18,10734.14,30921.91,9553.62,3985.84,6648.31,0.0933
375,4,461.61,8057.92,28831.98,9703.27,3832.14,7238.66,0.0999
375,4,555.08,14008.79,35149.26,10068.12,4026.27,7046.07,0.0990
375,4,537.24,10516.34,33068.25,10486.55,4285.27,7780.09,0.1318
375,4,423.40,6372.27,26296.07,9969.33,3578.88,6375.60,0.1050
375,4,619.21,16966.09,36966.85,8944.81,3594.82,7461.13,0.1365
375,4,547.27,13882.94,34462.58,9765.54,3823.21,6990.90,0.0848
375,4,546.22,13666.56,34502.62,9968.11,3977.87,6890.08,0.0876
375,4,597.43,15489.87,36892.01,10096.39,3907.88,7397.87,0.0886
375,4,702.36,22468.52,41959.02,8692.95,3342.77,7454.79,0.0896
375,4,641.16,17682.85,40182.40,10730.66,4392.43,7376.46,0.0835
375,4,484.41,8815.47,30266.62,9690.50,4145.70,7614.95,0.0920
375,4,434.29,8152.38,27028.99,9222.48,3384.07,6270.06,0.0847
375,4,505.86,11738.53,30967.77,8913.00,3334.02,6982.23,0.0771
375,4,431.47,6813.27,26242.16,9405.11,3865.40,6158.37,0.0941
375,4,565.72,14154.12,35906.14,9887.91,4079.73,7784.38,0.1308
375,4,545.93,12878.91,33917.18,9927.94,3810.03,7300.30,0.1028
375,4,521.32,12228.97,31497.06,9688.83,3677.93,5901.33,0.1144
375,4,629.29,18970.63,38167.36,8725.60,3101.40,7369.73,0.0776
375,4,420.15,6931.84,26454.67,9599.26,3977.45,5946.11,0.0909
375,4,467.20,8373.83,29213.57,9146.51,4005.31,7687.91,0.1062
375,4,629.22,17521.32,38898.57,9420.82,3919.26,8037.18,0.0878
375,4,629.15,19696.02,39270.24,8958.00,3368.40,7247.81,0.0773
375,4,564.10,15402.20,35800.53,9262.82,4374.15,6761.36,0.0894
375,4,637.03,17300.76,38918.90,9761.77,3897.07,7959.29,0.0949
375,4,511.99,11845.77,33083.14,9801.10,3987.18,7449.09,0.1280
375,4,598.30,16468.37,36594.19,9262.62,3588.33,7274.88,0.0707
375,4,465.43,9329.14,30010.17,9511.88,3884.42,7284.73,0.0827
375,4,659.91,22421.35,41186.35,8778.04,3042.10,6944.86,0.0694
400,4,520.43,13104.88,30607.83,8085.07,2921.99,6495.89,0.0719
400,4,470.29,9748.27,29182.49,9501.90,3738.81,6193.50,0.0807
400,4,564.89,14783.94,35466.25,9633.17,3838.06,7211.08,0.0859
400,4,764.50,27425.36,47077.59,8468.96,3340.68,7842.59,0.0764
400,4,486.12,10426.28,31239.19,9926.42,3823.26,7063.23,0.0995
400,4,490.36,9899.78,29853.55,9347.58,3598.02,7008.16,0.0820
400,4,521.36,13952.59,33310.36,8897.76,3380.65,7079.37,0.0818
400,4,582.19,16801.22,35606.38,8165.83,2956.86,7682.46,0.0723
400,4,510.68,11981.10,30458.73,8811.47,3386.66,6279.49,0.0822
400,4,559.46,13986.36,34240.08,9337.56,3499.85,7416.32,0.0764
400,4,463.93,10356.01,29493.65,9295.32,3524.11,6318.21,0.0847
400,4,517.59,13567.70,32296.17,8766.05,3478.19,6484.24,0.0856
400,4,596.56,17316.60,38315.51,9467.18,3896.63,7635.10,0.0872
400,4,597.05,15772.16,36724.50,9916.11,3794.98,7241.24,0.1031
400,4,452.35,8308.91,27796.27,9230.70,3846.99,6409.67,0.1052
400,4,440.38,7204.50,26650.04,9579.87,3642.36,6223.31,0.0914
400,4,454.44,8198.80,28244.36,10074.23,4028.50,5942.82,0.0903
400,4,607.97,17240.96,39625.88,10500.42,4344.79,7539.72,0.0993
400,4,504.33,11735.20,30968.72,9674.46,3494.62,6064.45,0.0888
400,4,577.60,14178.16,34948.98,8968.32,3384.06,8418.44,0.0840
400,4,466.45,10007.72,28892.60,9583.66,3378.98,5922.23,0.0982
400,4,527.30,12644.51,31507.60,8842.63,3042.70,6977.76,0.0831
400,4,541.60,14365.51,33825.36,8637.22,3365.98,7456.65,0.0778
400,4,668.50,19386.00,40516.18,9443.57,3262.02,8424.58,0.0816
400,4,542.38,14375.03,34290.38,9763.84,3521.40,6630.10,0.0814
400,4,615.50,18571.55,37800.32,8715.83,3376.66,7136.28,0.0755
400,4,551.39,12806.37,33819.22,8933.26,3799.46,8280.14,0.0826
400,4,500.26,11186.30,30714.32,8899.59,3685.11,6943.32,0.0805
400,4,460.81,7789.00,29166.57,10142.74,4440.25,6794.59,0.0895
400,4,583.64,17129.98,36556.54,9222.05,3487.71,6716.80,0.0847
400,4,591.94,15570.69,35851.42,8957.67,3346.05,7977.02,0.0773
400,4,566.48,13649.57,34498.98,9100.52,3423.93,8324.96,0.0785
400,4,490.43,11085.93,30422.19,9227.23,3797.50,6311.52,0.0837
400,4,437.94,7924.65,26136.85,8727.13,3213.50,6271.58,0.0760
400,4,447.57,8265.95,27056.26,9131.97,3498.73,6159.61,0.0787
400,4,582.69,16219.80,36552.00,9642.24,3406.13,7283.84,0.0857
400,4,506.03,11275.61,31841.40,9513.40,3752.61,7299.78,0.0859
400,4,559.29,14758.92,35286.88,9094.40,3601.11,7832.46,0.0806
400,4,672.22,20440.73,41966.83,9964.76,4046.23,7515.10,0.0967
400,4,468.31,8870.12,28897.81,9868.84,3464.61,6694.24,0.0887
400,4,461.13,9958.07,28408.74,9088.15,3664.14,5698.38,0.0867
400,4,623.09,19499.17,38755.96,8718.81,3028.69,7509.29,0.0822
400,4,408.27,5445.97,25603.15,10016.68,4035.51,6104.99,0.1662
400,4,538.95,12505.77,32645.10,9644.17,3711.62,6783.55,0.0960
400,4,487.55,11434.68,30393.34,8879.98,3293.85,6784.83,0.0913
400,4,483.79,10483.16,30679.64,9287.69,3484.90,7423.89,0.0887
400,4,587.20,17107.10,37243.47,9253.31,3670.35,7212.71,0.0910
400,4,513.54,12818.72,32376.32,9388.35,3560.67,6608.60,0.1880
400,4,575.76,14779.23,36544.72,9998.76,3754.52,8012.21,0.0947
400,4,508.04,11576.43,32031.68,10037.18,4101.87,6316.20,0.0965
400,4,479.23,10104.52,29034.51,8820.95,3427.90,6681.13,0.1066
400,4,466.09,9785.90,28621.12,8966.80,3271.18,6597.24,0.0892
400,4,422.25,6417.34,27029.71,9386.41,3896.65,7329.30,0.0870
400,4,542.05,15478.10,34238.55,8996.54,3697.96,6065.96,0.0793
400,4,491.62,9946.99,30238.68,9762.94,3752.67,6776.07,0.0796
400,4,597.89,17286.21,38255.37,9702.47,4082.01,7184.68,0.0846
400,4,426.44,7245.02,26736.56,9845.68,3949.64,5696.22,0.0859
400,4,574.20,17844.06,37448.09,9601.25,3795.39,6207.38,0.0839
400,4,509.84,10333.46,30931.05,9842.55,3690.27,7064.77,0.0807
400,4,539.94,14349.51,33089.52,9213.99,3449.33,6076.68,0.0791
400,4,590.50,16549.01,37676.94,9615.75,4042.66,7469.52,0.0861
400,4,453.62,8485.68,27279.80,8808.27,3471.32,6514.54,0.0784
400,4,481.65,10966.68,29053.13,8597.21,3106.02,6383.23,0.0730
400,4,620.11,18739.93,37415.35,8695.07,3182.43,6797.93,0.0765
400,4,493.55,13119.05,31763.42,9372.07,3668.02,5604.27,0.0825
400,4,518.72,14317.96,32630.67,8908.07,3329.62,6075.02,0.0760
400,4,611.57,17980.77,37467.59,8306.18,3585.65,7595.00,0.0770
400,4,451.68,10407.96,28669.47,9060.94,3466.94,5733.63,0.0784
400,4,552.56,14468.24,33625.07,8923.19,3217.85,7015.79,0.0742
400,4,566.29,15700.90,36916.43,9406.25,3625.15,8184.13,0.0835
400,4,528.22,13587.25,34005.77,10200.68,3910.75,6307.09,0.0983
400,4,487.18,10397.62,30398.25,9501.74,4020.66,6478.23,0.0902
400,4,455.55,7218.19,28728.65,10303.35,3943.09,7264.02,0.0895
400,4,532.74,12997.55,33646.34,9528.87,4035.83,7084.09,0.0943
400,4,522.93,10681.77,32145.03,9578.24,4173.61,7711.41,0.0902
400,4,429.07,7456.72,26707.84,9368.30,3484.60,6398.22,0.0907
400,4,612.85,17738.06,37823.21,9146.01,3627.13,7312.01,0.0884
400,4,561.18,13569.95,33969.20,9563.72,3761.46,7074.07,0.0824
400,4,534.80,12982.49,33897.11,10068.97,3939.24,6906.41,0.0858
400,4,589.79,16646.35,37042.47,9386.93,3848.20,7160.99,0.0825
400,4,654.12,21712.60,40862.54,8663.76,3125.93,7360.25,0.0802
400,4,623.88,18258.81,39885.35,10092.07,4185.92,7348.55,0.0886
400,4,496.82,8677.97,30211.84,9940.10,4127.42,7466.34,0.0866
400,4,431.29,8195.96,26696.88,8869.99,3308.26,6322.66,0.0789
400,4,524.29,12818.30,31702.11,8565.18,3277.76,7040.87,0.0853
400,4,408.37,6562.16,25684.16,9317.82,3711.37,6092.81,0.0885
400,4,591.01,14424.89,36930.65,10359.21,4328.02,7818.54,0.0987
400,4,517.89,12620.29,33406.07,9777.92,3688.39,7319.47,0.0922
400,4,498.16,14070.96,32145.82,8935.16,3334.86,5804.84,0.0965
400,4,628.77,19723.49,38834.78,8633.29,3098.92,7379.07,0.0859
400,4,408.67,6663.92,26091.26,9462.72,4089.99,5874.64,0.0950
400,4,469.74,8219.68,29257.14,9335.00,3794.48,7907.98,0.0855
400,4,602.80,17501.67,38751.68,9490.64,3913.56,7845.82,0.0843
400,4,631.97,19349.20,38736.48,8832.87,3265.67,7288.74,0.0766
400,4,584.20,16082.13,36983.71,9657.67,4379.02,6864.90,0.0902
400,4,609.44,18065.63,38132.22,8740.08,3603.05,7723.47,0.0770
400,4,534.76,11803.20,33766.65,10291.35,4016.16,7655.94,0.1130
400,4,591.13,17746.97,37179.28,8568.13,3492.23,7371.95,0.0855
400,4,472.04,8809.14,29467.07,9258.88,4138.56,7260.49,0.0962
400,4,692.31,22263.95,41550.42,9191.88,3218.26,6876.33,0.0907
