25,4,211.22,5383.63,16792.18,5421.61,2070.79,3916.15,0.0839
25,4,265.83,6580.71,20012.98,6352.00,2857.28,4222.99,0.0315
25,4,294.06,6435.59,21080.79,7225.55,2952.25,4467.40,0.0189
25,4,282.04,7483.71,19574.40,6225.49,2604.91,3260.28,0.0243
25,4,233.43,4861.65,19244.20,7028.14,2801.37,4553.05,0.0247
25,4,254.67,3289.71,18525.47,7372.81,2829.03,5033.91,0.0366
25,4,244.29,6221.97,18995.23,5985.58,2467.58,4320.09,0.0207
25,4,239.00,5368.93,16905.95,5554.15,2122.26,3860.61,0.0173
25,4,236.66,3535.86,17363.21,6913.20,2568.60,4345.56,0.0160
25,4,257.01,4728.47,19097.53,7022.31,2645.39,4701.35,0.0176
25,4,239.43,4672.54,18075.03,6733.71,2612.28,4056.49,0.0176
25,4,247.97,5281.56,19689.94,6890.26,2743.58,4774.53,0.0229
25,4,286.27,7404.67,21916.51,7381.04,2930.44,4200.37,0.0181
25,4,268.11,6145.71,19403.72,6501.97,2747.85,4008.19,0.0176
25,4,247.95,4672.97,19609.30,7453.48,2954.65,4528.22,0.0157
25,4,239.59,5279.55,19932.39,6955.78,2662.01,5035.05,0.0240
25,4,244.07,4813.63,19474.13,7334.65,3022.50,4303.35,0.0188
25,4,275.12,6983.33,21641.26,7059.41,3162.12,4436.40,0.0233
25,4,263.01,3881.73,19469.26,8725.24,2849.66,4012.62,0.0158
25,4,239.81,4649.26,18300.80,6231.53,2334.72,5085.30,0.0208
25,4,263.89,5764.35,19583.22,6931.81,2580.95,4306.11,0.0202
25,4,258.30,4729.45,18615.79,7293.24,2351.82,4241.27,0.0141
25,4,260.48,4026.58,18149.71,7220.25,2645.12,4257.76,0.0142
25,4,258.56,5492.33,19029.87,6635.32,2374.67,4527.56,0.0163
25,4,250.22,5057.79,19039.33,7238.85,2659.78,4082.91,0.0214
25,4,269.04,6688.96,18977.28,5836.21,2530.61,3921.49,0.0177
25,4,266.06,5344.33,19938.48,6338.15,2790.78,5465.22,0.0227
25,4,268.21,2466.35,18820.23,8365.10,2995.98,4992.80,0.0156
25,4,271.66,6170.62,21546.78,6808.85,3129.10,5438.21,0.0172
25,4,280.00,5612.96,19691.45,7265.87,2723.05,4089.57,0.0168
25,4,268.71,6783.77,20035.00,6027.00,2445.95,4778.28,0.0155
25,4,259.76,3961.35,18438.52,7027.73,2571.40,4878.04,0.0145
25,4,282.97,6363.93,20751.59,6938.16,2877.02,4572.48,0.0232
25,4,258.77,6020.62,19797.27,6378.70,2423.61,4974.35,0.0145
25,4,257.50,4743.52,19527.57,7063.54,2710.48,5010.02,0.0180
25,4,260.17,5014.08,18746.00,7283.55,2551.21,3897.16,0.0144
25,4,255.24,5636.23,20063.33,6503.90,2718.37,5204.83,0.0166
25,4,240.85,4224.92,18523.44,7231.37,2664.65,4402.51,0.0147
25,4,274.27,5831.09,20488.17,7960.55,3087.49,3609.05,0.0165
25,4,246.11,4483.72,19232.50,7435.84,2607.90,4705.04,0.0163
25,4,238.57,5307.51,19328.07,6816.63,2818.22,4385.72,0.0171
25,4,265.31,7207.51,19573.30,5844.43,2325.04,4196.32,0.0143
25,4,268.26,5612.78,21000.36,6940.28,3045.41,5401.88,0.0254
25,4,235.34,4663.36,18113.68,7036.19,2592.95,3821.18,0.0164
25,4,237.47,5090.07,18393.76,6331.78,2423.34,4548.56,0.0158
25,4,272.46,5356.70,20876.13,7104.86,2785.46,5629.10,0.0160
25,4,233.15,4469.02,17702.74,6636.18,2693.40,3904.12,0.0152
25,4,253.08,4240.57,18374.91,7309.22,2683.44,4141.68,0.0168
25,4,254.10,3981.11,18882.72,7408.72,2802.63,4690.26,0.0156
25,4,264.88,6093.42,20920.70,7359.01,3070.48,4397.78,0.0197
25,4,251.44,5260.95,19147.40,6748.27,2522.53,4615.65,0.0161
25,4,245.04,4127.62,18124.11,6893.28,2436.50,4666.70,0.0175
25,4,246.25,4849.47,19945.54,6543.89,2846.76,5705.42,0.0177
25,4,274.68,7956.73,20610.85,6196.80,2658.16,3799.15,0.0200
25,4,257.55,5777.06,19546.41,6538.60,2742.64,4488.10,0.0154
25,4,258.58,5119.26,19952.04,7489.48,2961.58,4381.72,0.0165
25,4,241.33,4210.84,19469.53,7617.31,3066.90,4574.48,0.0157
25,4,270.86,6164.13,20481.36,7862.46,3032.61,3422.16,0.0156
25,4,237.31,3560.15,18722.02,7487.74,2879.56,4794.57,0.0156
25,4,274.20,6077.75,18783.71,6674.74,2513.92,3517.30,0.0146
25,4,282.83,7688.97,21618.66,6183.69,2978.13,4767.87,0.0155
25,4,238.58,5043.58,17827.49,5941.89,2403.04,4438.98,0.0153
25,4,218.34,4770.82,16693.04,5906.47,2264.58,3751.18,0.0138
25,4,218.13,5827.32,16562.53,5798.98,2180.35,2755.88,0.0178
25,4,259.98,4683.09,19732.70,8010.56,2990.62,4048.43,0.0158
25,4,262.32,3984.90,19030.63,8081.91,2775.53,4188.30,0.0149
25,4,275.89,5482.15,20666.70,7482.64,3023.73,4678.18,0.0147
25,4,272.81,5931.79,19433.60,6740.97,2470.26,4290.57,0.0159
25,4,253.50,5851.05,17557.27,5782.35,2171.49,3752.38,0.0146
25,4,301.53,6175.99,21945.68,7255.20,2991.65,5522.84,0.0154
25,4,266.47,5908.22,19683.48,7168.49,2890.76,3716.00,0.0156
25,4,259.55,5031.90,19790.98,6903.15,2856.89,4999.04,0.0160
25,4,236.48,3340.97,18666.68,7481.80,2769.06,5074.85,0.0161
25,4,265.37,5138.76,20647.47,8074.80,3129.21,4304.71,0.0151
25,4,253.27,4495.75,19558.49,7124.43,3040.76,4897.54,0.0151
25,4,250.99,3954.67,18407.47,7413.82,2562.04,4476.94,0.0146
25,4,269.74,5141.73,19060.52,7357.56,2711.99,3849.25,0.0141
25,4,268.95,5332.54,19498.13,6794.64,2793.18,4577.77,0.0148
25,4,265.71,6002.06,20025.39,6925.11,2801.10,4297.12,0.0151
25,4,278.22,5604.69,21054.53,8151.51,3074.00,4224.32,0.0141
25,4,272.05,8104.63,19512.01,5604.74,2325.18,3477.46,0.0181
25,4,323.59,7268.77,21315.41,6821.28,3165.92,4059.44,0.0146
25,4,260.57,3868.79,20087.09,7584.54,3181.16,5452.60,0.0154
25,4,236.43,5452.49,18699.95,6029.04,2451.65,4766.78,0.0150
25,4,228.65,3567.44,16965.64,6802.11,2499.86,4096.23,0.0125
25,4,235.73,4247.66,18131.62,6642.78,2661.43,4579.76,0.0147
25,4,291.72,5534.32,21177.79,7654.23,3106.54,4882.70,0.0149
25,4,265.88,4470.54,18535.70,6988.64,2873.92,4202.59,0.0146
25,4,270.12,5669.76,20189.92,7499.01,2824.61,4196.54,0.0152
25,4,260.47,5423.67,18709.46,6831.26,2577.53,3877.01,0.0130
25,4,252.23,3700.51,20064.56,8291.09,3220.12,4852.84,0.0162
25,4,281.95,4816.23,20942.14,7286.18,2938.18,5901.56,0.0156
25,4,272.38,6105.74,20413.23,7109.55,3049.45,4148.50,0.0145
25,4,259.34,5351.58,18065.52,6461.66,2608.91,3643.37,0.0132
25,4,275.07,7083.58,21717.84,7075.30,3391.20,4167.76,0.0162
25,4,259.82,5403.42,18806.04,6791.13,2703.12,3908.37,0.0130
25,4,282.34,6485.92,21249.74,6852.23,2984.07,4927.52,0.0200
25,4,266.78,3794.98,18681.07,8218.93,2913.83,3753.34,0.0136
25,4,266.23,6079.73,21004.00,6533.04,2878.61,5512.63,0.0149
25,4,257.15,6705.03,19094.78,6146.00,2229.74,4014.02,0.0139
50,4,323.47,11532.19,24883.96,5747.40,2254.95,5349.42,0.0261
50,4,371.13,14723.12,29669.48,6357.90,2980.44,5608.03,0.0307
50,4,404.97,16591.68,31863.34,6238.03,2851.83,6181.80,0.0271
50,4,443.49,20449.49,32996.61,4690.06,2366.69,5490.36,0.0254
50,4,383.69,15119.29,31241.06,6813.35,2847.29,6461.13,0.0310
50,4,336.56,11612.84,27734.54,6853.10,2725.00,6543.60,0.0296
50,4,384.19,14842.44,29532.06,6133.29,2542.81,6013.52,0.0271
50,4,362.63,15598.22,28805.23,4846.25,2016.69,6344.07,0.0280
50,4,317.21,10956.15,25022.14,6194.25,2488.35,5383.39,0.0284
50,4,388.19,14636.64,29678.81,6312.38,2514.29,6215.50,0.0272
50,4,362.12,14985.59,28544.91,5476.62,2465.66,5617.04,0.0286
50,4,358.96,15248.16,29306.73,5772.13,2596.13,5690.32,0.0356
50,4,463.81,18525.58,35840.33,7529.39,3197.21,6588.14,0.0360
50,4,421.79,17888.63,32988.94,6109.29,2747.53,6243.49,0.0335
50,4,372.00,14119.32,29177.32,6514.76,2953.48,5589.77,0.0310
50,4,339.76,11201.64,26858.46,7287.20,2922.32,5447.29,0.0374
50,4,319.75,12057.89,27300.79,6978.66,2977.43,5286.81,0.0328
50,4,432.46,19121.89,35240.46,6538.71,3212.85,6367.00,0.0377
50,4,394.20,14346.93,29867.84,7383.41,2689.16,5448.34,0.0349
50,4,364.51,13290.14,28267.01,5596.48,2356.61,7023.78,0.0278
50,4,371.50,14847.77,29179.24,6386.46,2540.91,5404.10,0.0325
50,4,380.58,14216.32,28386.09,5851.01,2245.16,6073.61,0.0289
50,4,375.96,15108.35,29378.47,5770.62,2405.61,6093.90,0.0308
50,4,414.13,15826.71,31668.51,6675.80,2558.59,6607.42,0.0299
50,4,364.92,16665.16,29685.25,5097.90,2302.13,5620.06,0.0370
50,4,424.74,16417.58,30476.52,5540.62,2531.63,5986.69,0.0270
50,4,387.98,13392.41,29733.72,6341.23,2912.68,7087.38,0.0311
50,4,378.89,12318.44,27849.50,6694.66,2781.58,6054.82,0.0312
50,4,373.13,14522.08,30783.52,6648.55,3216.02,6396.87,0.0365
50,4,430.11,16320.12,31880.07,6922.01,2771.50,5866.45,0.0327
50,4,386.35,15360.07,30785.62,6197.60,2465.46,6762.49,0.0313
50,4,375.49,13801.89,29214.57,5606.86,2438.35,7367.46,0.0305
50,4,405.48,16601.34,31431.86,6168.32,2766.02,5896.18,0.0305
50,4,346.12,14337.29,27470.84,5129.76,2190.94,5812.85,0.0292
50,4,326.13,12202.44,26140.23,5903.28,2462.42,5572.09,0.0324
50,4,413.10,16189.48,32030.58,7027.45,2637.83,6175.82,0.0307
50,4,370.15,15829.87,30206.62,5355.40,2599.77,6421.58,0.0384
50,4,372.73,14209.83,28882.36,5615.11,2554.03,6503.39,0.0290
50,4,448.12,16324.56,33194.09,7692.08,3132.11,6045.35,0.0286
50,4,374.57,12686.51,28646.20,7234.63,2741.78,5983.28,0.0333
50,4,340.37,14066.88,27286.49,5531.53,2669.74,5018.34,0.0303
50,4,425.70,16667.81,31794.09,6243.36,2528.26,6354.66,0.0290
50,4,339.13,12621.35,27422.03,6103.01,3001.35,5696.33,0.0448
50,4,392.38,15494.74,29992.77,6083.58,2561.38,5853.08,0.0339
50,4,360.48,13174.89,27146.16,5703.91,2388.86,5878.51,0.0273
50,4,363.71,14519.07,29079.80,5498.04,2502.66,6560.03,0.0303
50,4,400.56,16663.86,31161.66,5696.72,2571.47,6229.61,0.0291
50,4,419.95,15077.73,31035.14,7453.08,2724.02,5780.33,0.0291
50,4,419.16,14634.96,31773.62,7391.80,2911.05,6835.82,0.0311
50,4,385.36,16437.34,32048.38,6857.38,3022.39,5731.28,0.0329
50,4,343.65,14543.29,28118.90,5330.47,2317.25,5927.89,0.0281
50,4,340.06,13068.25,27308.46,6109.76,2311.70,5818.75,0.0287
50,4,347.03,12007.09,27491.24,6025.84,2678.93,6779.38,0.0325
50,4,426.21,18010.40,32353.91,6213.66,2742.43,5387.41,0.0298
50,4,395.36,14959.22,30981.15,6860.61,2900.87,6260.45,0.0345
50,4,416.01,16075.74,32144.15,6725.40,2943.84,6399.17,0.0313
50,4,345.03,12129.69,27787.92,7283.79,3160.51,5213.94,0.0350
50,4,430.44,20317.92,34928.10,6385.43,2848.12,5376.64,0.0337
50,4,357.51,12268.77,28155.58,6875.00,2780.84,6230.97,0.0333
50,4,386.62,15822.52,29935.69,6345.66,2503.87,5263.64,0.0296
50,4,444.63,19040.82,34195.68,5656.62,2979.46,6518.78,0.0344
50,4,347.33,14085.63,27267.16,4935.11,2235.54,6010.87,0.0290
50,4,350.62,13169.18,27144.23,6113.14,2349.33,5512.59,0.0261
50,4,422.37,16417.72,30898.76,6770.82,2450.25,5259.97,0.0275
50,4,379.93,15706.12,29345.10,5864.25,2691.50,5083.23,0.0319
50,4,378.51,15403.90,29015.14,5722.10,2447.99,5441.15,0.0316
50,4,413.40,15667.50,32105.20,6883.32,2960.53,6593.84,0.0296
50,4,379.62,14598.49,28154.97,6256.28,2370.11,4930.08,0.0297
50,4,355.90,14253.36,27202.55,5208.54,2139.54,5601.11,0.0267
50,4,405.69,16993.25,32766.57,6026.12,2831.74,6915.47,0.0344
50,4,380.77,17030.49,32141.20,6724.21,2776.89,5609.61,0.0317
50,4,360.81,13966.56,28488.78,5965.73,2704.40,5852.08,0.0326
50,4,320.04,10979.55,26111.76,6359.03,2588.61,6184.56,0.0317
50,4,407.78,15226.82,32230.94,7599.08,3285.93,6119.11,0.0326
50,4,392.23,14720.24,31144.30,6405.61,3040.38,6978.06,0.0321
50,4,331.52,11685.36,26103.58,6392.43,2452.50,5573.29,0.0342
50,4,418.08,17189.79,31582.17,5923.48,2572.38,5896.51,0.0344
50,4,394.85,15871.80,30757.75,5951.64,2717.40,6216.92,0.0426
50,4,401.21,16671.58,32369.63,6586.93,2886.15,6224.97,0.0363
50,4,429.69,17712.59,32884.56,6221.63,2843.53,6106.81,0.0344
50,4,459.42,21293.03,34005.05,4529.91,2149.04,6033.08,0.0348
50,4,479.25,20002.21,36163.75,6693.86,3161.06,6306.62,0.0414
50,4,379.14,12849.22,29509.63,6887.41,3063.77,6709.23,0.0397
50,4,320.34,11132.14,25897.67,6627.16,2658.29,5480.08,0.0640
50,4,362.86,11413.82,26709.48,6711.02,2556.39,6028.24,0.0336
50,4,322.63,11055.40,25216.33,6231.08,2553.71,5376.15,0.0404
50,4,430.45,15687.06,33695.33,7940.33,3173.39,6894.55,0.0361
50,4,408.39,15074.42,31660.73,7294.10,2882.74,6409.47,0.0389
50,4,388.38,17098.20,31243.48,6171.66,2707.62,5265.99,0.0392
50,4,397.36,16195.75,30367.90,5716.03,2486.07,5970.05,0.0415
50,4,329.38,10946.29,27484.63,7874.91,3175.77,5487.66,0.0359
50,4,380.98,12166.11,29857.05,7670.03,3108.97,6911.93,0.0453
50,4,449.70,17812.45,34876.12,7039.50,3172.58,6851.60,0.0329
50,4,411.82,17442.16,31873.44,5874.75,2567.34,5989.19,0.0308
50,4,427.58,18545.72,34707.57,6771.45,3379.71,6010.69,0.0360
50,4,410.34,16867.03,31558.79,5943.49,2690.08,6058.18,0.0359
50,4,410.80,16567.61,33571.97,7069.93,3040.39,6894.03,0.0340
50,4,413.35,16170.85,31046.62,6168.55,2628.67,6078.55,0.0305
50,4,398.02,13710.83,30644.92,7052.27,3051.70,6830.11,0.0334
50,4,408.58,16360.40,29971.14,5704.78,2212.60,5693.35,0.0279
75,4,362.50,17706.91,30108.38,4690.86,2069.44,5641.17,0.0569
75,4,419.03,20833.97,34769.72,5463.73,2757.69,5714.33,0.0482
75,4,453.89,23491.11,37630.67,5065.18,2625.95,6448.42,0.0477
75,4,554.57,29446.75,43211.44,4740.29,2348.83,6675.57,0.0420
75,4,405.80,20671.28,35393.58,5718.79,2642.72,6360.78,0.0520
75,4,392.64,16253.53,32082.83,6497.47,2769.33,6562.50,0.0451
75,4,426.46,19131.06,33447.20,5672.11,2422.81,6221.22,0.0441
75,4,413.84,21562.87,33689.82,3747.45,1901.86,6477.63,0.0397
75,4,348.16,16247.15,27956.68,4244.38,2194.22,5270.92,0.0443
75,4,418.58,19897.44,34248.87,5588.14,2389.54,6373.75,0.0520
75,4,390.07,18416.18,32745.84,6065.07,2563.23,5701.37,0.0440
75,4,420.38,19744.58,34806.70,6489.43,2730.76,5841.94,0.0459
75,4,525.98,26304.89,42254.33,6226.38,2869.53,6853.53,0.0492
75,4,442.12,20387.86,36215.16,6778.40,2956.91,6091.99,0.0497
75,4,419.32,19936.93,34074.70,5534.82,2779.24,5823.71,0.0470
75,4,360.69,17208.20,31134.11,5771.75,2611.96,5542.21,0.0479
75,4,377.01,16926.85,32730.24,7361.67,3030.14,5411.59,0.0464
75,4,464.54,23525.31,39888.69,6601.58,3309.10,6452.71,0.0518
75,4,413.46,18280.79,33053.52,6733.91,2572.41,5466.41,0.0587
75,4,413.37,17881.49,32300.72,5010.67,2268.16,7140.39,0.0406
75,4,380.35,18097.08,31801.92,5873.48,2392.55,5438.82,0.0472
75,4,408.37,19575.71,33098.51,5254.17,2104.39,6164.24,0.0485
75,4,461.69,22349.50,35801.64,4677.29,2229.22,6545.63,0.0464
75,4,492.65,22691.59,38889.65,6490.40,2447.40,7260.26,0.0496
75,4,429.34,22011.66,35435.37,5089.67,2356.56,5977.48,0.0472
75,4,489.59,24990.94,38674.88,4798.74,2377.22,6507.98,0.0465
75,4,436.29,17792.64,33594.29,5720.15,2705.10,7376.40,0.0512
75,4,408.96,18763.55,32738.36,5189.31,2401.12,6384.38,0.0453
75,4,414.11,19127.95,35577.66,6678.68,3180.91,6590.12,0.0632
75,4,471.01,23553.71,38234.06,5946.18,2589.57,6144.60,0.0472
75,4,408.44,19929.88,34195.37,5075.92,2328.08,6861.49,0.0444
75,4,428.36,19641.66,34916.08,5376.94,2375.95,7521.52,0.0450
75,4,413.22,21300.95,35154.98,5431.17,2657.47,5765.38,0.0630
75,4,385.49,18623.70,31423.08,4923.12,2215.25,5661.00,0.0437
75,4,350.56,16374.04,29571.23,5187.78,2398.26,5611.15,0.0471
75,4,464.72,23584.56,37455.20,5163.09,2355.31,6352.25,0.0448
75,4,442.01,20076.35,35389.68,5938.28,2744.80,6630.26,0.0530
75,4,436.59,20520.89,34907.93,5122.63,2384.57,6879.84,0.0466
75,4,511.18,26566.73,41922.35,5747.41,2761.80,6846.42,0.0449
75,4,385.77,18016.64,31801.82,5510.17,2354.40,5920.61,0.0498
75,4,370.68,16374.08,30231.51,6045.02,2767.73,5044.67,0.0494
75,4,472.82,22232.54,36870.84,5575.04,2376.25,6687.00,0.0442
75,4,369.09,15687.55,30700.27,6332.15,2959.75,5720.82,0.0524
75,4,438.60,21334.03,36387.99,6402.47,2633.24,6018.25,0.0471
75,4,377.12,17282.50,31118.74,5523.77,2356.51,5955.96,0.0470
75,4,398.30,17633.25,32080.27,5434.26,2564.61,6448.15,0.0516
75,4,453.60,22466.10,36017.93,4767.96,2372.28,6411.59,0.0488
75,4,422.22,19786.33,34307.69,6168.85,2601.78,5750.73,0.0489
75,4,459.97,20235.16,36632.61,6559.55,2826.04,7011.86,0.0535
75,4,419.36,20452.30,34930.03,5957.45,2868.06,5652.21,0.0527
75,4,374.90,17883.98,31459.24,5288.30,2272.98,6013.98,0.0477
75,4,362.93,17865.11,30554.00,4821.54,2072.60,5794.75,0.0533
75,4,385.13,16875.54,31564.60,5189.51,2581.07,6918.48,0.0483
75,4,447.32,22901.76,36586.11,5659.41,2714.92,5310.02,0.0469
75,4,404.80,19577.80,33836.90,5698.40,2673.70,5887.00,0.0496
75,4,471.78,22365.33,37069.76,5725.14,2745.84,6233.45,0.0596
75,4,324.94,16569.11,29008.17,4964.45,2642.12,4832.49,0.0501
75,4,490.81,25179.30,39855.40,6132.43,2918.45,5625.21,0.0615
75,4,379.40,17143.21,31494.48,5551.25,2566.73,6233.29,0.0506
75,4,459.02,23433.40,37187.44,5756.52,2369.12,5628.39,0.0509
75,4,469.45,23102.97,37942.45,5580.10,2943.21,6316.15,0.0515
75,4,354.15,16348.33,28969.24,4651.31,2215.80,5753.80,0.0437
75,4,375.04,19962.93,31580.38,4241.00,1934.78,5441.67,0.0424
75,4,477.35,24075.47,37964.72,5651.81,2336.16,5901.28,0.0430
75,4,387.35,18104.67,31934.81,6058.28,2711.64,5060.21,0.0492
75,4,415.78,21029.29,33925.61,5037.86,2278.13,5580.33,0.0484
75,4,484.65,22130.33,37862.81,6150.94,2807.62,6773.92,0.0498
75,4,389.51,20259.52,32495.26,4910.29,2205.99,5119.45,0.0492
75,4,389.07,19342.91,31698.35,4420.13,1950.83,5984.48,0.0412
75,4,495.61,22151.78,38598.89,6279.95,2880.80,7286.36,0.0510
75,4,428.14,21177.35,35664.05,6148.52,2748.36,5589.82,0.0571
75,4,402.23,17522.87,32270.33,6027.81,2847.08,5872.57,0.0601
75,4,383.39,15703.79,31274.47,6431.08,2704.22,6435.38,0.0561
75,4,463.28,20544.88,37729.43,7746.92,3222.37,6215.26,0.0612
75,4,419.55,19478.32,35012.30,5823.09,2857.01,6853.88,0.0865
75,4,367.42,16440.76,30171.10,5634.17,2361.02,5735.15,0.0989
75,4,465.27,22646.06,36965.17,5752.56,2526.67,6039.89,0.0580
75,4,440.96,21107.48,35414.12,5367.81,2594.63,6344.20,0.0619
75,4,435.45,22029.34,36018.31,5360.07,2663.84,5965.06,0.0648
75,4,497.03,25430.38,40542.78,5901.71,2772.69,6438.00,0.0603
75,4,541.24,28031.58,41531.80,4622.50,2209.52,6668.20,0.0600
75,4,539.72,28126.16,43520.90,5874.58,2979.24,6540.92,0.0615
75,4,415.23,17471.76,33789.56,6455.22,2927.87,6934.72,0.0769
75,4,330.42,17086.95,29596.65,4747.35,2260.09,5502.26,0.0502
75,4,391.65,16965.27,31414.53,5889.90,2444.72,6114.64,0.0501
75,4,360.51,15327.74,28890.55,5630.78,2494.26,5437.77,0.0516
75,4,489.66,23633.82,39594.04,6132.75,2922.23,6905.23,0.0563
75,4,475.51,23837.37,38934.12,5863.29,2616.99,6616.46,0.0544
75,4,449.11,22685.06,37267.43,6296.33,2718.59,5567.44,0.0525
75,4,445.68,23635.56,36078.16,4147.54,2164.77,6130.30,0.0490
75,4,376.20,16032.08,30596.81,6034.18,2840.66,5689.88,0.0582
75,4,415.81,17858.62,34406.88,6558.25,2888.75,7101.25,0.0532
75,4,487.08,24078.00,39569.05,5698.51,2921.59,6870.94,0.0579
75,4,510.67,23602.25,38138.76,5544.01,2527.68,6464.82,0.0439
75,4,516.33,25542.85,41841.51,6539.55,3308.08,6451.02,0.0520
75,4,485.07,24591.72,39392.54,5582.28,2546.61,6671.93,0.0431
75,4,463.73,23032.73,38363.47,5515.53,2933.87,6881.34,0.0539
75,4,468.70,21561.42,36714.95,6260.53,2599.46,6293.54,0.0416
75,4,411.55,19223.03,34193.79,5488.59,2784.07,6698.10,0.0507
75,4,449.41,22569.92,35781.19,5252.34,2149.97,5808.95,0.0410
100,4,388.76,20677.49,32575.39,4235.27,2039.50,5623.12,0.0541
100,4,459.19,24873.89,39552.89,5839.31,2847.21,5992.48,0.0759
100,4,482.02,25754.46,41128.99,6084.06,2831.86,6458.62,0.0633
100,4,587.70,34330.00,47806.64,4481.96,2399.09,6595.60,0.0553
100,4,458.01,24036.95,39347.83,6236.30,2756.73,6317.85,0.0660
100,4,375.98,18853.57,32174.97,4681.54,2356.48,6283.37,0.0628
100,4,442.39,24539.43,37650.49,4523.23,2272.75,6315.07,0.0656
100,4,456.97,26424.11,38298.24,3386.45,1788.31,6699.36,0.0553
100,4,388.49,18234.07,31163.52,5141.26,2390.05,5398.13,0.0620
100,4,462.80,24424.80,38119.83,4978.16,2335.41,6381.45,0.0694
100,4,461.00,23710.77,37693.83,5662.42,2510.31,5810.34,0.0764
100,4,460.50,24684.72,38918.36,5632.95,2552.47,6048.22,0.0749
100,4,592.30,31225.30,46312.50,5307.44,2776.18,7003.59,0.0886
100,4,535.28,28247.02,42915.95,5390.30,2646.68,6631.95,0.0827
100,4,434.92,23298.49,37595.50,5647.22,2748.27,5901.52,0.1075
100,4,387.12,20034.38,34349.51,5945.31,2626.96,5742.86,0.0761
100,4,374.73,18786.19,33688.97,6700.34,2936.79,5265.64,0.0911
100,4,518.66,29245.13,45037.44,6079.79,3137.78,6574.74,0.0762
100,4,424.41,22372.23,36339.90,5966.16,2486.32,5515.18,0.0674
100,4,453.71,23303.98,36817.95,3986.12,1994.43,7533.43,0.0598
100,4,392.00,21340.20,34103.08,5061.41,2338.61,5362.87,0.0650
100,4,433.20,22807.56,36243.97,5143.23,2042.36,6250.82,0.0594
100,4,493.95,26534.53,40025.15,4489.57,2106.89,6894.16,0.0610
100,4,529.03,28211.09,43347.32,5383.34,2329.19,7423.71,0.0656
100,4,461.44,25437.59,38478.89,4822.65,2287.51,5931.14,0.0655
100,4,543.32,29651.54,42943.48,4246.06,2282.24,6763.64,0.0593
100,4,464.33,22423.39,37692.61,5254.42,2661.10,7353.71,0.0674
100,4,407.60,19058.65,32896.41,5301.91,2423.38,6112.47,0.0600
100,4,438.57,21685.64,37372.02,6212.01,3135.41,6338.96,0.0765
100,4,489.79,27523.98,41295.18,5239.29,2475.84,6056.06,0.0641
100,4,445.58,25428.55,39060.03,4259.18,2165.83,7206.47,0.0661
100,4,453.71,21953.10,36932.88,5148.61,2392.86,7438.31,0.0602
100,4,446.94,23220.35,37464.74,5721.67,2756.90,5765.82,0.0636
100,4,395.20,21963.26,33781.10,4087.26,2020.19,5710.40,0.0636
100,4,384.29,18470.34,32441.93,5729.27,2473.52,5768.80,0.1074
100,4,506.15,27932.38,41668.14,4975.40,2296.75,6463.61,0.0648
100,4,437.22,21474.02,36985.46,6086.06,2791.56,6633.82,0.0675
100,4,510.38,27007.36,40991.72,4641.72,2295.62,7047.02,0.0618
100,4,559.79,30032.41,46030.63,6266.61,2892.47,6839.14,0.0619
100,4,408.58,21060.79,34821.03,5288.11,2350.58,6121.55,0.0670
100,4,378.70,20028.70,33173.25,5288.88,2569.45,5286.23,0.0635
100,4,499.62,27408.80,41938.13,5325.34,2319.31,6884.68,0.0593
100,4,381.00,18338.24,31907.66,5155.50,2758.57,5655.35,0.0842
100,4,471.11,25481.90,38795.93,4978.34,2346.12,5989.57,0.0636
100,4,396.24,21119.90,33426.08,4329.78,2124.81,5851.60,0.0756
100,4,438.88,20989.82,35729.93,5575.57,2552.88,6611.66,0.0657
100,4,486.42,26108.11,40471.97,5303.58,2516.00,6544.27,0.0596
100,4,459.43,25231.16,38907.93,5488.92,2400.87,5786.98,0.0574
100,4,492.87,24363.37,40165.68,6107.52,2669.80,7024.98,0.0603
100,4,445.17,22746.53,37501.12,6321.25,3012.36,5420.98,0.0694
100,4,416.99,21194.50,34541.17,5032.72,2254.80,6059.15,0.0582
100,4,361.94,18723.85,30964.88,4712.96,2074.07,5453.99,0.0790
100,4,430.36,20400.26,35408.57,5390.03,2592.44,7025.85,0.0650
100,4,478.66,27991.12,41154.76,5123.01,2546.65,5493.98,0.1011
100,4,424.55,22469.17,36671.23,5625.38,2600.93,5975.75,0.0657
100,4,491.85,24766.77,39608.62,5948.91,2761.96,6130.99,0.0640
100,4,355.67,18641.11,32476.64,5902.76,2816.64,5116.13,0.0721
100,4,510.14,28984.14,43135.21,5827.02,2831.67,5492.38,0.0838
100,4,396.31,19702.85,33826.85,5406.02,2577.59,6140.39,0.0677
100,4,452.70,25149.83,38284.21,5511.31,2296.67,5326.40,0.0724
100,4,539.80,27955.57,43195.90,5735.89,2898.88,6605.55,0.0766
100,4,372.08,19910.75,31684.88,3895.80,2085.91,5792.42,0.0585
100,4,423.79,23272.06,35474.28,4562.05,1979.92,5660.26,0.0698
100,4,525.44,27502.32,42289.94,6231.91,2399.06,6156.64,0.0557
100,4,401.07,21648.65,34059.40,4900.85,2518.80,4991.09,0.0649
100,4,442.06,22093.98,35387.74,5484.70,2373.28,5435.77,0.0941
100,4,494.80,24855.78,39589.60,5458.99,2688.04,6586.79,0.0598
100,4,407.94,22957.11,35467.33,5109.77,2201.76,5198.69,0.0671
100,4,396.29,23224.00,34826.55,3781.78,1818.86,6001.91,0.0540
100,4,526.70,27565.01,42790.38,5150.12,2676.41,7398.85,0.0681
100,4,454.70,23274.48,38648.52,6860.61,3007.96,5505.46,0.0775
100,4,415.35,20292.54,34325.08,5488.01,2700.31,5844.23,0.0633
100,4,437.87,19332.16,35342.99,6552.17,2697.32,6761.35,0.0789
100,4,474.66,24690.14,40423.22,6640.79,3105.01,5987.28,0.0671
100,4,449.22,21545.11,36227.30,5189.18,2806.50,6686.52,0.0655
100,4,385.84,19132.84,33895.50,6366.70,2461.34,5934.63,0.0608
100,4,570.90,28929.68,43379.70,5501.25,2514.09,6434.66,0.0566
100,4,479.69,23530.66,38995.94,6199.18,2775.34,6490.76,0.0777
100,4,483.83,24067.35,39421.98,6319.93,2838.20,6196.50,0.0655
100,4,509.32,27514.42,42916.45,6116.16,2858.59,6427.28,0.0622
100,4,531.38,31847.77,44408.09,3762.21,2023.53,6774.58,0.0613
100,4,575.80,32298.34,47361.44,5398.29,2978.58,6686.24,0.0697
100,4,425.25,20904.23,36644.34,5984.45,2925.72,6829.93,0.0684
100,4,367.36,19535.19,32630.13,5173.08,2323.42,5598.44,0.0603
100,4,395.84,22487.11,34257.01,3810.32,1955.01,6004.57,0.0543
100,4,329.12,17130.85,28641.11,4227.50,2208.06,5074.70,0.0611
100,4,531.08,27300.29,43856.43,6488.16,2941.77,7126.22,0.0676
100,4,511.00,26862.32,42881.79,6443.66,2903.62,6672.19,0.0612
100,4,477.52,27250.88,39870.36,4849.52,2479.49,5290.46,0.0805
100,4,492.77,25160.81,39511.56,5451.08,2482.22,6417.45,0.0604
100,4,383.95,18521.27,32950.86,5999.97,2811.49,5618.13,0.0674
100,4,446.89,20958.54,37141.13,6296.11,2876.13,7010.34,0.0653
100,4,507.17,27635.14,42860.89,5466.00,2852.54,6907.21,0.0670
100,4,573.22,27445.76,42753.60,6130.02,2642.35,6535.46,0.0606
100,4,512.58,28850.87,44297.23,5955.74,3258.94,6231.67,0.1056
100,4,549.09,30472.96,45201.58,5205.55,2439.49,7083.58,0.0576
100,4,501.62,27972.66,42299.76,4714.88,2746.60,6865.62,0.0713
100,4,515.23,26573.04,41603.48,5753.56,2528.34,6748.54,0.0985
100,4,411.19,21811.51,36578.79,5418.26,2803.29,6545.73,0.0725
100,4,505.51,28437.33,41765.86,5152.64,2107.83,6068.06,0.0556
125,4,356.04,21801.96,32324.61,3415.80,1883.12,5223.72,0.0670
125,4,457.17,26432.35,40438.97,5459.47,2805.84,5741.31,0.0817
125,4,495.22,30254.46,44504.25,5067.20,2583.32,6599.26,0.0800
125,4,585.64,37311.57,49550.20,3512.06,2141.59,6584.97,0.0828
125,4,414.83,23140.50,37426.95,5741.03,2655.36,5890.06,0.0855
125,4,423.04,22387.54,35873.46,4616.02,2359.24,6510.66,0.0867
125,4,437.38,25680.73,38239.96,4237.98,2203.53,6117.72,0.0788
125,4,462.63,26911.32,39080.43,3796.15,1915.18,6457.78,0.0706
125,4,387.37,21265.46,33295.56,4443.05,2216.63,5370.42,0.0777
125,4,461.98,26406.79,38946.15,4210.14,2201.85,6127.38,0.0935
125,4,431.88,23454.04,38066.89,6232.43,2619.05,5761.38,0.0941
125,4,471.22,28283.22,41704.30,4971.12,2451.24,5998.72,0.0782
125,4,565.49,32937.75,47631.21,5215.62,2767.38,6710.46,0.0844
125,4,513.73,29013.16,44634.09,6186.56,2808.16,6626.22,0.1407
125,4,468.12,27407.29,41403.88,5297.84,2734.02,5964.74,0.0926
125,4,409.62,23138.91,36898.58,5398.57,2588.17,5772.93,0.0850
125,4,409.03,22792.73,35979.60,5103.92,2689.98,5392.97,0.0825
125,4,575.91,33599.43,48831.73,5366.78,3160.27,6705.25,0.0898
125,4,453.48,24909.79,37882.43,5189.17,2300.91,5482.55,0.0808
125,4,466.02,23997.50,37560.96,4229.20,2081.04,7253.22,0.0727
125,4,437.60,24386.60,36588.17,4606.12,2218.63,5376.82,0.0786
125,4,442.41,26545.55,38664.71,4063.47,1829.41,6226.28,0.0730
125,4,497.76,28894.25,41918.46,4212.80,2126.25,6685.16,0.0749
125,4,551.63,30793.58,45613.37,5277.81,2290.95,7251.04,0.0786
125,4,471.69,27271.99,40280.56,4760.17,2270.08,5978.32,0.0782
125,4,508.78,29486.11,42585.19,4516.25,2341.96,6240.87,0.0689
125,4,490.16,25567.15,40726.10,4893.58,2556.13,7709.24,0.0794
125,4,456.58,23250.42,36652.93,4729.81,2320.82,6351.88,0.0728
125,4,467.33,25829.36,41407.91,5844.95,3066.78,6666.81,0.0881
125,4,493.42,30266.86,43232.32,4479.86,2370.49,6115.12,0.0782
125,4,435.81,27546.72,40291.61,3852.22,2109.55,6783.12,0.0754
125,4,459.11,24968.83,39029.16,4461.62,2172.90,7425.81,0.0738
125,4,464.56,26804.40,40287.69,5260.38,2568.46,5654.45,0.0787
125,4,426.29,24408.01,36501.10,4243.76,2053.89,5795.43,0.0724
125,4,386.73,21433.61,34503.04,4863.62,2343.48,5862.32,0.0784
125,4,522.59,30040.54,43959.92,5133.68,2304.95,6480.75,0.0774
125,4,468.21,23364.28,38772.48,6076.04,2739.75,6592.41,0.0851
125,4,537.86,30425.04,43862.92,4067.63,2197.82,7172.44,0.0781
125,4,543.25,32851.33,46782.83,4951.53,2750.49,6229.48,0.0786
125,4,445.08,23645.38,37632.09,5411.43,2343.45,6231.83,0.0812
125,4,412.60,23914.36,36054.67,4537.60,2420.24,5182.47,0.0789
125,4,497.50,29828.29,43138.88,4333.69,2196.09,6780.82,0.0739
125,4,374.55,19640.76,32902.78,5027.46,2785.93,5448.63,0.1116
125,4,452.94,27082.76,40672.09,5199.98,2421.24,5968.10,0.0850
125,4,424.42,24159.76,36373.57,4229.30,2097.61,5886.90,0.0763
125,4,450.30,24707.99,38729.51,4843.33,2432.01,6746.18,0.0854
125,4,527.36,29111.87,43058.27,4926.15,2460.70,6559.56,0.0808
125,4,471.03,28199.87,41892.50,5307.21,2371.52,6013.90,0.0886
125,4,556.86,30909.09,46159.53,5256.29,2581.41,7412.75,0.0764
125,4,469.97,26065.77,40414.68,5948.86,2863.69,5536.35,0.0850
125,4,451.52,24885.91,37582.15,4274.88,2137.56,6283.79,0.0890
125,4,400.53,21475.59,34109.28,4825.99,2131.36,5676.34,0.0718
125,4,429.43,20081.82,35753.41,6016.72,2737.86,6917.02,0.0797
125,4,486.70,30352.59,43126.55,4790.89,2441.38,5541.70,0.0885
125,4,455.58,25489.42,38966.46,5049.00,2566.04,5862.00,0.0824
125,4,518.29,28104.67,42905.62,5810.98,2784.20,6205.77,0.0774
125,4,389.36,20747.30,34378.78,5677.62,2804.40,5149.45,0.1485
125,4,549.13,31953.74,45766.09,5576.58,2792.00,5443.77,0.0833
125,4,433.04,22054.50,36826.09,5860.13,2665.28,6246.19,0.0810
125,4,512.06,27947.29,42335.09,6123.72,2557.52,5706.55,0.0766
125,4,536.38,29682.77,44654.93,5457.27,2992.33,6522.56,0.0834
125,4,429.95,23505.45,35298.48,3755.29,2037.81,5999.92,0.0719
125,4,419.71,25245.17,36191.47,3557.75,1825.29,5563.27,0.0666
125,4,526.06,32742.89,45976.13,4939.25,2126.89,6167.10,0.0820
125,4,459.67,23979.83,37267.66,5529.50,2644.19,5114.14,0.0840
125,4,477.19,25358.83,38409.79,5187.90,2347.67,5515.39,0.0770
125,4,544.34,28466.59,43188.25,5276.40,2703.95,6741.31,0.0737
125,4,430.11,24923.35,37508.94,5173.32,2287.84,5124.43,0.0750
125,4,394.01,23861.40,35569.66,4021.16,1893.13,5793.97,0.0682
125,4,535.45,29842.22,44429.80,4778.68,2694.45,7114.45,0.0836
125,4,469.73,26297.21,41499.72,6665.34,2873.63,5663.55,0.0809
125,4,435.00,23306.84,36902.00,5051.49,2652.42,5891.25,0.0828
125,4,422.08,22695.58,36806.73,5127.06,2324.61,6659.48,0.0755
125,4,452.22,27125.17,41664.16,5677.16,2896.09,5965.75,0.0818
125,4,503.01,27528.04,42535.69,5101.98,2707.50,7198.16,0.0787
125,4,386.88,22053.64,35159.37,4977.54,2252.39,5875.81,0.0889
125,4,573.91,34318.60,47086.34,4093.40,2174.58,6499.78,0.0809
125,4,470.61,26412.77,40121.12,4877.50,2519.44,6311.41,0.1143
125,4,518.16,28152.76,43642.41,6292.04,2821.08,6376.53,0.0858
125,4,553.61,32560.08,46424.29,4900.23,2660.36,6303.60,0.0968
125,4,548.78,33056.28,45521.44,3796.64,2076.14,6592.38,0.0726
125,4,579.52,34236.17,49399.09,5564.59,2932.08,6666.24,0.0862
125,4,435.16,23595.20,38022.49,4995.85,2742.37,6689.08,0.0902
125,4,378.58,21906.23,34330.28,4523.68,2215.20,5685.18,0.0802
125,4,398.08,24685.99,35751.56,3320.84,1896.56,5848.16,0.0712
125,4,341.58,18489.86,31150.42,5084.84,2367.52,5208.20,0.0925
125,4,561.62,30109.19,45889.65,5852.27,2850.64,7077.55,0.0893
125,4,482.11,29272.43,43294.69,5269.30,2596.46,6156.50,0.0852
125,4,489.48,28492.27,41626.16,5222.83,2513.80,5397.26,0.0981
125,4,495.40,27568.50,41110.40,4854.11,2347.05,6340.74,0.0786
125,4,406.56,20662.02,34928.46,5848.76,2816.63,5601.04,0.1194
125,4,448.63,25216.55,38968.27,4282.45,2411.70,7057.57,0.0915
125,4,528.17,29813.87,45976.34,6117.19,2993.05,7052.22,0.0822
125,4,574.32,32494.93,45730.82,4325.78,2289.89,6620.22,0.0900
125,4,592.06,32480.74,48766.29,6376.57,3340.50,6568.47,0.0858
125,4,559.24,32450.04,46696.62,5078.25,2468.85,6699.48,0.0707
125,4,521.13,29606.83,45876.37,6117.78,2975.39,7176.37,0.0945
125,4,563.89,30080.36,45548.34,6151.87,2552.09,6764.03,0.0724
125,4,439.29,24016.84,38589.66,5290.34,2773.82,6508.66,0.0795
125,4,540.20,31398.15,43485.21,4176.07,1959.27,5951.72,0.0915
150,4,402.65,25475.71,36521.06,3668.14,1881.59,5495.62,0.1027
150,4,454.93,28645.70,41941.69,4822.70,2651.63,5821.66,0.0972
150,4,508.29,32952.47,46360.35,4376.55,2490.11,6541.22,0.1171
150,4,637.61,39555.99,52693.89,4192.69,2275.66,6669.56,0.0834
150,4,502.13,29163.10,44394.36,6010.42,2590.13,6630.71,0.1052
150,4,425.68,23618.15,36426.36,4193.73,2286.95,6327.53,0.0982
150,4,467.31,27890.51,40716.54,4182.11,2237.29,6406.63,0.0905
150,4,482.70,31070.35,42791.92,3359.90,1833.56,6528.11,0.1014
150,4,424.93,23830.33,35778.91,4189.05,2162.83,5596.70,0.0934
150,4,475.33,29452.55,41655.50,3770.58,2090.43,6341.95,0.0932
150,4,482.74,29266.13,41813.76,4529.76,2278.32,5739.55,0.0975
150,4,492.78,28987.50,43253.43,5742.32,2657.44,5866.17,0.0989
150,4,595.92,34807.68,50485.53,5969.33,2890.48,6818.05,0.1041
150,4,525.36,32624.03,47457.90,5597.57,2590.67,6645.64,0.1031
150,4,452.24,30102.34,42969.41,4466.41,2531.59,5869.06,0.0999
150,4,399.67,22794.71,36561.91,5511.69,2620.87,5634.64,0.1073
150,4,417.20,24986.65,38133.41,5041.85,2689.14,5415.77,0.1018
150,4,582.16,35968.18,51128.81,5304.41,3076.25,6779.97,0.0975
150,4,445.40,26557.03,39907.93,5535.85,2337.70,5477.35,0.0927
150,4,471.27,26470.73,40853.00,4714.72,2174.17,7493.38,0.0813
150,4,416.94,25059.08,37566.23,5047.70,2342.29,5117.16,0.0883
150,4,477.16,28534.64,40831.02,3905.23,1781.85,6609.29,0.0943
150,4,493.41,29999.81,42469.48,3822.69,2055.59,6591.38,0.0786
150,4,592.42,35734.73,50198.38,4946.37,2241.21,7276.07,0.0884
150,4,478.09,28939.35,41066.29,4198.56,2210.13,5718.25,0.0919
150,4,550.94,35423.27,47907.66,3666.95,2133.53,6683.90,0.0843
150,4,500.69,27991.13,41918.61,4172.27,2443.99,7311.22,0.0932
150,4,408.48,23211.39,35628.08,4240.90,2218.06,5957.74,0.0784
150,4,466.45,25025.09,41055.70,6409.37,3234.02,6387.22,0.0962
150,4,526.65,31546.89,45514.52,5396.77,2588.03,5982.83,0.0923
150,4,467.19,29093.61,42285.90,4069.71,2146.92,6975.66,0.0826
150,4,464.44,28355.10,41935.32,3865.45,2030.29,7684.49,0.0797
150,4,469.49,28516.15,41790.68,5101.05,2621.59,5551.89,0.0903
150,4,432.34,24344.31,36827.29,4716.49,2200.93,5565.56,0.0861
150,4,378.72,22298.68,34339.85,4322.53,2264.11,5454.53,0.0948
150,4,537.65,32070.68,45113.56,4496.07,2294.35,6252.46,0.0983
150,4,457.46,25690.29,39697.44,5148.63,2576.44,6282.08,0.1066
150,4,484.33,29342.84,42389.68,4217.78,2249.20,6579.86,0.0941
150,4,612.87,34834.95,50412.88,6071.50,2922.27,6584.16,0.0972
150,4,428.06,25071.96,38582.33,5156.57,2298.69,6055.10,0.1021
150,4,427.23,23703.45,36210.39,4796.91,2541.44,5168.59,0.0997
150,4,532.98,33016.87,46329.12,4344.80,2253.78,6713.68,0.0894
150,4,390.72,22543.84,35558.43,4747.96,2677.22,5589.41,0.1155
150,4,488.87,30014.41,43376.63,4925.00,2331.99,6105.23,0.0833
150,4,431.97,25928.56,37758.52,3833.56,2017.94,5978.46,0.0865
150,4,456.00,25214.20,38796.84,4618.85,2383.17,6580.62,0.0978
150,4,524.46,32007.07,45227.90,4392.85,2350.86,6477.12,0.0892
150,4,522.89,31296.76,44726.16,4915.59,2287.08,6226.73,0.0916
150,4,598.22,32692.42,48785.02,6035.35,2730.08,7327.18,0.0850
150,4,489.89,29809.32,43448.26,5179.95,2711.52,5747.47,0.0993
150,4,424.41,26459.99,37992.74,3706.70,2061.00,5765.05,0.0893
150,4,383.09,23352.91,34501.85,3787.41,1932.08,5429.45,0.0782
150,4,438.29,22399.69,37300.37,5461.65,2645.48,6793.55,0.0938
150,4,488.66,32245.56,44430.72,4339.93,2416.13,5429.09,0.1204
150,4,459.04,27446.41,41726.14,5468.20,2582.45,6229.08,0.0875
150,4,545.70,31719.32,46094.64,5348.54,2625.65,6401.13,0.0900
150,4,368.78,22276.93,34576.53,4521.16,2607.66,5170.78,0.0899
150,4,512.75,33120.29,46097.69,4835.26,2761.16,5380.98,0.1142
150,4,456.66,25653.69,39548.41,5150.93,2435.83,6307.96,0.0854
150,4,482.70,30580.10,43327.71,4914.01,2296.17,5537.44,0.0826
150,4,549.90,31776.04,46781.54,5570.70,3038.43,6396.38,0.0998
150,4,412.42,25016.19,36049.38,3168.32,1931.51,5933.36,0.0871
150,4,420.77,26793.26,37554.03,3463.36,1796.10,5501.31,0.0781
150,4,495.86,32550.73,45183.94,4687.98,2095.23,5850.00,0.0819
150,4,434.22,24875.91,37989.84,5468.25,2630.37,5015.31,0.0921
150,4,461.89,28179.01,39981.47,4151.51,2080.03,5570.93,0.0805
150,4,524.99,30513.66,44267.59,4577.32,2547.76,6628.85,0.0865
150,4,414.89,26589.62,37473.07,3885.96,2015.34,4982.14,0.0927
150,4,391.37,25357.10,36878.05,3905.35,1861.83,5753.77,0.0773
150,4,539.96,32222.68,46584.48,4723.78,2629.79,7008.24,0.1003
150,4,480.46,30543.35,44098.07,5298.01,2599.88,5656.83,0.0890
150,4,468.48,26392.92,39895.52,4984.75,2611.80,5906.05,0.0926
150,4,434.67,23184.31,37080.13,5056.99,2393.49,6445.33,0.0825
150,4,534.14,30294.92,46518.67,6624.64,3135.11,6464.00,0.1329
150,4,534.75,29273.36,44246.02,5025.18,2751.84,7195.64,0.1148
150,4,392.48,22698.45,36116.79,5345.44,2324.90,5747.99,0.1139
150,4,594.30,37314.40,50017.67,4057.90,2184.13,6461.25,0.1024
150,4,499.84,29620.98,43136.15,4504.83,2436.67,6573.66,0.1067
150,4,508.96,32019.08,45496.41,4740.45,2561.35,6175.52,0.1028
150,4,589.13,34435.41,49260.65,5424.48,2681.12,6719.64,0.1242
150,4,596.33,39414.68,51643.00,3391.42,1936.27,6900.62,0.0994
150,4,580.97,35714.64,50360.74,5167.73,2942.90,6535.46,0.1067
150,4,457.92,26380.99,40510.66,4776.26,2685.07,6668.34,0.1148
150,4,365.94,21195.69,33387.43,4542.87,2262.13,5386.74,0.1612
150,4,422.12,27119.25,38425.78,3430.70,1887.34,5988.49,0.0848
150,4,411.54,23186.49,35143.04,4311.65,2177.35,5467.55,0.1104
150,4,559.08,32867.91,48476.30,5713.26,2828.83,7066.30,0.1073
150,4,560.77,35323.55,50154.39,5425.85,2613.38,6791.61,0.0917
150,4,509.82,32464.00,44843.48,4536.96,2367.95,5474.58,0.1134
150,4,493.40,28540.87,41603.63,4708.06,2381.86,5972.84,0.0928
150,4,404.49,20413.40,34510.62,5846.52,2908.36,5342.35,0.1074
150,4,483.49,25911.26,41151.09,5341.95,2717.80,7180.08,0.1319
150,4,517.19,31350.86,45677.96,4800.64,2804.67,6721.79,0.1048
150,4,608.89,36307.59,49798.06,4495.41,2298.14,6696.91,0.1009
150,4,530.35,32447.59,48160.91,6222.83,3268.95,6221.55,0.1344
150,4,537.42,32766.77,45725.87,4220.23,2362.64,6376.22,0.1013
150,4,543.11,32477.54,47181.72,4940.08,2822.51,6941.59,0.1540
150,4,549.91,34358.18,48006.33,4591.85,2292.73,6763.58,0.1156
150,4,457.07,26843.85,40930.06,4891.85,2686.17,6508.19,0.1084
150,4,566.55,34464.04,46638.63,4202.42,1958.74,6013.43,0.1559
175,4,419.31,26636.12,37430.63,3415.48,1814.07,5564.96,0.1019
175,4,455.97,30237.75,42584.93,4089.46,2592.51,5665.21,0.1186
175,4,508.46,33353.14,46643.79,4419.42,2496.14,6375.09,0.1390
175,4,653.78,44927.25,57821.56,3719.84,2168.70,7005.78,0.1155
175,4,506.37,31017.11,46007.71,5803.88,2644.55,6542.17,0.1162
175,4,452.78,26635.49,39688.01,4124.62,2259.45,6668.45,0.1177
175,4,519.50,32770.46,45057.03,3694.87,2143.49,6448.20,0.1202
175,4,547.15,33218.33,46064.65,4046.71,1933.87,6865.73,0.1254
175,4,394.36,24597.94,35491.61,3639.77,1974.66,5279.24,0.1176
175,4,531.27,32247.30,45542.20,4361.16,2209.18,6724.56,0.1336
175,4,506.91,34354.68,46804.54,4155.36,2209.85,6084.65,0.1923
175,4,513.38,30652.17,45130.65,5708.77,2617.20,6152.51,0.1293
175,4,636.35,39030.44,54560.14,5504.49,2875.86,7149.35,0.1291
175,4,527.74,34528.53,48027.83,4566.44,2519.79,6413.07,0.1342
175,4,459.97,31988.39,44728.53,4405.31,2491.55,5843.28,0.1813
175,4,423.46,25377.01,38412.29,4900.60,2538.48,5596.20,0.2325
175,4,435.51,27486.83,40978.03,5238.02,2579.53,5673.65,0.1187
175,4,586.89,37894.18,53595.79,5709.69,3147.65,6844.27,0.1334
175,4,474.63,29126.90,42566.85,5508.65,2395.05,5536.26,0.1150
175,4,525.87,28811.93,42624.32,4122.83,2030.43,7659.13,0.1194
175,4,432.69,25900.54,37807.25,4399.70,2239.74,5267.27,0.1112
175,4,456.43,31215.24,42187.97,2815.19,1587.18,6570.35,0.1283
175,4,498.15,31160.61,43292.25,3817.40,2073.94,6240.30,0.1302
175,4,631.53,38974.42,53250.31,4530.28,2133.20,7612.41,0.1134
175,4,521.43,33786.70,45634.16,3670.06,2120.47,6056.93,0.1240
175,4,562.69,35912.42,48804.66,3883.36,2228.40,6780.49,0.1154
175,4,524.88,30315.75,44901.82,4505.05,2499.34,7581.68,0.1158
175,4,454.62,26368.00,39294.19,4496.75,2215.25,6214.19,0.1101
175,4,483.23,27101.77,42837.22,6200.94,3200.28,6334.23,0.1600
175,4,543.22,34762.64,47664.08,4476.52,2342.02,6082.90,0.1430
175,4,496.98,33336.47,45562.90,3178.96,1993.88,7053.59,0.1131
175,4,477.30,28930.31,43175.03,4445.11,2258.79,7540.82,0.1093
175,4,509.61,33324.01,46214.70,4628.83,2426.57,5835.29,0.1156
175,4,443.99,27616.41,39541.69,4151.35,2107.09,5666.83,0.1095
175,4,393.83,24550.88,36373.56,4002.04,2156.16,5664.48,0.1439
175,4,556.93,35601.05,48743.44,4491.68,2244.14,6406.57,0.1320
175,4,477.45,27919.85,41935.98,4969.26,2592.77,6454.10,0.1358
175,4,544.75,34250.13,47188.61,3709.50,2106.08,7122.90,0.1217
175,4,649.55,41491.68,55751.70,4763.84,2602.30,6893.88,0.1074
175,4,438.05,26357.73,40414.45,5554.08,2391.36,6111.28,0.1388
175,4,425.89,24998.82,37390.80,4822.89,2565.36,5003.74,0.1357
175,4,534.83,35057.67,48209.28,4193.45,2187.49,6770.67,0.1606
175,4,410.14,22602.33,36228.99,5206.50,2834.18,5585.97,0.1746
175,4,502.46,31299.46,45444.51,5586.93,2450.03,6108.08,0.1516
175,4,465.75,29734.83,41189.50,3378.95,1919.84,6155.88,0.1349
175,4,444.37,26794.40,39872.25,4223.39,2331.77,6522.69,0.1826
175,4,530.69,33383.04,46593.11,4511.70,2357.61,6340.76,0.1468
175,4,475.82,30925.85,43072.86,4242.45,2158.01,5746.55,0.1472
175,4,549.24,34758.00,48779.37,4450.76,2397.52,7173.09,0.1479
175,4,502.62,31186.92,44515.16,4891.03,2714.20,5723.01,0.1298
175,4,463.66,27380.89,40149.01,4756.48,2219.41,5792.23,0.1156
175,4,427.97,26407.25,38225.88,4040.78,1958.41,5819.44,0.1236
175,4,428.29,24140.80,38483.39,5047.06,2571.21,6724.32,0.1372
175,4,526.27,36904.37,48155.57,3567.85,2175.88,5507.47,0.1262
175,4,454.88,28944.58,41999.07,4611.37,2425.32,6017.81,0.1378
175,4,546.99,34230.17,47838.82,4716.00,2556.32,6336.33,0.1046
175,4,384.97,22892.43,36111.61,5391.42,2798.42,5029.34,0.1133
175,4,521.80,35560.02,47228.03,3863.06,2507.18,5297.77,0.1381
175,4,439.05,26812.65,39614.56,4288.28,2330.93,6182.71,0.1590
175,4,512.84,31944.33,44636.76,4937.75,2320.23,5434.45,0.1845
175,4,560.45,35743.02,49196.93,4212.13,2759.24,6482.55,0.1715
175,4,414.49,27406.81,37736.29,2455.25,1792.56,6081.66,0.1402
175,4,422.99,28503.98,39548.53,3671.88,1879.38,5493.30,0.1250
175,4,551.72,35355.88,48345.48,4864.09,2089.53,6035.98,0.1631
175,4,476.13,29928.92,41136.27,3746.30,2274.56,5186.49,0.1446
175,4,469.63,28999.41,40857.50,4325.31,2179.74,5353.04,0.1416
175,4,532.84,32045.63,46059.07,4874.56,2678.97,6459.90,0.1188
175,4,454.38,28159.45,39809.11,4532.46,2169.73,4947.46,0.1225
175,4,417.05,29049.16,39257.33,2724.40,1643.46,5840.31,0.1006
175,4,584.88,35237.62,50072.98,4877.74,2697.97,7259.65,0.1789
175,4,481.43,32026.14,45567.29,5227.93,2570.70,5742.51,0.1465
175,4,451.20,28068.88,39922.82,3648.80,2350.96,5854.18,0.1188
175,4,460.59,25644.13,40662.06,5666.38,2494.26,6857.28,0.1619
175,4,541.34,32546.92,48306.67,6505.15,3101.30,6153.30,0.1309
175,4,516.97,30590.33,44470.68,4371.16,2658.78,6850.41,0.1194
175,4,392.96,25309.31,37813.98,4523.68,2147.73,5833.27,0.1295
175,4,573.71,36924.73,48800.68,3638.02,2125.07,6112.86,0.1477
175,4,512.44,30181.88,43300.04,4460.29,2465.78,6192.10,0.4364
175,4,544.84,32940.26,47176.03,5271.25,2694.59,6269.92,0.1573
175,4,600.14,36059.89,50632.05,5275.13,2680.89,6616.14,0.1600
175,4,618.51,39576.75,52035.74,3613.84,2009.43,6835.72,0.1894
175,4,637.63,40778.57,55256.08,4819.11,2854.06,6804.34,0.1359
175,4,462.93,25483.39,40276.15,5331.72,2830.52,6630.52,0.1617
175,4,388.32,24885.58,36829.24,4082.44,2147.30,5713.93,0.1743
175,4,452.72,29356.43,40689.79,3243.05,1892.28,6198.03,0.1315
175,4,406.63,23013.09,35897.35,5038.91,2387.79,5457.56,0.1643
175,4,562.33,32944.65,48838.72,6065.38,2882.46,6946.23,0.2562
175,4,576.12,37053.97,51926.90,5293.17,2522.63,7057.13,0.1344
175,4,495.40,32481.81,45195.64,4891.35,2514.27,5308.21,0.1881
175,4,495.04,32921.52,44267.66,3027.81,1974.05,6344.27,0.1101
175,4,441.06,22034.95,37323.73,6633.30,3082.27,5573.21,0.1281
175,4,468.52,26328.67,40910.48,5093.03,2625.41,6863.38,0.1431
175,4,560.71,34612.37,49830.99,5334.44,2904.83,6979.35,0.1251
175,4,568.19,35424.81,48651.20,4572.93,2375.25,6278.20,0.1265
175,4,537.98,36105.16,50967.34,5416.26,3136.19,6309.73,0.1979
175,4,543.73,35092.07,48088.61,4169.22,2256.23,6571.09,0.1146
175,4,541.92,32937.27,48076.23,5319.27,2911.90,6907.79,0.1274
175,4,557.81,35773.07,49416.90,4774.28,2208.26,6661.29,0.1088
175,4,472.08,27275.41,42061.89,5459.93,2782.56,6543.99,0.1225
175,4,545.39,35133.21,47338.58,4285.33,1926.25,5993.78,0.1129
200,4,404.53,27688.74,37946.30,2965.99,1778.60,5512.98,0.1500
200,4,478.31,31665.24,44495.23,4394.43,2673.40,5762.16,0.1648
200,4,544.14,36251.12,50690.47,5211.80,2676.50,6551.05,0.1493
200,4,605.18,44552.49,56124.85,2993.85,2093.22,6485.28,0.1591
200,4,487.29,32880.54,46056.97,4537.44,2399.77,6239.22,0.1789
200,4,441.70,26299.05,39066.88,4045.59,2277.55,6444.69,0.1588
200,4,504.43,31660.57,44747.73,4482.84,2326.68,6277.63,0.1349
200,4,519.85,34569.78,46064.47,3088.10,1772.38,6634.20,0.2045
200,4,422.52,26003.07,37320.51,3718.74,2071.57,5527.13,0.1588
200,4,502.68,32358.10,44572.57,3705.76,2097.77,6410.95,0.1507
200,4,497.15,31763.77,45260.05,5203.59,2407.43,5885.27,0.1381
200,4,480.89,32439.67,45007.65,4507.57,2359.79,5700.63,0.1542
200,4,619.30,39584.02,55001.38,5518.66,2832.95,7065.75,0.1669
200,4,538.56,33489.80,48525.99,5822.11,2805.13,6408.95,0.1422
200,4,488.92,33596.03,45779.87,3954.85,2453.32,5775.68,0.1546
200,4,441.26,27442.99,41057.20,5215.39,2585.78,5813.03,0.1696
200,4,461.54,30221.92,43478.92,5065.18,2641.86,5549.96,0.1517
200,4,638.16,42497.30,57478.71,5035.49,2992.70,6953.21,0.1928
200,4,479.00,30957.10,43573.79,4912.90,2193.45,5510.34,0.1353
200,4,526.56,31137.60,44449.67,3681.99,1953.76,7676.32,0.1221
200,4,449.92,27645.70,40297.80,4838.21,2347.74,5466.14,0.1313
200,4,482.34,31488.16,43557.54,3848.27,1774.70,6446.41,0.1229
200,4,533.95,35427.53,47696.62,3643.49,2030.25,6595.35,0.1398
200,4,563.32,37880.48,50622.20,3778.68,2039.28,6923.76,0.1378
200,4,482.45,34471.08,45785.89,3409.88,2080.63,5824.30,0.1345
200,4,534.19,36641.20,48513.52,3455.33,2190.90,6226.09,0.1607
200,4,545.03,32771.46,47270.40,4350.31,2434.58,7714.05,0.1236
200,4,455.22,28247.51,40315.28,3822.57,2113.22,6131.98,0.1585
200,4,485.60,29991.45,45198.36,5625.26,3052.54,6529.11,0.1454
200,4,525.15,35533.06,47777.70,3922.02,2283.99,6038.63,0.1233
200,4,483.56,33576.78,45978.62,3395.87,2063.50,6942.47,0.1166
200,4,490.57,30133.90,43892.91,4036.64,2102.92,7619.44,0.1162
200,4,508.91,33754.86,46030.45,4171.46,2401.60,5702.53,0.1234
200,4,458.60,29644.48,40498.38,3279.56,2014.35,5560.00,0.1140
200,4,418.45,25092.29,37621.82,4590.93,2315.96,5622.65,0.1207
200,4,610.54,40120.33,53382.42,4337.35,2125.71,6799.02,0.1185
200,4,485.77,30518.91,42537.48,3427.93,2319.41,6271.23,0.1210
200,4,511.71,33577.65,46744.14,4153.46,2196.33,6816.70,0.1178
200,4,627.61,38258.90,53447.90,5717.04,2753.46,6718.50,0.1226
200,4,454.84,28212.00,41587.66,4868.31,2306.80,6200.55,0.1141
200,4,446.22,28171.64,40578.64,4641.52,2519.52,5245.95,0.1221
200,4,550.38,36877.39,49493.81,3853.12,2104.42,6658.88,0.1052
200,4,447.11,27262.20,40573.41,4702.89,2692.13,5916.20,0.1266
200,4,467.63,34157.65,46559.15,4237.87,2210.37,5953.25,0.1222
200,4,452.98,29101.20,39999.88,3286.44,1916.31,5695.93,0.1061
200,4,475.65,28463.01,41325.71,3838.74,2294.24,6729.72,0.1185
200,4,559.44,34767.05,48302.17,4674.64,2313.51,6546.97,0.1178
200,4,458.84,32530.16,44505.68,4095.80,2141.84,5737.88,0.1157
200,4,546.05,36754.97,49615.45,3704.77,2268.94,6886.76,0.1178
200,4,502.37,31167.46,45132.28,5563.88,2813.49,5587.44,0.1356
200,4,446.76,29454.37,41226.61,3723.11,2020.58,6028.54,0.1159
200,4,416.83,27056.99,38427.59,3885.87,1891.92,5592.81,0.1135
200,4,457.36,26069.93,41019.82,5380.68,2578.08,6991.13,0.1236
200,4,512.14,37151.54,48754.63,3810.31,2296.36,5496.43,0.1193
200,4,487.66,31690.78,44686.02,4622.70,2443.52,5929.02,0.1211
200,4,607.52,35679.98,49797.08,5049.47,2593.43,6474.20,0.1388
200,4,403.94,25595.46,37875.48,4484.93,2640.83,5154.27,0.1307
200,4,560.68,37743.31,49797.71,4020.37,2580.37,5453.66,0.1301
200,4,472.92,28643.75,41716.11,4435.40,2363.16,6273.80,0.1254
200,4,525.44,34591.87,46796.16,4449.87,2154.03,5600.40,0.1518
200,4,568.51,36191.68,49946.12,4503.32,2852.67,6398.45,0.1293
200,4,402.90,28139.22,37952.70,2200.42,1763.98,5849.08,0.1070
200,4,406.49,29178.13,39213.53,3025.50,1719.87,5290.02,0.0983
200,4,558.35,35874.88,49158.54,5133.43,2238.46,5911.77,0.1200
200,4,493.25,31170.16,42885.36,4153.43,2295.94,5265.83,0.1263
200,4,503.40,30938.87,43010.65,4388.18,2176.91,5506.68,0.1185
200,4,521.39,34326.11,46936.55,3629.29,2356.71,6624.45,0.1071
200,4,459.64,30223.75,42302.25,4761.90,2210.08,5106.53,0.1086
200,4,357.24,26809.45,36093.56,2481.46,1610.68,5191.96,0.0956
200,4,601.24,36864.42,50859.79,4094.69,2556.06,7344.62,0.1246
200,4,521.00,33682.42,46996.85,4951.14,2618.39,5744.89,0.1181
200,4,463.63,29443.30,41687.84,3983.13,2435.76,5825.64,0.1144
200,4,451.39,27665.55,41283.09,4732.60,2297.84,6587.11,0.1188
200,4,553.41,34760.19,49127.77,5373.61,2852.07,6141.90,0.1204
200,4,547.63,33624.32,47993.25,4464.28,2652.46,7252.18,0.1221
200,4,395.96,25630.22,38056.39,4659.26,2202.81,5564.09,0.1188
200,4,610.58,39651.36,52016.27,3912.83,2134.11,6317.96,0.1141
200,4,513.73,31569.11,45034.23,4730.02,2513.26,6221.84,0.1151
200,4,542.26,34586.41,48558.60,5050.35,2637.92,6283.91,0.1310
200,4,580.50,39160.52,53204.59,4792.79,2575.84,6675.44,0.1139
200,4,539.28,39866.47,50653.89,2697.87,1835.83,6253.72,0.1159
200,4,622.63,42391.23,57300.47,5051.78,2876.04,6981.42,0.1344
200,4,461.68,27755.85,42179.85,5078.89,2772.50,6572.61,0.1175
200,4,420.70,27203.27,38613.30,3604.57,2097.94,5707.53,0.1187
200,4,431.76,29717.04,39977.14,2772.20,1750.25,5737.66,0.1094
200,4,427.91,26684.87,38535.78,4006.34,2174.87,5669.71,0.1215
200,4,607.42,37811.04,53026.97,5188.01,2741.08,7286.85,0.1212
200,4,581.71,37190.60,51955.71,5487.37,2679.44,6598.30,0.1149
200,4,497.93,34287.02,46418.81,4398.48,2421.54,5311.77,0.1170
200,4,507.90,33854.53,46024.35,3789.77,2137.42,6242.64,0.1076
200,4,409.96,23671.92,36012.39,4451.67,2651.41,5237.39,0.1275
200,4,494.85,29258.96,43407.37,4703.02,2599.13,6846.26,0.1184
200,4,616.98,37493.90,53006.38,5372.12,2805.71,7334.65,0.1274
200,4,604.52,40134.88,52932.40,4041.52,2253.90,6502.10,0.1207
200,4,584.39,35251.29,50701.93,5957.84,3241.53,6251.28,0.1344
200,4,583.74,37403.96,50967.21,4467.86,2382.35,6713.05,0.1166
200,4,545.81,35421.29,50094.10,4890.56,2777.81,7004.44,0.1415
200,4,566.09,37997.95,50840.35,3971.73,2146.14,6724.53,0.1063
200,4,468.85,29604.52,44109.76,5087.17,2741.58,6676.49,0.1179
200,4,574.60,38633.16,50824.06,4170.57,1898.81,6121.52,0.0988
225,4,357.58,27391.34,35835.91,1854.37,1579.26,5010.94,0.1167
225,4,478.05,33522.51,45818.57,4048.49,2572.64,5674.93,0.1426
225,4,552.54,37971.38,51606.94,4506.74,2573.69,6555.13,0.1400
225,4,633.78,45884.33,58198.50,3415.14,2170.75,6728.28,0.1227
225,4,487.36,31940.15,45484.57,4923.40,2508.19,6112.83,0.1489
225,4,463.90,27976.14,40995.38,4226.70,2280.88,6511.66,0.1268
225,4,505.75,34808.54,46324.04,3091.07,2088.83,6335.60,0.1494
225,4,521.84,36948.95,48231.03,2800.39,1666.45,6815.24,0.1160
225,4,431.17,28654.63,38937.82,2761.20,1812.36,5709.63,0.1364
225,4,513.59,33673.39,45871.94,3782.35,2115.35,6300.86,0.1317
225,4,523.33,34393.16,46433.01,4076.43,2254.48,5708.94,0.1381
225,4,496.15,33352.38,45583.28,4164.42,2279.13,5787.36,0.1363
225,4,591.66,41001.00,55736.41,4954.75,2707.41,7073.25,0.1367
225,4,557.21,36626.74,51245.50,5349.63,2645.29,6623.84,0.1310
225,4,477.07,34054.15,46379.08,4171.93,2471.77,5681.23,0.1359
225,4,428.09,27197.29,40110.88,4774.73,2470.51,5668.35,0.1479
225,4,428.12,29827.90,41746.50,4004.42,2472.08,5442.09,0.1321
225,4,593.79,39316.31,54017.58,5069.07,3086.03,6546.16,0.1450
225,4,492.22,30950.99,43986.35,5257.41,2326.17,5451.78,0.1377
225,4,532.00,33370.80,46045.71,3231.03,1831.34,7612.54,0.1168
225,4,449.76,28649.95,40996.94,4682.13,2252.57,5412.29,0.1232
225,4,477.44,31158.74,42912.29,3798.93,1812.55,6142.07,0.1253
225,4,533.92,35066.49,47659.84,3962.10,2085.70,6545.55,0.1333
225,4,634.17,41491.70,55125.29,4248.44,2091.52,7293.63,0.1242
225,4,509.13,33933.31,45974.91,3943.42,2191.81,5906.36,0.1566
225,4,554.61,37809.64,49792.47,3440.78,2152.26,6389.80,0.1261
225,4,574.72,34997.78,49391.12,4128.23,2421.40,7843.71,0.1354
225,4,429.34,29237.68,40197.45,2882.86,1925.14,6151.76,0.1173
225,4,502.46,30287.03,45759.80,5823.72,3139.61,6509.44,0.1573
225,4,536.64,39293.13,51128.09,3537.82,2171.64,6125.51,0.1392
225,4,464.15,33079.33,45165.77,3380.99,2035.17,6670.27,0.1325
225,4,507.77,32083.00,45670.34,3926.34,2155.79,7505.21,0.1184
225,4,515.26,34623.58,47955.04,5001.28,2553.90,5776.28,0.1559
225,4,461.30,32348.62,43326.08,3286.23,1938.32,5752.91,0.1276
225,4,410.99,26431.33,38737.18,4375.97,2263.35,5666.52,0.1480
225,4,580.11,38476.36,51671.37,4380.20,2202.35,6612.46,0.1233
225,4,510.21,32088.44,45181.37,4050.98,2455.30,6586.66,0.1345
225,4,541.11,37287.43,50811.84,4340.33,2270.06,6914.01,0.1215
225,4,643.60,43360.33,58043.54,5137.69,2607.82,6937.69,0.1235
225,4,471.24,29765.20,42602.64,4625.97,2243.26,5968.21,0.1371
225,4,430.52,28730.21,40906.14,4619.59,2492.55,5063.81,0.1303
225,4,553.63,37266.56,50104.34,4034.51,2145.80,6657.47,0.1184
225,4,404.45,26225.70,38675.53,4216.33,2637.84,5595.66,0.1564
225,4,556.99,38835.84,51170.93,3754.98,2104.08,6476.04,0.1278
225,4,490.76,30752.77,42210.04,3588.50,1974.83,5893.94,0.1369
225,4,426.09,27208.50,39269.67,3706.45,2338.02,6016.70,0.1308
225,4,602.95,38437.70,52567.88,4792.71,2404.02,6933.44,0.1320
225,4,513.36,34347.03,46536.97,4195.16,2183.49,5811.28,0.1336
225,4,602.59,39574.84,53450.27,4129.28,2397.15,7349.01,0.1265
225,4,505.34,33711.85,46523.75,4657.18,2613.99,5540.73,0.1510
225,4,462.15,30812.11,42473.41,3580.98,1986.46,6093.87,0.1249
225,4,428.03,28335.88,39871.90,3908.58,1902.50,5724.94,0.1244
225,4,467.28,26995.11,41478.49,4946.56,2560.39,6976.42,0.1274
225,4,552.01,39291.38,51434.99,4226.29,2359.19,5558.14,0.1206
225,4,490.86,32906.95,45746.94,4426.38,2373.14,6040.47,0.1376
225,4,560.66,37720.29,50397.30,3845.83,2399.19,6431.99,0.1371
225,4,390.99,26815.69,38789.94,4247.73,2508.65,5217.88,0.1358
225,4,599.91,39685.06,52690.04,4746.33,2699.20,5559.45,0.1505
225,4,458.48,28049.04,41519.04,4835.81,2459.42,6174.78,0.1267
225,4,493.84,35002.38,46577.78,4047.25,2105.28,5422.87,0.1232
225,4,581.89,37779.04,51778.92,4674.21,2915.53,6410.13,0.1516
225,4,417.33,29067.25,38582.57,2049.57,1762.35,5703.40,0.1204
225,4,432.12,30751.47,40886.70,3045.91,1759.64,5329.68,0.1079
225,4,549.47,38789.04,51549.66,4544.30,2059.18,6157.14,0.1231
225,4,470.09,31314.19,42977.89,4084.96,2404.81,5173.93,0.1312
225,4,478.85,32905.25,44118.81,3646.14,2009.95,5557.47,0.1287
225,4,571.13,37494.15,50807.48,4139.83,2462.90,6710.61,0.1214
225,4,445.56,31614.06,43193.25,4281.35,2098.25,5199.58,0.1363
225,4,419.44,32305.72,42583.16,2733.70,1637.57,5906.16,0.1068
225,4,604.60,38301.40,52807.86,4619.47,2640.22,7246.76,0.1498
225,4,512.41,34467.12,47036.29,4439.91,2499.62,5629.64,0.1462
225,4,478.41,30578.99,42689.26,3912.63,2481.98,5715.66,0.1437
225,4,468.14,30714.56,42938.94,3431.85,2046.60,6745.93,0.1442
225,4,525.42,34541.05,48485.47,5020.33,2833.24,6090.84,0.1392
225,4,544.64,33847.97,47755.72,4299.87,2624.77,6983.11,0.1455
225,4,375.33,26549.73,38116.78,3904.98,2033.72,5628.36,0.1345
225,4,573.50,41517.90,53271.72,3315.11,2019.02,6419.69,0.1294
225,4,547.14,34329.48,47553.52,4415.48,2482.49,6326.07,0.1353
225,4,559.58,38235.57,51483.36,4397.96,2547.68,6302.14,0.1456
225,4,606.34,40132.48,53733.72,4546.43,2564.24,6490.58,0.1408
225,4,575.73,43710.91,54606.24,2473.85,1820.99,6600.49,0.1472
225,4,684.41,44326.43,58728.98,4751.48,2856.65,6794.42,0.1403
225,4,477.73,30434.60,42765.28,3373.86,2379.99,6576.84,0.1311
225,4,423.05,27264.26,39020.83,4016.38,2122.72,5617.47,0.1319
225,4,483.91,32835.05,43688.21,2862.78,1780.83,6209.55,0.1211
225,4,402.54,25827.24,37336.17,3917.40,2128.56,5462.97,0.1358
225,4,602.08,37834.45,53436.70,5626.85,2798.65,7176.75,0.1488
225,4,600.15,41924.96,56034.24,4684.16,2449.86,6975.27,0.1326
225,4,517.42,34955.56,47487.77,4679.72,2495.46,5357.02,0.1309
225,4,500.20,35327.95,46921.08,3401.51,2107.31,6084.30,0.1407
225,4,430.18,24684.91,37599.72,4835.72,2732.25,5346.85,0.1445
225,4,491.12,29752.90,43872.18,4618.09,2531.78,6969.42,0.1384
225,4,614.51,39091.73,54214.35,5156.37,2777.29,7188.96,0.1598
225,4,682.90,44232.04,57683.55,4230.73,2307.88,6912.90,0.1209
225,4,576.32,37505.10,52705.75,5742.23,3194.32,6264.09,0.1544
225,4,616.59,42442.47,55701.00,4062.74,2256.59,6939.21,0.1279
225,4,566.12,38121.46,51828.15,4084.12,2718.78,6903.79,0.1388
225,4,555.09,38589.86,51573.24,4008.43,2224.63,6750.33,0.1252
225,4,462.42,29582.21,42930.47,4375.88,2639.98,6332.39,0.1445
225,4,573.11,40842.93,52268.73,3396.53,1796.08,6233.19,0.1203
250,4,384.70,29025.55,38078.82,2179.75,1633.94,5239.58,0.1187
250,4,487.46,35509.33,47315.48,3609.98,2439.56,5756.61,0.1588
250,4,532.41,39212.97,51911.95,3844.67,2423.47,6430.84,0.1540
250,4,650.99,49885.34,61619.66,2875.81,2011.80,6846.70,0.1305
250,4,497.33,34337.50,47558.49,4440.03,2445.73,6335.23,0.1598
250,4,442.89,28110.21,40346.06,3650.67,2252.00,6333.17,0.1531
250,4,508.51,36962.21,47683.82,2291.89,1934.80,6494.92,0.1493
250,4,499.27,36938.53,47555.99,2401.69,1611.90,6603.87,0.1283
250,4,404.14,27180.96,37649.67,3205.73,1961.27,5301.71,0.1498
250,4,514.97,36341.19,47574.09,2887.13,1915.12,6430.65,0.1532
250,4,542.87,36680.13,49289.29,4409.13,2274.61,5925.43,0.1528
250,4,485.72,34525.76,46013.86,3472.93,2162.56,5852.61,0.1527
250,4,641.91,41648.04,56464.14,5062.66,2797.82,6955.63,0.1665
250,4,522.26,36569.01,49897.68,4453.49,2510.88,6364.30,0.1515
250,4,489.62,36033.14,47697.94,3489.65,2347.87,5827.27,0.1443
250,4,447.01,28042.50,41200.47,4933.10,2531.92,5692.94,0.1627
250,4,437.36,31026.51,44279.54,5022.96,2670.91,5559.17,0.1477
250,4,658.12,44840.01,59264.23,4537.15,2946.29,6940.78,0.1742
250,4,467.70,32045.58,44006.41,4348.79,2147.80,5464.24,0.1413
250,4,536.12,32516.41,45681.76,3821.97,2017.92,7325.47,0.1339
250,4,449.10,29235.21,40600.61,4080.19,2188.89,5096.32,0.1464
250,4,500.25,33662.45,44664.76,3098.02,1697.50,6206.79,0.1345
250,4,526.84,37150.19,48898.50,3224.82,1968.42,6555.08,0.1358
250,4,639.33,42913.87,56216.28,3822.50,2011.73,7468.17,0.1510
250,4,511.37,34868.48,46692.86,3914.31,2198.21,5711.86,0.1782
250,4,602.33,40318.40,52439.03,3368.95,2166.74,6584.93,0.1387
250,4,542.36,33635.82,47669.33,3968.55,2442.23,7622.74,0.1524
250,4,462.18,29820.96,41572.21,3578.92,2029.43,6142.90,0.1428
250,4,485.41,29397.26,44754.42,5981.97,3112.28,6262.91,0.1741
250,4,558.55,39781.12,51549.36,3492.86,2208.83,6066.55,0.1397
250,4,484.60,33665.37,45919.64,3385.49,2042.76,6826.02,0.1457
250,4,462.99,31180.37,44354.91,3832.70,2154.67,7187.16,0.1472
250,4,501.95,34581.31,47247.08,4484.47,2445.06,5736.24,0.1522
250,4,432.89,31230.92,41555.75,3028.96,1885.06,5410.81,0.1415
250,4,387.17,25465.09,37226.19,4147.98,2220.49,5392.62,0.1383
250,4,562.56,39857.60,51805.35,3694.80,2153.48,6099.46,0.1379
250,4,476.00,32344.86,45666.18,4516.98,2449.37,6354.99,0.1486
250,4,587.84,38697.47,52179.87,4149.74,2231.66,7100.99,0.1434
250,4,631.28,43090.30,56635.41,4369.63,2528.44,6647.04,0.1376
250,4,488.22,31345.50,44654.56,4972.29,2314.17,6022.60,0.1421
250,4,424.94,29590.41,40431.08,3577.97,2376.97,4885.74,0.1389
250,4,597.88,40633.60,52943.65,3441.47,2035.84,6832.74,0.1433
250,4,406.21,26473.52,39173.91,4518.49,2651.08,5530.81,0.1721
250,4,522.65,36195.28,48851.80,4328.17,2243.67,6084.68,0.1407
250,4,499.29,32920.85,44285.55,3422.83,1947.68,5994.19,0.1321
250,4,475.97,31142.53,43806.18,3807.42,2279.78,6576.46,0.1467
250,4,577.36,38441.50,51818.15,4413.60,2352.97,6610.08,0.1368
250,4,496.08,35542.38,47558.14,4123.57,2122.51,5769.67,0.1379
250,4,570.79,40032.55,53559.98,4127.11,2343.78,7056.54,0.1434
250,4,494.48,33111.14,45715.66,4507.81,2561.44,5535.27,0.1541
250,4,465.19,30242.64,41778.96,3640.30,2047.89,5848.14,0.1450
250,4,418.78,28586.14,39448.45,3534.27,1858.58,5469.45,0.1421
250,4,473.76,28889.73,42703.95,4513.54,2432.17,6868.50,0.1402
250,4,517.87,37851.74,49002.69,3522.54,2241.21,5387.20,0.1475
250,4,508.74,34422.70,46845.67,4007.26,2342.63,6073.07,0.1393
250,4,615.05,39702.18,52053.81,3543.90,2289.98,6517.76,0.1481
250,4,379.05,26531.73,37739.79,3938.90,2473.42,4795.73,0.1489
250,4,552.26,40498.77,51479.68,3249.64,2427.20,5304.07,0.1609
250,4,488.80,29653.82,43375.54,4938.68,2430.15,6352.90,0.1505
250,4,520.55,36999.14,48724.22,4001.63,2141.39,5582.06,0.1401
250,4,612.81,39964.18,54280.03,4845.70,2901.82,6568.33,0.1498
250,4,397.32,28408.24,38126.59,2330.90,1800.41,5587.04,0.1341
250,4,390.77,31131.74,40036.12,2174.69,1608.32,5121.37,0.1215
250,4,546.53,39034.13,51565.39,4517.00,2068.42,5945.85,0.1357
250,4,492.41,31859.25,44272.06,4682.78,2487.69,5242.33,0.1581
250,4,533.42,34788.18,46840.28,4209.02,2150.24,5692.84,0.1310
250,4,558.60,37698.62,50629.38,3936.05,2429.81,6564.89,0.1487
250,4,454.92,32753.72,43295.35,3553.16,2010.83,4977.65,0.1517
250,4,398.14,31695.13,41222.81,2342.74,1569.10,5615.84,0.1200
250,4,649.75,42582.67,56649.39,3995.95,2532.00,7538.78,0.1709
250,4,496.31,35105.13,47401.79,4301.10,2511.06,5484.50,0.1455
250,4,517.28,32718.43,44921.99,3841.14,2464.36,5898.07,0.1401
250,4,470.32,30682.86,42567.65,3403.92,2008.18,6472.68,0.1469
250,4,538.04,35634.28,50563.19,5784.49,2949.15,6195.27,0.1510
250,4,542.49,36630.84,49711.08,3532.59,2463.88,7083.76,0.1616
250,4,422.99,28655.90,40242.56,3777.95,2059.73,5748.98,0.1370
250,4,527.95,40313.15,51623.51,3221.23,2058.02,6031.10,0.1444
250,4,550.23,36004.33,49157.05,4288.69,2399.95,6464.10,0.1584
250,4,535.78,35563.63,49826.26,5353.18,2753.66,6155.79,0.1738
250,4,583.83,40403.33,53690.31,4352.66,2466.26,6468.06,0.1510
250,4,589.57,43897.67,54936.58,2690.19,1865.99,6482.74,0.1454
250,4,654.10,45068.28,59235.13,4633.86,2818.05,6714.94,0.1719
250,4,493.09,31369.89,44608.07,3984.66,2544.23,6709.30,0.1650
250,4,407.19,28545.33,40004.16,3817.06,2068.53,5573.23,0.1472
250,4,408.10,31070.62,41041.04,2608.70,1744.71,5617.01,0.1473
250,4,398.81,27871.44,38322.56,3083.45,1911.68,5455.99,0.1500
250,4,596.41,39122.91,54450.05,5466.59,2803.41,7057.14,0.1567
250,4,574.29,40157.84,54408.02,4964.06,2500.55,6785.56,0.1403
250,4,547.68,37965.21,49487.08,3835.45,2315.18,5371.24,0.1469
250,4,475.78,34468.05,44910.55,2778.11,1984.70,5679.69,0.1330
250,4,401.39,25806.77,37942.70,4398.08,2569.86,5167.99,0.1466
250,4,513.42,32609.79,46551.14,4385.15,2490.65,7065.54,0.1462
250,4,592.05,39945.19,53466.56,4070.20,2600.17,6851.00,0.1512
250,4,669.56,44572.12,56851.20,3509.44,2190.12,6579.52,0.1479
250,4,575.45,37229.25,52571.56,5822.94,3312.60,6206.77,0.1565
250,4,609.04,42487.82,55783.83,4253.88,2308.55,6733.58,0.1619
250,4,583.83,40614.70,54565.99,4164.32,2766.15,7020.83,0.1688
250,4,543.06,39446.91,51389.92,3487.24,2160.86,6294.91,0.1398
250,4,519.16,33449.75,47302.85,4583.08,2608.77,6661.26,0.1502
250,4,608.58,42034.89,53860.20,3739.53,1858.74,6227.04,0.1606
275,4,353.19,29482.18,37332.96,1384.16,1480.21,4986.41,0.1431
275,4,489.76,36692.50,48717.08,3647.74,2485.54,5891.30,0.1568
275,4,569.46,39707.99,53676.09,4702.84,2562.28,6702.98,0.1747
275,4,618.12,48515.34,59959.25,2869.18,2034.77,6539.96,0.1530
275,4,508.84,34114.49,47390.32,4563.71,2501.77,6210.34,0.1787
275,4,479.12,31012.41,43925.24,4053.80,2302.87,6556.15,0.1679
275,4,508.96,35635.64,46998.76,3100.42,2045.48,6217.21,0.1534
275,4,518.58,38731.00,49694.24,2505.33,1661.36,6796.55,0.1418
275,4,423.93,30328.85,40060.90,2474.29,1751.16,5506.60,0.1514
275,4,516.57,35943.89,47164.54,2978.15,1978.51,6263.98,0.1550
275,4,512.21,35218.88,47461.12,4259.69,2291.76,5690.80,0.1659
275,4,527.55,36489.58,49399.87,4633.68,2325.90,5950.70,0.1534
275,4,646.04,45026.31,59311.82,4515.35,2712.28,7057.89,0.1707
275,4,547.99,37196.57,51233.68,5050.33,2601.48,6385.29,0.1769
275,4,475.86,34544.19,46183.31,3496.78,2376.25,5766.09,0.1591
275,4,428.21,30048.70,42256.39,4296.82,2353.79,5557.08,0.1642
275,4,443.00,30157.59,41962.67,4142.74,2511.73,5150.61,0.1971
275,4,622.62,42743.18,57351.90,5081.30,3122.89,6404.53,0.2325
275,4,483.32,33999.87,45516.32,3953.14,2090.24,5473.08,0.1563
275,4,526.87,34221.11,46757.08,3300.31,1874.79,7360.87,0.1589
275,4,489.71,31919.12,43564.21,4040.65,2120.37,5484.06,0.1492
275,4,502.05,35446.81,46948.01,3296.48,1701.66,6503.06,0.1565
275,4,543.60,35861.71,47833.16,3689.31,1995.99,6286.15,0.1574
275,4,653.49,45067.10,58512.07,3868.35,2063.47,7513.15,0.1604
275,4,513.65,36628.46,48787.79,4056.92,2150.08,5952.33,0.1580
275,4,538.35,40159.53,51026.79,2686.68,2026.14,6154.43,0.1569
275,4,553.83,35265.13,49676.10,4372.98,2540.65,7497.33,0.1566
275,4,473.97,31255.45,42889.78,3460.20,2017.64,6156.49,0.1562
275,4,498.59,30961.51,46348.47,6055.87,3164.23,6166.85,0.1892
275,4,506.14,38222.88,49687.60,3419.40,2205.19,5840.13,0.1545
275,4,483.97,37315.94,48868.09,2741.31,1913.73,6897.11,0.1473
275,4,471.50,32299.43,44071.21,2791.30,1919.63,7060.85,0.1600
275,4,522.56,35662.73,48573.36,4727.41,2470.82,5712.40,0.1665
275,4,452.21,33968.83,45023.91,3393.80,1948.78,5712.49,0.1433
275,4,419.92,27100.61,38570.91,3863.53,2158.18,5448.59,0.1693
275,4,584.46,42464.11,53966.40,3156.57,2034.99,6310.73,0.1530
275,4,528.01,33971.60,47489.70,4472.12,2524.20,6521.79,0.1674
275,4,601.52,40218.91,53766.56,4165.75,2249.69,7132.21,0.1586
275,4,677.11,46328.86,59301.73,3803.08,2456.81,6712.98,0.1532
275,4,481.19,31902.73,44559.29,4428.82,2240.45,5987.29,0.1573
275,4,425.01,28714.44,39435.96,3497.91,2332.43,4891.19,0.1569
275,4,585.27,40367.46,52154.56,3101.77,2030.98,6654.36,0.1414
275,4,430.00,27742.85,40568.97,4586.62,2700.56,5538.94,0.1880
275,4,513.35,37007.52,49735.67,4483.67,2229.17,6015.31,0.1505
275,4,495.30,34294.42,45432.49,3082.32,1828.37,6227.38,0.1500
275,4,489.15,31715.00,44519.69,3908.13,2263.91,6632.65,0.1775
275,4,618.93,42207.25,55227.99,4014.96,2297.31,6708.47,0.1626
275,4,503.93,37788.45,48530.39,3164.88,1883.01,5694.05,0.1623
275,4,561.74,39143.51,53548.92,4846.94,2457.48,7100.99,0.1681
275,4,482.33,32885.31,46006.67,4885.09,2710.02,5526.25,0.1682
275,4,478.10,34200.41,45138.86,3025.16,1899.67,6013.62,0.1451
275,4,421.20,30192.34,40346.76,3066.54,1805.40,5282.48,0.1540
275,4,444.44,28556.31,41327.42,3852.73,2306.26,6612.11,0.1553
275,4,539.41,40767.30,52064.09,3579.20,2237.35,5480.24,0.1611
275,4,500.14,34764.28,47109.16,4102.99,2442.52,5799.37,0.1700
275,4,621.96,40506.68,53709.76,4242.67,2424.36,6536.05,0.1593
275,4,408.16,28554.01,39272.23,3461.34,2347.21,4909.66,0.1801
275,4,594.58,43798.24,54680.16,3100.32,2325.08,5456.53,0.1697
275,4,497.90,32804.32,46216.80,4510.00,2381.17,6521.29,0.1814
275,4,507.58,37597.51,49320.87,4149.58,2109.13,5464.66,0.1566
275,4,608.75,40889.95,54192.02,4111.86,2785.31,6404.90,0.1656
275,4,460.20,32628.67,43224.30,2704.14,1818.11,6073.38,0.1570
275,4,417.67,31744.89,41867.83,3135.84,1749.54,5237.56,0.1676
275,4,593.39,41848.65,54923.77,4832.45,2143.79,6098.87,0.1385
275,4,495.69,34105.49,45673.06,3986.83,2378.84,5201.90,0.1582
275,4,521.89,33773.87,45797.72,4336.91,2186.78,5500.15,0.1475
275,4,565.03,39322.67,51604.79,3447.41,2350.84,6483.87,0.1725
275,4,456.40,33329.05,43885.91,3553.65,2022.97,4980.24,0.1820
275,4,419.43,33598.34,43966.58,2794.07,1629.06,5945.12,0.1282
275,4,630.08,41236.15,56026.94,4770.23,2660.94,7359.62,0.1793
275,4,524.30,38004.52,50099.77,3984.99,2433.98,5676.28,0.1743
275,4,499.35,33211.64,45479.16,3970.52,2480.79,5816.22,0.1673
275,4,497.92,32601.79,44956.41,3647.38,2050.61,6656.64,0.1520
275,4,599.57,41454.58,56419.11,5506.53,2874.28,6583.72,0.1814
275,4,569.02,39905.58,53130.68,3451.98,2422.62,7350.50,0.1632
275,4,438.96,30498.33,41202.28,3019.34,1926.78,5757.82,0.1643
275,4,560.37,40644.73,51957.48,3294.38,2064.55,5953.82,0.1631
275,4,587.32,37728.96,51656.83,4750.30,2510.38,6667.19,0.1745
275,4,569.49,37588.14,51712.83,5381.28,2745.76,5997.65,0.1655
275,4,613.68,42210.69,56063.43,4746.87,2584.39,6521.48,0.1728
275,4,627.49,43657.16,55383.63,3085.61,1982.59,6658.27,0.1623
275,4,684.26,45863.06,60212.82,4767.20,2893.82,6688.73,0.1874
275,4,514.90,34500.46,48386.91,4228.42,2527.54,7130.48,0.1800
275,4,405.91,28304.65,39619.57,3835.14,2124.23,5355.55,0.1561
275,4,444.92,33311.62,43530.39,2651.70,1730.97,5836.10,0.1384
275,4,380.64,26041.68,37213.70,3862.58,2123.76,5185.68,0.1500
275,4,596.62,41176.47,54815.59,4019.39,2535.92,7083.81,0.1762
275,4,614.12,43324.78,57215.55,4647.17,2517.22,6726.38,0.1545
275,4,508.11,37815.02,49374.29,3971.78,2339.68,5247.82,0.1615
275,4,515.99,38353.33,49016.18,2724.33,1939.97,5998.54,0.1595
275,4,426.17,26915.18,38764.76,3926.55,2510.67,5412.35,0.1649
275,4,534.39,32376.55,47166.47,5071.76,2631.69,7086.47,0.1742
275,4,607.22,40632.31,55293.65,4739.88,2738.02,7183.44,0.1810
275,4,653.67,46036.07,58506.60,3515.51,2208.73,6746.29,0.1619
275,4,618.26,43007.64,57136.06,4788.98,2966.81,6372.63,0.1853
275,4,580.94,42514.19,55380.96,4051.35,2305.01,6510.41,0.1603
275,4,620.78,43793.25,57613.45,3855.35,2615.78,7349.07,0.1709
275,4,566.80,39237.03,52186.03,4260.42,2290.07,6398.51,0.1512
275,4,479.08,31405.72,45324.35,4873.54,2645.69,6399.40,0.1703
275,4,592.53,44159.10,55491.71,3371.90,1763.41,6197.30,0.1614
300,4,398.68,31540.38,39976.71,1696.87,1511.00,5228.46,0.1440
300,4,521.14,38466.51,50335.28,3502.96,2443.18,5922.62,0.1858
300,4,595.25,41167.43,54721.90,4392.74,2540.49,6621.24,0.1685
300,4,619.05,49793.50,61191.15,2804.06,2043.26,6550.33,0.1542
300,4,545.03,35994.91,49837.88,4969.35,2520.81,6352.81,0.2206
300,4,471.15,29735.01,42263.85,3963.34,2324.15,6241.35,0.1672
300,4,501.45,37965.48,48526.46,2354.88,1957.35,6248.76,0.1830
300,4,502.68,38869.79,49008.06,2096.75,1582.04,6459.48,0.1660
300,4,432.34,31226.17,40711.30,2001.50,1698.89,5784.74,0.1740
300,4,491.43,36204.27,46871.20,2600.36,1930.82,6135.74,0.1621
300,4,517.58,38655.24,49527.46,3187.12,1988.21,5696.89,0.1817
300,4,497.56,34315.89,46879.03,4503.19,2391.67,5668.28,0.1842
300,4,610.66,44848.31,58355.51,3982.75,2578.18,6946.27,0.1829
300,4,572.34,38895.27,52969.02,5081.54,2665.81,6326.40,0.1778
300,4,527.66,38840.33,50614.44,3515.80,2351.74,5906.57,0.1845
300,4,442.92,31289.45,43228.82,3924.87,2363.71,5650.78,0.1894
300,4,476.07,33173.98,45445.99,4344.11,2499.84,5428.06,0.1733
300,4,677.14,47980.20,62788.61,4822.87,3118.08,6867.45,0.2113
300,4,477.84,34049.25,44800.94,3422.59,1993.87,5335.22,0.1805
300,4,509.76,34775.05,46801.33,2966.52,1816.68,7243.08,0.1672
300,4,496.53,32234.14,43932.18,3974.12,2103.78,5620.15,0.1617
300,4,485.02,35811.24,46873.73,3093.38,1661.55,6307.56,0.1556
300,4,512.39,38381.08,49210.26,2735.21,1859.67,6234.29,0.1736
300,4,621.51,45219.70,57500.49,3239.50,1966.27,7075.02,0.1743
300,4,539.24,37477.19,49260.98,3824.60,2204.25,5754.94,0.1812
300,4,580.94,40828.05,53062.45,3667.21,2192.87,6374.32,0.1671
300,4,557.98,36647.06,50679.68,4053.04,2432.83,7546.75,0.1777
300,4,475.61,32869.61,43818.96,2835.15,1839.85,6274.34,0.1565
300,4,542.83,35638.39,51262.59,5802.78,3088.48,6732.94,0.2013
300,4,533.78,41111.94,52781.68,3459.67,2240.51,5969.56,0.1803
300,4,489.99,37474.60,48223.13,2357.21,1881.76,6509.57,0.1737
300,4,471.60,33665.46,46357.21,3350.53,2071.46,7269.78,0.1744
300,4,526.94,37315.38,49927.04,4414.45,2477.37,5719.84,0.1775
300,4,470.46,33827.90,44596.49,3256.59,1929.10,5582.91,0.1685
300,4,438.86,28743.58,40621.98,3995.29,2223.73,5659.39,0.1942
300,4,595.87,43534.17,56139.32,3956.21,2146.38,6502.56,0.1632
300,4,519.47,36425.86,49558.84,4028.65,2387.70,6716.63,0.1798
300,4,618.82,42359.86,55472.47,3725.25,2139.66,7247.70,0.1720
300,4,663.88,46346.00,59613.67,4159.25,2509.12,6599.29,0.1699
300,4,507.51,34713.53,47340.60,4207.11,2176.89,6243.07,0.1819
300,4,459.49,32503.39,43497.90,3606.62,2355.36,5032.54,0.2009
300,4,566.36,40970.11,53171.49,3471.10,2012.68,6717.60,0.1761
300,4,465.82,29841.17,41926.92,3942.65,2565.56,5577.54,0.1906
300,4,556.29,40143.95,52105.00,3656.54,2111.53,6192.98,0.1639
300,4,491.28,33373.93,43590.16,2769.00,1864.81,5582.43,0.1672
300,4,489.95,31754.32,44726.26,4097.29,2389.59,6485.06,0.1737
300,4,599.72,41459.91,53842.79,3707.93,2205.85,6469.10,0.1668
300,4,510.30,38333.58,49835.32,3631.41,2023.69,5846.64,0.1702
300,4,602.51,41992.49,56122.73,4473.61,2402.38,7254.25,0.1707
300,4,509.16,34976.34,47728.59,4637.63,2612.92,5501.70,0.1799
300,4,483.52,34926.11,45600.12,2916.56,1876.89,5880.56,0.1636
300,4,423.43,31521.31,41353.07,2758.81,1756.81,5316.15,0.1576
300,4,454.44,30780.13,43281.46,3543.63,2270.52,6687.19,0.1857
300,4,564.71,42470.87,53706.96,3321.29,2194.72,5720.08,0.1758
300,4,516.79,39009.33,50821.01,3460.90,2252.91,6097.88,0.1968
300,4,572.17,39405.40,51996.42,3962.77,2399.40,6228.86,0.1857
300,4,391.86,27901.97,38712.47,3514.14,2413.28,4883.08,0.2142
300,4,571.33,43059.79,54114.56,3227.23,2382.46,5445.08,0.1856
300,4,535.52,33247.33,46811.31,4657.11,2449.66,6457.22,0.1870
300,4,533.79,37537.85,49067.31,4073.62,2156.79,5299.04,0.1661
300,4,629.45,43117.60,56767.69,4061.17,2805.84,6783.08,0.1840
300,4,456.68,32374.22,42124.53,2155.13,1762.81,5832.36,0.1714
300,4,437.43,33607.20,42947.41,2432.87,1629.27,5278.07,0.1632
300,4,598.38,41992.91,54933.67,4663.26,2143.09,6134.42,0.1507
300,4,493.78,34128.46,45267.81,3692.22,2343.34,5103.79,0.1928
300,4,542.65,36791.06,48698.81,4063.04,2084.58,5760.13,0.1793
300,4,551.81,40649.16,51701.95,2513.70,2183.62,6355.47,0.1776
300,4,497.94,34563.47,45750.69,3973.90,2052.34,5160.98,0.1986
300,4,451.11,36662.37,46288.01,2148.03,1442.59,6035.01,0.1516
300,4,646.33,42455.85,56966.37,4615.73,2649.38,7245.42,0.1854
300,4,526.81,38180.87,50842.06,4515.75,2442.57,5702.87,0.1819
300,4,537.30,35320.05,47558.73,3628.22,2436.88,6173.58,0.1681
300,4,491.87,33343.16,45173.23,3184.82,1942.10,6703.16,0.1607
300,4,607.65,41613.41,56694.80,5593.66,2926.84,6560.89,0.1944
300,4,495.88,34335.52,47222.77,3785.19,2530.33,6571.72,0.1924
300,4,437.61,30856.12,41893.52,3252.84,1962.69,5821.86,0.1715
300,4,636.70,45601.72,57155.33,3250.34,2062.09,6241.18,0.1559
300,4,571.57,38475.97,51596.74,4163.36,2398.11,6559.30,0.1763
300,4,572.31,39402.58,53119.55,4801.28,2578.91,6336.77,0.2010
300,4,601.44,43046.18,56365.72,4269.81,2488.83,6560.90,0.1689
300,4,652.91,50557.30,61961.86,2553.09,1756.41,7095.06,0.1728
300,4,646.54,47013.09,61095.88,4570.40,2863.96,6648.42,0.1984
300,4,493.61,34452.66,47448.04,3832.34,2462.86,6700.18,0.1873
300,4,413.24,30374.75,41021.45,3060.17,1991.35,5595.18,0.1779
300,4,464.83,35803.44,46166.28,2579.90,1755.16,6027.78,0.1531
300,4,427.90,28982.74,40548.65,3885.92,2078.71,5601.27,0.1791
300,4,619.78,42523.60,56989.54,4712.35,2692.76,7060.83,0.2112
300,4,578.90,44274.41,58017.68,4549.38,2395.86,6798.03,0.1813
300,4,506.80,36636.43,48089.44,4064.77,2377.68,5010.55,0.1745
300,4,501.58,37291.69,48078.12,2929.60,2010.45,5846.38,0.1590
300,4,430.01,26473.50,39241.47,4852.12,2704.69,5211.16,0.1811
300,4,544.14,34148.04,48987.45,5061.65,2647.03,7130.73,0.1747
300,4,606.96,40197.87,54594.86,4603.99,2744.57,7048.43,0.1969
300,4,636.51,45829.67,58210.37,3569.68,2241.57,6569.46,0.1763
300,4,582.00,40288.69,54152.20,4850.32,3111.67,5901.52,0.1882
300,4,617.53,46287.76,59031.90,3754.09,2224.43,6765.62,0.1936
300,4,601.56,42279.43,56255.73,4162.38,2680.22,7133.70,0.1860
300,4,608.20,42168.68,55439.35,4247.98,2250.23,6772.46,0.1658
300,4,508.42,35313.47,48980.53,4351.45,2622.60,6693.00,0.1834
300,4,591.00,43570.12,54895.79,3486.42,1838.31,6000.95,0.1475
325,4,377.79,31623.13,39838.06,1604.88,1500.02,5110.04,0.1539
325,4,526.57,39352.43,50732.35,3065.76,2402.57,5911.59,0.2073
325,4,609.32,45175.82,58342.55,3998.98,2368.41,6799.33,0.1998
325,4,589.84,48869.72,59187.26,2220.25,1930.39,6166.90,0.1770
325,4,502.19,36931.77,50099.69,4685.11,2367.82,6114.99,0.2062
325,4,499.25,32080.53,44411.09,3685.07,2211.61,6433.87,0.1908
325,4,517.74,38483.53,49459.72,2762.26,2022.92,6191.01,0.1956
325,4,539.58,40826.19,51789.13,2603.29,1677.41,6682.25,0.1807
325,4,446.06,30988.66,41489.12,3075.52,1928.33,5496.60,0.1882
325,4,517.90,39279.26,49675.10,2330.97,1866.35,6198.52,0.1920
325,4,527.97,38191.32,49947.57,3943.93,2194.23,5618.09,0.1955
325,4,533.25,39371.90,51715.60,4101.83,2301.05,5940.82,0.1837
325,4,666.60,47102.77,60573.65,4119.05,2602.83,6749.00,0.2155
325,4,565.24,40123.99,53411.80,4429.86,2534.55,6323.40,0.2090
325,4,485.18,36924.39,48605.18,3585.71,2428.19,5666.90,0.1996
325,4,457.49,32540.06,44025.31,3597.61,2310.53,5577.11,0.1948
325,4,447.92,34195.56,45150.39,3216.35,2291.07,5447.41,0.2054
325,4,683.03,49051.54,63600.56,4726.26,3012.34,6810.42,0.2264
325,4,507.15,36369.96,48070.31,4056.94,2100.25,5543.16,0.1999
325,4,533.29,35883.27,48718.24,3468.03,1909.03,7457.90,0.1688
325,4,490.19,33048.85,44179.49,3701.33,2070.82,5358.49,0.2023
325,4,481.73,36151.44,46602.90,2568.12,1565.56,6317.79,0.1645
325,4,542.52,38986.99,49877.50,2775.17,1919.99,6195.35,0.1869
325,4,688.70,50356.63,63414.34,3506.75,1987.99,7562.97,0.1981
325,4,579.48,43139.36,53882.21,2870.66,1922.63,5949.57,0.1973
325,4,563.63,43343.22,54073.22,2490.10,1975.31,6264.59,0.1648
325,4,561.17,36933.22,49749.94,3227.48,2329.92,7259.33,0.2079
325,4,489.95,34370.86,45544.07,3033.08,1922.71,6217.42,0.1708
325,4,512.75,35622.29,49263.77,4412.81,2828.49,6400.17,0.2235
325,4,541.16,41855.07,52743.08,2795.62,2115.65,5976.75,0.1949
325,4,473.58,38241.90,49001.73,2114.75,1867.42,6777.66,0.1908
325,4,494.21,34992.03,48135.02,3489.42,2100.55,7553.02,0.1833
325,4,515.98,39069.68,50572.54,3585.59,2336.37,5580.89,0.2164
325,4,460.79,34168.19,44439.47,2971.62,1934.81,5364.85,0.1840
325,4,427.51,28406.22,39925.58,3876.48,2197.39,5445.49,0.1811
325,4,580.16,42697.34,54457.78,3538.81,2123.74,6097.88,0.1928
325,4,545.77,35319.18,48404.70,4099.37,2486.31,6499.85,0.2131
325,4,594.17,44172.54,55660.51,2731.98,1964.09,6791.91,0.1752
325,4,622.72,46191.63,59362.47,4144.05,2464.58,6562.21,0.2044
325,4,501.12,35113.66,47387.77,4015.55,2156.83,6101.73,0.1888
325,4,453.71,31922.88,43047.13,3754.06,2449.82,4920.36,0.1836
325,4,631.54,42975.72,56288.58,4176.40,2175.16,6961.30,0.1672
325,4,464.67,31520.85,43840.68,3953.61,2617.35,5748.87,0.2188
325,4,544.88,38016.15,50081.08,3904.93,2177.07,5982.94,0.1899
325,4,494.30,34719.36,44727.90,2409.65,1761.12,5837.77,0.1718
325,4,543.53,34966.27,48127.85,4084.99,2321.44,6755.15,0.2227
325,4,637.53,44596.07,57224.57,3749.27,2197.38,6681.84,0.1766
325,4,546.51,39741.48,51768.73,4109.19,2048.32,5869.74,0.1790
325,4,617.36,42775.52,56487.09,4312.23,2322.05,7077.29,0.2009
325,4,534.73,37797.80,50156.02,4158.43,2525.93,5673.86,0.2163
325,4,491.79,36575.05,47627.74,3112.80,1909.47,6030.41,0.1721
325,4,434.13,32309.80,42396.98,2877.59,1791.44,5418.15,0.1675
325,4,489.11,32233.16,45425.19,3888.36,2321.57,6982.10,0.1804
325,4,534.61,40352.66,51270.83,3366.83,2262.43,5288.91,0.1762
325,4,529.68,37726.65,49580.08,3564.56,2269.13,6019.74,0.1985
325,4,611.54,41879.25,55490.99,4686.09,2492.79,6432.86,0.1937
325,4,408.99,28597.24,39721.97,3754.06,2555.83,4814.84,0.1959
325,4,605.74,43993.59,54724.80,2977.40,2342.59,5411.22,0.2258
325,4,501.17,33551.36,46071.42,3936.17,2324.54,6259.34,0.2027
325,4,531.92,38935.92,50433.09,3973.47,2164.40,5359.30,0.1911
325,4,633.46,43862.15,57146.38,3903.30,2736.81,6644.11,0.2191
325,4,442.14,32422.36,42141.25,2151.12,1750.55,5817.22,0.1879
325,4,401.37,33291.62,41871.78,2015.84,1577.61,4986.71,0.1839
325,4,627.40,46279.27,59458.54,4633.23,2043.15,6502.89,0.1742
325,4,482.41,34837.59,45366.64,3338.66,2266.87,4923.52,0.2278
325,4,521.11,36362.00,47670.57,3768.97,2060.61,5478.98,0.1906
325,4,602.44,42500.72,54690.04,3128.27,2248.08,6812.97,0.1774
325,4,491.81,34108.83,44794.85,3677.81,2032.92,4975.28,0.1743
325,4,401.30,34882.14,43534.26,1667.76,1410.27,5574.09,0.1574
325,4,677.53,44412.55,58823.24,4208.53,2627.79,7574.36,0.2141
325,4,511.31,37659.89,49536.01,4016.59,2420.62,5438.91,0.2052
325,4,509.91,35103.12,47017.51,3590.60,2391.85,5931.94,0.1942
325,4,492.78,32230.58,45087.10,4082.43,2191.89,6582.21,0.1879
325,4,611.06,43241.56,57121.53,4776.76,2732.89,6370.32,0.1953
325,4,593.66,38426.48,52008.25,4025.51,2565.12,6991.15,0.2176
325,4,419.56,32147.58,42864.25,3064.28,1860.55,5791.85,0.1912
325,4,575.17,45113.70,55236.76,2378.93,1847.15,5896.99,0.1667
325,4,546.47,38917.37,51143.76,3561.03,2312.59,6352.77,0.2023
325,4,597.28,42775.15,55531.74,4081.96,2520.15,6154.48,0.2079
325,4,637.59,45976.73,58713.00,3810.38,2445.64,6480.25,0.1844
325,4,632.43,48098.45,59439.82,2773.28,1863.97,6704.12,0.1899
325,4,682.57,49377.85,63245.87,4444.33,2760.11,6663.58,0.2414
325,4,510.72,35239.12,48205.34,3660.90,2525.66,6779.65,0.1973
325,4,386.31,28609.09,38622.45,2751.24,1990.70,5271.43,0.1768
325,4,464.62,35579.17,45519.61,2341.12,1721.72,5877.60,0.1588
325,4,432.30,28211.83,40298.89,4409.73,2226.14,5451.20,0.2075
325,4,684.85,45733.78,60486.03,4740.31,2644.45,7367.49,0.2086
325,4,601.74,43871.88,56790.70,3995.35,2352.35,6571.12,0.1814
325,4,531.00,39817.15,51132.48,3742.94,2300.73,5271.66,0.2177
325,4,524.37,42317.68,52905.15,2392.63,1862.32,6332.53,0.2006
325,4,445.50,27934.92,40516.72,4600.07,2647.07,5334.67,0.2092
325,4,505.43,32903.66,46515.21,4302.42,2546.12,6763.01,0.2083
325,4,636.58,46270.34,59936.82,3780.55,2521.11,7364.81,0.2099
325,4,610.41,47088.72,59141.64,3362.89,2151.11,6538.92,0.1801
325,4,626.38,43750.54,58192.89,4954.16,3146.12,6342.06,0.2177
325,4,598.49,44970.96,56411.94,2956.79,2166.79,6317.40,0.2189
325,4,631.27,42267.65,57454.16,5133.86,2907.68,7144.97,0.2232
325,4,597.92,44550.14,57073.35,3766.19,2167.85,6589.17,0.1739
325,4,514.35,35067.33,48617.08,4282.79,2661.03,6605.94,0.2097
325,4,610.93,45278.19,56859.19,3636.29,1841.44,6103.27,0.1738
350,4,369.27,30513.51,38514.02,1607.98,1521.89,4870.65,0.1772
350,4,518.82,40046.41,51030.99,2841.81,2325.15,5817.62,0.2012
350,4,572.42,42226.73,54765.48,3720.08,2430.31,6388.36,0.1966
350,4,628.06,50812.12,61965.52,2762.99,2038.17,6352.24,0.1977
350,4,530.90,37371.09,50410.24,4464.89,2459.79,6114.47,0.2010
350,4,480.76,32678.71,44777.83,3560.35,2175.91,6362.86,0.1942
350,4,535.80,40325.89,51260.05,2694.90,2032.83,6206.43,0.2083
350,4,516.83,38522.25,48795.83,2366.71,1643.23,6263.64,0.2027
350,4,415.73,31087.03,40683.37,2387.49,1829.70,5379.16,0.2041
350,4,517.57,38859.16,49664.36,2593.40,1926.11,6285.69,0.1929
350,4,499.45,38176.68,49414.08,3547.63,2088.30,5601.47,0.1946
350,4,556.52,39368.94,52395.80,4565.20,2395.92,6065.74,0.2082
350,4,643.85,48799.61,62735.12,4228.86,2617.04,7089.61,0.2109
350,4,569.12,42478.74,56420.04,4798.16,2555.39,6587.75,0.2198
350,4,499.54,39071.62,51051.47,3725.31,2381.85,5872.69,0.1999
350,4,470.88,33258.09,44023.68,3000.94,2213.48,5551.18,0.2306
350,4,484.12,35618.97,46618.74,3242.68,2326.98,5430.12,0.2206
350,4,646.21,47159.67,61797.71,4975.69,3055.53,6606.82,0.2673
350,4,518.20,36514.08,47997.61,4033.27,2108.42,5341.84,0.1953
350,4,525.18,34951.73,46913.67,3110.29,1896.07,6955.58,0.1799
350,4,478.91,35827.91,45833.06,2618.49,1888.30,5498.37,0.1864
350,4,485.36,37441.11,47870.46,2636.36,1567.22,6225.77,0.1973
350,4,565.74,42577.53,52999.41,2185.57,1748.98,6487.34,0.2020
350,4,656.90,46296.12,59480.07,3768.63,2094.40,7320.92,0.1883
350,4,547.43,39874.87,51025.86,3292.74,2072.78,5785.46,0.2080
350,4,579.31,44985.05,55740.35,2340.86,1961.08,6453.36,0.1821
350,4,508.39,36374.60,49151.59,3309.08,2326.97,7140.93,0.2278
350,4,512.86,34407.14,46173.37,3447.73,2051.29,6267.21,0.1819
350,4,528.55,36258.69,49656.20,4195.36,2871.99,6330.16,0.2230
350,4,533.46,43237.94,53542.45,2494.41,2001.30,5808.79,0.2062
350,4,463.41,38259.35,49189.71,2499.34,1903.34,6527.68,0.2047
350,4,481.28,34629.96,46821.43,2993.83,1995.03,7202.60,0.1813
350,4,538.95,40074.93,52137.84,4009.56,2361.21,5692.13,0.1922
350,4,464.62,34801.80,45422.25,3146.60,1918.15,5555.70,0.1975
350,4,451.80,31432.34,42398.22,3278.65,2055.36,5631.87,0.2060
350,4,611.37,46178.98,57990.43,3368.95,2046.68,6395.83,0.2068
350,4,550.67,36994.67,49770.86,3726.66,2363.07,6686.46,0.2237
350,4,567.04,43631.39,55280.17,2866.90,1950.88,6831.01,0.1830
350,4,652.16,49847.20,62852.99,3873.89,2469.06,6662.85,0.2090
350,4,499.25,34683.55,46992.56,4143.95,2199.66,5965.40,0.2185
350,4,450.41,31435.34,42326.18,3644.78,2443.56,4802.50,0.2028
350,4,609.00,44502.82,56611.73,3290.56,1973.67,6844.69,0.1996
350,4,473.31,32825.98,45180.89,3938.93,2548.68,5867.30,0.2216
350,4,561.01,40961.87,53497.40,4050.45,2225.50,6259.59,0.2085
350,4,511.17,38981.16,49153.43,2424.19,1746.35,6001.73,0.1849
350,4,468.52,33392.06,45680.19,3592.10,2282.56,6413.48,0.2079
350,4,605.08,44458.24,56301.67,3286.34,2156.25,6400.84,0.1888
350,4,524.41,41593.97,53124.82,3591.68,2008.96,5930.20,0.2293
350,4,596.57,42926.20,55806.61,3653.00,2245.13,6982.27,0.2119
350,4,536.41,38574.79,50531.17,3786.23,2481.86,5688.28,0.2302
350,4,440.72,33364.07,43608.77,2785.88,1917.27,5541.55,0.2008
350,4,438.31,33030.04,43043.71,2806.46,1751.38,5455.83,0.2498
350,4,511.41,32684.12,45563.98,3641.70,2284.38,6953.78,0.2169
350,4,555.06,46059.84,56077.41,2461.64,1974.05,5581.88,0.1866
350,4,513.58,37518.60,48853.09,3406.26,2233.67,5694.56,0.1970
350,4,589.24,42023.81,54907.51,4165.23,2400.00,6318.47,0.1902
350,4,386.48,29134.55,39640.27,3303.73,2407.85,4794.14,0.2331
350,4,591.54,46786.23,57900.86,3162.52,2380.65,5571.47,0.2385
350,4,489.71,34974.43,46789.25,3493.97,2180.61,6140.24,0.2150
350,4,588.57,42989.91,55095.18,4113.56,2158.68,5833.02,0.2063
350,4,611.04,43155.55,56661.72,4297.31,2797.67,6411.18,0.2292
350,4,446.87,34082.95,43775.89,1977.37,1683.25,6032.32,0.2083
350,4,441.53,35951.02,44532.00,1822.72,1479.94,5278.32,0.1793
350,4,571.62,44525.01,56239.16,3718.06,1933.12,6062.96,0.1858
350,4,490.35,35258.02,46519.87,3814.30,2325.31,5122.25,0.2226
350,4,479.23,34554.32,45724.36,3930.21,2092.07,5147.75,0.2011
350,4,582.97,42058.05,54095.05,3187.00,2316.66,6533.35,0.2043
350,4,475.31,36593.47,46666.75,3147.13,1936.95,4989.20,0.1900
350,4,438.57,37582.55,46570.18,1712.29,1443.02,5832.31,0.1752
350,4,640.49,45647.80,58994.16,3571.86,2415.90,7358.61,0.2282
350,4,554.48,41191.54,53079.95,3701.83,2352.41,5834.17,0.2209
350,4,497.74,34923.68,46553.29,3401.64,2375.76,5852.21,0.2096
350,4,471.91,34089.59,44853.19,2541.90,1887.30,6334.40,0.2284
350,4,581.19,45667.95,59048.21,4371.48,2598.89,6409.89,0.2085
350,4,584.38,39959.99,52938.98,3484.21,2484.55,7010.23,0.2133
350,4,415.97,31784.56,42683.22,3306.19,1956.69,5635.78,0.1879
350,4,578.48,47265.73,57737.39,2397.30,1840.15,6234.21,0.1857
350,4,551.35,40348.42,52341.85,3289.07,2299.77,6404.59,0.2147
350,4,583.25,41930.58,54718.91,4182.13,2575.14,6031.07,0.2266
350,4,611.54,45170.41,57096.35,3295.63,2350.82,6279.49,0.1936
350,4,622.80,49840.89,61166.81,2660.36,1787.78,6877.78,0.2041
350,4,676.52,48621.87,62435.94,4409.21,2784.54,6620.32,0.2360
350,4,508.47,36446.96,49299.61,3465.95,2469.11,6917.60,0.2345
350,4,416.81,31503.94,41196.67,2402.86,1907.23,5382.64,0.2164
350,4,473.71,37775.99,47297.18,1886.43,1623.11,6011.66,0.1871
350,4,427.73,31402.69,41958.63,3069.27,1936.31,5550.36,0.1901
350,4,631.24,43935.80,58147.38,4626.75,2679.72,6905.11,0.2109
350,4,569.95,43396.67,56004.58,3928.39,2279.52,6400.00,0.2052
350,4,536.25,41992.75,53128.52,3504.59,2234.15,5397.04,0.2246
350,4,579.01,43570.55,54410.23,2647.76,1917.27,6274.64,0.2019
350,4,452.02,28898.59,41454.10,4585.68,2662.97,5306.86,0.2184
350,4,552.21,35081.69,48783.95,4281.50,2520.13,6900.64,0.2082
350,4,626.33,44881.39,59144.82,4391.66,2635.46,7236.32,0.2297
350,4,643.95,51842.94,63536.20,2847.62,2007.47,6838.18,0.2037
350,4,657.82,45016.93,59833.11,5364.31,3193.73,6258.15,0.2240
350,4,644.16,51003.15,62168.69,2401.76,1967.40,6796.38,0.1921
350,4,591.55,40921.18,55258.54,4520.93,2777.01,7039.43,0.2420
350,4,582.36,42324.19,54759.40,3919.05,2179.78,6336.38,0.1871
350,4,520.31,34896.07,48706.20,4614.84,2689.62,6505.67,0.2255
350,4,579.78,43175.89,54454.27,3528.17,1871.34,5878.87,0.1795
375,4,428.95,33363.03,42818.39,2435.96,1660.05,5359.34,0.1899
375,4,487.50,37180.82,48191.86,3081.59,2435.14,5494.32,0.2819
375,4,569.35,43588.80,55985.09,3560.63,2462.58,6373.08,0.2401
375,4,682.03,57776.28,68973.15,2426.41,1905.52,6864.94,0.2396
375,4,530.93,39469.73,52395.72,4150.49,2368.93,6406.58,0.2584
375,4,507.30,35522.62,47434.24,3221.27,2092.47,6597.88,0.2751
375,4,522.32,39804.79,50861.19,2811.42,2006.90,6238.09,0.2502
375,4,531.37,42315.56,52602.99,1981.46,1542.78,6763.19,0.2373
375,4,410.93,30197.22,39355.86,2007.22,1794.05,5357.36,0.2462
375,4,516.73,38873.36,50301.44,3138.63,2026.72,6262.73,0.3041
375,4,508.08,38694.53,50219.51,3857.09,2144.36,5523.53,0.2460
375,4,537.86,40437.24,52671.78,3946.33,2264.17,6024.05,0.2324
375,4,656.99,46938.27,60969.00,4387.81,2637.79,7005.13,0.2517
375,4,595.26,42275.02,55770.42,4508.04,2527.44,6459.92,0.4038
375,4,494.10,39256.28,50616.19,3297.51,2352.26,5710.15,0.3767
375,4,465.22,35171.20,46825.43,3682.60,2321.79,5649.84,0.3128
375,4,502.05,36178.23,48353.67,4222.96,2503.40,5449.09,0.2612
375,4,687.17,50525.67,65195.84,4930.94,3028.51,6710.71,0.2927
375,4,497.49,36062.61,47645.09,4156.25,2118.85,5307.37,0.2354
375,4,522.94,36102.41,47672.40,2824.54,1877.91,6867.55,0.2223
375,4,508.42,37097.47,47348.38,2813.66,1917.96,5519.29,0.2255
375,4,516.45,38443.13,48504.39,2287.46,1522.65,6251.14,0.2349
375,4,504.12,40039.48,50312.97,2348.42,1794.79,6130.28,0.2379
375,4,624.91,48309.52,60047.21,2747.13,1850.54,7140.02,0.3294
375,4,522.47,39800.16,50492.81,3060.12,2002.99,5629.54,0.2321
375,4,580.90,44761.43,55550.16,2533.10,2000.50,6255.13,0.2295
375,4,545.66,39228.91,52075.99,3128.71,2255.69,7462.68,0.2506
375,4,477.27,34259.71,45250.31,3046.93,1909.99,6033.67,0.2485
375,4,512.80,35977.87,49463.79,4230.58,2858.06,6397.27,0.4515
375,4,559.07,43839.93,55279.22,3216.96,2185.16,6037.17,0.2750
375,4,534.95,42185.35,53858.03,2772.19,1931.77,6968.73,0.2477
375,4,541.15,39347.17,52177.98,3166.31,2022.26,7642.25,0.2469
375,4,559.92,42017.52,53959.42,3736.90,2326.31,5878.68,0.2738
375,4,456.18,34921.28,45020.23,2804.23,1871.54,5423.18,0.2308
375,4,452.83,30810.92,42658.73,4032.86,2192.49,5622.46,0.2363
375,4,560.46,45946.44,56695.65,2494.21,1965.21,6289.79,0.2400
375,4,544.15,37686.52,50084.90,3584.93,2359.14,6454.32,0.3203
375,4,578.75,45226.23,57257.49,3056.59,1959.38,7015.29,0.2341
375,4,678.00,50534.19,64080.37,4299.82,2556.86,6689.50,0.2645
375,4,515.98,36202.15,48094.74,3603.64,2101.17,6187.79,0.2579
375,4,442.40,31840.48,43311.52,4093.20,2458.31,4919.54,0.2815
375,4,588.08,43307.42,55023.87,3152.58,2030.67,6533.20,0.2261
375,4,456.45,31084.11,42733.38,3563.83,2545.18,5540.28,0.4064
375,4,530.11,41215.75,52551.70,3270.89,2058.89,6006.17,0.2426
375,4,519.67,37828.41,48054.24,2546.82,1789.34,5889.66,0.2322
375,4,508.28,34117.01,47100.30,3991.36,2360.31,6631.63,0.2569
375,4,647.02,48187.69,60560.21,3400.43,2107.97,6864.12,0.2483
375,4,560.71,41204.77,53300.81,4085.76,2098.30,5911.98,0.2390
375,4,585.82,43652.67,55742.20,3030.07,2232.31,6827.14,0.2536
375,4,552.61,40067.41,52223.40,3827.77,2548.04,5780.18,0.3730
375,4,499.56,36002.84,47431.04,3467.89,1951.66,6008.65,0.3287
375,4,411.00,32630.21,42095.04,2550.06,1680.94,5233.83,0.3193
375,4,474.69,33398.98,45246.59,2969.58,2159.02,6719.01,0.6648
375,4,581.84,47667.39,58029.17,2616.71,1999.98,5745.09,0.2350
375,4,508.99,37855.47,49734.99,3804.37,2361.61,5713.54,0.2492
375,4,584.22,42845.28,55407.33,4060.16,2391.82,6110.06,0.2547
375,4,405.93,31526.89,41955.67,3170.63,2331.96,4926.20,0.2703
375,4,579.62,45695.59,57429.35,3729.24,2506.27,5498.25,0.2946
375,4,510.88,36140.99,48628.25,3790.06,2255.21,6441.99,0.3294
375,4,574.03,39661.95,51120.55,4041.30,2088.06,5329.23,0.3208
375,4,639.15,44675.78,58070.06,4033.94,2776.59,6583.76,0.4459
375,4,438.03,34178.36,43438.85,1823.23,1678.09,5759.16,0.2556
375,4,436.14,36142.53,44844.96,1917.86,1511.82,5272.74,0.2105
375,4,618.37,46194.40,58618.83,4282.75,2047.16,6094.52,0.2146
375,4,507.08,35511.00,46470.04,3596.21,2326.38,5036.47,0.2552
375,4,500.75,37339.27,47673.99,3081.63,1898.53,5354.56,0.2444
375,4,562.42,41144.59,53204.81,3527.69,2398.15,6134.38,0.2488
375,4,495.22,37369.62,47633.06,3273.76,1979.92,5009.76,0.2403
375,4,400.31,35439.15,44684.38,2197.93,1568.36,5478.95,0.3341
375,4,652.37,46920.76,59708.16,3128.91,2424.20,7234.30,0.3768
375,4,528.88,40221.82,51683.69,3536.13,2334.08,5591.67,0.2588
375,4,503.75,36271.54,48192.95,3729.40,2428.06,5763.95,0.2908
375,4,500.56,34954.32,45982.87,2707.93,1883.56,6437.06,0.3377
375,4,562.23,42066.84,55764.08,4843.66,2725.33,6128.26,0.3888
375,4,559.23,39354.90,52195.54,3501.93,2448.71,6889.99,0.3323
375,4,445.47,32349.95,42662.61,2861.38,1964.17,5487.12,0.3556
375,4,614.01,48629.52,59495.65,2746.08,1917.23,6202.83,0.2318
375,4,592.22,40105.53,52103.93,3388.94,2317.53,6291.93,0.2708
375,4,632.02,45159.37,58173.18,4117.32,2524.33,6372.17,0.3239
375,4,639.79,46885.20,59828.05,3923.06,2446.76,6573.02,0.2661
375,4,642.70,50319.77,61175.04,2382.85,1786.38,6686.04,0.3290
375,4,678.00,49605.72,63060.54,4036.66,2735.72,6682.44,0.2743
375,4,498.07,35263.67,47901.29,3544.18,2461.53,6631.92,0.3269
375,4,400.74,32089.89,41357.04,2073.15,1834.86,5359.13,0.2581
375,4,493.71,38543.77,48463.31,2252.92,1668.59,5998.03,0.2249
375,4,413.45,30344.60,40262.70,2730.31,1868.77,5319.02,0.2851
375,4,696.49,48588.73,62628.92,4317.17,2579.23,7143.79,0.3282
375,4,601.29,46733.40,60138.69,4384.49,2394.06,6626.75,0.4272
375,4,575.26,42427.75,53742.97,3701.90,2285.87,5327.46,0.2761
375,4,527.78,41246.43,51391.70,2233.70,1857.85,6053.71,0.2418
375,4,469.78,31516.31,43748.95,4167.83,2561.42,5503.40,0.2544
375,4,535.45,37644.95,50440.02,3465.72,2346.83,6982.52,0.2629
375,4,629.50,44211.50,58366.69,4439.74,2684.44,7031.01,0.2679
375,4,657.97,53344.20,65245.86,2905.23,2044.19,6952.24,0.2587
375,4,584.05,44235.27,58416.08,4813.45,3068.61,6298.75,0.2727
375,4,632.86,51983.79,63710.23,2769.97,2012.88,6943.59,0.2662
375,4,622.48,44365.80,58029.28,4003.11,2694.95,6965.41,0.2965
375,4,605.18,45533.81,57696.00,3494.25,2088.84,6579.11,0.2207
375,4,527.24,37504.76,49871.61,3423.77,2412.91,6530.16,0.2332
375,4,595.20,49732.07,60024.52,2508.52,1598.15,6185.78,0.1995
400,4,420.40,35054.16,43994.29,1874.74,1522.16,5543.24,0.2025
400,4,503.76,40929.23,51707.80,2580.39,2283.25,5914.92,0.2534
400,4,534.02,42315.55,53926.22,3050.52,2408.07,6152.08,0.2705
400,4,676.45,57930.95,68912.03,2185.98,1838.51,6956.59,0.2130
400,4,524.52,39637.34,52577.52,4301.20,2360.58,6278.39,0.2578
400,4,510.86,36034.09,48006.89,3236.21,2151.97,6584.63,0.2415
400,4,575.70,42408.13,53792.97,2924.42,2017.56,6442.86,0.2384
400,4,546.27,41958.38,52433.51,2183.60,1632.72,6658.81,0.2226
400,4,454.62,34757.74,44625.73,2252.67,1734.05,5881.27,0.2296
400,4,521.64,40537.73,51274.46,2393.53,1929.36,6413.84,0.2343
400,4,551.19,44979.75,56512.47,3495.39,2064.66,5972.67,0.2398
400,4,564.28,43186.37,54892.01,3467.18,2184.93,6053.53,0.2555
400,4,664.31,48544.94,62348.08,4289.11,2645.02,6869.02,0.4413
400,4,546.92,41712.65,54445.90,4029.63,2436.72,6266.89,0.2761
400,4,502.48,44773.94,54682.11,1972.01,2070.24,5865.92,0.2732
400,4,469.66,35083.69,46134.07,3113.19,2207.29,5729.91,0.2887
400,4,478.07,35807.85,47870.15,4195.97,2487.19,5379.14,0.2893
400,4,700.84,52871.99,67349.27,4562.66,2994.61,6920.01,0.3439
400,4,533.95,38236.35,49833.38,3913.20,2074.15,5609.68,0.2551
400,4,546.55,38445.38,50380.52,2906.67,1823.15,7205.33,0.2765
400,4,459.80,33261.06,44136.29,3589.56,2087.23,5198.45,0.2846
400,4,472.76,35734.64,45707.21,2532.40,1604.75,5835.41,0.2227
400,4,572.70,43719.51,54388.03,2402.95,1761.19,6504.38,0.2235
400,4,689.38,52614.72,65252.35,3057.27,1896.34,7684.02,0.2330
400,4,523.27,40940.05,52475.30,3634.92,2186.26,5714.07,0.2470
400,4,579.61,44767.22,55680.45,2810.55,2035.04,6067.64,0.2231
400,4,576.31,39512.57,52809.97,3561.64,2328.24,7407.52,0.2356
400,4,479.41,34464.94,44461.00,2337.27,1798.50,5860.28,0.2407
400,4,546.29,36122.87,50861.23,5315.36,3130.14,6292.86,0.2848
400,4,545.47,43550.49,54340.31,2872.78,2108.30,5808.75,0.2709
400,4,487.86,38868.79,49148.50,2074.30,1887.78,6317.63,0.2310
400,4,505.73,37280.46,49505.52,2975.35,2036.86,7212.85,0.2480
400,4,549.96,40918.20,52008.55,3260.22,2282.57,5547.56,0.2427
400,4,464.03,35438.97,45532.93,2863.34,1885.87,5344.76,0.2352
400,4,449.73,31323.15,42609.55,3633.19,2093.53,5559.67,0.2373
400,4,582.30,46203.93,57004.25,2694.42,2011.25,6094.66,0.2390
400,4,576.26,40724.59,53620.56,3788.83,2378.08,6729.06,0.2564
400,4,578.87,45985.65,57251.94,2672.68,1912.40,6681.21,0.2476
400,4,654.37,48942.66,62446.88,4433.18,2535.03,6536.01,0.2874
400,4,493.00,36497.80,47118.49,2836.07,2029.68,5754.93,0.2759
400,4,507.09,37161.35,48433.99,3698.68,2317.68,5256.28,0.2588
400,4,589.78,45369.81,56482.63,2692.31,1931.31,6489.19,0.2447
400,4,469.04,32753.71,44583.29,3595.69,2510.39,5723.50,0.2922
400,4,540.00,40134.92,52455.41,4022.53,2157.63,6140.32,0.2542
400,4,533.72,41598.48,52222.58,2617.70,1753.51,6252.89,0.2474
400,4,505.43,35118.32,47436.07,3530.43,2259.17,6528.15,0.2735
400,4,633.34,48367.79,61095.77,3692.30,2196.82,6838.86,0.2609
400,4,532.32,41184.82,52475.54,3539.78,2006.65,5744.29,0.2699
400,4,614.48,44633.83,57081.96,3316.17,2240.73,6891.22,0.2872
400,4,557.34,40828.34,52606.91,3590.65,2468.77,5719.15,0.3097
400,4,504.85,37877.90,48730.53,2989.88,1920.37,5942.38,0.2438
400,4,453.82,34301.45,44470.89,2794.25,1739.71,5635.48,0.2236
400,4,494.85,33983.51,46662.00,3584.63,2276.06,6817.80,0.2406
400,4,555.22,44564.37,54562.17,2637.84,2041.45,5318.51,0.2321
400,4,595.27,43480.10,54905.54,3003.61,2097.13,6324.69,0.2407
400,4,619.41,45081.47,57671.66,3963.43,2339.92,6286.84,0.2382
400,4,412.36,29463.15,40559.78,3738.45,2534.09,4824.10,0.3026
400,4,625.48,47276.98,58312.15,3097.90,2390.93,5546.35,0.2576
400,4,485.70,35980.20,47532.91,3239.04,2166.05,6147.62,0.2408
400,4,527.94,40699.10,51764.18,3601.83,2007.69,5455.57,0.2348
400,4,602.73,42087.61,55679.52,4449.56,2875.21,6267.14,0.2597
400,4,458.64,35787.33,44669.74,1365.40,1590.81,5926.19,0.2291
400,4,429.89,36784.78,45332.99,1853.91,1491.81,5202.48,0.2083
400,4,616.94,44592.44,57195.19,4501.83,2091.26,6009.67,0.2108
400,4,498.09,38143.86,48009.26,2663.47,2111.87,5090.06,0.2515
400,4,504.94,38030.70,48245.57,2927.59,1925.99,5361.29,0.2278
400,4,600.38,42496.51,54990.64,3493.50,2398.36,6602.28,0.2316
400,4,501.64,39144.43,49008.04,2928.27,1877.46,5057.87,0.2350
400,4,386.43,34511.72,43123.46,1788.20,1478.24,5345.30,0.2035
400,4,649.43,47807.58,60312.87,2899.61,2409.40,7196.29,0.2946
400,4,542.11,40056.31,52159.20,4154.51,2479.69,5468.68,0.3327
400,4,502.58,36075.97,47916.90,3776.07,2418.55,5646.31,0.2838
400,4,501.35,35354.91,46335.77,2723.45,1890.41,6367.00,0.2569
400,4,660.42,47174.95,61389.81,4969.38,2778.88,6466.60,0.2965
400,4,602.84,44731.13,57396.76,2890.77,2373.57,7401.30,0.3007
400,4,451.30,33406.52,44560.94,3406.36,1979.76,5768.30,0.2507
400,4,642.85,47744.07,59972.00,3739.93,2137.52,6350.48,0.2489
400,4,585.20,41526.67,53605.30,3382.82,2293.21,6402.60,0.2464
400,4,591.85,42099.72,55143.63,4472.91,2588.86,5982.14,0.2602
400,4,603.74,45665.18,58332.87,3834.88,2438.08,6394.73,0.2453
400,4,654.68,52176.74,63057.65,2257.86,1741.81,6881.23,0.2325
400,4,666.53,50074.85,63640.01,4152.84,2750.86,6661.46,0.2743
400,4,552.48,37077.83,50080.89,3729.23,2544.79,6729.04,0.2481
400,4,400.90,31996.49,40932.16,1868.44,1838.27,5228.97,0.2680
400,4,457.51,38934.55,48213.63,1783.96,1578.42,5916.70,0.2288
400,4,394.95,29795.59,39520.63,2672.24,1892.65,5160.16,0.3033
400,4,659.67,47737.07,61126.05,3853.60,2504.15,7031.23,0.2854
400,4,586.79,47877.39,60114.46,3565.40,2220.89,6450.78,0.2575
400,4,606.52,46492.15,57756.11,3391.05,2166.90,5706.01,0.2659
400,4,506.59,40729.91,51061.00,2441.69,1927.96,5961.44,0.2458
400,4,451.39,30375.89,42816.51,4431.28,2637.72,5371.62,0.2535
400,4,542.43,38428.63,51103.44,3405.76,2338.50,6930.54,0.2500
400,4,641.02,46331.33,59830.51,3945.44,2589.48,6964.26,0.2557
400,4,723.55,53993.24,66194.66,3163.56,2079.59,6958.27,0.2294
400,4,639.93,47833.98,61994.98,4756.76,3046.36,6357.88,0.2691
400,4,614.46,51608.12,63130.66,2759.25,2083.77,6679.52,0.2504
400,4,629.45,45361.90,59237.55,4066.85,2733.17,7075.63,0.2885
400,4,592.88,45572.65,57901.04,3730.12,2132.63,6465.65,0.2508
400,4,523.07,38206.07,50851.42,3591.73,2403.75,6649.86,0.3509
400,4,583.06,48555.20,58567.76,2479.06,1565.50,5967.99,0.3380
