300,4,0.0001,748.03,38884.86,46522.82,434.79,2104.75,5098.424985
300,4,0.0001,898.21,46593.58,54462.28,530.80,2377.38,4960.503210
300,4,0.0001,765.17,38618.67,46487.51,528.70,1879.61,5460.531051
300,4,0.0001,859.09,43839.06,53048.86,394.25,2088.04,6727.501814
300,4,0.0001,832.55,41631.08,50260.77,644.22,2303.10,5682.374329
300,4,0.0001,910.17,47638.53,55668.33,435.80,2067.36,5526.645486
300,4,0.0001,779.64,39437.03,47623.09,604.95,2013.48,5567.619688
300,4,0.0001,1049.06,53764.47,63130.10,671.83,1954.12,6739.688792
300,4,0.0001,664.28,33662.76,40760.41,495.14,1912.53,4689.981512
300,4,0.0001,817.32,41603.66,49825.43,496.57,2173.94,5551.267858
300,4,0.0001,800.67,40936.17,48449.10,552.65,2048.25,4912.013438
300,4,0.0001,796.97,40329.38,48357.46,418.47,2318.42,5291.193031
300,4,0.0001,951.81,48773.35,57618.20,489.82,2230.16,6124.877022
300,4,0.0001,818.87,42479.33,50078.85,400.70,1605.36,5593.454542
300,4,0.0001,778.34,40411.25,47686.51,413.21,1979.25,4882.793185
300,4,0.0001,687.74,35972.75,42877.15,365.52,1847.05,4691.826827
300,4,0.0001,624.30,31733.78,38715.62,359.07,1915.25,4707.518608
300,4,0.0001,794.54,40800.54,48606.91,383.01,1872.64,5550.725902
300,4,0.0001,806.49,42322.73,49420.59,455.44,1761.18,4881.232688
300,4,0.0001,852.68,41872.39,51428.78,666.85,2278.60,6610.941291
300,4,0.0001,797.42,41608.78,48725.08,397.26,1873.90,4845.146540
300,4,0.0001,858.70,43458.57,51655.97,438.69,2280.50,5478.202676
300,4,0.0001,928.40,47002.28,56213.65,517.20,2714.85,5979.321170
300,4,0.0001,1103.46,56458.52,65741.93,654.50,2342.29,6286.620600
300,4,0.0001,691.52,35465.80,42971.77,436.24,1886.45,5183.289616
300,4,0.0001,843.99,42315.65,50454.03,442.71,1873.63,5822.049925
300,4,0.0001,1036.97,52799.84,62330.22,584.33,2652.44,6293.615518
300,4,0.0001,814.56,41956.58,49581.27,380.93,1945.62,5298.137386
300,4,0.0001,876.39,45656.25,53392.47,451.57,1812.69,5471.969616
300,4,0.0001,855.56,43625.08,51619.70,453.35,2244.14,5297.134702
300,4,0.0001,980.60,50121.40,59120.46,622.85,2035.36,6340.849420
300,4,0.0001,973.14,49957.53,58484.28,383.24,1982.16,6161.349918
300,4,0.0001,700.28,35931.33,43446.76,357.36,2089.06,5069.010924
300,4,0.0001,659.70,32965.04,40737.31,605.46,2022.74,5144.070945
300,4,0.0001,670.43,34125.34,41569.96,420.16,2206.98,4817.474658
300,4,0.0001,785.11,39274.01,47649.05,397.94,2039.08,5938.020919
300,4,0.0001,772.07,39113.21,47361.62,394.60,2069.26,5784.549188
300,4,0.0001,856.24,44066.79,52825.58,426.30,1975.57,6356.917125
300,4,0.0001,815.67,42844.71,51020.80,492.48,1805.76,5877.847566
300,4,0.0001,798.03,41100.07,48897.48,544.29,2163.82,5089.306759
300,4,0.0001,787.98,41905.15,48709.93,369.17,1901.95,4533.664206
300,4,0.0001,900.87,46491.55,55096.28,389.14,2224.73,5990.858192
300,4,0.0001,774.16,40679.30,47567.48,383.89,1918.93,4585.357513
300,4,0.0001,661.22,33459.89,41278.62,465.96,1894.02,5458.743245
300,4,0.0001,791.14,40288.50,48279.02,453.38,2197.19,5339.950650
300,4,0.0001,818.91,41891.97,49980.64,444.37,1911.27,5733.026204
300,4,0.0001,800.30,40613.01,49006.53,490.90,2170.36,5732.262640
300,4,0.0001,663.43,33056.70,40681.20,539.42,2106.99,4978.099563
300,4,0.0001,956.43,49574.12,58120.38,552.39,2040.72,5953.147070
300,4,0.0001,810.13,41625.93,48903.32,468.11,1957.37,4851.914912
300,4,0.0001,853.68,45072.31,52245.06,485.14,1597.52,5090.074606
300,4,0.0001,734.79,37404.60,44939.25,457.93,1809.80,5266.922729
300,4,0.0001,865.75,43979.59,52518.61,488.15,2366.10,5684.764710
300,4,0.0001,668.73,34397.51,41456.63,400.90,1793.83,4864.398873
300,4,0.0001,867.97,45034.75,52728.54,332.55,1979.46,5381.776200
300,4,0.0001,833.40,41838.75,50314.88,525.41,2280.79,5669.924082
300,4,0.0001,603.21,31146.29,37945.31,371.68,1888.20,4539.132450
300,4,0.0001,599.93,30805.69,38033.17,611.72,1653.34,4962.423471
300,4,0.0001,723.07,36700.90,44509.19,345.10,1890.95,5572.238339
300,4,0.0001,888.77,46378.65,54033.38,498.97,2090.20,5065.557830
300,4,0.0001,866.67,44542.38,52745.35,337.78,2024.03,5841.164936
300,4,0.0001,777.31,39453.94,47603.30,454.40,2334.38,5360.569247
300,4,0.0001,942.01,48985.10,56845.22,460.46,2150.72,5248.942690
300,4,0.0001,927.99,48575.35,56819.76,510.78,2411.13,5322.499873
300,4,0.0001,770.41,40949.71,47290.11,391.23,1761.12,4188.047935
300,4,0.0001,813.09,42506.99,49774.75,526.07,2068.54,4673.153673
300,4,0.0001,767.18,38795.86,46768.23,401.28,1833.96,5737.131085
300,4,0.0001,729.59,37925.60,44823.37,395.31,1978.77,4523.683318
300,4,0.0001,838.03,43633.30,51601.49,351.46,2016.96,5599.770717
300,4,0.0001,901.91,46008.40,54954.94,476.29,1825.57,6644.671257
300,4,0.0001,645.18,32472.38,40012.76,474.16,1965.84,5100.383260
300,4,0.0001,784.25,40183.75,48066.93,503.10,2168.41,5211.663452
300,4,0.0001,863.73,44802.72,52787.03,383.77,1979.63,5620.907510
300,4,0.0001,760.83,39176.54,47253.06,517.89,1983.91,5574.711167
300,4,0.0001,797.23,40624.23,48698.98,400.11,1902.34,5772.307217
300,4,0.0001,646.52,33153.82,40625.28,377.44,1803.14,5290.882616
300,4,0.0001,944.05,48786.14,56797.77,323.08,1891.25,5797.302584
300,4,0.0001,867.49,44433.75,53002.26,557.10,2255.04,5756.362135
300,4,0.0001,706.74,35162.10,42792.09,405.24,2014.57,5210.180793
300,4,0.0001,746.93,36752.54,45393.08,550.02,2543.07,5547.450049
300,4,0.0001,818.36,42183.91,50511.68,358.90,2070.31,5898.571069
300,4,0.0001,839.36,42364.53,50780.41,395.28,2278.91,5741.691908
300,4,0.0001,930.75,47926.52,56620.29,468.72,2423.88,5801.176363
300,4,0.0001,686.66,35335.88,42558.71,570.61,1817.52,4834.695642
300,4,0.0001,895.65,46290.99,54083.49,515.74,1878.36,5398.403389
300,4,0.0001,658.14,33669.42,40733.79,379.63,1786.14,4898.601590
300,4,0.0001,882.64,45923.11,54478.11,450.09,1967.45,6137.451317
300,4,0.0001,686.42,33819.03,42505.32,606.97,2126.68,5952.632843
300,4,0.0001,726.96,37698.17,44493.68,397.86,1813.95,4583.698579
300,4,0.0001,860.24,44789.82,52869.30,377.30,1956.40,5745.783818
300,4,0.0001,726.84,36750.27,44026.84,411.95,2323.08,4541.535852
300,4,0.0001,961.89,50328.72,58686.71,488.03,1821.02,6048.933963
300,4,0.0001,867.48,43823.07,52391.38,515.60,2181.84,5870.869124
300,4,0.0001,893.62,45775.27,54122.48,564.18,2057.36,5725.671551
300,4,0.0001,763.22,39097.02,47012.12,411.79,1990.68,5512.634756
300,4,0.0001,894.89,44756.87,53669.49,429.10,2244.72,6238.801887
300,4,0.0001,794.78,39951.18,48532.62,539.94,2142.46,5899.036663
300,4,0.0001,819.40,41504.42,49695.40,393.49,2181.37,5616.117161
300,4,0.0001,625.54,30988.48,38941.22,429.42,1979.66,5543.665842
300,4,0.0001,745.53,37231.59,45742.33,614.01,2359.51,5537.217750
300,4,0.0010,736.90,38794.68,46314.12,352.48,2070.75,5096.214224
300,4,0.0010,894.84,46643.01,54533.20,574.97,2369.24,4945.985926
300,4,0.0010,764.07,38614.01,46463.27,539.62,1850.93,5458.707890
300,4,0.0010,852.23,43823.32,53059.71,467.96,2053.75,6714.680118
300,4,0.0010,840.97,41960.00,50755.17,594.22,2499.70,5701.251910
300,4,0.0010,910.60,46820.10,55042.17,691.19,1973.38,5557.494436
300,4,0.0010,782.49,39441.03,47678.09,495.65,2156.49,5584.926112
300,4,0.0010,1057.47,54050.27,63388.27,484.16,2178.26,6675.584738
300,4,0.0010,666.00,33699.32,41133.06,653.74,2045.04,4734.972271
300,4,0.0010,813.23,41545.18,49787.11,479.68,2216.96,5545.286002
300,4,0.0010,807.25,41619.72,49146.58,592.23,2059.51,4875.120126
300,4,0.0010,793.81,40215.12,48269.39,563.99,2205.49,5284.791936
300,4,0.0010,942.81,48743.06,57506.00,469.00,2177.65,6116.290911
300,4,0.0010,829.47,42250.00,50085.56,492.18,1738.82,5604.558261
300,4,0.0010,776.70,40443.46,47714.89,463.19,1925.13,4883.106988
300,4,0.0010,705.31,35930.56,43489.93,576.31,2217.47,4765.587091
300,4,0.0010,621.11,31442.11,38613.06,446.24,2024.46,4700.248085
300,4,0.0010,803.59,41115.44,48953.35,355.28,1923.51,5559.122238
300,4,0.0010,789.19,41761.65,48944.40,518.21,1733.39,4931.151024
300,4,0.0010,850.37,41932.85,51689.01,704.04,2388.56,6663.569342
300,4,0.0010,793.83,42057.59,49057.98,372.08,1780.87,4847.436421
300,4,0.0010,853.09,43197.96,51503.19,505.66,2358.22,5441.345713
300,4,0.0010,918.61,46471.60,55500.63,682.34,2418.46,5928.233673
300,4,0.0010,1087.52,55986.88,65178.13,518.52,2356.36,6316.369186
300,4,0.0010,709.36,35489.07,43302.67,581.80,2025.47,5206.319375
300,4,0.0010,849.27,42836.93,51223.53,488.15,2052.35,5846.093799
300,4,0.0010,1040.24,52908.95,62404.94,532.47,2645.66,6317.854003
300,4,0.0010,807.99,42029.14,49586.79,388.08,1888.31,5281.254559
300,4,0.0010,871.47,45476.33,53429.76,454.85,1995.11,5503.466675
300,4,0.0010,857.50,43804.95,51849.12,465.09,2283.91,5295.175254
300,4,0.0010,980.04,50324.72,59087.65,484.54,1938.55,6339.840629
300,4,0.0010,979.79,50104.83,58744.18,387.95,2061.00,6190.399685
300,4,0.0010,683.79,35438.75,42865.67,479.80,1937.29,5009.820423
300,4,0.0010,650.65,32788.81,40433.68,533.22,1977.90,5133.752462
300,4,0.0010,648.30,33573.18,40748.05,428.85,1991.08,4754.950979
300,4,0.0010,771.38,38673.49,47210.50,611.88,2061.52,5863.612154
300,4,0.0010,780.23,39239.61,47725.30,464.33,2231.96,5789.394593
300,4,0.0010,855.74,44060.80,52829.21,426.30,1986.28,6355.833359
300,4,0.0010,837.60,43011.88,51132.84,371.96,1869.78,5879.219003
300,4,0.0010,796.34,41221.65,48982.95,543.64,2139.09,5078.570583
300,4,0.0010,805.45,41795.85,48822.93,539.09,1937.34,4550.654498
300,4,0.0010,903.11,46348.88,55185.39,566.49,2200.64,6069.372774
300,4,0.0010,782.08,40413.32,47458.31,453.14,2030.77,4561.079683
300,4,0.0010,671.95,33460.19,41295.11,446.69,1945.63,5442.604137
300,4,0.0010,777.96,40063.42,47973.52,565.46,1964.33,5380.314939
300,4,0.0010,823.59,42055.71,50376.29,470.40,2111.39,5738.794849
300,4,0.0010,781.75,40646.72,48880.46,538.60,2014.04,5681.103366
300,4,0.0010,659.54,32914.48,40569.43,514.71,2191.40,4948.826895
300,4,0.0010,958.15,49612.75,58161.39,490.42,2101.95,5956.269196
300,4,0.0010,818.47,41629.23,49066.77,469.47,2090.88,4877.187651
300,4,0.0010,862.56,44948.33,52289.56,480.25,1732.93,5128.045689
300,4,0.0010,744.24,38143.13,45891.89,409.56,2013.24,5325.953318
300,4,0.0010,860.09,43833.30,52525.90,473.45,2489.69,5729.451563
300,4,0.0010,676.95,34582.52,41963.50,637.02,1882.07,4861.880865
300,4,0.0010,860.50,44718.24,52587.79,453.66,2026.26,5389.627738
300,4,0.0010,820.91,41553.62,49913.22,482.27,2202.42,5674.906684
300,4,0.0010,605.36,31153.37,38104.95,496.97,1878.49,4576.114312
300,4,0.0010,610.03,31245.32,38586.86,571.79,1818.30,4951.447775
300,4,0.0010,724.34,36577.13,44584.13,490.79,1935.73,5580.479266
300,4,0.0010,890.28,46330.98,54052.16,523.75,2154.03,5043.397968
300,4,0.0010,858.53,44617.32,52877.24,361.45,2037.49,5860.977635
300,4,0.0010,774.77,39485.08,47650.22,475.34,2323.45,5366.349004
300,4,0.0010,927.08,47969.14,55977.01,590.47,2209.22,5208.170842
300,4,0.0010,923.55,48361.22,56355.83,529.42,2153.97,5311.214258
300,4,0.0010,775.19,41178.62,47706.78,496.41,1778.88,4252.878808
300,4,0.0010,812.88,42284.06,49721.92,607.46,2142.39,4688.012666
300,4,0.0010,765.41,39106.50,47026.27,482.31,1710.10,5727.358523
300,4,0.0010,737.10,37694.62,44662.74,463.54,1983.67,4520.913944
300,4,0.0010,846.34,43683.57,51786.51,427.93,2065.50,5609.507232
300,4,0.0010,926.22,46849.20,55896.08,428.36,1962.03,6656.491808
300,4,0.0010,637.33,32420.40,39834.64,451.65,1855.35,5107.235043
300,4,0.0010,793.07,39984.56,47976.08,508.25,2241.13,5242.154960
300,4,0.0010,877.90,44910.26,52994.31,382.80,2052.50,5648.736142
300,4,0.0010,767.06,39363.59,47505.47,457.17,2075.68,5609.030117
300,4,0.0010,794.04,40326.36,48601.21,522.72,1979.52,5772.615958
300,4,0.0010,633.27,33057.32,40205.61,334.13,1562.82,5251.337892
300,4,0.0010,942.44,48806.31,57176.09,456.83,2075.44,5837.514602
300,4,0.0010,861.61,44695.34,53292.67,493.65,2355.38,5748.306490
300,4,0.0010,698.18,35098.74,42665.48,419.28,1960.66,5186.807081
300,4,0.0010,747.02,36733.83,45166.19,469.44,2455.78,5507.139174
300,4,0.0010,820.34,42095.66,50383.25,353.45,1951.89,5982.251733
300,4,0.0010,832.85,42056.90,50688.70,556.49,2344.08,5731.228907
300,4,0.0010,932.87,48023.51,56949.29,539.54,2553.04,5833.201275
300,4,0.0010,681.54,35427.48,42873.12,500.77,2094.11,4850.764498
300,4,0.0010,893.10,46242.41,53882.93,356.15,1890.92,5393.454514
300,4,0.0010,660.28,33385.74,40637.21,509.48,1819.12,4922.881123
300,4,0.0010,896.14,45598.42,54558.64,668.17,2135.10,6156.950658
300,4,0.0010,687.48,33871.58,42476.94,573.46,2089.08,5942.820122
300,4,0.0010,731.20,37424.42,44536.49,484.42,2025.58,4602.068411
300,4,0.0010,868.97,44922.43,53086.14,449.47,1945.53,5768.717044
300,4,0.0010,725.86,36822.48,44032.12,422.93,2254.45,4532.265624
300,4,0.0010,963.01,50525.52,58836.95,459.66,1819.18,6032.587362
300,4,0.0010,868.04,43508.55,52351.27,699.95,2265.57,5877.195000
300,4,0.0010,905.99,46224.22,54875.10,575.85,2281.81,5793.224210
300,4,0.0010,739.71,38725.34,46413.03,409.37,1785.94,5492.369204
300,4,0.0010,897.10,44697.94,53580.37,405.89,2239.53,6237.002928
300,4,0.0010,798.79,40040.11,48556.74,501.05,2076.15,5939.432422
300,4,0.0010,806.51,40985.32,49107.34,540.63,1990.27,5591.121770
300,4,0.0010,609.18,30638.16,38595.70,464.92,1954.46,5538.154615
300,4,0.0010,736.12,37138.26,45390.84,499.02,2199.84,5553.724548
300,4,0.0100,741.69,38655.94,46410.04,521.45,2144.94,5087.708791
300,4,0.0100,893.64,46375.81,54229.89,629.29,2283.36,4941.427465
300,4,0.0100,770.84,38728.19,47082.57,614.17,2222.94,5517.265597
300,4,0.0100,862.47,43748.95,53063.92,508.94,2084.04,6721.990012
300,4,0.0100,833.68,41737.50,50502.63,641.51,2431.95,5691.658299
300,4,0.0100,905.25,46955.14,55162.59,582.95,2063.49,5561.012383
300,4,0.0100,784.66,39656.25,47844.13,575.80,2002.89,5609.191316
300,4,0.0100,1064.44,53832.29,63366.35,520.40,2255.40,6758.260105
300,4,0.0100,654.54,33197.15,40253.65,541.80,1811.60,4703.104515
300,4,0.0100,808.05,40792.39,49359.45,639.71,2345.00,5582.352739
300,4,0.0100,785.63,40518.32,47895.49,589.42,1913.28,4874.472517
300,4,0.0100,787.09,39870.20,48149.68,703.02,2274.52,5301.941373
300,4,0.0100,937.48,48621.10,57607.32,497.71,2358.51,6130.001809
300,4,0.0100,826.22,42213.55,50047.63,528.00,1704.36,5601.726139
300,4,0.0100,775.75,40049.30,47629.85,738.67,1963.68,4878.208671
300,4,0.0100,708.78,36278.23,43526.48,525.15,1985.56,4737.540870
300,4,0.0100,605.22,31059.79,38376.22,588.32,2063.57,4664.545562
300,4,0.0100,792.14,40625.85,48891.34,570.49,2082.89,5612.107394
300,4,0.0100,776.26,41077.05,48514.76,692.18,1832.57,4912.965231
300,4,0.0100,844.31,41845.06,51699.56,820.76,2392.81,6640.930625
300,4,0.0100,786.12,41857.00,48866.62,399.09,1780.52,4830.007647
300,4,0.0100,853.95,43031.96,51667.56,603.74,2526.20,5505.664529
300,4,0.0100,902.20,46033.47,55219.68,788.95,2448.50,5948.748597
300,4,0.0100,1105.66,56704.84,66241.34,666.27,2544.05,6326.193442
300,4,0.0100,708.50,35611.49,43545.10,581.90,2115.72,5235.995878
300,4,0.0100,847.32,42850.24,51134.31,479.81,1970.24,5834.029936
300,4,0.0100,1022.15,52439.41,62024.18,706.39,2561.75,6316.628083
300,4,0.0100,820.83,42181.35,50099.88,482.47,2062.65,5373.400130
300,4,0.0100,879.70,45601.87,53662.23,488.58,2078.03,5493.751845
300,4,0.0100,861.20,43763.48,51923.52,585.52,2276.69,5297.829426
300,4,0.0100,968.94,49304.01,58651.33,777.11,2165.60,6404.604942
300,4,0.0100,972.60,49930.09,58678.91,488.63,2102.29,6157.892518
300,4,0.0100,700.31,35738.33,43536.23,502.56,2213.25,5082.091854
300,4,0.0100,625.49,32444.88,40053.80,630.15,1872.69,5106.076792
300,4,0.0100,643.38,33346.66,40510.79,483.64,1917.77,4762.713686
300,4,0.0100,757.70,37803.90,46382.43,703.96,2015.30,5859.273119
300,4,0.0100,774.56,38806.26,47357.08,562.82,2190.47,5797.528773
300,4,0.0100,854.95,44015.89,52985.49,445.13,2122.97,6401.499255
300,4,0.0100,829.06,42749.97,51020.32,577.74,1816.03,5876.589685
300,4,0.0100,801.91,41144.37,49038.22,545.25,2221.87,5126.725009
300,4,0.0100,804.10,41959.76,48891.48,466.59,1916.18,4548.963143
300,4,0.0100,893.63,45466.00,54401.88,669.02,2205.74,6061.121371
300,4,0.0100,792.51,40850.35,48089.96,469.42,2115.88,4654.304535
300,4,0.0100,659.00,33176.02,41166.96,552.22,2007.00,5431.723627
300,4,0.0100,775.03,40167.89,48291.04,533.56,2226.02,5363.571284
300,4,0.0100,799.48,41726.06,49980.10,496.90,2035.33,5721.815599
300,4,0.0100,792.86,40650.72,48900.25,419.95,2111.86,5717.727247
300,4,0.0100,666.44,32909.17,40886.07,692.05,2314.58,4970.268081
300,4,0.0100,952.53,49723.88,58319.82,468.14,2172.00,5955.788766
300,4,0.0100,816.71,41946.44,49218.78,379.83,2014.92,4877.598127
300,4,0.0100,848.52,44607.78,52329.78,738.25,1861.27,5122.479727
300,4,0.0100,734.68,37332.49,45041.39,479.84,1936.51,5292.559267
300,4,0.0100,861.08,44108.91,52685.14,431.10,2439.99,5705.133236
300,4,0.0100,655.75,33971.69,41290.29,653.93,1860.62,4804.050404
300,4,0.0100,861.76,44634.76,52460.84,423.75,2029.65,5372.677681
300,4,0.0100,803.44,40733.13,49242.50,716.85,2091.05,5701.474487
300,4,0.0100,616.00,31353.64,38342.40,487.84,1923.68,4577.240217
300,4,0.0100,611.14,31263.24,38393.66,464.22,1716.85,4949.356204
300,4,0.0100,704.61,36128.17,44201.56,647.04,1843.31,5583.038280
300,4,0.0100,880.94,46198.69,53768.84,540.17,1997.02,5032.961228
300,4,0.0100,875.28,44675.76,53156.78,474.53,2093.62,5912.868575
300,4,0.0100,774.17,39303.19,47593.24,590.31,2335.35,5364.402776
300,4,0.0100,902.63,46847.29,54716.85,614.75,2043.90,5210.897074
300,4,0.0100,903.22,47526.53,55777.31,562.34,2376.92,5311.528980
300,4,0.0100,754.82,40185.98,47056.79,599.80,2068.36,4202.646252
300,4,0.0100,818.67,42417.46,49944.59,625.08,2178.25,4723.797438
300,4,0.0100,769.15,38825.55,47130.34,618.01,1936.60,5750.176040
300,4,0.0100,712.72,37532.53,44398.27,490.84,1865.97,4508.929244
300,4,0.0100,842.41,42886.57,50993.02,561.93,1878.69,5665.837225
300,4,0.0100,924.70,46525.14,55905.94,684.33,2055.84,6640.623125
300,4,0.0100,646.14,32459.03,40333.69,607.06,2092.62,5174.981171
300,4,0.0100,789.79,39981.39,47959.37,610.65,2110.79,5256.536712
300,4,0.0100,858.54,44516.26,52900.50,633.74,2093.78,5656.725524
300,4,0.0100,752.16,39176.99,47213.81,578.56,1880.09,5578.167675
300,4,0.0100,799.60,40365.59,48778.20,570.80,2067.95,5773.857232
300,4,0.0100,637.40,33027.20,40307.65,377.79,1618.97,5283.686996
300,4,0.0100,921.11,48348.10,56569.49,494.52,1893.11,5833.762467
300,4,0.0100,854.76,44452.99,53009.71,572.58,2240.36,5743.779562
300,4,0.0100,698.09,34901.90,42575.53,474.35,2013.66,5185.622548
300,4,0.0100,740.25,36354.36,44939.31,647.84,2420.74,5516.373881
300,4,0.0100,821.76,42503.35,51007.46,478.98,1999.99,6025.137624
300,4,0.0100,832.93,42209.62,51164.85,649.16,2494.08,5811.982879
300,4,0.0100,935.70,48140.49,57073.05,513.15,2587.67,5831.747954
300,4,0.0100,669.98,35171.62,42211.49,484.28,1750.30,4805.296042
300,4,0.0100,887.25,45582.24,53569.19,548.01,2043.11,5395.828673
300,4,0.0100,649.27,33681.56,40926.85,437.75,1884.08,4923.458727
300,4,0.0100,897.65,46032.95,54795.20,576.45,2057.39,6128.405560
300,4,0.0100,683.59,33853.92,42639.72,722.47,2131.72,5931.612714
300,4,0.0100,719.57,37194.15,44270.35,550.05,1937.67,4588.478883
300,4,0.0100,860.55,44662.30,52799.38,417.99,1929.50,5789.585458
300,4,0.0100,723.54,36564.64,43862.30,547.16,2242.36,4508.145029
300,4,0.0100,958.95,50468.76,58930.96,463.17,1884.82,6114.209011
300,4,0.0100,863.45,43289.21,52146.80,742.73,2250.47,5864.389697
300,4,0.0100,899.34,45578.72,54306.64,724.66,2209.93,5793.324638
300,4,0.0100,761.42,38966.46,47183.60,515.64,2151.76,5549.733054
300,4,0.0100,890.88,44428.03,53462.59,622.54,2194.53,6217.495306
300,4,0.0100,805.28,40221.73,49041.37,641.16,2242.59,5935.887441
300,4,0.0100,812.08,41172.86,49583.19,681.61,2068.72,5659.992233
300,4,0.0100,610.01,30015.35,38422.86,731.01,2149.56,5526.945077
300,4,0.0100,737.70,36980.06,45546.49,714.53,2332.39,5519.502044
300,4,0.1000,722.99,38054.71,45859.94,720.26,2024.56,5060.408970
300,4,0.1000,859.84,45335.79,53361.17,935.61,2184.35,4905.426192
300,4,0.1000,751.86,37894.73,46402.46,979.91,2026.85,5500.973038
300,4,0.1000,861.55,43754.94,53290.39,578.58,2226.36,6730.503766
300,4,0.1000,830.50,41099.84,50209.71,928.25,2462.46,5719.161166
300,4,0.1000,881.25,45947.03,54316.78,957.88,1964.85,5447.014902
300,4,0.1000,781.74,39473.45,47916.58,635.04,2187.01,5621.085441
300,4,0.1000,1048.07,53057.16,62794.11,922.93,2079.49,6734.526320
300,4,0.1000,647.74,33275.84,40538.93,738.87,1789.23,4734.987592
300,4,0.1000,794.44,40180.34,49029.81,944.07,2320.47,5584.928057
300,4,0.1000,802.39,41243.45,48760.65,577.92,2044.60,4894.676131
300,4,0.1000,790.62,39927.89,48343.73,818.15,2289.65,5308.030934
300,4,0.1000,938.70,48361.14,57595.46,684.33,2411.47,6138.527911
300,4,0.1000,809.67,42372.27,50211.80,509.09,1685.07,5645.366997
300,4,0.1000,748.83,38426.38,46210.61,1043.06,1897.54,4843.634570
300,4,0.1000,701.29,36101.32,43694.99,698.10,2064.89,4830.661834
300,4,0.1000,626.08,31531.70,38972.07,643.13,2058.62,4738.616376
300,4,0.1000,801.13,40592.37,49110.60,664.79,2258.95,5594.492242
300,4,0.1000,771.75,41542.87,49031.95,685.09,1910.30,4893.687553
300,4,0.1000,806.05,40212.23,50205.28,1032.81,2288.37,6671.878342
300,4,0.1000,789.51,41482.08,48776.89,519.41,1948.67,4826.730399
300,4,0.1000,852.20,43083.90,51682.78,621.27,2473.87,5503.739512
300,4,0.1000,907.42,45758.12,54780.78,801.22,2313.40,5908.039406
300,4,0.1000,1088.89,55382.40,65033.49,849.45,2467.16,6334.482333
300,4,0.1000,701.10,35208.55,43292.53,693.56,2178.07,5212.344406
300,4,0.1000,845.97,42214.10,50595.75,557.60,1993.05,5830.997001
300,4,0.1000,1018.80,52899.72,62413.00,663.92,2538.29,6311.070718
300,4,0.1000,827.69,42091.75,50094.08,485.29,2143.27,5373.767467
300,4,0.1000,859.06,45456.32,53468.56,540.54,1968.36,5503.341947
300,4,0.1000,848.11,43551.58,51826.67,700.62,2250.18,5324.285944
300,4,0.1000,947.55,48919.38,58372.10,1070.74,1975.42,6406.551669
300,4,0.1000,971.11,49835.57,58520.93,491.90,2015.53,6177.922091
300,4,0.1000,700.35,35385.92,43211.49,548.34,2215.22,5062.008963
300,4,0.1000,636.09,32342.21,40226.69,700.19,2070.05,5114.226901
300,4,0.1000,638.14,33161.14,40634.87,589.74,2121.63,4762.349475
300,4,0.1000,744.61,37666.70,46183.07,717.05,1934.57,5864.755947
300,4,0.1000,752.34,38039.04,46675.97,814.94,2041.19,5780.800165
300,4,0.1000,855.22,43042.33,52462.22,736.82,2273.88,6409.196614
300,4,0.1000,838.05,42590.58,51120.25,715.85,1927.59,5886.223618
300,4,0.1000,789.39,39696.96,48156.83,1024.43,2321.91,5113.529486
300,4,0.1000,793.97,41845.33,48859.02,547.88,1915.25,4550.552902
300,4,0.1000,890.93,45669.81,54599.83,649.92,2209.99,6070.114505
300,4,0.1000,772.58,40526.96,47904.90,649.55,2094.43,4633.962654
300,4,0.1000,655.32,32859.18,40934.61,690.16,1950.14,5435.129367
300,4,0.1000,786.16,39550.67,47989.53,763.90,2297.17,5377.788392
300,4,0.1000,809.00,41589.72,49963.19,595.49,2041.85,5736.128233
300,4,0.1000,783.59,40324.71,48875.82,621.89,2188.30,5740.929858
300,4,0.1000,655.08,32419.42,40476.68,801.33,2283.49,4972.436735
300,4,0.1000,947.78,49377.86,58058.98,501.43,2232.38,5947.304807
300,4,0.1000,811.23,41771.87,49394.90,572.17,2154.83,4896.024223
300,4,0.1000,862.30,44730.57,52511.24,692.77,1941.46,5146.437153
300,4,0.1000,709.39,36592.83,44472.04,743.94,1903.05,5232.223433
300,4,0.1000,847.02,42231.29,51196.83,817.33,2443.94,5704.262456
300,4,0.1000,657.41,34323.56,41804.51,816.17,1779.08,4885.713401
300,4,0.1000,847.11,44219.82,52068.00,511.76,1948.11,5388.311993
300,4,0.1000,816.37,40911.70,49551.42,769.10,2131.88,5738.729374
300,4,0.1000,610.69,31025.49,38445.98,774.92,2012.16,4633.410546
300,4,0.1000,595.76,31257.09,38524.85,590.51,1732.70,4944.551292
300,4,0.1000,700.15,35771.50,43885.79,622.34,1896.81,5595.130840
300,4,0.1000,880.68,45944.53,53733.59,675.62,2105.01,5008.421735
300,4,0.1000,850.82,43338.69,52171.21,617.25,2295.93,5919.335487
300,4,0.1000,755.26,39052.31,47486.43,752.16,2303.47,5378.483150
300,4,0.1000,879.74,45850.37,53693.72,652.73,1966.68,5223.937808
300,4,0.1000,915.76,47591.22,55760.74,509.60,2353.07,5306.844378
300,4,0.1000,765.93,40430.72,47385.04,658.63,2029.73,4265.969699
300,4,0.1000,819.24,42452.77,50138.94,819.03,2164.94,4702.200335
300,4,0.1000,748.45,38051.37,46337.39,738.57,1827.65,5719.807257
300,4,0.1000,707.97,37297.45,44420.23,564.37,2031.37,4527.031587
300,4,0.1000,835.31,42272.77,50763.72,846.79,2083.83,5560.331710
300,4,0.1000,917.42,46768.65,56307.78,765.91,2116.40,6656.813790
300,4,0.1000,639.62,32265.77,40446.14,814.97,2179.20,5186.201948
300,4,0.1000,781.92,39821.19,47609.52,552.14,2024.51,5211.682121
300,4,0.1000,833.03,42989.03,51352.53,910.00,1873.79,5579.712262
300,4,0.1000,776.25,39308.99,47817.25,581.79,2283.45,5643.024585
300,4,0.1000,766.16,39365.04,47835.95,714.91,2003.17,5752.843130
300,4,0.1000,622.15,32305.90,40005.56,759.38,1660.31,5279.960073
300,4,0.1000,923.59,48101.70,56616.70,637.93,2082.81,5794.256369
300,4,0.1000,802.30,42089.95,50784.53,923.96,2035.59,5735.031782
300,4,0.1000,680.21,34268.87,42112.58,557.10,2097.87,5188.738614
300,4,0.1000,738.58,36312.97,45116.41,693.76,2605.99,5503.675599
300,4,0.1000,811.28,41794.64,50380.13,661.90,1963.80,5959.781510
300,4,0.1000,836.38,42059.55,51143.99,730.32,2577.00,5777.121325
300,4,0.1000,920.20,47009.18,56097.32,697.25,2540.12,5850.769507
300,4,0.1000,668.85,34434.46,41831.95,689.72,1904.74,4803.035305
300,4,0.1000,894.15,46225.90,54376.88,554.07,2154.91,5442.007715
300,4,0.1000,644.26,32608.29,40064.43,814.48,1738.27,4903.394008
300,4,0.1000,882.70,45046.53,53905.01,775.58,1990.32,6092.575876
300,4,0.1000,673.52,33457.97,42387.20,903.22,2086.65,5939.365389
300,4,0.1000,703.37,36690.14,43930.28,774.17,1899.90,4566.060855
300,4,0.1000,846.97,43944.13,52311.64,649.59,2008.20,5709.716053
300,4,0.1000,719.34,36384.30,43910.32,741.61,2253.35,4531.055214
300,4,0.1000,963.39,50453.70,59033.98,632.99,1882.80,6064.492989
300,4,0.1000,859.37,43110.54,52179.94,778.78,2394.01,5896.615484
300,4,0.1000,885.93,45430.23,54261.62,816.11,2178.58,5836.704841
300,4,0.1000,764.48,39201.44,47601.53,574.52,2187.90,5637.666757
300,4,0.1000,883.50,44499.80,53618.66,619.61,2233.25,6265.999287
300,4,0.1000,780.32,39758.10,48529.60,800.85,2100.90,5869.745743
300,4,0.1000,790.55,40558.94,49463.25,1022.89,2125.19,5756.219260
300,4,0.1000,608.92,30106.26,38585.70,837.26,2118.33,5523.854367
300,4,0.1000,706.10,35642.61,44196.19,866.46,2201.38,5485.743282
300,4,1.0000,717.90,37782.11,45724.88,902.62,1999.56,5040.597595
300,4,1.0000,858.73,44603.23,52639.73,966.43,2193.03,4877.037556
300,4,1.0000,753.96,37352.58,46343.61,1176.48,2286.94,5527.618763
300,4,1.0000,846.75,43134.99,52777.90,737.88,2161.33,6743.706726
300,4,1.0000,810.99,40531.99,49737.39,1178.97,2309.20,5717.228944
300,4,1.0000,895.22,45167.56,54188.20,1370.49,2122.89,5527.257886
300,4,1.0000,781.85,39430.46,47905.46,671.22,2172.54,5631.231900
300,4,1.0000,1031.64,52137.12,61780.19,1000.28,1942.45,6700.329320
300,4,1.0000,631.06,32033.96,39729.37,1042.10,1926.26,4727.044467
300,4,1.0000,789.28,39424.61,48306.97,1058.54,2257.41,5566.414644
300,4,1.0000,755.89,38580.14,46410.07,1080.51,1891.30,4858.128939
300,4,1.0000,784.02,39680.70,48092.15,887.55,2227.46,5296.432900
300,4,1.0000,932.52,48269.64,57683.89,784.22,2478.20,6151.820993
300,4,1.0000,826.31,42407.29,50755.55,759.18,1882.69,5706.387075
300,4,1.0000,724.22,38501.02,46120.09,1120.65,1678.35,4820.069582
300,4,1.0000,699.55,35817.35,43596.91,928.57,2033.62,4817.368122
300,4,1.0000,622.40,31041.29,38897.23,909.63,2177.93,4768.380634
300,4,1.0000,786.62,40276.00,49025.57,891.10,2239.94,5618.537272
300,4,1.0000,774.31,41811.23,49304.90,776.21,1788.34,4929.122719
300,4,1.0000,813.02,40985.40,51047.27,1071.18,2324.50,6666.192607
300,4,1.0000,774.99,41503.38,48772.11,614.17,1796.47,4858.091981
300,4,1.0000,839.31,42037.55,50716.01,857.09,2347.80,5473.568669
300,4,1.0000,905.11,44882.57,54365.92,1196.38,2387.21,5899.757653
300,4,1.0000,1077.82,54656.95,64639.79,1018.92,2594.41,6369.506840
300,4,1.0000,704.61,34889.82,43558.14,1087.45,2298.08,5282.788244
300,4,1.0000,858.05,42715.69,51504.51,830.22,2072.59,5886.012290
300,4,1.0000,1015.24,52573.07,62162.61,870.61,2419.62,6299.307268
300,4,1.0000,821.33,41993.80,50108.58,633.40,2103.58,5377.805760
300,4,1.0000,834.99,44543.03,52981.79,947.11,1992.88,5498.772251
300,4,1.0000,858.57,43743.05,52096.46,726.95,2288.38,5338.082360
300,4,1.0000,935.84,47827.82,57464.96,1256.01,1993.66,6387.473407
300,4,1.0000,964.35,49533.79,58308.08,570.54,2031.04,6172.700769
300,4,1.0000,685.93,35431.91,43382.45,698.74,2166.60,5085.208987
300,4,1.0000,605.82,31149.77,39125.77,1074.44,1798.84,5102.709895
300,4,1.0000,641.49,32561.77,40063.18,774.78,1937.45,4789.178060
300,4,1.0000,759.91,38046.23,46845.21,846.65,2014.81,5937.519302
300,4,1.0000,748.54,38512.01,47142.85,856.00,2022.28,5752.564767
300,4,1.0000,847.24,42482.65,52005.91,837.77,2237.25,6448.231307
300,4,1.0000,832.26,42517.19,51133.02,679.11,1989.50,5947.212141
300,4,1.0000,782.07,39952.57,48479.53,1125.71,2282.97,5118.278132
300,4,1.0000,773.73,40683.72,47969.16,1035.34,1771.84,4478.264868
300,4,1.0000,882.80,45622.38,54819.13,896.10,2257.47,6043.175472
300,4,1.0000,786.25,40491.73,48145.01,657.75,2325.72,4669.811310
300,4,1.0000,645.46,32102.30,40839.77,1238.01,1962.61,5536.845660
300,4,1.0000,785.96,39114.96,47887.94,1160.86,2267.32,5344.804933
300,4,1.0000,825.60,41762.00,50493.36,664.41,2278.66,5788.296472
300,4,1.0000,774.55,39831.83,48510.57,889.17,2084.32,5705.259177
300,4,1.0000,651.42,32695.96,40523.44,719.01,2140.66,4967.811178
300,4,1.0000,942.95,48862.67,58200.16,959.60,2375.93,6001.960210
300,4,1.0000,822.61,42020.21,49821.42,571.23,2291.45,4938.538927
300,4,1.0000,868.51,44830.62,52854.26,737.39,2118.94,5167.303880
300,4,1.0000,706.31,35875.13,44124.31,1060.82,1910.79,5277.578068
300,4,1.0000,833.50,41802.64,51151.66,1141.69,2497.45,5709.878439
300,4,1.0000,640.82,34342.64,41826.46,822.37,1772.06,4889.398106
300,4,1.0000,841.13,42631.77,50848.70,922.37,1918.33,5376.230775
300,4,1.0000,817.83,40866.62,49453.72,734.41,2120.51,5732.176904
300,4,1.0000,613.64,30955.40,38483.04,857.58,2053.30,4616.757587
300,4,1.0000,585.65,30527.29,37839.52,741.91,1621.50,4948.815221
300,4,1.0000,662.29,34887.06,43349.82,1010.36,1855.48,5596.925516
300,4,1.0000,869.97,45080.55,53053.30,787.92,2150.15,5034.667855
300,4,1.0000,846.14,44196.44,53083.29,788.81,2217.35,5880.686980
300,4,1.0000,766.05,39078.69,47545.84,776.76,2328.61,5361.773456
300,4,1.0000,883.28,45578.74,53935.49,1092.85,2039.28,5224.619808
300,4,1.0000,906.56,47416.39,55777.57,653.35,2354.05,5353.768029
300,4,1.0000,755.26,40378.33,47375.26,791.56,1942.16,4263.213727
300,4,1.0000,818.64,42133.93,50141.56,918.55,2364.77,4724.306404
300,4,1.0000,740.54,37001.77,45630.50,1092.23,1793.07,5743.438293
300,4,1.0000,681.74,35222.38,42582.64,854.56,1961.56,4544.144761
300,4,1.0000,829.46,41980.78,50434.48,991.71,1871.61,5590.387119
300,4,1.0000,906.62,45684.77,55169.49,826.43,2028.26,6630.026104
300,4,1.0000,652.57,32411.58,40761.43,757.11,2379.74,5213.002714
300,4,1.0000,780.74,39655.06,47824.89,809.47,2146.53,5213.816785
300,4,1.0000,836.43,43905.95,52249.88,857.91,1871.40,5614.627809
300,4,1.0000,758.84,38868.45,47366.72,765.99,2080.14,5652.148338
300,4,1.0000,760.56,38801.53,47540.51,881.68,2075.02,5782.289594
300,4,1.0000,625.53,32365.01,39831.67,598.03,1611.41,5257.216204
300,4,1.0000,917.42,47569.75,56457.20,923.34,2096.63,5867.478882
300,4,1.0000,825.85,43326.17,52165.89,973.31,2116.54,5749.873416
300,4,1.0000,676.36,33890.70,41737.50,761.07,1900.30,5185.440634
300,4,1.0000,738.71,35834.21,44892.69,961.25,2541.27,5555.966447
300,4,1.0000,787.77,41044.14,49772.45,975.00,1791.96,5961.347023
300,4,1.0000,842.44,42208.34,51346.09,773.82,2557.41,5806.522861
300,4,1.0000,915.04,46589.61,55943.03,887.17,2561.58,5904.671167
300,4,1.0000,631.98,33316.60,41056.31,1056.11,1856.66,4826.937742
300,4,1.0000,884.05,45351.74,53379.69,606.09,2020.15,5401.715881
300,4,1.0000,632.22,33016.61,40631.02,890.02,1795.29,4929.100128
300,4,1.0000,878.30,43817.41,53101.87,1036.71,2100.48,6147.277653
300,4,1.0000,672.45,33246.74,42410.20,995.40,2222.45,5945.610745
300,4,1.0000,691.67,35822.90,43175.15,942.73,1857.71,4551.816971
300,4,1.0000,828.84,43898.43,52504.16,932.25,1895.26,5778.225590
300,4,1.0000,711.31,36119.52,43690.74,828.37,2219.72,4523.139641
300,4,1.0000,955.31,50551.63,59009.85,547.94,1861.52,6048.756336
300,4,1.0000,837.09,42015.97,51283.92,1147.09,2266.19,5854.679081
300,4,1.0000,908.54,46077.99,55275.58,943.56,2398.02,5856.006427
300,4,1.0000,755.82,39256.10,47708.22,700.05,2126.92,5625.148604
300,4,1.0000,885.02,44388.54,53553.50,622.32,2283.23,6259.411446
300,4,1.0000,775.10,38708.29,47671.11,916.53,2124.01,5922.281695
300,4,1.0000,783.81,40181.76,49165.29,1158.01,2098.24,5727.281159
300,4,1.0000,588.36,29826.00,38397.69,970.20,2091.25,5510.241619
300,4,1.0000,723.03,36865.25,45770.94,1101.49,2253.88,5550.321612
300,4,10.0000,730.93,38012.53,45959.13,801.11,2090.20,5055.287866
300,4,10.0000,857.63,45070.62,53289.67,966.48,2348.35,4904.222540
300,4,10.0000,731.70,36640.08,45607.09,1285.60,2164.83,5516.585477
300,4,10.0000,851.23,43609.39,53246.88,698.53,2210.52,6728.445802
300,4,10.0000,821.31,40838.29,50255.74,1229.41,2459.67,5728.379427
300,4,10.0000,881.76,45424.25,54095.54,1117.07,2081.20,5473.015638
300,4,10.0000,764.29,38845.31,47481.24,766.24,2233.69,5636.008356
300,4,10.0000,1035.30,52471.37,62237.40,1134.33,1936.72,6694.980000
300,4,10.0000,631.13,32230.24,39745.59,1073.81,1708.65,4732.890598
300,4,10.0000,792.47,39687.08,48737.25,1234.72,2216.25,5599.198357
300,4,10.0000,765.41,38661.99,46481.50,993.86,1947.60,4878.054912
300,4,10.0000,786.78,39246.37,48028.02,1112.60,2358.77,5310.279119
300,4,10.0000,944.61,48830.36,58264.19,685.23,2565.36,6183.232383
300,4,10.0000,820.61,42163.97,50633.11,825.72,1911.03,5732.384707
300,4,10.0000,745.67,38716.22,46333.50,865.92,1857.26,4894.100632
300,4,10.0000,691.48,35266.86,43085.86,976.25,2014.80,4827.960116
300,4,10.0000,628.04,31464.83,39144.35,679.40,2219.77,4780.355529
300,4,10.0000,791.96,40596.57,49112.83,732.29,2136.65,5647.318928
300,4,10.0000,766.13,41080.40,48841.73,982.26,1874.28,4904.792017
300,4,10.0000,801.79,40291.63,50593.22,1338.21,2272.44,6690.936856
300,4,10.0000,784.70,41543.55,48938.32,668.01,1874.80,4851.954650
300,4,10.0000,845.62,42120.77,51153.67,1216.16,2345.02,5471.716135
300,4,10.0000,901.07,44766.06,54314.08,1253.53,2390.91,5903.582187
300,4,10.0000,1084.24,54633.12,64840.44,1370.80,2514.44,6322.089182
300,4,10.0000,701.68,35070.00,43505.68,898.30,2306.12,5231.256367
300,4,10.0000,854.52,42422.84,51241.65,946.68,1994.22,5877.904809
300,4,10.0000,1018.62,52095.45,61878.72,1053.28,2444.94,6285.049506
300,4,10.0000,817.94,41725.20,49892.97,664.91,2116.96,5385.914632
300,4,10.0000,848.33,44235.10,52693.95,955.73,1976.96,5526.158056
300,4,10.0000,853.95,43520.94,51888.96,763.19,2275.84,5328.992597
300,4,10.0000,944.69,48107.82,57757.35,1333.67,1918.04,6397.823882
300,4,10.0000,963.79,49781.82,58609.02,645.52,2003.43,6178.265003
300,4,10.0000,680.78,35153.22,43240.21,854.84,2162.37,5069.778704
300,4,10.0000,632.32,32061.70,40086.63,938.63,1966.37,5119.934496
300,4,10.0000,629.49,33039.10,40726.91,927.55,1966.41,4793.857202
300,4,10.0000,748.02,36605.31,45531.36,1029.10,1951.83,5945.116341
300,4,10.0000,757.26,38696.56,47329.02,726.63,2102.41,5803.418605
300,4,10.0000,841.79,42919.58,52468.22,869.71,2245.32,6433.615888
300,4,10.0000,792.85,41113.49,49707.36,859.38,1857.83,5876.656812
300,4,10.0000,780.09,40114.98,48501.90,930.20,2336.82,5119.903698
300,4,10.0000,781.64,40793.33,48066.47,1027.45,1748.43,4497.257597
300,4,10.0000,871.85,44840.53,54097.14,1065.24,2137.29,6054.078703
300,4,10.0000,782.88,40574.16,48261.49,709.86,2314.21,4663.267162
300,4,10.0000,662.47,32446.57,40995.90,1033.20,1982.33,5533.804346
300,4,10.0000,779.49,39119.43,47884.57,1230.42,2134.81,5399.902517
300,4,10.0000,812.22,41694.96,50301.99,702.38,2104.94,5799.706020
300,4,10.0000,793.36,40280.41,48977.47,773.79,2189.61,5733.664008
300,4,10.0000,662.13,32763.46,41007.80,972.94,2277.40,4993.993092
300,4,10.0000,939.70,48782.57,57881.66,922.73,2183.68,5992.686030
300,4,10.0000,826.20,42060.63,50059.18,664.61,2383.85,4950.095263
300,4,10.0000,873.04,44948.74,52886.02,686.66,2095.56,5155.052535
300,4,10.0000,717.31,36839.96,44848.38,909.96,1840.02,5258.442087
300,4,10.0000,835.59,41559.86,50826.52,1121.49,2460.57,5684.594054
300,4,10.0000,659.13,33712.37,41628.52,1021.77,1966.12,4928.251246
300,4,10.0000,840.19,44166.48,52258.65,827.65,1858.80,5405.719330
300,4,10.0000,825.77,41136.66,50066.04,863.46,2283.83,5782.096941
300,4,10.0000,589.74,29840.64,37351.75,982.67,1884.69,4643.743166
300,4,10.0000,591.31,30439.65,37772.07,762.52,1629.83,4940.057449
300,4,10.0000,672.41,35378.98,43844.13,1010.82,1871.85,5582.478754
300,4,10.0000,868.68,45087.22,53292.87,1050.68,2119.42,5035.544764
300,4,10.0000,853.36,43884.93,52553.29,623.77,2157.44,5887.152224
300,4,10.0000,754.24,38618.30,47129.39,943.95,2189.42,5377.714701
300,4,10.0000,868.68,45115.46,53439.40,1228.98,1918.95,5176.014692
300,4,10.0000,895.07,46847.38,55323.59,856.68,2257.03,5362.496255
300,4,10.0000,755.11,40005.44,47062.13,823.76,1962.41,4270.513991
300,4,10.0000,826.27,42369.91,50424.21,975.81,2356.56,4721.931718
300,4,10.0000,749.34,37252.20,46143.27,1261.21,1885.55,5744.311605
300,4,10.0000,703.45,36683.48,44164.96,978.60,1957.17,4545.713779
300,4,10.0000,823.79,41745.33,50403.82,1177.09,1893.14,5588.273327
300,4,10.0000,923.62,46245.38,56052.05,985.92,2183.28,6637.475609
300,4,10.0000,648.26,32172.71,40524.34,895.21,2255.71,5200.707356
300,4,10.0000,787.58,39544.62,47716.61,811.68,2134.71,5225.593378
300,4,10.0000,850.54,43160.14,51746.54,1116.47,1847.37,5622.566038
300,4,10.0000,760.60,39041.83,47721.81,863.12,2161.74,5655.120940
300,4,10.0000,771.71,38309.63,47508.66,1289.78,2101.04,5808.204866
300,4,10.0000,625.63,32113.16,39792.20,759.88,1655.02,5264.143098
300,4,10.0000,904.65,46499.30,55372.64,941.36,2080.53,5851.449180
300,4,10.0000,826.04,43126.59,51933.38,950.11,2095.48,5761.194750
300,4,10.0000,676.23,33548.55,41874.77,1031.64,2061.56,5233.028021
300,4,10.0000,741.29,35985.92,44955.33,877.38,2539.36,5552.667526
300,4,10.0000,820.55,41768.53,50543.42,779.98,1983.74,6011.172249
300,4,10.0000,834.36,42094.12,51112.80,703.94,2544.39,5770.355629
300,4,10.0000,914.68,46702.87,56108.25,978.77,2535.81,5890.793120
300,4,10.0000,666.37,34747.95,42285.00,746.70,1944.73,4845.626551
300,4,10.0000,889.01,45728.43,54028.65,748.87,2120.06,5431.297403
300,4,10.0000,647.06,33270.40,40884.46,881.28,1794.43,4938.358878
300,4,10.0000,877.49,43972.31,53041.69,957.21,1985.39,6126.778134
300,4,10.0000,670.46,33181.74,42041.96,1025.67,1938.68,5895.870945
300,4,10.0000,683.04,34938.44,42443.17,1146.62,1788.27,4569.849109
300,4,10.0000,833.23,43358.53,52202.01,1014.71,2012.80,5815.968400
300,4,10.0000,724.06,36305.09,44019.34,823.44,2357.62,4533.190373
300,4,10.0000,935.90,49723.75,58359.45,790.38,1773.39,6071.929264
300,4,10.0000,826.23,41920.16,51177.78,1067.94,2344.54,5845.151222
300,4,10.0000,898.76,45360.88,54653.76,1111.80,2315.71,5865.362955
300,4,10.0000,770.10,39114.99,47829.06,708.96,2337.13,5667.980953
300,4,10.0000,882.73,44180.30,53483.17,854.10,2200.12,6248.653653
300,4,10.0000,774.50,38835.54,47680.26,850.64,2103.16,5890.911451
300,4,10.0000,782.30,39276.54,48175.31,1248.64,1955.54,5694.597089
300,4,10.0000,612.22,29881.41,38692.96,1007.95,2207.24,5596.357595
300,4,10.0000,700.29,35939.97,44901.13,1255.88,2202.83,5502.444415
300,4,100.0000,731.91,38145.93,46162.81,794.20,2132.09,5090.582945
300,4,100.0000,857.63,45065.56,53292.54,966.48,2355.29,4905.209465
300,4,100.0000,730.72,36506.42,45206.05,1116.64,2099.40,5483.591567
300,4,100.0000,849.89,42387.58,52168.04,898.36,2149.18,6732.925155
300,4,100.0000,813.97,40481.25,49849.00,1200.72,2403.42,5763.605743
300,4,100.0000,887.14,45298.41,53934.81,1118.37,2025.29,5492.738876
300,4,100.0000,763.46,38855.53,47483.04,766.24,2227.96,5633.308192
300,4,100.0000,1035.30,52471.37,62237.40,1134.33,1936.72,6694.980000
300,4,100.0000,629.97,32240.51,39748.83,1073.81,1699.09,4735.413461
300,4,100.0000,792.24,39676.58,48724.34,1234.72,2208.03,5605.008563
300,4,100.0000,762.13,38793.95,46736.02,1149.00,1922.09,4870.986270
300,4,100.0000,786.41,39247.53,48022.38,1112.60,2351.16,5311.091153
300,4,100.0000,940.43,48724.58,58206.67,764.66,2532.59,6184.831428
300,4,100.0000,820.61,42163.97,50633.11,825.72,1911.03,5732.384707
300,4,100.0000,735.85,38300.03,45984.41,963.85,1854.92,4865.601471
300,4,100.0000,679.01,35473.22,43179.99,873.60,2005.63,4827.548265
300,4,100.0000,624.47,31235.99,39042.46,813.10,2209.99,4783.372677
300,4,100.0000,781.60,40448.36,49022.66,789.34,2143.64,5641.323558
300,4,100.0000,760.72,40653.06,48383.01,924.02,1875.05,4930.882771
300,4,100.0000,802.59,39575.45,49804.72,1238.73,2323.99,6666.542132
300,4,100.0000,771.99,41206.38,48463.35,639.11,1771.23,4846.635034
300,4,100.0000,854.03,42409.69,51498.86,1128.64,2484.39,5476.131135
300,4,100.0000,901.07,44766.06,54314.08,1253.53,2390.91,5903.582187
300,4,100.0000,1083.56,54636.29,64833.75,1370.80,2505.18,6321.487016
300,4,100.0000,700.98,35066.78,43492.85,898.30,2293.34,5234.421670
300,4,100.0000,845.62,42473.74,51285.55,886.81,2044.14,5880.856026
300,4,100.0000,1020.26,51714.60,61641.81,1097.15,2506.17,6323.881489
300,4,100.0000,812.19,41333.72,49452.51,700.82,2045.66,5372.308434
300,4,100.0000,848.14,44245.22,52696.63,955.73,1970.32,5525.362912
300,4,100.0000,848.01,43562.49,51791.91,729.39,2196.62,5303.404667
300,4,100.0000,944.69,48117.20,57762.42,1333.67,1912.48,6399.072770
300,4,100.0000,961.15,49790.96,58607.55,645.52,1991.99,6179.082108
300,4,100.0000,680.25,35116.00,43295.87,950.85,2179.09,5049.932581
300,4,100.0000,630.44,32079.93,40088.86,938.63,1950.88,5119.429373
300,4,100.0000,629.04,33039.90,40733.51,927.55,1968.33,4797.731801
300,4,100.0000,762.64,38034.63,46955.68,990.83,1977.53,5952.692827
300,4,100.0000,754.48,38685.02,47307.54,726.63,2096.18,5799.709167
300,4,100.0000,841.79,41971.58,51641.26,1096.01,2137.26,6436.421566
300,4,100.0000,792.61,41105.49,49691.95,859.38,1849.58,5877.497643
300,4,100.0000,773.45,40134.10,48537.17,932.92,2348.51,5121.647348
300,4,100.0000,772.49,40457.80,47800.61,1094.87,1726.94,4520.999771
300,4,100.0000,871.85,44840.53,54097.14,1065.24,2137.29,6054.078703
300,4,100.0000,766.44,40472.47,48034.44,653.58,2236.41,4671.983981
300,4,100.0000,648.28,32121.71,40645.83,1046.13,1952.10,5525.885363
300,4,100.0000,779.49,39119.43,47884.57,1230.42,2134.81,5399.902517
300,4,100.0000,812.45,41687.98,50301.99,702.38,2111.92,5799.706020
300,4,100.0000,793.83,40254.95,48961.05,773.79,2200.71,5731.600309
300,4,100.0000,661.03,32785.00,41016.43,972.94,2261.79,4996.697270
300,4,100.0000,941.35,48484.39,57482.92,856.51,2156.89,5985.136038
300,4,100.0000,826.20,42060.63,50059.18,664.61,2383.85,4950.095263
300,4,100.0000,873.04,44948.74,52886.02,686.66,2095.56,5155.052535
300,4,100.0000,717.31,36839.96,44848.38,909.96,1840.02,5258.442087
300,4,100.0000,817.28,40949.49,50175.55,1250.69,2323.25,5652.120195
300,4,100.0000,650.95,33303.10,41290.21,1177.23,1913.22,4896.661102
300,4,100.0000,844.24,43906.76,52139.99,866.85,1958.25,5408.134236
300,4,100.0000,825.62,41133.17,50060.06,863.46,2284.10,5779.333794
300,4,100.0000,602.97,30946.76,38229.01,626.66,2033.17,4622.420581
300,4,100.0000,589.23,30556.85,37768.63,604.97,1665.15,4941.673237
300,4,100.0000,666.28,35043.65,43400.00,984.59,1791.29,5580.474007
300,4,100.0000,868.68,45087.22,53292.87,1050.68,2119.42,5035.544764
300,4,100.0000,853.28,43909.37,52578.75,623.77,2153.92,5891.694223
300,4,100.0000,753.07,38618.83,47122.09,943.95,2181.30,5378.008657
300,4,100.0000,879.95,45841.30,54287.77,1254.36,1978.17,5213.944030
300,4,100.0000,895.07,46847.38,55323.59,856.68,2257.03,5362.496255
300,4,100.0000,761.53,40029.60,47124.79,844.10,1979.22,4271.876323
300,4,100.0000,826.85,42376.46,50413.14,979.67,2338.64,4718.366426
300,4,100.0000,760.17,38255.87,46995.16,1030.59,1943.14,5765.567535
300,4,100.0000,684.07,35286.20,42725.21,966.60,1936.36,4536.048924
300,4,100.0000,821.56,41757.39,50401.51,1177.09,1880.13,5586.898933
300,4,100.0000,923.89,46173.22,56025.19,1009.65,2204.46,6637.858920
300,4,100.0000,644.83,32156.41,40514.04,915.49,2249.10,5193.042262
300,4,100.0000,782.19,39635.06,47751.14,748.22,2150.92,5216.938940
300,4,100.0000,852.00,43383.27,51887.53,995.20,1868.51,5640.545323
300,4,100.0000,759.90,39057.36,47747.02,863.12,2169.04,5657.488468
300,4,100.0000,770.05,38278.02,47459.74,1289.78,2092.24,5799.689784
300,4,100.0000,629.75,31957.21,39840.93,845.74,1731.84,5306.142971
300,4,100.0000,884.46,45696.40,54719.77,1150.57,2058.55,5814.247614
300,4,100.0000,826.42,43024.99,51887.74,1012.34,2101.76,5748.652806
300,4,100.0000,676.23,33548.55,41874.77,1031.64,2061.56,5233.028021
300,4,100.0000,742.03,35995.31,44972.81,877.38,2539.36,5560.752055
300,4,100.0000,816.43,41800.52,50635.48,874.14,1946.84,6013.970051
300,4,100.0000,832.14,42099.85,51107.14,703.94,2533.61,5769.737756
300,4,100.0000,901.99,46261.59,55641.43,1047.90,2444.72,5887.219487
300,4,100.0000,666.37,34755.94,42285.00,746.70,1936.73,4845.626551
300,4,100.0000,888.19,45471.42,53819.46,805.36,2121.86,5420.827903
300,4,100.0000,645.24,33205.41,40862.36,909.37,1820.36,4927.223139
300,4,100.0000,869.88,44864.65,53929.90,935.66,1987.63,6141.964135
300,4,100.0000,676.32,32964.83,42028.54,1080.39,2064.89,5918.434193
300,4,100.0000,724.65,36949.36,44522.39,902.44,1999.49,4671.089274
300,4,100.0000,831.81,43300.97,52173.30,1038.58,2025.33,5808.421282
300,4,100.0000,711.80,35725.55,43324.14,807.48,2254.11,4537.004166
300,4,100.0000,942.25,49982.57,58656.56,768.38,1818.24,6087.367087
300,4,100.0000,843.56,42911.39,52107.68,1056.54,2274.90,5864.854177
300,4,100.0000,896.55,45336.92,54510.22,1002.65,2326.27,5844.385630
300,4,100.0000,770.11,39209.42,47872.03,647.15,2358.95,5656.516662
300,4,100.0000,882.36,44163.30,53470.96,854.10,2208.50,6245.057296
300,4,100.0000,749.62,38212.81,47073.48,990.92,1971.99,5897.762132
300,4,100.0000,779.49,39161.99,48052.68,1248.64,1937.59,5704.455564
300,4,100.0000,600.20,29663.38,38512.99,1083.10,2149.92,5616.582675
300,4,100.0000,706.33,35954.34,44912.91,1237.73,2217.41,5503.427881
300,4,1000.0000,725.74,38059.16,46014.82,841.30,2032.80,5081.562235
300,4,1000.0000,848.05,44254.80,52293.87,934.31,2249.85,4854.900389
300,4,1000.0000,726.92,37525.71,46058.61,1005.00,2049.99,5477.907833
300,4,1000.0000,836.22,42692.43,52605.61,1014.27,2148.96,6749.953843
300,4,1000.0000,813.97,40481.25,49849.00,1200.72,2403.42,5763.605743
300,4,1000.0000,889.74,45718.86,54245.24,916.66,2098.32,5511.401013
300,4,1000.0000,773.46,39087.40,47775.85,822.11,2246.24,5620.102525
300,4,1000.0000,1033.35,52777.77,62347.04,926.25,1936.00,6707.025428
300,4,1000.0000,641.59,32904.64,40380.24,983.03,1760.57,4731.994219
300,4,1000.0000,792.74,39683.17,48737.98,1234.72,2213.42,5606.682507
300,4,1000.0000,761.34,38475.79,46346.74,1059.82,1941.64,4869.490826
300,4,1000.0000,786.41,39247.53,48022.38,1112.60,2351.16,5311.091153
300,4,1000.0000,950.07,48719.09,58239.95,789.02,2546.66,6185.181095
300,4,1000.0000,816.84,41915.52,50360.90,854.45,1874.48,5716.444647
300,4,1000.0000,741.40,38040.08,45923.59,1116.24,1885.15,4882.122797
300,4,1000.0000,688.80,36015.88,43763.22,913.08,2021.70,4812.556237
300,4,1000.0000,622.61,31251.23,39052.65,813.10,2201.20,4787.123603
300,4,1000.0000,772.86,39416.79,48148.81,1026.04,2125.27,5580.706463
300,4,1000.0000,760.03,40111.57,47868.14,897.76,1916.87,4941.937659
300,4,1000.0000,802.59,39575.45,49804.72,1238.73,2323.99,6666.542132
300,4,1000.0000,767.08,41048.95,48632.68,927.34,1791.95,4864.436010
300,4,1000.0000,853.57,42395.17,51472.10,1128.64,2475.45,5472.845524
300,4,1000.0000,901.07,44745.45,54279.43,1253.53,2379.12,5901.328869
300,4,1000.0000,1083.42,54627.15,64823.90,1370.80,2508.29,6317.663772
300,4,1000.0000,708.04,34759.85,43496.93,1281.94,2237.29,5217.848773
300,4,1000.0000,849.17,42489.13,51308.03,886.81,2050.00,5882.092672
300,4,1000.0000,1019.16,51699.62,61616.52,1097.15,2498.50,6321.246350
300,4,1000.0000,816.93,41807.90,50027.38,718.72,2119.80,5380.960487
300,4,1000.0000,846.13,44164.20,52642.86,1055.41,1923.91,5499.340094
300,4,1000.0000,847.55,43560.82,51783.03,729.39,2189.37,5303.443941
300,4,1000.0000,943.72,48064.39,57673.85,1333.67,1892.11,6383.684863
300,4,1000.0000,960.41,49760.13,58569.89,645.52,1986.57,6177.680147
300,4,1000.0000,683.30,35096.11,43278.53,951.76,2185.70,5044.955597
300,4,1000.0000,630.11,32058.61,40070.77,938.63,1953.75,5119.778372
300,4,1000.0000,632.15,33478.06,41026.00,816.03,1934.92,4796.995180
300,4,1000.0000,752.87,38368.24,47223.11,947.08,1965.24,5942.560818
300,4,1000.0000,754.48,38685.02,47307.54,726.63,2096.18,5799.709167
300,4,1000.0000,856.94,43636.62,53136.04,802.73,2263.99,6432.703029
300,4,1000.0000,803.98,41599.29,50231.92,834.63,1883.69,5914.317279
300,4,1000.0000,768.21,39870.68,48270.52,930.71,2340.08,5129.055447
300,4,1000.0000,784.59,41107.24,48590.83,1158.74,1826.14,4498.699804
300,4,1000.0000,896.26,45643.86,54932.13,943.89,2256.58,6087.800351
300,4,1000.0000,766.44,40465.81,48034.44,653.58,2243.07,4671.983981
300,4,1000.0000,653.02,32151.73,40690.08,1046.13,1964.85,5527.368821
300,4,1000.0000,778.42,39137.57,47885.07,1230.42,2129.29,5387.792689
300,4,1000.0000,811.17,41618.77,50298.62,757.14,2119.39,5803.328017
300,4,1000.0000,761.45,38855.48,47973.99,1264.10,2124.76,5729.646341
300,4,1000.0000,647.79,32645.77,40632.89,941.67,2084.54,4960.916607
300,4,1000.0000,949.68,48698.38,57699.04,835.24,2191.09,5974.324346
300,4,1000.0000,822.44,42053.59,50029.23,664.61,2364.47,4946.556547
300,4,1000.0000,873.04,44948.74,52886.02,686.66,2095.56,5155.052535
300,4,1000.0000,707.37,36927.47,44955.74,910.33,1838.23,5279.710515
300,4,1000.0000,817.41,40957.75,50188.61,1250.69,2330.36,5649.818772
300,4,1000.0000,647.27,33629.82,41455.45,1020.19,1899.67,4905.767008
300,4,1000.0000,837.54,44155.05,52229.98,827.65,1847.48,5399.801068
300,4,1000.0000,806.55,39954.78,48798.84,1030.04,2076.83,5737.193821
300,4,1000.0000,606.22,30935.36,38357.36,854.61,1952.25,4615.146657
300,4,1000.0000,588.13,30443.44,37966.77,929.11,1673.38,4920.841898
300,4,1000.0000,667.55,34664.84,43168.21,1079.02,1836.83,5587.524655
300,4,1000.0000,868.24,45062.92,53273.93,1050.68,2127.56,5032.772395
300,4,1000.0000,860.80,44337.11,53050.29,640.35,2180.42,5892.407613
300,4,1000.0000,748.95,38643.50,47131.94,943.95,2167.62,5376.876204
300,4,1000.0000,888.78,45802.54,54196.39,1164.80,2007.84,5221.215432
300,4,1000.0000,897.63,46672.47,55150.58,875.29,2281.17,5321.657165
300,4,1000.0000,755.85,40002.34,47060.13,823.76,1963.52,4270.510314
300,4,1000.0000,826.27,42356.16,50426.88,975.81,2371.95,4722.965014
300,4,1000.0000,738.77,36963.15,45629.10,1166.71,1796.18,5703.064393
300,4,1000.0000,703.41,36741.86,44211.58,955.19,1972.52,4542.021410
300,4,1000.0000,821.56,41769.84,50402.59,1177.09,1871.36,5584.302972
300,4,1000.0000,906.20,45900.85,55789.04,1116.12,2143.27,6628.802118
300,4,1000.0000,644.83,32156.41,40514.04,915.49,2249.10,5193.042262
300,4,1000.0000,783.25,39659.57,47773.24,748.22,2148.05,5217.403291
300,4,1000.0000,850.86,43496.31,51954.39,977.80,1849.79,5630.495419
300,4,1000.0000,753.25,39052.95,47592.37,818.42,2088.59,5632.403837
300,4,1000.0000,769.04,38041.83,47391.57,1452.83,2079.25,5817.652479
300,4,1000.0000,633.24,32136.74,39864.06,770.70,1653.25,5303.368191
300,4,1000.0000,886.71,45752.25,54788.34,1150.57,2060.45,5825.068698
300,4,1000.0000,837.65,43653.07,52702.91,1096.22,2200.62,5752.999230
300,4,1000.0000,678.62,33625.09,41896.40,1050.59,2006.07,5214.643610
300,4,1000.0000,742.03,35995.31,44972.81,877.38,2539.36,5560.752055
300,4,1000.0000,792.77,40698.98,49399.24,952.20,1807.80,5940.258516
300,4,1000.0000,828.94,42112.34,51121.36,703.94,2535.11,5769.968359
300,4,1000.0000,903.63,46213.33,55428.64,972.96,2387.68,5854.656743
300,4,1000.0000,666.00,34750.24,42286.11,746.70,1944.90,4844.264732
300,4,1000.0000,872.76,44563.51,52930.86,874.77,2070.85,5421.732339
300,4,1000.0000,642.78,33224.11,40873.56,909.37,1813.63,4926.448062
300,4,1000.0000,869.88,44864.65,53929.90,935.66,1987.63,6141.964135
300,4,1000.0000,676.69,32966.14,42037.35,1080.39,2072.21,5918.606425
300,4,1000.0000,699.47,36432.07,43809.55,879.76,1826.67,4671.053888
300,4,1000.0000,832.14,43097.30,52141.41,1276.59,1972.05,5795.467086
300,4,1000.0000,711.80,35717.76,43306.35,807.48,2248.44,4532.664804
300,4,1000.0000,940.25,49980.05,58643.80,765.31,1801.60,6096.842614
300,4,1000.0000,843.80,42913.47,52114.44,1056.54,2280.09,5864.340463
300,4,1000.0000,896.55,45346.23,54513.76,1002.65,2319.24,5845.644933
300,4,1000.0000,770.11,39209.42,47872.03,647.15,2358.95,5656.516662
300,4,1000.0000,882.36,44163.30,53470.96,854.10,2208.50,6245.057296
300,4,1000.0000,750.22,38181.70,47034.75,990.92,1967.88,5894.254669
300,4,1000.0000,776.40,38957.47,47951.99,1299.67,1969.73,5725.110680
300,4,1000.0000,598.87,29624.19,38460.88,1083.10,2145.93,5607.656185
300,4,1000.0000,702.45,35823.55,44806.63,1336.39,2130.14,5516.540501
