25,4,183.35,8554.34,13257.87,622.79,917.85,3162.89,34.4551
25,4,186.45,9273.30,13894.85,808.69,909.53,2903.33,46.8644
25,4,192.59,9791.99,14157.33,513.79,955.43,2896.12,33.7571
25,4,170.30,9446.76,13503.86,570.12,860.54,2626.44,47.0427
25,4,200.35,9932.37,14399.28,474.43,976.96,3015.52,34.3001
25,4,182.76,9042.58,13722.09,612.88,919.26,3147.38,46.8816
25,4,191.77,9499.78,14101.91,619.66,975.81,3006.66,33.7836
25,4,183.54,8479.84,13444.53,612.13,807.50,3545.06,46.8468
25,4,168.27,7997.73,12667.36,748.40,878.20,3043.04,23.1777
25,4,180.77,9174.68,13800.52,673.27,899.35,3053.22,22.8140
25,4,184.20,8701.11,13367.71,754.76,931.11,2980.73,24.2062
25,4,165.16,8498.72,12799.42,660.95,916.89,2722.85,23.4230
25,4,197.76,10223.02,14242.64,611.06,945.64,2462.91,23.3252
25,4,162.63,7851.17,13062.70,716.85,920.79,3573.90,26.4206
25,4,175.81,8004.65,12681.96,821.26,920.79,2935.26,23.4824
25,4,192.89,9395.89,14054.05,715.51,930.33,3012.33,24.2167
25,4,189.51,9808.13,14063.27,470.21,853.19,2931.73,23.8682
25,4,170.78,8952.83,13306.40,651.53,899.81,2802.23,25.2747
25,4,217.88,10570.94,14238.33,407.06,871.31,2389.02,24.9370
25,4,177.19,8131.41,13445.15,766.16,962.57,3585.01,25.7042
25,4,190.96,9706.26,13976.60,529.63,834.04,2906.67,22.9892
25,4,178.12,8976.62,13886.89,570.87,874.82,3464.58,22.8896
25,4,172.99,9159.55,13626.10,742.70,950.16,2773.70,24.1697
25,4,164.95,8642.48,13319.26,658.62,872.37,3145.79,23.4783
25,4,172.99,7955.75,12725.67,640.26,924.69,3204.97,23.1379
25,4,188.52,9304.25,13507.88,558.80,854.53,2790.31,26.4479
25,4,187.42,10088.52,14445.49,605.39,925.78,2825.81,23.4889
25,4,159.38,8723.28,13207.43,495.73,801.88,3186.54,24.3282
25,4,185.88,9285.18,13857.59,616.73,848.50,3107.18,24.0711
25,4,189.39,9996.06,14108.09,542.62,902.25,2667.16,25.3857
25,4,168.24,8824.57,13470.04,516.44,896.56,3232.47,25.3099
25,4,190.03,9789.01,13871.21,378.68,795.48,2908.05,25.9452
25,4,179.43,8493.38,13464.41,573.83,899.94,3497.26,23.0666
25,4,202.25,9763.98,13846.74,552.63,961.54,2568.59,22.0716
25,4,171.40,8419.25,13489.29,583.49,885.68,3600.86,24.2036
25,4,170.61,8360.61,12702.00,586.81,897.03,2857.56,23.0648
25,4,206.38,10074.33,13859.69,429.01,886.47,2469.88,22.9115
25,4,178.90,8923.64,13409.33,642.94,1020.02,2822.72,26.0602
25,4,180.84,8626.52,13234.44,678.63,868.94,3060.36,23.2088
25,4,167.32,8489.32,12787.60,644.25,862.63,2791.39,23.4379
25,4,184.67,8727.08,13319.54,635.97,867.67,3088.82,23.8438
25,4,175.94,9327.42,13430.19,734.62,900.72,2467.43,25.5127
25,4,191.52,9375.17,14152.00,507.30,883.06,3386.47,25.2190
25,4,176.06,9038.31,13258.26,667.15,880.72,2672.08,25.4787
25,4,139.91,7724.61,12177.39,763.09,868.40,2821.29,21.8978
25,4,209.06,9185.83,13952.13,444.43,910.42,3411.45,22.2830
25,4,161.97,8596.17,12665.45,587.76,826.56,2654.96,23.1123
25,4,188.76,9751.56,14096.23,429.99,857.16,3057.52,22.8721
25,4,205.67,10721.07,14469.51,463.24,881.97,2403.23,22.4705
25,4,136.37,7163.34,11866.99,725.40,834.75,3143.50,25.0967
25,4,182.42,9031.46,13366.70,688.55,932.51,2714.18,22.8851
25,4,182.99,9234.64,13749.41,521.25,936.29,3057.22,23.5410
25,4,200.90,10006.59,13995.12,597.81,960.75,2429.98,23.3447
25,4,190.38,9667.89,13981.69,564.90,936.37,2812.53,25.1651
25,4,180.95,9053.06,13636.48,680.88,939.75,2962.79,24.6961
25,4,175.58,9079.55,13768.15,646.50,953.74,3088.37,25.6310
25,4,191.77,8629.91,12946.34,650.63,877.77,2788.02,21.4223
25,4,193.31,9825.00,13986.75,496.19,878.58,2786.98,21.2821
25,4,187.45,9357.73,13700.94,598.62,892.77,2851.81,27.6919
25,4,202.63,9949.63,14344.20,490.99,957.43,2946.16,26.7551
25,4,182.90,8656.75,13714.41,527.81,954.52,3575.32,22.5371
25,4,189.92,9620.32,13753.66,582.18,789.92,2761.25,22.9486
25,4,189.42,10025.34,13973.56,561.64,828.97,2557.62,22.1291
25,4,183.64,9646.44,13646.00,588.54,852.60,2558.43,21.4686
25,4,186.46,9707.12,14058.09,526.28,1025.62,2799.07,21.9884
25,4,190.42,8972.41,13598.62,619.76,910.55,3095.90,42.2483
25,4,196.26,9484.22,13795.46,526.86,867.12,2917.27,22.6398
25,4,190.67,9856.60,14125.96,483.18,931.86,2854.33,23.5023
25,4,181.79,8419.05,13073.74,844.70,935.17,2874.82,21.9586
25,4,194.20,8880.81,13419.19,478.50,911.64,3148.24,21.8872
25,4,152.78,7850.73,12408.70,559.51,833.67,3164.79,25.4051
25,4,165.66,8620.43,13554.88,706.19,905.43,3322.83,29.8272
25,4,180.80,9210.86,13618.81,512.88,828.23,3066.84,22.5838
25,4,171.40,9022.65,13451.52,596.52,914.27,2918.07,23.1118
25,4,171.17,9032.81,13631.84,665.01,928.33,3005.69,21.8472
25,4,211.75,9924.65,14211.43,467.21,926.40,2893.17,21.3319
25,4,195.49,10834.59,14552.40,404.49,950.71,2362.60,21.7946
25,4,174.54,8758.69,13006.41,496.34,833.31,2918.07,45.4005
25,4,189.34,9575.11,14027.09,590.40,948.57,2913.01,22.2268
25,4,184.39,9295.03,13740.80,507.17,939.60,2999.00,22.4441
25,4,185.86,8811.48,13386.61,696.09,892.07,2986.98,22.4249
25,4,187.18,9305.07,13499.57,529.42,821.46,2843.63,21.1744
25,4,200.95,9840.43,13715.69,603.38,976.46,2295.42,21.0387
25,4,161.82,7525.22,11690.74,1123.05,777.47,2265.01,22.1937
25,4,188.53,9383.80,13236.55,743.20,924.75,2184.81,21.7617
25,4,184.02,9380.01,13718.17,697.77,948.96,2691.43,21.8936
25,4,181.15,8572.12,12585.27,605.29,883.85,2524.00,21.3959
25,4,167.12,9489.12,13703.52,530.72,815.52,2868.16,22.0551
25,4,200.87,9454.94,14098.34,539.50,935.20,3168.69,21.7836
25,4,188.34,9934.38,14266.48,428.69,869.65,3033.76,21.5846
25,4,171.37,9000.70,13839.39,644.05,810.42,3384.23,22.2425
25,4,179.33,9424.56,13971.72,505.94,869.97,3171.25,21.6867
25,4,185.56,8924.99,13864.40,667.21,959.58,3312.62,21.5882
25,4,217.08,10099.11,14136.20,469.91,919.35,2647.83,21.5921
25,4,151.29,8233.50,12481.51,642.80,900.79,2704.42,21.6155
25,4,180.05,8780.02,13321.04,606.71,806.75,3127.56,21.9079
25,4,190.45,9320.12,13392.55,642.20,947.02,2483.21,21.6806
25,4,171.40,8899.07,12884.78,625.91,874.06,2485.73,21.6221
25,4,163.43,8071.71,13030.49,755.51,877.60,3325.66,21.4310
25,4,177.96,8823.61,13548.28,620.78,869.91,3233.99,21.0972
50,4,272.98,14099.47,19755.28,729.43,986.91,3939.47,25.0812
50,4,312.12,17764.82,23885.16,575.72,1119.58,4425.03,25.0134
50,4,329.04,17646.98,23869.25,595.74,1212.91,4413.63,25.2098
50,4,289.44,16147.48,21458.66,742.72,1124.36,3444.10,24.8943
50,4,368.48,18836.74,25841.56,509.19,1310.79,5184.84,25.0807
50,4,334.84,16941.34,23644.65,629.04,1265.08,4809.19,24.9200
50,4,358.18,18139.16,24837.66,616.75,1210.16,4871.59,24.9488
50,4,295.25,15303.59,21960.56,572.60,1066.66,5017.71,25.3050
50,4,287.11,14782.04,20743.71,618.91,1051.05,4291.72,22.7983
50,4,297.28,15636.24,21841.49,713.28,1092.16,4399.82,23.0313
50,4,320.23,16775.87,22830.77,657.85,1155.29,4241.76,23.2530
50,4,269.46,14485.61,19931.99,807.73,1187.99,3450.66,23.4909
50,4,379.38,19484.94,25392.46,652.57,1342.87,3912.08,24.0372
50,4,263.04,14090.87,20401.25,692.48,994.68,4623.21,38.1034
50,4,252.93,14128.59,19506.68,678.04,945.50,3754.54,24.3560
50,4,349.89,18073.30,24352.94,581.84,1173.22,4524.59,24.1359
50,4,367.06,18511.28,25160.02,593.65,1294.83,4760.26,24.2422
50,4,335.49,17423.07,23570.18,607.48,1314.34,4225.29,23.9753
50,4,375.35,18567.09,24681.05,960.30,1345.98,3807.68,24.5965
50,4,292.40,13902.55,20584.31,846.75,1182.52,4652.49,26.4825
50,4,372.42,18844.62,25314.92,565.13,1146.57,4758.60,23.1267
50,4,302.18,15457.80,21817.86,545.45,1076.63,4737.97,22.9271
50,4,328.34,17269.16,23266.97,639.09,1197.61,4161.12,23.6368
50,4,280.78,15232.87,21299.81,764.30,1112.59,4190.05,23.8921
50,4,265.43,14858.39,20565.36,434.42,1054.32,4218.22,23.8327
50,4,338.57,17171.46,23366.96,621.21,1146.03,4428.26,37.4583
50,4,344.14,17824.79,24217.71,750.99,1302.28,4339.64,24.3331
50,4,283.36,15140.12,21194.94,554.42,1041.41,4459.00,24.0749
50,4,327.51,16945.15,23099.07,709.75,1134.89,4309.27,24.1924
50,4,389.44,19587.46,26040.33,753.00,1325.36,4374.50,24.0438
50,4,284.92,14450.89,20657.44,755.05,1215.61,4235.89,24.4508
50,4,342.87,17155.76,23235.62,647.46,1165.73,4266.67,26.4557
50,4,291.06,14623.68,21246.78,743.16,1117.40,4762.55,22.5072
50,4,359.10,18583.19,24989.43,827.75,1379.49,4198.99,22.5711
50,4,286.68,14829.64,21564.63,545.50,1134.53,5054.97,22.9955
50,4,250.77,14110.59,19346.23,584.87,1041.49,3609.28,22.9444
50,4,370.97,19519.42,25619.15,605.20,1145.45,4349.09,23.3321
50,4,292.03,16064.86,21665.80,612.46,1135.85,3852.64,33.1028
50,4,277.84,15176.49,21268.32,852.23,1074.16,4165.45,23.3931
50,4,275.12,15648.74,20922.64,561.56,1009.02,3703.33,23.0800
50,4,289.60,15361.27,21439.58,801.63,1099.25,4177.43,23.8553
50,4,282.26,16453.43,21641.06,687.15,1102.60,3397.89,24.1063
50,4,372.55,17190.56,24668.20,710.92,1298.89,5467.83,24.7245
50,4,284.70,17231.96,23026.92,834.57,1101.75,3858.63,25.5288
50,4,237.73,13328.57,18418.29,517.64,1026.35,3545.73,21.7408
50,4,321.59,16404.78,23225.88,792.69,1118.38,4910.03,22.0598
50,4,259.96,15056.92,20179.45,568.78,1036.94,3516.81,22.1941
50,4,322.92,17854.98,24408.11,620.83,1217.58,4714.72,22.7319
50,4,377.01,19989.70,26057.99,701.33,1248.81,4118.15,23.4212
50,4,238.48,12524.64,18053.00,614.51,948.23,3965.61,34.6620
50,4,305.58,17410.36,23277.23,658.39,1188.08,4020.41,23.6462
50,4,306.27,15755.69,22249.03,918.98,1202.88,4371.48,23.6641
50,4,340.89,18037.29,23972.38,919.29,1214.92,3800.89,23.2963
50,4,352.54,17912.76,23973.21,529.87,1229.03,4301.53,24.1102
50,4,301.53,15966.14,22222.61,718.77,1219.11,4318.59,23.9037
50,4,293.42,15700.97,21478.66,561.08,1127.59,4089.02,26.6587
50,4,330.95,17672.94,24122.66,588.87,1072.08,4788.77,21.5216
50,4,366.44,19100.46,25314.70,585.99,1170.64,4457.62,21.7650
50,4,316.45,16580.54,22591.06,737.81,1249.77,4022.94,21.8063
50,4,341.53,17915.01,23879.87,679.83,1224.92,4060.11,21.7876
50,4,291.71,15718.67,22476.38,635.23,1076.09,5046.38,22.3574
50,4,316.69,18027.51,23952.70,665.16,1099.84,4160.19,22.4957
50,4,328.66,17534.84,22891.37,658.51,1134.81,3563.23,23.0600
50,4,355.37,18325.56,24507.42,663.97,1159.56,4358.32,23.0664
50,4,340.98,17796.44,24107.50,866.23,1193.37,4251.47,23.1529
50,4,308.82,15857.57,21945.33,705.21,1183.63,4198.92,22.8038
50,4,345.53,17633.39,23910.59,730.27,1136.72,4410.21,22.9860
50,4,365.44,18381.69,25000.77,615.14,1249.12,4754.82,23.0657
50,4,328.06,16943.95,23244.65,617.61,1243.80,4439.29,22.7767
50,4,316.57,16999.43,23602.36,650.74,1083.49,4868.70,23.2016
50,4,235.34,12808.00,18675.42,695.21,1078.75,4093.45,23.1088
50,4,271.94,13769.09,19989.41,897.72,1092.93,4229.67,23.0642
50,4,346.27,17772.06,24337.45,604.55,1198.70,4762.13,23.3678
50,4,281.11,15823.04,21440.30,637.52,1072.49,3907.25,22.9897
50,4,300.70,16836.44,23115.36,677.35,1236.40,4365.17,22.3701
50,4,373.67,19036.31,25205.63,592.05,1188.19,4389.07,22.3946
50,4,401.38,20964.75,27355.88,688.08,1425.16,4277.89,22.2902
50,4,284.79,16306.28,22510.93,868.03,1133.86,4202.76,22.0807
50,4,328.02,17587.11,24257.19,785.64,1299.29,4585.15,21.6483
50,4,319.12,17739.58,23996.15,640.47,1233.92,4382.18,21.7397
50,4,340.76,18206.42,24753.75,689.98,1145.24,4712.11,21.2816
50,4,304.85,16840.60,22504.69,607.57,1089.25,3967.26,21.2212
50,4,351.09,18763.74,24086.42,546.85,1144.63,3631.19,21.5024
50,4,300.40,16002.36,21591.07,905.26,952.51,3730.94,22.2752
50,4,314.71,18020.40,23033.70,647.24,1056.49,3309.57,22.6923
50,4,341.98,17805.04,23844.25,660.20,1226.52,4152.48,23.0912
50,4,306.15,16920.46,22799.35,678.12,1154.32,4046.44,22.4324
50,4,306.64,17104.41,23093.80,618.02,1052.20,4319.16,22.7961
50,4,325.38,16781.72,23065.64,593.08,1122.66,4568.18,23.0634
50,4,351.60,18115.21,24747.11,569.61,1240.58,4821.71,22.0816
50,4,342.37,16562.65,23473.01,624.92,1244.61,5040.83,22.3034
50,4,340.57,17701.02,24429.30,746.82,1208.09,4773.36,22.2388
50,4,289.50,15231.94,21432.07,620.48,1130.81,4448.84,21.9956
50,4,367.12,18405.44,24744.23,597.15,1267.88,4473.75,21.4725
50,4,266.34,14424.44,19722.67,712.59,1092.00,3493.64,21.5185
50,4,313.68,16237.85,22870.35,779.20,1123.08,4730.23,22.3722
50,4,351.50,18400.61,24104.86,501.88,1126.33,4076.04,21.8721
50,4,284.32,15522.77,20369.50,589.55,1041.47,3215.71,22.5933
50,4,276.41,14197.46,20557.05,738.11,1121.67,4499.80,21.9171
50,4,377.18,18649.33,25806.53,576.95,1384.08,5196.17,21.8779
75,4,348.44,18798.31,24815.23,640.33,1089.94,4286.65,25.9170
75,4,422.68,23889.99,30703.18,661.37,1331.16,4820.65,26.3968
75,4,425.01,23222.41,30177.86,812.98,1322.82,4819.64,25.8969
75,4,353.12,20721.98,26368.90,685.43,1319.43,3642.05,26.2024
75,4,458.71,24862.22,32563.53,495.36,1390.28,5815.67,25.7180
75,4,432.69,22032.35,29065.86,526.03,1421.50,5085.98,26.2136
75,4,450.89,23659.20,31019.58,638.35,1343.05,5378.98,25.7688
75,4,372.88,18822.32,25902.73,631.73,1173.45,5275.23,26.5978
75,4,352.27,19723.86,26275.02,688.27,1198.74,4664.16,22.7273
75,4,368.60,20840.98,27559.13,690.00,1292.00,4736.16,23.3923
75,4,377.82,20105.78,26591.90,663.49,1238.94,4583.69,23.6273
75,4,306.27,18933.81,24450.86,633.64,1193.75,3689.67,24.0912
75,4,447.91,26189.18,32244.99,610.53,1262.57,4182.71,23.9042
75,4,330.27,17384.09,24418.59,761.81,1258.98,5013.71,24.3635
75,4,311.80,18144.61,24166.06,603.50,1224.01,4193.94,24.6424
75,4,423.43,22541.60,29388.07,701.70,1245.08,4899.68,24.6177
75,4,462.50,24159.89,31579.25,715.89,1399.16,5304.31,24.9617
75,4,411.66,22459.25,29114.11,655.66,1389.91,4609.29,25.0484
75,4,476.24,26559.33,32820.07,730.90,1338.87,4190.96,25.2009
75,4,337.65,18673.53,25455.90,598.55,1145.45,5038.37,25.2653
75,4,469.14,25373.13,32539.52,530.08,1301.27,5335.05,23.6386
75,4,350.31,20243.44,27092.97,598.79,1139.51,5111.24,23.1746
75,4,417.67,22483.79,29071.40,754.13,1381.85,4451.62,23.7506
75,4,344.37,19708.01,26076.64,715.81,1113.36,4539.46,24.3280
75,4,351.54,19809.97,26052.91,492.84,1113.86,4636.24,23.9216
75,4,395.12,22029.79,28688.78,635.75,1249.87,4773.36,24.1970
75,4,444.81,24201.07,31093.17,575.71,1444.55,4871.85,25.0380
75,4,333.33,19104.33,25764.75,644.38,1167.46,4848.59,24.2865
75,4,422.24,22953.46,29619.03,719.77,1170.49,4775.31,24.7316
75,4,473.33,25192.11,32112.10,667.61,1376.27,4876.12,25.0326
75,4,354.78,18689.29,25255.51,756.50,1219.27,4590.44,25.1710
75,4,413.22,22337.39,28967.24,740.89,1260.64,4628.31,25.0733
75,4,352.97,18964.98,26121.55,769.22,1235.25,5152.10,23.3783
75,4,460.01,25276.46,32050.32,624.25,1396.99,4752.62,23.4032
75,4,377.94,18918.76,26401.04,689.71,1313.65,5478.91,23.6219
75,4,312.47,17606.33,23339.50,826.15,1116.01,3791.01,24.0278
75,4,487.13,26467.01,33040.95,508.32,1293.87,4771.75,23.8243
75,4,352.67,20204.07,26330.63,686.29,1267.72,4172.55,23.7202
75,4,368.57,20478.22,26968.08,727.04,1263.89,4498.94,24.0876
75,4,346.32,19639.88,25626.28,703.98,1160.48,4121.95,23.9340
75,4,374.55,20571.56,26829.90,627.94,1122.95,4507.45,24.5252
75,4,351.53,20606.58,25947.79,621.68,1129.29,3590.24,24.8645
75,4,447.71,22737.66,30734.67,646.97,1397.24,5952.81,24.9607
75,4,372.19,20583.69,26610.57,625.12,1168.49,4233.27,25.0057
75,4,298.13,16764.36,22299.89,637.25,1153.89,3744.39,22.2387
75,4,411.44,21518.71,28951.34,659.03,1338.21,5435.40,22.3220
75,4,326.77,19311.98,24952.59,643.04,1156.05,3841.52,22.3485
75,4,439.60,22534.47,29616.02,604.24,1295.64,5181.67,22.4978
75,4,515.32,27446.50,34283.79,611.08,1462.58,4763.63,22.6297
75,4,287.59,15582.90,21804.86,732.18,1107.21,4382.57,22.8665
75,4,383.05,22404.54,28945.99,751.35,1281.21,4508.89,23.2094
75,4,378.48,21806.57,28339.30,679.35,1195.78,4657.59,23.4816
75,4,425.71,23930.20,30347.49,873.52,1348.28,4195.49,23.5057
75,4,434.35,23560.24,30296.25,762.53,1311.51,4661.97,24.5846
75,4,381.26,21655.95,28340.48,664.11,1304.05,4716.37,24.5841
75,4,368.50,20494.96,26894.47,739.68,1302.83,4356.99,25.4160
75,4,425.41,22683.01,30047.01,856.85,1150.02,5357.14,22.9431
75,4,470.32,25002.57,32012.01,734.25,1293.21,4981.99,23.4902
75,4,379.69,21620.25,27969.10,719.17,1228.55,4401.13,23.0303
75,4,427.01,23477.31,29462.46,408.65,1209.19,4367.30,23.5536
75,4,367.73,20095.70,27296.54,500.84,1221.60,5478.38,23.1859
75,4,405.72,21953.53,28562.05,858.28,1240.30,4509.94,23.3853
75,4,421.97,23433.62,29149.11,556.40,1194.85,3964.24,23.2067
75,4,431.07,23998.93,31077.05,855.37,1343.57,4879.19,23.4164
75,4,454.50,24608.51,31276.18,611.20,1214.39,4842.08,23.4024
75,4,363.28,20355.59,26947.82,783.68,1253.39,4555.16,23.7608
75,4,438.91,23215.88,29947.47,639.56,1223.79,4868.24,23.6402
75,4,456.19,24404.78,31622.28,629.76,1459.07,5128.67,23.8208
75,4,416.67,22729.90,29438.88,543.32,1337.58,4828.08,22.8960
75,4,427.59,23024.56,30482.35,628.92,1340.92,5487.94,22.9194
75,4,285.30,16332.99,22409.00,702.82,1127.52,4245.67,22.5630
75,4,366.26,19486.67,26315.02,777.00,1325.06,4726.29,23.0833
75,4,418.04,22742.77,29810.69,617.33,1206.58,5244.01,23.0656
75,4,353.65,19653.96,26044.74,846.04,1278.76,4265.98,22.9056
75,4,378.50,22127.47,28719.61,635.80,1175.80,4780.54,22.5889
75,4,469.11,24798.09,31607.14,569.67,1358.35,4881.03,22.3812
75,4,522.72,28095.23,35381.62,737.47,1535.58,5013.35,22.2267
75,4,365.99,20859.47,27281.05,635.47,1178.65,4607.46,22.6048
75,4,426.15,23310.98,30590.44,740.81,1458.93,5079.72,22.0064
75,4,433.57,23095.87,30157.98,772.77,1369.84,4919.51,22.3870
75,4,430.76,23277.98,30370.96,657.68,1327.06,5108.23,23.3575
75,4,405.34,22182.82,28548.21,698.95,1287.10,4379.34,23.1544
75,4,445.46,25089.03,30987.27,530.22,1311.84,4056.18,23.2664
75,4,364.80,20820.43,27051.25,984.40,1009.94,4236.49,23.2567
75,4,389.04,22014.45,27476.54,714.84,1158.79,3588.47,23.1751
75,4,408.37,22092.29,28644.83,711.15,1377.83,4463.57,23.1477
75,4,393.60,22467.72,28537.56,527.11,1125.76,4416.97,22.3494
75,4,423.45,22220.17,28832.04,615.08,1248.15,4748.64,22.3664
75,4,392.97,21631.48,28345.21,668.20,1143.28,4902.25,22.5284
75,4,449.95,24148.14,31370.65,613.35,1372.29,5236.87,22.5320
75,4,381.36,20488.31,27851.61,693.55,1360.32,5309.42,22.6989
75,4,402.79,23689.45,30964.38,636.49,1324.50,5313.93,22.7111
75,4,377.42,20902.59,27577.81,489.13,1232.20,4953.89,22.2051
75,4,476.00,24889.40,31774.84,699.85,1306.48,4879.11,22.1457
75,4,336.34,18454.46,24122.40,667.57,1237.80,3762.56,21.6957
75,4,416.51,21887.17,28991.76,671.85,1201.56,5231.18,21.6479
75,4,438.31,24570.38,30864.52,597.87,1252.12,4444.15,22.6422
75,4,354.84,20653.04,25990.93,695.80,1071.76,3570.33,22.4477
75,4,334.67,17584.15,24338.93,710.30,1196.51,4847.97,22.0717
75,4,448.32,23749.27,31376.50,623.48,1291.00,5712.75,22.8910
100,4,384.90,21198.25,27372.21,632.29,1107.25,4434.42,25.3643
100,4,474.19,27500.76,34754.91,695.35,1397.20,5161.61,26.1578
100,4,477.13,28014.40,35064.10,617.38,1340.01,5092.30,25.9473
100,4,406.24,24321.02,29871.46,609.35,1191.27,3749.82,25.7354
100,4,567.10,29839.79,38006.71,638.08,1457.46,6071.37,25.5951
100,4,452.52,24930.38,32165.53,672.49,1361.88,5200.78,26.2339
100,4,516.06,27669.18,35715.27,812.19,1533.44,5700.46,25.5344
100,4,414.07,21784.62,29310.12,669.46,1228.18,5627.86,25.9309
100,4,413.14,23195.48,29780.85,483.42,1181.96,4919.98,22.2603
100,4,444.00,25631.33,32625.00,556.96,1350.41,5086.30,22.4570
100,4,447.78,24216.49,31199.40,770.07,1370.49,4842.35,22.8576
100,4,392.57,23052.31,28814.42,611.55,1277.12,3873.44,22.8561
100,4,528.98,29984.08,36478.90,703.86,1485.33,4305.63,23.2379
100,4,363.76,20578.86,27773.93,685.49,1277.29,5232.30,23.3092
100,4,351.44,20225.19,26429.91,766.83,1182.53,4255.36,24.4219
100,4,474.42,26514.02,33671.13,598.45,1397.90,5160.76,24.9275
100,4,517.16,29120.53,36646.52,560.60,1412.47,5552.91,25.4144
100,4,473.81,26682.41,33342.14,560.55,1459.10,4640.08,25.7642
100,4,584.28,31720.56,38579.42,735.31,1607.46,4516.09,25.5742
100,4,385.54,21116.35,28279.39,716.41,1272.57,5174.06,25.6532
100,4,535.01,29304.86,36786.37,608.69,1353.56,5519.25,22.2410
100,4,414.41,23254.40,30429.65,577.22,1314.65,5283.38,22.0359
100,4,440.43,25711.73,32227.58,679.32,1266.62,4569.91,22.2243
100,4,405.19,22005.53,28903.25,897.89,1276.29,4723.54,21.8951
100,4,395.21,22787.31,29522.41,665.78,1264.99,4804.33,21.7384
100,4,440.28,25065.31,32176.35,743.81,1340.68,5026.55,21.8561
100,4,525.11,28146.26,35620.01,691.91,1634.86,5146.98,24.6546
100,4,385.57,23002.93,29948.92,710.89,1155.77,5079.33,24.3070
100,4,466.80,26845.39,33893.56,711.24,1401.86,4935.07,24.7850
100,4,543.05,30496.37,37940.54,758.05,1487.39,5198.73,25.6354
100,4,398.62,22502.40,29028.54,614.72,1236.22,4675.20,25.2158
100,4,487.87,26608.83,33562.21,675.17,1337.37,4940.85,25.7343
100,4,412.29,22388.47,29678.60,603.99,1321.00,5365.13,21.7464
100,4,532.74,29142.81,36476.63,810.12,1471.78,5051.91,22.2241
100,4,415.37,22486.17,30202.26,737.41,1356.69,5621.99,22.0748
100,4,354.11,21028.18,26660.12,525.64,1151.78,3954.52,21.8226
100,4,581.03,32589.65,39827.61,689.83,1359.00,5189.12,22.4171
100,4,412.43,23414.18,29877.98,672.28,1475.86,4315.66,22.9340
100,4,379.56,22577.10,29272.18,789.12,1263.59,4642.37,24.4389
100,4,399.27,22859.40,29319.60,867.19,1324.46,4268.56,24.5520
100,4,420.11,23906.36,30288.66,673.13,1186.81,4522.35,25.2332
100,4,395.37,23410.94,29062.93,703.98,1181.88,3766.14,25.6053
100,4,516.77,26163.90,34433.45,731.94,1499.47,6038.13,25.5214
100,4,452.87,25808.82,32051.85,535.66,1267.09,4440.27,25.3598
100,4,327.53,19122.95,25041.11,736.62,1200.16,3981.38,22.3007
100,4,484.67,25673.95,33475.63,543.41,1395.53,5862.74,22.7718
100,4,390.88,22465.24,28105.73,570.85,1199.55,3870.09,22.5584
100,4,487.90,27152.61,34708.32,675.67,1426.63,5453.41,22.8026
100,4,608.54,33507.28,40890.49,758.76,1589.04,5035.41,23.1992
100,4,327.73,18209.24,24384.66,625.87,1119.22,4430.33,22.7365
100,4,484.82,27692.17,34419.46,531.86,1437.33,4758.10,23.2400
100,4,434.54,24892.84,31742.16,645.34,1270.10,4933.88,23.4233
100,4,513.41,28417.93,35240.21,881.43,1523.24,4417.62,23.8897
100,4,485.64,27466.13,34485.26,769.67,1408.08,4841.38,24.6343
100,4,471.15,24925.80,31887.57,599.97,1444.49,4917.30,24.9345
100,4,413.13,23916.15,30770.61,848.42,1344.02,4662.02,25.4096
100,4,501.59,26720.43,34653.15,962.57,1326.78,5643.37,21.9590
100,4,560.22,29950.96,37319.83,681.77,1444.81,5242.30,22.2179
100,4,463.00,26009.10,32974.46,738.77,1501.78,4724.81,22.0372
100,4,504.76,26804.64,33400.74,554.67,1376.95,4664.48,22.0098
100,4,435.59,22935.97,30826.77,696.60,1469.54,5724.67,22.0696
100,4,500.61,26592.69,33698.32,871.88,1307.37,4926.37,22.0405
100,4,472.50,27600.60,33806.84,595.89,1302.46,4307.89,23.0280
100,4,505.22,28017.59,35254.49,727.62,1404.18,5105.10,22.5162
100,4,510.82,27490.83,34610.22,819.89,1314.36,4985.15,22.5676
100,4,440.39,24230.77,31030.60,648.34,1402.26,4749.23,22.4778
100,4,518.90,27852.66,34985.57,630.70,1365.51,5136.70,22.2163
100,4,529.64,29014.00,36549.35,610.55,1502.72,5422.08,22.0836
100,4,473.46,25920.48,32940.71,736.05,1390.10,4894.08,22.1682
100,4,437.35,24994.87,32244.03,553.50,1356.27,5339.38,21.8604
100,4,315.15,18916.06,25440.52,843.74,1206.47,4474.25,21.9368
100,4,402.29,23161.21,30206.72,735.86,1328.35,4981.30,21.9795
100,4,515.58,27413.71,34793.97,636.78,1264.08,5479.40,21.9915
100,4,417.25,23195.65,29717.81,652.33,1345.35,4524.48,22.0499
100,4,428.76,25809.49,32800.22,721.82,1319.35,4949.55,22.6236
100,4,516.05,29197.36,36421.58,717.87,1378.99,5127.37,22.8000
100,4,594.22,32703.94,40330.21,686.54,1619.37,5320.35,22.9625
100,4,429.22,24792.13,31682.59,671.14,1344.01,4875.31,22.7172
100,4,459.53,27255.26,34562.59,692.62,1398.31,5216.41,22.7679
100,4,464.75,27094.79,34183.29,631.83,1363.95,5092.72,22.7526
100,4,491.92,26257.22,33678.96,786.64,1405.76,5229.33,22.9809
100,4,477.37,26190.92,32866.94,695.16,1364.19,4616.68,22.8475
100,4,496.06,29177.64,35418.04,668.83,1294.35,4277.22,22.7505
100,4,487.44,24922.46,31761.11,995.31,1291.66,4551.69,21.9185
100,4,455.71,25365.57,30994.68,728.75,1180.44,3719.90,21.7096
100,4,435.10,25190.96,31619.57,693.40,1261.90,4473.30,21.9939
100,4,447.64,25590.08,31900.80,698.65,1159.58,4452.49,22.1957
100,4,471.31,26330.54,33220.29,623.24,1311.61,4954.91,22.3879
100,4,444.33,24618.11,31661.67,761.33,1262.00,5020.24,22.2474
100,4,499.31,28038.93,35390.94,612.08,1324.11,5415.82,23.3433
100,4,466.34,24616.71,32139.20,647.50,1396.30,5478.69,23.0392
100,4,523.64,29107.22,36873.26,606.25,1559.85,5599.94,23.1724
100,4,438.23,23762.26,30643.99,516.00,1193.75,5171.98,23.0187
100,4,583.34,31314.77,38534.78,616.69,1417.82,5185.50,23.2881
100,4,350.04,21369.39,27010.12,618.65,1212.09,3809.99,22.0133
100,4,457.45,24954.21,32488.57,924.15,1249.97,5360.24,22.1260
100,4,488.05,28196.30,34867.87,701.35,1277.70,4692.51,21.8485
100,4,459.99,25891.56,31592.37,657.42,1238.13,3805.27,21.9293
100,4,366.10,20807.83,27517.72,612.32,1147.97,4949.61,20.7817
100,4,488.84,27521.11,35271.91,670.83,1315.83,5764.14,23.2739
125,4,431.96,24550.20,30855.16,619.98,1152.27,4532.72,26.7289
125,4,552.24,30846.30,38119.19,600.82,1442.03,5230.05,27.5273
125,4,532.54,30236.80,37570.91,683.25,1405.78,5245.08,26.8640
125,4,455.62,26773.58,32570.35,728.56,1214.78,3853.44,27.4876
125,4,603.27,33791.67,42028.61,570.13,1452.92,6213.89,27.3119
125,4,509.36,28396.12,36130.50,750.13,1492.40,5491.84,27.5570
125,4,558.60,31113.46,39180.81,698.02,1470.44,5898.89,27.3249
125,4,493.39,25893.81,33780.82,728.64,1370.43,5787.95,27.5682
125,4,440.16,25654.33,32436.65,522.91,1236.21,5023.21,22.6157
125,4,492.34,28331.39,35432.51,550.40,1349.68,5201.05,22.7506
125,4,481.78,27464.02,34463.27,765.71,1341.28,4892.27,23.0395
125,4,427.74,24602.20,30518.30,630.90,1414.65,3870.55,22.9810
125,4,576.12,34044.00,40752.85,705.71,1439.24,4563.90,23.5470
125,4,411.76,23193.55,30826.05,706.06,1451.05,5475.38,23.0493
125,4,391.02,22324.11,28851.00,921.54,1266.26,4339.09,22.9166
125,4,548.63,30488.06,38156.25,752.80,1493.29,5422.10,24.1679
125,4,589.59,31899.52,39832.47,640.39,1599.30,5693.26,25.0945
125,4,525.25,29977.80,37244.88,699.06,1664.13,4903.90,25.2943
125,4,619.81,35065.07,41997.39,693.34,1625.54,4613.44,25.3136
125,4,428.70,23293.91,30546.33,683.93,1331.63,5236.86,25.0728
125,4,603.63,32896.07,40656.27,625.48,1463.64,5671.08,24.0100
125,4,448.07,25712.07,33333.29,688.55,1381.27,5551.40,23.0915
125,4,546.28,29948.11,36965.95,708.78,1538.44,4770.61,23.7194
125,4,446.70,25739.21,32521.58,684.44,1264.88,4833.05,23.0906
125,4,457.36,26255.61,33026.84,488.96,1331.73,4950.54,23.0989
125,4,504.47,28023.50,35341.77,796.64,1375.83,5145.80,22.4208
125,4,560.98,31243.85,38490.79,454.10,1572.03,5220.81,23.1951
125,4,447.22,25369.17,32581.17,705.09,1288.84,5218.06,22.9760
125,4,537.80,29592.85,37183.42,981.72,1465.16,5143.69,23.0220
125,4,613.03,34195.29,41748.43,745.55,1523.72,5283.87,22.6736
125,4,438.15,25775.22,32635.63,660.91,1318.21,4881.29,23.0657
125,4,538.32,29926.78,37227.09,754.60,1411.18,5134.52,22.7750
125,4,446.55,25121.99,32763.96,804.08,1345.85,5492.06,22.6331
125,4,596.89,32838.67,40198.55,608.18,1598.78,5152.91,22.6159
125,4,465.82,25811.55,33603.12,538.74,1371.38,5881.44,22.5097
125,4,407.89,23406.86,29480.38,703.05,1288.76,4081.70,22.6753
125,4,689.03,37075.21,44500.14,570.05,1537.71,5317.17,23.3415
125,4,457.08,27610.56,34044.95,604.89,1391.49,4438.01,22.6215
125,4,447.50,25942.49,32445.67,570.37,1245.68,4687.13,22.4971
125,4,438.72,26066.78,32622.63,765.77,1322.03,4468.04,23.7682
125,4,479.61,27277.76,34065.88,700.69,1314.12,4773.30,24.0755
125,4,457.05,26412.45,31900.41,489.16,1173.06,3825.74,24.7086
125,4,572.74,30168.67,38900.15,786.94,1509.91,6434.63,25.1156
125,4,483.49,28486.95,35051.63,694.17,1309.42,4561.09,24.6281
125,4,390.21,21767.48,27841.56,726.58,1288.58,4058.92,23.7746
125,4,503.12,27008.77,34935.71,643.79,1461.18,5821.96,23.7825
125,4,428.70,25075.16,31179.29,742.42,1311.45,4050.27,23.9187
125,4,528.19,30911.16,38647.22,736.08,1379.58,5620.41,23.7095
125,4,657.54,37248.76,44816.50,663.00,1639.87,5264.87,23.7869
125,4,359.89,20484.99,26952.01,688.57,1204.60,4573.85,23.2526
125,4,502.70,29725.28,36377.95,519.33,1328.04,4805.29,23.5860
125,4,487.48,27849.68,34997.99,550.23,1472.00,5126.08,23.6726
125,4,594.28,33281.38,40316.26,675.98,1663.51,4695.39,23.8033
125,4,569.63,31644.65,38679.34,571.21,1425.45,5038.03,25.2857
125,4,511.81,28100.30,35314.69,641.01,1428.25,5145.13,25.1984
125,4,481.49,26991.07,34059.83,793.24,1490.60,4784.93,25.0458
125,4,557.87,29891.87,38057.32,968.17,1332.41,5864.87,23.1061
125,4,607.17,32848.60,40554.15,840.45,1465.99,5399.11,23.5890
125,4,500.37,29391.91,36247.33,565.30,1475.47,4814.66,23.3664
125,4,510.94,29620.46,36487.63,843.62,1264.25,4759.31,23.9539
125,4,478.01,26393.30,34388.52,519.87,1477.59,5997.77,23.8887
125,4,532.32,29522.41,36678.77,896.24,1244.55,5015.57,24.1288
125,4,551.49,30408.12,36759.54,660.24,1378.02,4313.15,22.9690
125,4,562.16,31438.32,38979.73,717.45,1513.73,5310.22,23.0269
125,4,559.00,30989.55,38306.87,776.21,1327.01,5214.10,22.8000
125,4,481.60,27039.60,33873.42,575.27,1404.49,4854.06,23.0434
125,4,552.75,30238.45,37517.51,676.30,1346.53,5256.23,23.0629
125,4,593.07,32357.42,40283.15,714.63,1582.29,5628.81,23.4646
125,4,534.11,29872.73,37041.24,569.47,1441.65,5157.39,23.0189
125,4,519.40,28048.99,36308.75,808.89,1628.63,5822.24,23.9443
125,4,348.20,20998.17,27480.74,665.09,1279.10,4538.37,23.2659
125,4,469.34,26197.78,33423.14,711.33,1380.30,5133.73,23.1646
125,4,588.18,31939.44,39594.88,594.75,1345.76,5714.93,23.7467
125,4,468.07,26355.50,33181.20,697.37,1482.66,4645.67,23.7395
125,4,486.09,28550.82,35883.43,837.08,1390.61,5104.91,22.8592
125,4,605.87,31991.30,39596.85,835.80,1534.34,5235.41,23.1578
125,4,649.91,36721.11,44697.15,775.65,1647.40,5552.99,23.2113
125,4,473.38,26756.21,33623.20,636.55,1397.87,4832.57,23.1912
125,4,528.74,29974.33,37842.53,843.94,1532.40,5491.87,22.7297
125,4,508.98,29956.44,37450.36,727.66,1475.71,5290.54,22.7826
125,4,555.46,31229.06,38645.17,646.05,1336.03,5434.03,24.5074
125,4,531.50,30054.49,36854.96,644.16,1378.59,4777.73,23.5174
125,4,545.33,32362.01,38912.74,691.41,1444.65,4414.68,23.9665
125,4,492.69,28613.68,35397.53,937.73,1210.29,4635.84,25.0898
125,4,528.25,30635.19,36519.37,584.45,1375.16,3924.57,23.6318
125,4,511.39,28733.28,35582.71,600.16,1563.15,4686.12,24.3431
125,4,520.38,29949.74,36787.81,671.41,1327.84,4838.82,23.3772
125,4,524.91,29746.02,36897.12,635.24,1364.20,5151.66,24.0676
125,4,498.94,28142.81,35465.90,815.71,1316.07,5191.31,22.8583
125,4,566.39,31738.86,39560.06,641.84,1555.41,5623.95,23.0894
125,4,507.27,27704.77,35765.16,874.45,1524.56,5661.39,23.2560
125,4,613.67,33527.97,41526.51,531.87,1645.87,5820.80,23.0549
125,4,501.51,26695.21,34483.26,724.23,1560.87,5502.95,23.8984
125,4,644.44,34889.39,42570.90,720.15,1631.27,5330.08,23.5942
125,4,383.52,23669.07,29484.19,592.36,1276.10,3946.65,22.4579
125,4,515.41,28976.30,36730.93,835.83,1376.00,5542.80,22.8967
125,4,541.59,32259.80,38949.31,714.52,1242.41,4732.58,20.7292
125,4,467.98,28018.34,33719.98,532.83,1208.53,3960.28,23.7021
125,4,413.64,24006.60,31290.82,713.51,1375.56,5195.16,20.7225
125,4,546.74,31405.42,39593.97,584.35,1489.98,6114.22,22.4026
150,4,484.88,27288.38,33808.62,569.86,1253.64,4696.74,27.7481
150,4,592.89,33785.06,41481.78,662.84,1608.51,5425.37,28.6422
150,4,569.00,32888.60,40253.11,628.89,1415.76,5319.86,28.5419
150,4,521.58,30250.32,36404.57,644.29,1478.67,4031.29,28.2597
150,4,642.52,36702.38,45339.08,688.17,1543.15,6405.38,28.3069
150,4,553.67,31743.52,39286.43,581.71,1416.24,5544.96,28.3830
150,4,603.61,33924.08,42190.76,716.26,1621.90,5928.52,28.2656
150,4,519.27,28531.41,36167.42,527.38,1294.09,5814.54,28.2435
150,4,491.77,26951.62,34445.61,872.30,1446.58,5175.11,24.4103
150,4,495.31,30078.52,37333.15,733.80,1311.18,5209.65,25.3383
150,4,520.25,29179.02,36486.60,840.49,1457.35,5009.73,25.4875
150,4,451.02,27537.68,33752.86,794.52,1342.01,4078.65,24.0158
150,4,611.86,36964.34,43632.01,620.55,1459.91,4587.21,25.0351
150,4,408.57,24216.86,31815.15,790.27,1343.16,5464.87,24.3073
150,4,411.66,24102.33,30633.02,833.99,1281.01,4415.70,24.6775
150,4,581.39,32678.15,40366.76,634.78,1518.16,5535.67,24.7048
150,4,618.42,34666.48,42720.96,706.77,1560.20,5787.51,26.0225
150,4,552.82,31708.31,39022.43,729.19,1601.08,4983.85,25.6465
150,4,730.30,40220.40,47533.22,687.19,1736.82,4888.81,27.5400
150,4,457.40,25890.69,33271.97,718.57,1288.63,5374.09,27.8130
150,4,652.50,35728.69,43835.10,677.87,1556.96,5871.58,24.7345
150,4,500.69,29130.36,37091.12,643.32,1555.66,5761.78,23.6690
150,4,547.01,32641.17,39725.68,658.33,1464.35,4961.82,25.1106
150,4,490.57,27522.88,34608.87,726.48,1442.84,4916.68,24.9366
150,4,463.36,27610.04,34802.73,794.48,1366.97,5031.24,25.5357
150,4,520.58,30452.10,37829.03,781.61,1364.30,5231.02,24.9744
150,4,594.72,34127.75,41654.11,602.61,1639.70,5284.05,24.3443
150,4,448.60,26325.24,33883.15,936.96,1317.16,5303.79,25.8284
150,4,567.34,30984.56,38199.93,729.73,1438.42,5047.22,23.5662
150,4,684.44,37771.82,45726.50,746.77,1712.99,5494.91,25.1644
150,4,479.62,27945.87,35110.84,744.03,1414.35,5006.60,26.6314
150,4,601.40,33825.56,41163.81,587.62,1492.96,5257.68,27.4386
150,4,479.10,26603.83,34342.35,755.72,1361.00,5621.80,25.0711
150,4,656.27,36151.04,43813.75,707.61,1659.18,5295.92,25.0985
150,4,495.54,27903.15,35907.83,576.90,1444.36,5983.41,24.8063
150,4,415.34,24878.52,30818.19,588.18,1192.11,4159.38,23.6492
150,4,734.89,40663.00,48295.52,558.23,1595.27,5479.02,24.5157
150,4,494.75,29201.89,35738.86,642.43,1393.69,4500.86,24.3673
150,4,489.07,27936.27,34786.23,658.88,1300.78,4890.30,24.9397
150,4,475.48,27720.42,34503.35,845.09,1423.00,4514.85,25.8164
150,4,532.82,29284.37,36193.13,760.24,1330.13,4818.39,25.3026
150,4,488.29,28634.56,34755.60,744.88,1356.90,4019.26,24.6437
150,4,621.68,32886.14,41795.47,708.88,1583.89,6616.57,27.0505
150,4,533.38,31401.53,37941.76,486.19,1342.46,4711.59,27.2520
150,4,391.96,23937.41,29906.34,601.27,1257.84,4109.82,23.6649
150,4,533.69,30212.86,38593.97,679.18,1576.77,6125.17,23.9021
150,4,478.21,27661.97,33703.49,590.29,1371.27,4079.96,24.9692
150,4,580.04,33004.84,40605.55,564.50,1415.04,5621.18,24.8805
150,4,748.82,41363.24,49447.56,719.47,1874.84,5490.01,25.8496
150,4,379.78,21598.53,28018.45,582.33,1232.71,4604.87,24.4977
150,4,552.60,32639.67,39764.86,618.82,1535.36,4971.01,24.3668
150,4,529.10,30505.55,37651.63,533.59,1404.59,5207.91,23.4790
150,4,615.17,35734.85,42832.39,807.80,1582.99,4706.76,25.7253
150,4,636.60,34808.57,42042.23,607.03,1464.75,5161.88,25.8737
150,4,535.35,30368.73,37843.87,728.00,1534.78,5212.37,27.1943
150,4,504.40,29176.29,36255.37,727.91,1496.58,4854.59,28.0605
150,4,580.36,31393.76,39540.25,1033.32,1295.19,5817.98,24.8827
150,4,650.12,35687.75,43318.35,722.25,1419.32,5489.04,25.4471
150,4,523.43,30695.42,37737.81,709.26,1473.72,4859.41,23.6763
150,4,555.01,32444.49,39217.10,626.11,1317.29,4829.21,23.7830
150,4,504.84,27175.75,35216.97,660.66,1425.53,5955.02,23.3571
150,4,567.49,32088.40,39682.70,921.10,1499.04,5174.17,24.1342
150,4,578.28,31617.48,38140.18,772.30,1411.88,4338.53,23.7379
150,4,616.40,34614.93,42385.38,933.86,1467.24,5369.35,24.0662
150,4,608.76,34712.27,42093.99,521.00,1474.66,5386.06,26.5446
150,4,516.69,29040.16,36231.47,753.58,1531.19,4906.55,26.1488
150,4,616.61,33624.18,41023.64,638.38,1412.53,5348.55,26.8218
150,4,653.74,35230.44,43349.22,670.44,1720.14,5728.20,25.4835
150,4,530.65,31324.68,38659.87,688.59,1488.53,5158.06,23.9728
150,4,563.63,32184.31,40501.37,664.04,1628.76,6024.26,25.8168
150,4,398.44,23220.88,29812.06,676.41,1310.10,4604.67,25.6100
150,4,496.07,27911.93,35005.14,677.36,1345.05,5070.81,26.8161
150,4,622.71,34665.51,42310.86,507.10,1382.18,5756.07,24.0916
150,4,495.31,28544.44,35718.29,871.67,1506.66,4795.51,23.4622
150,4,541.79,31774.23,39100.17,618.58,1490.37,5217.00,24.5599
150,4,631.35,35169.25,42805.68,685.07,1590.70,5360.66,25.1579
150,4,695.35,39654.08,47991.87,802.16,1899.18,5636.45,26.6028
150,4,514.45,29966.83,37215.18,717.68,1502.73,5027.94,26.3793
150,4,587.49,33472.89,41413.11,723.72,1630.13,5586.37,26.8446
150,4,558.55,32417.49,40104.53,694.55,1656.36,5336.14,25.3005
150,4,593.21,34309.08,41743.56,495.96,1343.95,5594.56,24.9729
150,4,563.10,32085.00,38853.17,586.77,1430.73,4750.67,24.2590
150,4,593.07,34686.74,41406.23,761.21,1541.46,4416.81,24.2672
150,4,559.15,31525.06,38262.65,765.84,1267.89,4703.86,23.6617
150,4,556.71,31534.29,37740.55,938.74,1327.57,3939.95,24.1581
150,4,556.77,31969.79,38979.42,760.12,1465.53,4783.99,24.3138
150,4,585.34,32767.77,39824.47,640.77,1420.10,4995.82,24.2391
150,4,593.65,32252.80,39297.59,527.24,1390.78,5126.77,23.7286
150,4,542.29,31541.63,38890.44,723.38,1352.86,5272.58,24.2911
150,4,602.21,33517.55,41312.99,608.86,1519.25,5667.33,24.6744
150,4,531.72,30465.42,38466.32,764.54,1497.78,5738.58,24.2523
150,4,678.87,36582.54,44874.60,532.06,1767.30,5992.70,24.4743
150,4,493.45,29257.18,37181.77,843.50,1533.54,5547.56,23.6007
150,4,708.36,39466.40,47097.48,562.70,1649.94,5418.44,25.6988
150,4,437.98,25349.85,31400.07,743.72,1309.53,3996.97,23.7318
150,4,601.30,32139.35,40045.78,724.25,1476.69,5705.49,24.2792
150,4,594.27,34140.20,40662.31,547.60,1220.06,4754.45,22.7742
150,4,518.06,29551.69,35747.79,943.71,1216.15,4036.24,24.4988
150,4,456.28,25602.41,33122.50,715.24,1468.46,5336.40,23.4197
150,4,613.78,34543.15,42893.84,766.26,1484.07,6100.37,25.2248
175,4,512.07,28170.59,34720.04,550.89,1274.97,4723.59,27.3285
175,4,623.28,35878.38,43426.42,628.58,1543.76,5375.70,29.6616
175,4,619.99,35079.32,42731.63,760.18,1509.33,5382.80,27.4577
175,4,511.57,30158.44,35997.39,662.31,1350.67,3825.97,29.9762
175,4,670.18,39324.13,47918.67,543.21,1536.66,6514.66,27.4977
175,4,572.67,34134.85,41776.45,557.60,1491.33,5592.67,29.8193
175,4,653.80,37897.22,46107.54,608.41,1594.26,6007.64,24.4550
175,4,539.60,29915.27,38013.72,644.50,1416.15,6037.80,29.6799
175,4,529.38,29801.54,37005.88,470.46,1442.26,5291.62,27.3809
175,4,569.96,33328.12,40581.28,527.31,1408.94,5316.91,28.5036
175,4,553.66,32023.97,39039.31,691.95,1350.22,4973.17,26.3721
175,4,509.15,29899.52,36179.38,694.08,1460.28,4125.51,24.0182
175,4,688.17,39773.66,46582.95,521.59,1584.78,4702.92,25.4650
175,4,456.54,26173.09,33750.69,648.11,1447.62,5481.86,24.3883
175,4,460.55,27095.58,33697.53,689.93,1385.22,4526.80,25.3028
175,4,612.28,35294.15,43237.92,797.19,1537.88,5608.69,25.1546
175,4,666.96,37538.50,45793.55,700.05,1602.29,5952.70,24.8582
175,4,635.97,35527.41,42953.17,603.88,1738.37,5083.51,24.8352
175,4,754.99,42640.61,50068.52,743.24,1725.46,4959.21,27.6240
175,4,480.16,27017.95,34228.32,566.39,1302.25,5341.72,26.2848
175,4,671.27,37865.86,45913.43,658.37,1479.77,5909.43,25.0200
175,4,521.72,30783.32,38698.87,737.63,1464.34,5713.58,24.3572
175,4,578.17,35361.18,42386.28,569.78,1427.50,5027.82,26.9658
175,4,534.39,30471.88,37857.32,761.44,1614.77,5009.23,24.6262
175,4,529.37,30176.11,37430.61,642.02,1523.61,5088.87,25.1153
175,4,565.90,33401.40,41125.00,832.07,1519.22,5372.31,24.3197
175,4,638.36,36264.63,43765.72,568.27,1616.52,5316.30,25.4192
175,4,489.03,29466.86,36713.32,630.63,1247.64,5368.18,26.0429
175,4,639.58,36357.78,43798.97,575.33,1533.48,5332.38,25.5964
175,4,736.69,40299.10,48333.09,744.07,1736.56,5553.36,26.2877
175,4,521.65,30351.28,37598.81,695.94,1454.66,5096.92,25.7700
175,4,644.89,36497.83,43821.03,526.52,1501.55,5295.13,25.0180
175,4,497.81,28541.57,36402.07,778.37,1447.52,5634.62,27.0192
175,4,667.54,37971.59,45487.76,611.34,1746.48,5158.35,28.4394
175,4,529.76,29186.82,37520.97,847.92,1505.51,5980.72,26.1227
175,4,450.18,26782.28,33036.62,735.59,1296.93,4221.82,24.6365
175,4,760.12,42734.70,50585.08,833.36,1500.36,5516.66,25.4726
175,4,507.73,29972.91,36541.47,585.10,1516.05,4467.42,24.8953
175,4,525.70,30037.48,36895.68,609.24,1347.56,4901.40,25.8411
175,4,529.99,30114.12,36974.60,618.33,1587.68,4654.47,24.4383
175,4,554.69,32165.42,39237.45,711.94,1372.89,4987.20,27.0096
175,4,498.49,30499.69,36611.95,768.67,1271.18,4072.41,24.9063
175,4,645.13,35459.97,44557.48,775.75,1640.19,6681.58,26.9779
175,4,570.25,32695.40,39451.31,714.69,1372.54,4668.68,25.4568
175,4,429.47,25527.50,31795.88,789.24,1297.93,4181.21,26.2014
175,4,587.55,32164.61,40413.20,490.46,1573.19,6184.94,28.5992
175,4,515.72,29673.45,35979.33,685.79,1460.26,4159.82,25.8920
175,4,625.66,35850.05,43837.98,712.22,1510.61,5765.10,24.9477
175,4,803.55,44903.87,52960.93,591.55,1899.91,5565.60,27.1993
175,4,424.66,23476.78,29976.82,535.55,1300.29,4664.19,24.4896
175,4,599.47,34499.76,41642.40,516.77,1580.06,5045.82,24.7827
175,4,553.57,31469.30,38905.15,704.46,1497.62,5233.77,24.4237
175,4,702.94,39568.05,46842.19,585.63,1802.53,4885.98,26.9645
175,4,654.85,36694.69,44085.55,627.59,1544.01,5219.26,25.6249
175,4,565.85,32115.68,39714.45,728.82,1564.04,5305.92,24.9182
175,4,538.07,31353.39,38516.41,682.07,1491.11,4989.84,24.3202
175,4,645.88,36115.16,44412.79,795.71,1440.17,6061.75,26.6032
175,4,702.56,38993.47,46844.23,710.49,1489.10,5651.17,25.8466
175,4,558.83,33387.98,40403.98,596.45,1417.69,5001.85,26.5976
175,4,604.81,34383.26,41186.87,628.40,1364.79,4810.41,26.1738
175,4,545.25,30617.85,38822.77,474.86,1538.09,6191.97,25.9318
175,4,608.94,33613.38,41044.62,816.75,1443.71,5170.79,26.3480
175,4,620.78,35601.33,42255.46,656.51,1498.18,4499.43,25.8231
175,4,664.19,36983.13,44966.71,902.60,1622.07,5458.91,26.7376
175,4,632.12,36906.43,44245.61,503.63,1481.25,5354.30,28.0794
175,4,552.50,31956.45,39461.28,790.70,1584.44,5129.68,27.9559
175,4,667.30,36683.11,44432.31,745.53,1510.87,5492.80,27.9631
175,4,675.11,37853.72,45663.37,580.82,1596.61,5632.22,26.4324
175,4,616.76,34288.63,41783.95,563.12,1537.30,5394.91,25.2221
175,4,616.68,34340.25,42635.03,663.24,1636.97,5994.57,26.9388
175,4,414.16,24775.32,31463.41,678.09,1316.19,4693.82,26.8905
175,4,528.68,30692.39,38452.98,853.83,1545.15,5361.61,27.9787
175,4,665.24,36557.09,44555.34,682.22,1470.96,5845.07,27.7738
175,4,512.32,30327.98,37484.29,823.62,1508.90,4823.80,27.1752
175,4,605.26,34322.83,41806.29,530.10,1667.89,5285.47,26.3814
175,4,696.41,39016.83,46562.69,468.46,1642.88,5434.52,27.7459
175,4,740.73,42516.79,50986.65,873.91,1867.65,5728.30,27.3175
175,4,515.89,31867.08,38930.52,502.19,1439.53,5121.71,28.0859
175,4,639.78,36078.04,44265.72,697.65,1752.43,5737.60,28.1955
175,4,599.12,34819.45,42545.57,679.83,1602.29,5444.00,27.8432
175,4,609.96,35558.53,43145.84,612.78,1397.15,5577.38,25.5210
175,4,619.28,34664.74,41649.02,627.36,1510.31,4846.60,26.6743
175,4,626.08,37341.14,44176.76,831.60,1529.37,4474.65,27.6474
175,4,594.50,33512.32,40550.44,839.60,1330.95,4867.57,26.4618
175,4,572.88,33700.88,39938.56,884.58,1330.56,4022.54,25.5148
175,4,600.39,34435.87,41732.89,677.98,1643.43,4975.61,26.4468
175,4,628.98,34890.75,42091.05,762.35,1444.07,4993.88,25.8536
175,4,579.33,34806.05,42108.60,667.08,1322.04,5313.44,25.3871
175,4,577.38,33174.57,40626.04,607.06,1417.66,5426.75,25.9656
175,4,690.97,36932.15,45042.26,547.33,1653.09,5909.69,25.9028
175,4,585.84,33296.81,41504.70,687.71,1601.24,5918.95,26.5458
175,4,720.97,39025.41,47734.64,727.42,1815.86,6165.95,25.6313
175,4,551.30,31120.43,38836.21,633.42,1471.99,5610.37,26.2861
175,4,765.92,41886.97,49850.44,640.52,1744.42,5578.52,25.6682
175,4,447.31,27377.21,33635.67,820.75,1363.98,4073.74,25.0681
175,4,623.31,34975.37,42937.22,808.86,1428.74,5724.26,27.1878
175,4,660.22,38235.79,45255.13,658.60,1362.26,4998.48,24.5295
175,4,546.17,32556.52,38562.03,636.56,1238.05,4130.90,24.0725
175,4,480.19,27697.29,35002.37,577.60,1431.03,5296.44,25.4919
175,4,674.79,38091.08,46711.78,733.74,1588.78,6298.19,26.6408
200,4,517.21,29119.33,35766.50,700.13,1219.26,4727.78,30.8735
200,4,648.44,37355.02,45033.40,751.14,1542.00,5385.23,32.1231
200,4,696.59,38359.98,46234.44,649.36,1663.69,5561.41,31.1720
200,4,576.25,33378.62,39508.89,720.78,1424.46,3985.03,31.9746
200,4,741.99,41800.97,50490.06,577.72,1551.99,6559.38,31.4331
200,4,622.23,35419.39,43339.05,593.76,1622.94,5702.96,32.2639
200,4,713.03,38831.99,47312.64,669.82,1757.25,6053.58,30.8133
200,4,573.89,31985.13,40015.37,588.99,1388.62,6052.62,31.9764
200,4,523.58,31212.91,38599.91,627.40,1371.91,5387.69,26.6344
200,4,589.94,34894.88,42378.59,565.91,1485.72,5432.08,28.2043
200,4,598.35,34762.63,42077.46,646.88,1490.59,5177.36,26.5583
200,4,532.01,31023.68,37144.82,589.09,1399.93,4132.12,26.8365
200,4,728.36,42220.27,49374.36,708.31,1675.10,4770.68,27.8436
200,4,492.15,28320.09,35947.99,598.92,1474.47,5554.51,25.7158
200,4,464.14,27220.28,33733.50,662.03,1377.59,4473.60,25.3316
200,4,663.10,38084.19,46014.70,549.98,1664.53,5715.99,26.7281
200,4,725.78,40215.07,48662.50,742.97,1677.95,6026.51,26.8956
200,4,643.89,36709.84,44560.14,905.31,1852.35,5092.63,27.8867
200,4,821.92,46044.22,53660.17,761.36,1823.58,5031.02,27.8311
200,4,501.61,28578.01,36178.97,660.61,1461.62,5478.73,27.6587
200,4,726.74,40815.50,48944.69,558.06,1571.39,5999.74,27.7882
200,4,555.16,32656.86,40614.21,626.38,1541.96,5789.01,26.9109
200,4,665.69,37414.63,44830.61,637.22,1616.64,5162.12,26.3479
200,4,561.43,32437.64,39652.20,733.08,1411.05,5070.43,26.1646
200,4,565.48,32129.18,39427.79,662.79,1504.70,5131.12,26.1399
200,4,583.89,34756.13,42109.10,587.26,1441.48,5324.24,25.5218
200,4,679.44,38391.33,46312.59,728.54,1828.46,5364.25,26.8311
200,4,557.03,31052.95,38685.65,686.58,1441.90,5504.22,26.2387
200,4,665.79,38829.40,46626.44,680.29,1635.54,5481.21,26.4055
200,4,762.08,42750.63,50807.81,723.98,1743.20,5590.01,26.4258
200,4,546.48,32151.45,39673.04,829.11,1523.43,5169.04,26.7041
200,4,647.14,36255.43,43978.26,857.39,1489.24,5376.20,26.0410
200,4,530.57,30621.44,38676.62,833.66,1452.48,5769.03,26.5335
200,4,714.11,41199.78,49363.10,862.00,1811.71,5489.61,26.9632
200,4,581.95,31948.34,40239.89,616.26,1571.55,6103.75,26.9893
200,4,456.08,28106.61,34344.49,651.45,1334.31,4252.13,27.3368
200,4,801.38,46645.45,54506.89,687.10,1525.59,5648.75,26.4712
200,4,534.11,32768.58,39651.07,693.90,1559.01,4629.58,26.4071
200,4,544.42,31046.70,38110.98,746.60,1341.73,4975.95,27.4694
200,4,543.10,31519.93,38539.78,823.51,1522.07,4674.26,26.3126
200,4,577.59,34555.50,41555.07,593.15,1320.50,5085.91,26.3351
200,4,574.91,32582.03,38895.02,792.06,1426.26,4094.68,27.3432
200,4,668.51,37481.03,46531.88,687.83,1593.93,6769.08,26.4769
200,4,610.99,35881.57,42804.31,556.44,1554.02,4812.29,26.0451
200,4,444.90,26836.86,32919.45,553.48,1326.50,4202.60,25.8646
200,4,604.18,34505.06,42976.61,628.60,1597.94,6245.00,28.0358
200,4,538.03,31372.28,37716.79,565.05,1522.13,4257.33,27.2233
200,4,656.51,38201.32,46345.75,636.07,1631.43,5876.93,26.9563
200,4,842.86,46964.38,54938.93,586.65,1871.66,5516.24,27.3787
200,4,433.40,24647.33,31251.82,630.90,1311.28,4662.31,25.7251
200,4,620.51,36702.20,44034.93,709.81,1576.99,5045.92,26.4254
200,4,583.89,34685.50,41989.21,573.90,1434.72,5295.08,27.8037
200,4,704.72,40533.78,48247.35,913.07,1838.60,4961.90,26.1949
200,4,683.87,39728.07,47161.00,551.96,1559.32,5321.65,27.2264
200,4,593.52,34120.09,41671.85,657.91,1589.88,5303.97,27.2012
200,4,586.03,33641.32,40946.79,741.60,1573.87,4990.00,27.8127
200,4,686.73,38103.14,46576.46,960.02,1434.92,6078.38,26.7646
200,4,743.81,41921.89,49790.36,662.37,1494.60,5711.49,28.3584
200,4,595.60,35197.45,42616.38,861.70,1495.18,5062.04,27.3622
200,4,613.44,36307.71,43407.76,736.33,1374.21,4989.51,26.9467
200,4,563.42,31497.72,39935.20,656.50,1570.91,6210.07,27.2644
200,4,658.43,36956.91,44969.08,1076.13,1655.26,5280.79,27.0062
200,4,638.51,36848.24,43701.11,819.23,1540.91,4492.73,27.8160
200,4,674.06,39422.42,46923.59,501.95,1513.00,5486.22,27.3771
200,4,678.15,38952.67,46679.16,716.50,1538.72,5471.27,27.9683
200,4,592.59,33144.61,40742.59,791.45,1705.35,5101.17,27.9331
200,4,691.10,39012.15,46685.39,660.07,1427.58,5585.59,27.8939
200,4,697.54,39893.28,47865.20,626.70,1545.65,5799.56,26.3141
200,4,616.27,35696.60,43106.48,571.90,1430.66,5407.32,25.8365
200,4,623.82,36594.61,44819.55,605.06,1528.05,6091.83,27.6987
200,4,447.90,26619.22,33566.97,682.84,1466.11,4798.80,26.9832
200,4,580.28,32698.87,40454.45,786.80,1560.31,5408.47,28.1034
200,4,724.18,39408.70,47586.88,708.03,1567.95,5902.21,26.8183
200,4,548.20,31918.27,39001.64,718.23,1496.51,4868.64,26.6885
200,4,614.81,35608.20,43327.81,708.95,1724.75,5285.91,26.0826
200,4,702.09,39866.50,47384.61,508.46,1607.03,5402.62,28.2315
200,4,812.92,45153.11,53979.90,872.62,2044.49,5909.68,27.5882
200,4,581.80,33557.58,40869.98,689.15,1501.02,5122.23,26.7443
200,4,702.24,38727.15,47096.11,700.17,1860.13,5808.67,27.7365
200,4,635.12,36721.65,44711.44,695.32,1795.34,5499.14,27.3748
200,4,702.75,38884.85,46740.19,569.13,1526.32,5759.89,26.1204
200,4,634.30,35926.25,43145.11,740.42,1533.00,4945.44,27.2744
200,4,677.00,39427.09,46448.67,807.56,1646.13,4567.89,27.4490
200,4,649.09,35926.35,43021.76,849.85,1384.15,4861.40,25.9343
200,4,618.00,36756.88,42882.77,682.77,1324.59,4118.52,26.3760
200,4,601.49,35618.61,43137.93,925.72,1600.41,4993.19,28.7070
200,4,651.49,36936.33,44084.57,530.84,1460.37,5157.03,26.7604
200,4,644.95,37303.89,44730.46,569.93,1474.79,5381.84,27.1375
200,4,628.81,34983.42,42960.94,954.97,1537.03,5485.52,26.5727
200,4,686.30,39153.68,47321.74,647.62,1595.54,5924.89,26.0704
200,4,627.63,34959.16,43331.89,903.54,1528.84,5940.35,26.2918
200,4,736.32,41268.55,49899.74,624.79,1807.00,6199.40,28.3512
200,4,606.50,33053.59,41399.31,947.29,1694.75,5703.68,28.0841
200,4,796.08,43619.38,51790.41,665.62,1811.78,5693.63,26.3921
200,4,467.85,29520.05,35632.78,569.04,1359.57,4184.12,25.7067
200,4,649.72,36134.23,44510.37,980.45,1441.63,5954.06,27.6428
200,4,713.73,40629.37,47662.00,531.36,1427.24,5074.03,26.3872
200,4,591.69,34568.19,40813.16,774.31,1276.17,4194.49,26.7433
200,4,499.52,28319.88,35972.27,738.37,1467.21,5446.81,27.5098
200,4,685.39,40049.46,48668.94,658.94,1547.69,6412.85,27.9388
225,4,548.30,31282.05,37845.44,489.21,1227.36,4846.82,28.5553
225,4,692.49,40012.88,47831.98,681.17,1623.84,5514.08,33.6188
225,4,690.33,38476.42,46215.71,707.73,1591.77,5439.78,29.0727
225,4,602.11,35819.98,42040.13,649.36,1452.57,4118.22,32.8576
225,4,752.81,43273.58,52167.03,636.02,1610.15,6647.29,28.7524
225,4,664.16,37225.98,45373.37,665.69,1722.77,5758.93,32.9937
225,4,742.76,42314.70,50976.55,632.01,1792.03,6237.80,29.3320
225,4,584.53,33647.17,41584.86,588.83,1345.14,6003.72,32.8278
225,4,567.90,31836.22,39591.37,971.35,1427.79,5356.01,26.8644
225,4,614.47,35801.42,43613.41,788.18,1491.87,5531.94,27.8373
225,4,642.85,36536.57,43664.96,510.60,1470.19,5147.60,27.3723
225,4,572.91,32584.71,39157.77,666.77,1590.49,4315.80,27.8053
225,4,780.83,44626.70,51758.42,653.30,1649.38,4829.04,28.4871
225,4,501.88,29603.52,37455.54,727.69,1505.96,5618.37,27.2128
225,4,504.96,29392.98,35838.02,545.87,1327.82,4571.34,26.2255
225,4,693.83,39355.76,47724.97,817.26,1741.79,5810.16,28.7166
225,4,752.73,41439.55,50000.96,767.75,1714.83,6078.83,29.1113
225,4,666.61,38418.30,45779.35,560.38,1719.57,5081.11,28.5693
225,4,868.86,49181.41,56979.43,631.76,2036.20,5130.07,28.3309
225,4,529.71,29841.60,37552.65,787.08,1380.05,5543.93,28.8767
225,4,768.51,42521.34,50765.98,573.68,1673.03,5997.93,28.4219
225,4,589.66,33854.36,41888.63,573.47,1640.78,5820.01,27.2526
225,4,674.85,39528.11,46802.60,619.54,1534.52,5120.43,28.1731
225,4,615.65,34456.38,41718.46,533.63,1587.70,5140.75,27.6344
225,4,553.55,32762.61,40047.81,643.15,1510.26,5131.79,27.0642
225,4,643.04,36698.24,44402.89,707.51,1531.56,5465.57,27.0083
225,4,718.37,40859.29,48804.49,564.23,1892.61,5488.35,27.7438
225,4,548.53,32361.35,40004.59,811.66,1365.34,5466.24,28.0240
225,4,714.56,40250.15,47990.58,742.66,1539.45,5458.31,29.3030
225,4,798.22,45610.42,53748.65,652.46,1807.42,5678.36,28.3492
225,4,554.38,33256.39,40852.36,805.16,1637.13,5153.68,27.7540
225,4,662.11,38738.66,46334.33,663.54,1499.30,5432.83,29.8026
225,4,569.91,32710.62,40588.63,525.60,1512.74,5839.67,27.2705
225,4,738.39,42820.23,50934.11,793.35,1747.45,5573.09,27.4318
225,4,599.41,33271.12,41509.57,559.15,1548.09,6131.22,27.1431
225,4,496.65,29831.59,36077.66,589.98,1340.48,4315.61,26.6811
225,4,851.93,48590.08,56657.48,704.50,1602.05,5760.86,28.0786
225,4,589.41,34668.07,41606.33,665.10,1601.27,4671.89,27.0477
225,4,564.32,32439.78,39678.62,850.13,1406.97,4981.74,28.1578
225,4,589.08,34389.30,41269.91,575.82,1551.85,4752.93,27.8732
225,4,601.43,35792.08,42929.50,640.42,1414.96,5082.05,28.5103
225,4,576.46,34486.23,40624.89,592.01,1413.16,4133.49,26.7144
225,4,679.49,39998.18,49109.02,695.96,1580.21,6834.66,27.6479
225,4,657.83,37592.50,44879.71,765.32,1604.69,4917.21,29.1677
225,4,467.07,27895.82,34420.88,891.62,1353.03,4280.40,27.0710
225,4,641.20,36187.21,44954.08,732.52,1755.67,6278.68,27.2502
225,4,532.43,32106.74,38410.63,599.27,1437.55,4267.06,26.6350
225,4,707.55,39844.19,48076.88,631.39,1687.00,5914.31,28.2685
225,4,895.01,50624.16,59122.05,724.65,2051.12,5722.12,28.1026
225,4,446.07,25970.09,32689.86,644.04,1263.45,4812.28,26.5925
225,4,671.97,38842.60,46483.00,718.59,1727.23,5194.57,27.4972
225,4,617.82,35897.03,43465.17,713.12,1532.95,5322.06,27.6760
225,4,752.27,43061.90,50836.95,811.37,1877.66,5086.03,27.5421
225,4,721.20,41700.35,49351.21,770.71,1529.95,5350.20,30.1027
225,4,624.96,35520.83,43547.55,773.98,1769.81,5482.93,28.1932
225,4,580.00,34212.42,41674.16,900.69,1570.39,4990.65,27.9475
225,4,717.53,40826.86,49415.21,793.01,1578.11,6217.23,27.9141
225,4,781.99,44307.12,52332.66,616.23,1672.31,5737.00,30.3001
225,4,626.86,36941.67,44099.41,566.85,1563.36,5027.52,29.0433
225,4,701.67,39943.99,47109.12,613.15,1528.73,5023.25,26.4770
225,4,604.83,33391.82,41749.00,572.61,1592.20,6192.37,27.7189
225,4,686.56,38686.10,46608.39,932.50,1600.95,5388.84,27.1278
225,4,676.20,38692.82,45489.85,801.07,1465.17,4530.79,30.5300
225,4,714.19,40975.82,48672.21,540.02,1599.94,5556.43,30.1058
225,4,699.05,41208.58,49065.24,858.88,1525.24,5472.54,29.3326
225,4,594.20,34943.91,42490.91,698.71,1682.22,5166.07,28.3855
225,4,717.82,40362.72,48314.74,810.88,1526.20,5614.93,28.3769
225,4,754.55,42869.96,50805.78,486.76,1646.76,5802.30,29.4158
225,4,644.60,37935.89,45366.03,563.33,1415.90,5450.91,26.8884
225,4,670.61,38143.78,46570.33,568.58,1689.72,6168.25,30.6084
225,4,462.55,27801.53,34529.98,549.20,1348.82,4830.43,26.3555
225,4,587.36,33510.72,41370.80,835.23,1570.44,5454.41,27.5954
225,4,759.75,41984.70,50278.98,717.61,1668.71,5907.96,27.5696
225,4,555.72,31834.21,39477.10,1176.80,1482.48,4983.61,27.9528
225,4,655.53,38114.06,45731.06,576.96,1717.64,5322.40,28.5013
225,4,727.59,42894.80,50831.07,737.03,1668.45,5530.78,28.5512
225,4,834.64,47686.26,56573.94,928.44,1964.19,5995.05,28.6480
225,4,589.80,34783.34,42449.15,828.38,1647.47,5189.95,28.5573
225,4,678.89,38426.99,46578.35,713.86,1821.81,5615.69,29.0852
225,4,677.65,39493.60,47560.85,728.91,1804.88,5533.46,28.9976
225,4,706.91,40843.28,48723.72,530.57,1558.32,5791.55,27.5990
225,4,674.41,38380.12,45575.01,608.20,1597.91,4988.79,30.1662
225,4,725.32,41906.91,48957.00,719.92,1706.33,4623.84,28.2188
225,4,660.61,37503.56,44580.32,832.98,1267.46,4976.33,28.4331
225,4,624.87,38537.83,44593.15,602.29,1281.07,4171.95,27.3714
225,4,660.04,37624.44,45110.58,729.22,1700.93,5056.00,31.1114
225,4,675.77,38644.67,45981.01,680.26,1536.43,5119.64,28.9236
225,4,633.00,39116.51,46453.80,649.19,1322.03,5366.08,28.3212
225,4,606.41,35961.94,43301.52,543.15,1377.74,5418.70,27.9822
225,4,734.65,40463.81,48640.96,688.27,1579.05,5909.84,27.2900
225,4,681.73,38316.52,46538.06,653.50,1676.54,5891.50,27.2451
225,4,768.52,43436.10,52110.62,617.73,1877.27,6179.52,29.3614
225,4,607.97,34889.12,42738.13,623.49,1559.34,5666.18,28.4389
225,4,866.97,47307.36,55773.40,764.47,1941.52,5760.06,27.5462
225,4,507.63,30606.73,37094.09,822.51,1442.07,4222.78,27.9886
225,4,685.08,39307.13,47705.00,896.35,1511.96,5989.55,29.1888
225,4,740.09,42387.56,49847.17,838.38,1505.43,5115.80,27.1210
225,4,612.72,36573.31,42725.45,497.67,1408.21,4246.26,27.7125
225,4,554.56,30467.42,38215.43,588.16,1617.08,5542.77,24.3516
225,4,717.45,41596.11,50345.61,694.98,1579.69,6474.83,29.4023
250,4,573.44,33322.69,40024.39,609.14,1235.78,4856.78,29.1396
250,4,731.05,41659.49,49662.95,668.92,1737.40,5597.14,34.7174
250,4,712.83,40655.54,48617.33,838.43,1583.62,5539.74,29.1692
250,4,640.74,37401.29,43839.82,705.58,1513.71,4219.23,34.5968
250,4,812.32,46005.46,55017.65,511.91,1780.03,6720.24,30.3471
250,4,654.70,37401.77,45295.13,673.13,1460.39,5759.84,34.2668
250,4,764.63,43368.27,52143.72,722.46,1795.90,6257.09,29.5859
250,4,644.65,35458.27,43640.29,594.47,1460.62,6126.93,33.9581
250,4,560.13,32933.32,40318.79,681.27,1392.96,5311.25,28.4060
250,4,641.61,37848.52,45298.59,484.91,1484.49,5480.66,29.0260
250,4,649.25,37915.65,45260.63,599.16,1592.26,5153.56,28.1052
250,4,591.46,34411.57,40900.09,676.88,1558.58,4253.06,28.5244
250,4,804.31,46755.44,53959.86,581.24,1728.98,4894.21,31.1324
250,4,536.61,30616.68,38415.72,603.82,1613.19,5582.02,30.2237
250,4,519.53,30276.53,37471.88,831.71,1649.72,4713.92,28.8295
250,4,684.89,39834.48,48110.83,873.29,1654.38,5748.68,28.4858
250,4,760.51,43578.27,52180.63,815.67,1682.07,6104.62,29.2698
250,4,705.22,40903.40,48364.45,535.73,1745.32,5180.00,29.9960
250,4,889.02,50648.20,58627.37,897.76,1946.74,5134.66,31.9885
250,4,561.13,31783.50,39406.52,592.34,1414.79,5615.89,27.6018
250,4,795.65,44110.74,52368.57,590.87,1643.70,6023.26,29.0472
250,4,612.07,35919.60,44382.98,771.81,1725.29,5966.28,31.6884
250,4,667.20,40436.36,47803.18,698.01,1560.71,5108.11,32.1483
250,4,636.22,35385.31,42627.95,526.04,1546.65,5169.95,30.0881
250,4,607.11,35491.20,42928.79,601.13,1547.44,5289.03,28.4230
250,4,656.37,38085.58,46034.22,884.34,1513.04,5551.25,29.8917
250,4,726.45,42728.75,50594.50,618.29,1738.27,5509.19,28.9316
250,4,553.32,32775.25,40408.04,836.73,1390.93,5405.13,29.7903
250,4,749.83,42646.40,50653.16,719.30,1712.86,5574.60,30.1149
250,4,832.48,46495.73,55051.63,770.67,2008.91,5776.32,30.8231
250,4,564.82,34719.39,42560.21,900.74,1681.82,5258.25,28.4283
250,4,730.91,41503.98,49478.89,835.97,1603.80,5535.14,28.9936
250,4,578.77,33056.40,40939.63,785.94,1440.76,5656.54,30.9364
250,4,773.95,45307.64,53271.11,537.03,1873.52,5552.92,28.8104
250,4,596.81,34463.74,43158.35,758.78,1715.48,6220.36,33.4103
250,4,534.40,31648.14,37920.76,505.68,1392.90,4374.04,29.6437
250,4,903.74,51702.37,59718.71,578.96,1619.45,5817.94,30.4649
250,4,609.46,35549.31,42657.79,731.33,1656.31,4720.85,30.5333
250,4,593.03,34523.41,41758.25,695.55,1432.90,5106.39,28.4964
250,4,582.28,35070.92,41918.55,606.58,1531.91,4709.14,29.8076
250,4,643.44,37107.05,44209.80,609.26,1352.41,5141.08,30.0405
250,4,603.03,35486.64,41898.88,721.95,1567.22,4123.08,29.5083
250,4,753.91,40911.01,50530.64,896.24,1815.13,6908.27,29.1251
250,4,688.16,39035.06,45988.60,498.65,1541.57,4913.31,27.7536
250,4,488.51,29583.31,35997.05,706.75,1360.68,4346.32,28.6210
250,4,653.74,37051.71,45628.48,647.18,1678.04,6251.55,27.9872
250,4,589.41,33831.76,40269.41,639.38,1512.93,4285.34,29.0661
250,4,736.89,42514.81,50557.60,460.30,1544.79,6037.69,31.4065
250,4,904.51,51817.85,60224.13,650.90,1974.34,5781.03,31.7111
250,4,456.64,27099.30,34069.68,738.02,1414.17,4818.20,29.1676
250,4,668.68,39632.65,47294.24,731.58,1748.95,5181.07,30.3799
250,4,606.09,36540.63,44157.61,685.04,1568.23,5363.71,28.2422
250,4,794.49,44863.11,52707.71,705.73,2013.83,5125.05,29.4630
250,4,761.52,44075.68,51554.53,560.80,1573.24,5344.81,30.9530
250,4,633.67,36204.44,44152.68,851.39,1626.07,5470.79,29.4843
250,4,621.25,36158.51,43580.41,857.49,1562.77,5001.63,28.1688
250,4,727.08,41270.68,49924.42,1088.22,1385.73,6179.79,30.0737
250,4,819.03,46774.19,54813.32,595.52,1614.50,5829.11,30.0373
250,4,658.97,37799.74,45414.62,771.18,1662.91,5180.79,29.5367
250,4,702.85,40712.66,47695.13,518.92,1487.13,4976.42,29.3543
250,4,633.72,35215.49,43899.32,616.41,1667.06,6400.36,28.8532
250,4,718.93,40657.39,48409.70,704.18,1612.96,5435.17,28.2039
250,4,681.35,40444.72,47410.15,788.69,1573.87,4602.87,29.4344
250,4,749.64,43314.26,51080.75,590.99,1589.10,5586.41,30.1526
250,4,696.05,43349.51,50930.00,641.20,1417.39,5521.91,29.7420
250,4,645.83,36765.57,44573.56,697.33,1896.34,5214.31,27.7439
250,4,769.99,42591.29,50569.22,673.63,1593.65,5710.66,28.9243
250,4,746.27,44135.78,52146.23,522.50,1659.03,5828.93,30.3838
250,4,695.71,39893.81,47424.28,518.38,1496.31,5515.78,28.7899
250,4,684.05,39909.13,48474.98,582.55,1724.35,6258.94,29.2432
250,4,479.86,28239.56,35000.48,598.49,1410.60,4751.84,28.3200
250,4,616.34,34989.03,42552.95,645.85,1528.72,5389.35,29.5572
250,4,779.04,43574.00,51667.02,568.94,1533.96,5990.12,30.1613
250,4,591.88,35164.88,42507.78,746.74,1571.97,5024.19,29.0353
250,4,694.02,40814.29,48660.25,626.15,1779.71,5440.09,28.7842
250,4,772.20,45411.98,53564.02,780.66,1770.81,5600.58,31.3384
250,4,837.13,48745.01,57559.53,897.92,1954.38,5962.21,30.4091
250,4,622.37,36786.18,44307.30,638.84,1564.88,5317.40,29.7099
250,4,730.60,41870.97,50092.11,532.51,1835.55,5853.08,28.4274
250,4,720.44,41465.06,49725.12,666.75,1938.80,5654.51,29.7809
250,4,733.54,41681.08,49293.12,418.51,1403.32,5790.22,29.2807
250,4,685.22,40308.76,47412.93,520.65,1521.06,5062.46,30.7322
250,4,752.88,44117.41,51012.07,603.86,1649.08,4641.72,30.2476
250,4,721.12,38997.59,46167.21,826.54,1362.01,4981.07,28.2359
250,4,656.78,38656.45,44963.03,753.53,1402.89,4150.16,30.2801
250,4,681.88,39160.10,46333.70,523.44,1625.34,5024.83,29.2166
250,4,715.73,40759.42,48012.87,536.05,1537.02,5180.38,30.5832
250,4,690.54,41004.59,48342.90,412.38,1439.92,5486.01,27.8896
250,4,654.65,38774.15,46391.36,692.52,1413.83,5510.87,30.8241
250,4,740.77,43237.48,51415.26,568.75,1497.88,6111.16,25.1754
250,4,699.02,39982.44,48477.10,825.53,1630.46,6038.67,24.5678
250,4,830.94,45991.17,54671.58,566.74,1856.36,6257.31,28.2929
250,4,620.84,36846.61,44642.41,576.76,1503.82,5715.22,28.1144
250,4,895.96,49529.85,57979.92,622.73,1977.28,5850.06,28.8433
250,4,524.51,31933.51,38485.20,794.90,1488.57,4268.21,28.2810
250,4,731.61,40191.26,48935.79,1214.24,1543.77,5986.52,28.8992
250,4,758.08,44075.67,51544.54,875.03,1433.99,5159.85,28.5505
250,4,609.86,38069.01,44144.01,527.16,1243.28,4304.56,29.1544
250,4,556.05,32047.13,40084.16,739.85,1678.25,5618.93,28.1875
250,4,772.26,43209.40,51864.78,615.37,1587.44,6452.57,29.9085
275,4,610.95,34362.14,41261.56,606.17,1371.16,4922.09,30.4460
275,4,738.28,43185.96,51213.20,743.90,1685.09,5598.25,37.1348
275,4,760.56,43268.63,51087.78,656.40,1550.88,5611.86,32.1594
275,4,645.08,39028.45,45431.96,641.41,1565.32,4196.79,36.9639
275,4,813.82,47116.37,56347.49,735.37,1732.46,6763.28,32.8415
275,4,706.62,39810.52,47909.11,627.80,1667.64,5803.15,38.4042
275,4,780.80,43980.65,52868.18,800.38,1804.02,6283.13,32.1309
275,4,636.16,35437.28,43851.03,763.34,1461.74,6188.66,37.7169
275,4,599.74,34935.65,42706.02,831.08,1506.03,5433.26,32.0136
275,4,649.63,38046.08,45790.75,753.08,1505.50,5486.09,31.4346
275,4,694.61,40778.53,48295.94,631.05,1589.56,5296.80,29.8241
275,4,590.36,35102.80,41544.04,664.89,1491.77,4284.57,32.4063
275,4,803.90,48862.54,56049.03,593.61,1628.65,4964.23,31.6557
275,4,538.88,32142.74,40148.05,723.76,1539.34,5742.20,29.6941
275,4,526.91,31013.75,37967.83,661.43,1572.37,4720.28,29.8590
275,4,747.42,43130.65,51301.68,482.13,1827.28,5861.62,32.9020
275,4,805.19,45692.10,54245.42,672.43,1755.01,6125.88,33.0409
275,4,753.38,42326.37,50133.70,670.81,1858.54,5277.99,31.9847
275,4,900.45,52409.83,60092.39,669.53,1848.47,5164.55,31.6413
275,4,553.47,32439.17,40126.43,634.96,1436.05,5616.25,30.0937
275,4,819.50,46249.58,54701.45,723.30,1657.15,6071.41,32.2746
275,4,656.53,36795.72,45221.38,596.96,1793.35,6035.36,31.4119
275,4,700.17,42362.65,49940.30,891.94,1500.43,5185.27,30.8983
275,4,619.24,36678.11,43942.47,638.61,1482.26,5143.49,30.3691
275,4,612.32,36272.21,43822.73,626.86,1598.35,5325.31,29.6127
275,4,680.55,41232.38,48985.94,581.49,1551.90,5620.17,29.8193
275,4,764.97,43507.56,51641.10,809.76,1801.52,5522.26,32.4543
275,4,591.38,34489.58,42055.96,718.42,1322.85,5525.11,30.0654
275,4,782.79,44911.95,52928.82,834.42,1566.43,5616.03,30.4223
275,4,860.19,48199.71,56697.84,732.07,1956.52,5809.54,32.5226
275,4,613.81,36320.45,43923.46,652.27,1631.21,5319.54,32.0440
275,4,742.81,42525.09,50486.06,755.79,1685.83,5519.35,29.5933
275,4,587.60,34753.04,42697.95,649.38,1430.07,5865.47,30.5968
275,4,820.70,46531.16,54622.52,678.26,1831.07,5582.04,30.3159
275,4,664.17,36844.04,45370.88,575.93,1621.54,6329.37,33.6495
275,4,521.01,31453.57,37788.30,642.61,1438.71,4253.41,28.6803
275,4,905.24,51278.00,59275.29,703.73,1469.58,5823.97,30.9998
275,4,624.08,36890.17,44117.10,774.83,1745.46,4706.64,30.7436
275,4,556.56,35377.78,42573.35,746.17,1307.28,5142.12,31.3102
275,4,631.28,37138.74,44362.40,770.52,1671.96,4781.17,31.6023
275,4,646.96,37299.00,44782.82,845.54,1548.90,5089.38,30.7716
275,4,627.95,36964.40,43328.89,644.89,1523.20,4196.41,32.4990
275,4,773.29,43261.99,52416.54,599.73,1650.06,6904.77,30.2472
275,4,691.89,40136.17,47371.07,619.11,1669.27,4946.52,29.5919
275,4,516.38,30768.64,37312.37,767.25,1381.38,4395.09,30.5285
275,4,667.57,39001.59,47631.56,641.58,1657.63,6330.76,32.6777
275,4,610.79,36316.92,42845.11,665.80,1525.28,4337.12,29.2171
275,4,726.15,43699.97,51915.51,553.16,1616.48,6045.90,31.0345
275,4,954.47,54536.20,63068.57,720.08,2042.58,5769.71,36.0066
275,4,450.10,28317.23,35125.83,670.05,1331.96,4806.60,28.5702
275,4,685.03,42255.79,49664.48,678.28,1520.38,5210.03,31.1354
275,4,637.33,38640.29,46285.99,654.14,1594.60,5396.96,32.0465
275,4,817.16,46775.98,54685.10,941.87,1894.98,5072.28,32.1611
275,4,765.17,44530.90,51957.33,577.60,1479.90,5368.92,31.9165
275,4,659.60,38392.68,46408.53,832.35,1757.24,5426.26,33.1541
275,4,625.16,37915.98,45221.64,652.70,1630.04,5022.92,32.7670
275,4,783.31,44135.35,52955.75,939.79,1559.08,6321.52,32.4674
275,4,823.31,46625.71,55163.78,1070.25,1727.32,5740.51,32.8775
275,4,674.47,39808.90,47406.72,779.00,1625.05,5193.77,30.0240
275,4,756.46,42965.97,50242.35,691.35,1524.05,5060.98,30.3631
275,4,628.13,36426.94,44881.43,571.41,1527.02,6356.06,28.7144
275,4,739.24,41025.93,49007.68,877.27,1622.73,5481.75,32.8278
275,4,686.72,40865.84,47471.27,592.74,1475.95,4536.74,31.6954
275,4,787.61,45501.69,53459.10,698.18,1604.81,5654.42,29.9358
275,4,760.40,44768.35,52578.65,640.35,1549.10,5620.85,30.9984
275,4,651.78,38830.70,46343.81,615.55,1662.64,5234.92,31.8632
275,4,768.56,42458.61,50404.86,825.41,1493.81,5627.02,31.2369
275,4,732.04,45088.77,53387.93,777.31,1560.23,5961.62,30.7955
275,4,705.75,41892.40,49767.79,690.62,1627.24,5557.53,31.2168
275,4,685.35,41336.96,49918.45,681.47,1728.05,6171.97,31.7330
275,4,486.95,29355.36,36338.62,746.05,1432.68,4804.53,30.1889
275,4,632.62,35393.72,43566.09,1064.88,1588.96,5518.54,29.3689
275,4,810.39,45299.04,53636.42,686.49,1581.90,6068.99,30.9440
275,4,636.69,37469.55,44737.91,565.77,1660.42,5042.18,29.8163
275,4,695.61,40995.42,49096.80,921.63,1760.36,5419.39,31.5828
275,4,799.55,46450.80,54322.83,506.01,1724.19,5641.83,31.9834
275,4,895.88,51899.98,60883.34,960.21,2079.58,5943.57,33.9059
275,4,631.65,37998.49,45422.66,559.45,1625.56,5239.15,32.5067
275,4,764.45,42936.46,51260.40,553.59,1966.15,5804.19,31.7870
275,4,709.82,42668.60,51061.05,791.17,1914.14,5687.13,32.8313
275,4,755.40,42949.16,51312.48,862.68,1612.62,5888.01,30.5239
275,4,722.44,42089.03,49355.21,662.61,1496.30,5107.27,30.9388
275,4,764.65,45255.75,52282.26,725.37,1655.17,4645.97,32.1180
275,4,730.65,40714.65,48447.69,1156.43,1455.10,5121.52,30.2229
275,4,656.11,40070.35,46365.24,741.65,1395.70,4157.55,32.9823
275,4,685.51,39615.99,47149.85,826.84,1607.93,5099.08,33.0390
275,4,729.76,42506.69,50040.58,699.82,1604.20,5229.87,30.8346
275,4,724.57,42154.44,49589.78,424.07,1515.68,5495.58,30.1341
275,4,681.02,39784.07,47584.98,721.46,1545.74,5533.71,32.0608
275,4,779.81,44761.52,53116.61,552.77,1776.49,6025.83,29.7550
275,4,713.70,41867.49,50368.48,753.23,1673.67,6074.09,30.6445
275,4,846.52,47964.82,56931.22,716.02,1913.12,6337.26,32.3901
275,4,648.25,37932.59,46038.98,673.25,1690.86,5742.27,30.7935
275,4,924.99,51089.01,59496.08,661.77,1913.60,5831.70,30.1684
275,4,547.36,32746.24,39415.05,918.42,1502.84,4247.54,28.0243
275,4,752.13,43068.44,51534.81,850.35,1561.66,6054.36,34.9708
275,4,819.18,45264.58,52707.00,730.72,1486.23,5225.47,33.9496
275,4,692.47,40391.17,46717.41,559.65,1432.94,4333.65,32.1494
275,4,562.01,33102.74,40845.45,559.67,1627.28,5555.76,34.1328
275,4,787.42,45099.70,53926.07,654.44,1701.90,6470.02,33.8017
300,4,572.04,35619.96,42515.50,637.62,1316.97,4940.95,34.1102
300,4,732.78,43356.06,51348.97,698.16,1687.03,5607.71,39.4240
300,4,775.98,45340.56,53317.61,577.78,1756.61,5642.66,31.7042
300,4,677.53,40474.19,46915.93,599.23,1629.90,4212.60,38.4583
300,4,825.06,49486.00,58722.99,703.79,1785.96,6747.24,35.0444
300,4,702.00,41779.45,49948.26,608.79,1676.57,5883.46,39.2992
300,4,819.62,47088.31,56024.46,725.07,1883.31,6327.76,32.6764
300,4,635.07,36822.65,45415.45,914.45,1465.34,6213.01,39.6153
300,4,628.31,36827.94,44598.85,807.13,1461.84,5501.94,33.1301
300,4,675.11,39416.37,46982.02,523.31,1555.84,5486.50,32.9876
300,4,660.83,39822.75,47259.93,749.10,1416.09,5271.99,34.0827
300,4,607.26,36649.37,43230.88,740.78,1504.46,4336.28,32.0979
300,4,850.72,49303.77,56412.66,584.42,1695.95,4828.52,34.9106
300,4,574.61,33196.48,41318.82,730.60,1600.24,5791.49,32.5535
300,4,542.22,31358.15,38321.25,829.85,1474.86,4658.39,33.7456
300,4,787.38,43425.93,51637.32,622.23,1738.52,5850.64,34.2298
300,4,808.15,46564.49,55315.64,822.15,1763.58,6165.41,34.8609
300,4,735.31,43200.03,50983.96,578.94,1858.72,5346.27,34.0014
300,4,944.70,55077.63,62919.41,733.42,1900.84,5207.52,36.3070
300,4,576.96,33531.00,41612.10,910.24,1496.70,5674.16,34.8583
300,4,834.98,47801.01,56371.47,674.39,1685.90,6210.16,32.4806
300,4,657.67,37617.53,46128.40,724.04,1753.55,6033.28,32.7118
300,4,724.07,44224.92,51639.60,595.09,1579.39,5240.20,31.6312
300,4,664.73,38121.51,45582.91,618.77,1578.47,5264.17,31.7411
300,4,621.81,36621.77,44289.29,810.61,1526.99,5329.93,30.9217
300,4,708.44,40791.46,48768.43,740.29,1683.55,5553.12,30.7404
300,4,786.49,44549.32,52748.67,839.67,1821.94,5537.75,32.8540
300,4,602.16,35234.44,43123.53,844.79,1524.82,5519.49,33.6511
300,4,815.36,46728.77,54718.77,682.28,1718.13,5589.60,32.9745
300,4,900.07,50798.97,59564.27,834.41,2046.54,5884.35,34.1624
300,4,619.05,37168.40,44841.90,751.96,1636.96,5284.57,34.4978
300,4,719.70,44234.00,51995.43,666.03,1551.83,5543.57,32.5134
300,4,609.94,35604.20,43629.19,666.51,1491.87,5866.60,32.3662
300,4,855.97,48376.74,56926.83,920.51,1923.65,5705.93,32.8995
300,4,645.64,37622.38,46425.94,722.78,1694.18,6386.60,31.7127
300,4,557.97,33123.42,39654.48,653.36,1427.74,4449.96,29.6838
300,4,975.01,55362.80,63570.61,601.28,1702.58,5903.95,32.9592
300,4,626.37,37580.42,44750.30,743.50,1735.68,4690.71,34.7065
300,4,579.44,36867.11,43942.61,585.65,1423.79,5066.06,31.7116
300,4,665.08,37381.72,44514.22,654.41,1660.82,4817.27,32.3590
300,4,673.44,39042.41,46518.37,725.48,1503.68,5246.80,33.4784
300,4,640.65,37547.53,43887.75,657.97,1499.18,4183.06,30.9799
300,4,793.38,44527.67,53890.54,650.28,1827.47,6885.11,33.1845
300,4,716.88,42146.97,49341.02,616.21,1581.50,4996.35,32.0427
300,4,517.42,31750.69,38112.58,661.60,1353.25,4347.04,31.7080
300,4,695.30,39813.68,48584.45,697.46,1713.68,6359.63,33.8028
300,4,628.25,37373.45,44119.34,817.90,1549.54,4378.46,30.3349
300,4,779.81,44668.20,53133.88,709.59,1707.55,6048.54,33.5037
300,4,978.32,55631.14,64421.26,904.81,2080.51,5804.81,34.5401
300,4,500.80,28818.92,35708.09,657.86,1347.36,4883.94,33.0580
300,4,743.23,43934.12,51722.82,639.09,1845.76,5303.85,34.4416
300,4,638.23,38617.03,46263.21,706.63,1571.94,5367.61,30.8195
300,4,860.91,48436.63,56383.61,585.79,2127.31,5233.87,32.2901
300,4,765.54,45078.00,52211.53,407.33,1434.24,5291.96,32.9121
300,4,692.29,39953.66,48232.80,963.00,1738.66,5577.49,32.8911
300,4,675.38,39801.62,47300.29,626.67,1711.18,5160.81,31.5200
300,4,792.93,44569.15,53914.91,1383.57,1636.14,6326.06,34.3246
300,4,859.87,49448.12,57762.11,814.73,1642.30,5856.96,34.3326
300,4,670.87,40921.76,48468.77,640.09,1692.60,5214.32,34.4060
300,4,788.55,45384.32,52774.00,651.82,1560.75,5177.12,33.6855
300,4,659.02,37417.76,46061.77,621.56,1661.70,6360.75,34.0218
300,4,750.10,42323.12,50530.16,1131.84,1563.38,5511.81,31.2925
300,4,770.58,43300.04,50454.20,780.15,1710.02,4663.99,34.6312
300,4,779.20,46292.03,54336.04,682.03,1623.82,5738.17,34.6824
300,4,804.54,45631.21,53629.86,772.21,1579.99,5646.44,33.4671
300,4,678.01,39873.58,47837.95,761.62,1858.80,5343.95,31.9773
300,4,799.37,45714.27,53963.77,927.81,1540.52,5781.17,33.4622
300,4,779.74,45404.54,53692.41,661.81,1689.56,5936.50,34.2808
300,4,697.64,43216.86,50599.55,465.00,1431.42,5486.26,30.4842
300,4,731.60,42791.47,51409.10,597.14,1678.94,6341.55,32.4604
300,4,489.08,30351.86,37428.66,788.64,1424.23,4863.93,32.3129
300,4,666.22,37680.28,45663.38,748.48,1661.04,5573.59,32.8877
300,4,828.32,46572.76,54932.09,698.19,1608.36,6052.79,32.9020
300,4,645.16,37895.96,45342.80,711.35,1656.14,5079.35,32.6109
300,4,742.49,43590.51,51876.93,768.78,1886.01,5631.63,32.3164
300,4,806.20,47914.80,56061.51,686.08,1841.17,5619.46,32.4964
300,4,902.82,51444.03,60310.40,831.83,2069.88,5964.66,32.2563
300,4,657.93,39450.80,46980.64,609.22,1620.96,5299.66,34.4081
300,4,795.99,45424.82,54106.68,718.29,1992.84,5970.74,31.6749
300,4,751.45,44465.72,52824.77,648.74,2008.16,5702.15,33.0156
300,4,784.61,45148.68,53317.17,684.39,1562.12,5921.98,30.5367
300,4,741.60,42351.54,49773.87,749.08,1612.47,5060.78,33.5802
300,4,802.02,46702.84,53841.60,670.39,1689.67,4778.71,33.9142
300,4,736.89,41459.73,48997.54,1038.67,1398.44,5100.71,33.9169
300,4,707.72,41706.30,48030.43,791.61,1308.56,4223.96,33.3908
300,4,729.19,42173.85,50055.98,803.26,1907.05,5171.82,35.2694
300,4,773.85,44283.42,51835.82,629.08,1662.27,5261.05,34.5830
300,4,711.57,42881.55,50517.40,690.45,1527.27,5418.12,32.7416
300,4,689.40,41500.90,49144.19,721.58,1427.97,5493.75,34.8170
300,4,817.38,46379.04,54866.05,587.31,1790.27,6109.42,33.0384
300,4,757.48,43017.06,51723.60,869.57,1761.08,6075.89,34.7905
300,4,882.00,49542.09,58610.05,671.31,1983.49,6413.16,32.4479
300,4,703.43,40828.14,49257.25,710.07,1805.57,5913.46,31.7319
300,4,953.30,53566.73,62294.91,710.35,2026.07,5991.75,33.9670
300,4,569.51,34363.32,40928.11,675.96,1603.60,4285.23,31.7799
300,4,758.24,43879.39,52365.68,842.47,1509.18,6134.64,34.0556
300,4,829.79,48923.49,56328.62,593.80,1556.80,5254.53,31.2118
300,4,691.56,42581.76,48823.69,420.27,1418.00,4403.67,32.3227
300,4,569.17,33193.01,40806.25,608.82,1502.74,5501.68,28.7986
300,4,798.49,47062.74,55954.32,640.54,1724.25,6526.80,36.1592
325,4,620.32,37009.69,43870.06,549.33,1317.83,4993.21,36.4162
325,4,802.70,46426.97,54756.21,878.39,1783.97,5666.89,42.2779
325,4,813.22,46554.93,54667.53,672.89,1736.30,5703.42,38.4031
325,4,699.29,42097.45,48554.33,568.72,1614.06,4274.10,40.4813
325,4,869.79,51133.53,60191.14,651.30,1692.68,6713.63,36.5640
325,4,724.95,42951.47,51249.61,770.25,1670.80,5857.10,42.3615
325,4,831.32,47770.14,56767.05,766.52,1838.85,6391.54,37.9517
325,4,626.89,36546.64,44839.19,627.76,1413.23,6251.57,42.1720
325,4,611.18,36474.20,43839.28,542.29,1487.62,5335.16,31.0975
325,4,705.43,41167.88,49069.87,725.61,1625.53,5550.85,37.1933
325,4,724.08,42830.52,50254.30,503.80,1562.31,5357.67,33.9572
325,4,635.99,38418.99,45026.09,656.12,1617.80,4333.19,31.8849
325,4,874.17,51755.63,59251.89,608.18,1857.55,5030.53,34.8973
325,4,575.09,34019.19,42108.11,759.16,1566.33,5763.43,32.8668
325,4,531.02,32550.16,39334.61,536.83,1514.88,4732.73,32.6598
325,4,768.63,44887.80,53165.70,704.42,1699.35,5874.12,33.5652
325,4,829.73,48161.85,56958.93,752.78,1838.68,6205.62,40.3264
325,4,729.42,44146.57,51666.64,607.94,1672.76,5239.37,35.7633
325,4,985.41,56677.68,64636.77,705.12,2023.80,5230.17,36.7232
325,4,585.18,34419.45,42554.19,851.97,1550.12,5732.65,36.9058
325,4,875.20,49822.67,58186.61,522.88,1703.96,6137.10,39.4691
325,4,658.47,38888.47,47408.40,720.88,1761.65,6037.40,31.7128
325,4,752.41,45196.47,52407.67,525.65,1507.64,5177.91,34.9272
325,4,655.21,38791.62,46352.63,770.66,1539.92,5250.43,33.3181
325,4,663.11,38265.15,45779.76,659.87,1548.82,5305.92,34.1425
325,4,742.79,42250.97,50116.61,661.97,1607.61,5596.06,32.5159
325,4,806.31,46623.92,54827.66,710.94,1856.83,5635.97,36.6405
325,4,615.40,36432.68,44145.21,741.13,1439.63,5531.77,32.8428
325,4,839.42,48000.48,56121.26,601.87,1845.17,5673.74,32.7068
325,4,920.59,52858.70,61422.45,621.30,2003.81,5938.64,37.7368
325,4,657.76,38759.99,46754.25,818.64,1803.48,5372.15,32.8653
325,4,763.26,44991.37,52780.09,586.54,1588.82,5613.35,34.4543
325,4,658.72,37046.17,45402.83,654.66,1775.64,5926.35,34.9328
325,4,865.71,50602.58,58993.63,738.61,1906.82,5745.62,35.9798
325,4,676.46,37868.35,46658.93,716.40,1667.78,6406.40,32.5789
325,4,557.85,34314.98,40709.57,661.84,1343.98,4388.77,32.2382
325,4,948.13,55760.50,63997.30,721.75,1626.66,5888.38,36.3128
325,4,648.79,39761.17,47001.82,696.98,1725.75,4817.92,32.4055
325,4,629.71,38569.98,45870.13,637.32,1475.43,5187.40,33.6965
325,4,675.20,39028.00,46241.10,603.15,1767.34,4842.61,37.3841
325,4,702.86,40514.62,48054.38,655.69,1601.37,5282.70,35.0056
325,4,670.35,39532.89,45934.25,667.60,1543.34,4190.43,33.4034
325,4,819.80,45790.18,55246.66,775.18,1759.08,6922.23,35.9432
325,4,745.41,43100.13,50227.74,469.94,1658.44,4999.22,37.3728
325,4,557.55,33981.30,40574.64,670.01,1473.88,4449.45,35.2205
325,4,723.07,41198.65,50055.40,637.33,1792.51,6426.92,37.9940
325,4,669.43,38534.60,45377.02,674.54,1702.30,4465.58,35.1142
325,4,786.34,45716.67,53998.64,617.33,1645.83,6018.82,35.4599
325,4,1004.90,58784.93,67447.86,677.63,2107.72,5877.58,35.0182
325,4,508.37,30132.92,36976.38,604.85,1304.39,4934.22,32.7984
325,4,749.92,45062.64,52947.33,842.58,1731.23,5310.89,35.7803
325,4,685.67,40603.00,48319.39,624.33,1601.56,5490.50,34.2202
325,4,878.80,49828.61,58011.38,880.08,2057.03,5245.66,34.6930
325,4,842.08,49038.16,56803.30,578.33,1706.81,5480.01,40.3632
325,4,722.72,41404.35,49406.61,602.23,1813.30,5586.74,37.6537
325,4,698.03,40501.02,48011.45,651.98,1696.70,5161.75,35.1267
325,4,811.93,46663.74,55552.38,873.71,1535.94,6478.99,33.2288
325,4,865.31,51068.00,59580.44,859.86,1672.84,5979.73,36.4487
325,4,719.31,42013.36,49838.96,889.16,1711.66,5224.78,35.9185
325,4,764.60,46667.15,53865.87,633.50,1441.22,5124.01,33.7406
325,4,667.61,38754.53,47596.51,726.44,1664.24,6451.30,32.7882
325,4,780.61,43263.16,51572.81,1146.57,1699.36,5463.71,32.7678
325,4,773.34,45338.21,52290.13,537.24,1663.98,4750.70,35.5298
325,4,823.67,47891.24,55935.33,717.90,1571.85,5754.34,36.0172
325,4,784.47,47318.75,55024.38,515.86,1514.17,5675.60,35.5929
325,4,705.33,40836.03,48480.20,619.13,1762.05,5262.98,33.1205
325,4,809.15,46996.38,55103.20,631.94,1620.34,5854.54,35.3203
325,4,830.37,48613.16,57140.60,750.97,1725.40,6051.07,35.0227
325,4,758.49,44603.95,52319.52,596.90,1571.38,5547.29,35.5518
325,4,744.63,44026.32,52767.55,708.60,1723.63,6309.00,35.0504
325,4,521.31,31584.74,38675.39,676.49,1468.08,4946.09,33.0796
325,4,688.23,39844.33,47832.53,752.47,1618.72,5617.01,36.6238
325,4,861.40,48456.51,56986.61,736.80,1597.96,6195.34,37.4578
325,4,682.39,39288.41,46904.95,750.88,1774.61,5091.05,31.7172
325,4,760.87,43610.18,51607.95,642.95,1777.26,5577.57,34.3134
325,4,849.25,49558.18,57777.77,662.12,1787.19,5770.27,37.6396
325,4,935.04,54249.59,63307.58,886.16,2151.12,6020.71,36.9664
325,4,683.21,40528.67,48148.43,588.54,1698.99,5332.24,34.6619
325,4,793.07,46288.32,54870.60,714.84,1910.66,5956.78,38.3025
325,4,776.01,46113.30,54673.29,691.60,2071.00,5797.40,36.2497
325,4,796.82,46573.22,54841.79,545.71,1734.14,5988.72,32.6862
325,4,741.90,43957.82,51141.45,600.65,1494.69,5088.29,32.0206
325,4,806.63,47350.11,54592.64,722.37,1798.14,4722.02,33.9550
325,4,751.18,43152.82,50550.93,907.22,1348.89,5141.99,35.1200
325,4,750.61,44272.43,50773.60,802.90,1496.78,4201.49,36.2024
325,4,731.45,42724.73,50119.52,633.37,1617.88,5143.53,36.0291
325,4,786.96,44728.26,52179.34,582.02,1580.86,5288.20,33.7409
325,4,730.99,44764.37,52349.87,630.02,1436.58,5518.90,33.8800
325,4,747.45,43805.54,51574.60,479.18,1585.78,5704.09,35.0355
325,4,843.28,47554.73,56347.63,719.12,1868.20,6205.59,35.7359
325,4,777.17,44850.72,53437.49,700.85,1751.32,6134.59,35.6269
325,4,902.27,51149.53,60207.66,695.32,1970.51,6392.30,36.0832
325,4,722.87,41643.34,49963.09,637.05,1718.89,5963.82,34.0479
325,4,997.88,55763.37,64508.71,610.04,2110.74,6024.55,34.5257
325,4,557.09,34762.00,41402.67,744.43,1568.48,4327.77,35.7482
325,4,791.32,44315.05,53061.38,1097.04,1571.36,6077.92,34.3668
325,4,870.72,50724.77,58340.50,798.22,1503.99,5313.52,34.2254
325,4,702.34,42014.98,48386.47,677.59,1355.91,4337.99,35.9303
325,4,598.26,34769.36,42525.69,571.81,1643.96,5540.56,30.9757
325,4,808.97,48598.90,57579.65,681.18,1702.87,6596.69,38.2999
350,4,633.32,37172.81,44238.72,763.04,1356.93,4945.95,35.8434
350,4,804.29,47320.16,55118.10,490.97,1700.88,5606.08,44.3619
350,4,821.69,47464.51,55331.25,672.20,1573.37,5621.17,38.7242
350,4,706.41,42564.38,48959.61,588.79,1490.82,4315.62,43.1963
350,4,855.79,52322.50,61499.39,641.52,1711.74,6823.63,35.2645
350,4,761.48,43808.59,52063.11,724.76,1644.26,5885.50,44.7103
350,4,845.38,49633.55,58503.14,605.33,1864.29,6399.96,36.2940
350,4,664.26,37880.52,46318.22,670.21,1446.74,6320.75,44.2143
350,4,615.48,37956.07,45664.89,796.93,1413.53,5498.36,34.8639
350,4,729.68,42571.77,50518.01,661.58,1596.55,5688.12,39.0705
350,4,714.38,43260.73,50785.66,733.49,1447.20,5344.24,34.8095
350,4,660.51,39867.15,46457.44,547.91,1680.70,4361.68,35.5956
350,4,890.50,52527.51,59828.55,621.84,1781.39,4897.82,39.4895
350,4,594.07,34819.57,42845.90,668.14,1685.31,5672.88,35.1015
350,4,569.40,33724.81,40751.75,716.97,1541.21,4768.76,34.3390
350,4,814.51,46509.71,55035.71,726.80,1845.33,5953.87,36.8850
350,4,881.24,50076.84,58748.66,565.68,1820.89,6285.26,38.0972
350,4,780.48,46413.72,54350.12,615.15,1947.72,5373.53,35.8697
350,4,1017.94,58439.67,66549.52,783.69,2022.37,5303.78,40.3466
350,4,603.82,35318.03,43216.19,732.88,1477.34,5687.93,37.3250
350,4,858.48,49637.02,58036.51,676.46,1621.25,6101.79,36.7375
350,4,690.39,40466.72,48955.87,637.43,1814.55,6037.17,38.1484
350,4,793.07,46901.83,54552.61,741.71,1568.23,5340.84,40.4800
350,4,687.56,39968.90,47746.31,812.12,1675.82,5289.47,35.7447
350,4,692.39,40101.07,47938.72,660.01,1695.16,5482.48,34.1107
350,4,729.67,44554.02,52578.18,627.65,1721.61,5674.90,33.4420
350,4,796.02,47058.83,55294.09,860.42,1829.51,5545.33,36.6743
350,4,645.86,37566.58,45659.13,920.14,1567.31,5605.10,36.2530
350,4,841.41,48722.32,57084.92,831.07,1821.05,5710.48,37.9019
350,4,934.21,53760.38,62455.02,680.80,2065.50,5948.35,38.5119
350,4,687.68,40119.70,47665.62,587.96,1583.05,5374.91,37.0119
350,4,777.40,45969.87,53891.73,650.23,1651.36,5620.28,34.0896
350,4,647.70,38285.01,46393.83,610.06,1506.26,5992.50,34.7561
350,4,903.40,52117.91,60757.22,850.90,2001.44,5786.98,36.2953
350,4,671.70,39692.46,48351.91,658.97,1688.10,6312.38,33.8352
350,4,560.81,34177.21,40718.72,673.24,1476.81,4391.47,33.3490
350,4,971.77,57109.13,65105.58,513.51,1631.22,5851.72,36.7366
350,4,680.39,40195.39,47423.32,669.35,1740.23,4818.36,36.9482
350,4,652.40,40446.18,47848.33,656.15,1538.27,5207.74,35.2621
350,4,688.39,40370.86,47404.57,518.77,1690.81,4824.13,37.4012
350,4,712.68,41582.58,48883.32,611.96,1358.02,5330.76,36.3300
350,4,667.87,39398.17,45979.02,827.85,1538.59,4214.43,34.6693
350,4,825.90,47883.40,57475.90,653.56,1812.27,7126.67,35.9128
350,4,739.86,43945.26,51483.56,732.69,1698.82,5106.79,34.9106
350,4,560.26,33293.46,40124.30,936.66,1408.25,4485.93,34.3647
350,4,708.49,41397.97,50126.81,621.08,1736.87,6370.88,37.9687
350,4,679.35,39766.93,46413.25,588.90,1572.62,4484.81,34.9577
350,4,816.33,48069.93,56311.43,531.85,1566.77,6142.88,36.4265
350,4,1038.82,59967.75,68725.90,861.84,2002.59,5893.72,37.9855
350,4,508.55,31090.20,37961.64,561.16,1375.09,4935.19,32.2409
350,4,742.62,45884.09,53539.92,645.57,1705.06,5305.20,37.3965
350,4,690.00,42162.28,49803.62,515.02,1588.08,5538.24,35.3870
350,4,918.87,51447.97,59542.62,754.29,2103.60,5236.76,35.0772
350,4,875.06,49664.98,57563.71,639.44,1715.43,5543.86,38.4226
350,4,725.08,42844.82,51062.19,815.27,1774.49,5627.61,36.9913
350,4,720.79,42514.92,49968.09,589.11,1713.98,5150.09,38.6730
350,4,853.18,48792.02,57618.21,815.07,1578.28,6432.84,36.0569
350,4,891.38,50921.10,59452.97,833.72,1682.25,6015.90,37.3438
350,4,722.80,42696.57,50104.92,516.81,1707.42,5184.12,35.9254
350,4,828.72,48138.22,55239.28,515.63,1371.60,5213.83,37.1236
350,4,703.09,39527.36,48478.36,663.95,1786.84,6500.20,34.4695
350,4,798.86,45624.94,53672.19,932.59,1570.83,5543.83,38.1770
350,4,798.02,45857.74,52828.67,572.14,1660.83,4737.97,36.8741
350,4,854.62,48541.83,56882.33,827.80,1785.44,5727.27,36.4814
350,4,846.43,49864.17,58088.47,649.00,1828.20,5747.10,40.0235
350,4,704.07,41062.59,48936.22,766.04,1843.65,5263.95,36.9127
350,4,843.09,48668.38,56795.55,689.98,1630.88,5806.31,37.7465
350,4,881.85,50388.04,58767.67,610.62,1703.40,6065.62,39.2450
350,4,790.95,45701.43,53544.67,633.81,1649.64,5559.79,35.1638
350,4,771.67,44922.41,53766.57,633.08,1812.71,6398.37,39.5297
350,4,514.00,32533.09,39665.19,660.75,1505.04,4966.31,35.8921
350,4,694.60,40159.68,48117.16,800.39,1581.79,5575.30,35.7871
350,4,875.71,50769.43,59248.18,599.05,1651.79,6227.91,37.0938
350,4,651.29,38851.85,46954.05,1313.44,1647.27,5141.49,35.0322
350,4,802.28,46105.33,54369.70,686.05,1954.03,5624.28,33.9311
350,4,893.55,51054.74,59431.43,809.85,1821.50,5745.34,37.2779
350,4,988.31,55928.67,65297.31,982.35,2290.32,6095.97,38.3163
350,4,720.38,41377.16,49084.96,538.66,1766.19,5402.94,34.9406
350,4,811.29,47574.56,56233.35,775.50,1899.76,5983.52,36.0008
350,4,821.56,46956.21,55524.51,714.15,2084.35,5769.80,37.2632
350,4,842.69,47759.74,56096.56,595.23,1712.08,6029.51,36.6390
350,4,771.00,45630.69,53149.23,720.17,1647.28,5151.09,35.8121
350,4,853.32,50013.08,57268.25,718.20,1736.44,4800.53,35.8526
350,4,762.09,43752.72,51305.88,1014.87,1371.74,5166.55,37.3639
350,4,733.39,44115.91,50787.14,779.69,1604.41,4287.13,33.4337
350,4,778.62,45198.50,52540.37,576.70,1620.22,5144.95,38.3936
350,4,812.07,46475.29,54180.89,619.12,1695.55,5390.93,37.3578
350,4,775.22,45939.51,53726.42,680.95,1598.00,5507.95,35.1478
350,4,763.26,43750.57,51893.07,782.35,1678.48,5681.67,38.9796
350,4,845.38,48843.82,57238.85,537.70,1718.55,6138.78,38.3505
350,4,788.34,45432.66,54438.69,895.13,1906.64,6204.25,34.9809
350,4,941.15,53070.06,62112.65,648.25,1975.03,6419.32,37.4840
350,4,731.43,42634.94,50851.51,616.07,1686.55,5913.95,35.6876
350,4,1021.45,57761.81,66395.61,583.24,2019.17,6031.39,36.6413
350,4,588.81,35734.23,42388.39,760.51,1547.82,4345.83,35.1620
350,4,779.39,45780.04,54130.62,674.29,1493.26,6183.03,37.1290
350,4,840.51,50365.69,58093.12,889.77,1505.53,5332.13,34.6721
350,4,693.35,43637.82,50076.12,685.25,1398.17,4354.88,33.5637
350,4,625.53,35969.44,43813.25,580.28,1603.21,5660.32,38.7055
350,4,837.80,50639.38,59436.40,565.52,1569.39,6662.10,34.7419
375,4,650.94,38868.67,45877.29,691.99,1305.03,5011.59,38.6619
375,4,812.33,48529.92,56643.39,579.24,1724.78,5809.45,45.9127
375,4,853.63,49377.94,57301.17,549.20,1711.03,5663.00,40.5610
375,4,735.82,43487.99,50064.76,637.39,1633.96,4305.41,45.6013
375,4,928.36,53943.48,63374.50,532.43,1982.47,6916.12,38.6490
375,4,761.75,44820.41,53271.91,790.02,1744.10,5917.37,46.8840
375,4,867.68,50373.36,59453.28,723.38,1955.20,6401.34,40.8808
375,4,689.47,40409.27,48763.50,714.55,1394.21,6245.47,45.6246
375,4,659.07,39452.75,47203.89,680.41,1479.22,5591.51,34.9973
375,4,732.73,43511.18,51489.57,734.69,1637.90,5605.80,39.7933
375,4,744.01,44776.26,52375.33,669.90,1582.27,5346.90,38.1166
375,4,672.37,39872.93,46579.72,599.86,1769.42,4337.51,35.1943
375,4,921.00,54692.55,62030.77,513.98,1841.51,4982.73,40.0628
375,4,613.79,36293.23,44504.27,725.40,1641.43,5844.20,36.9767
375,4,579.14,34010.97,40730.80,500.85,1544.88,4674.10,34.1354
375,4,809.06,47817.09,56194.50,607.98,1838.13,5931.31,40.9735
375,4,892.54,50925.55,59809.89,680.99,1914.40,6288.95,42.9820
375,4,786.82,47179.73,55014.45,709.67,1804.64,5320.40,41.8017
375,4,1018.12,59879.93,67876.93,713.13,1952.53,5331.34,44.8619
375,4,624.21,36293.23,44073.71,629.38,1533.57,5617.52,37.8645
375,4,883.56,52357.99,60734.92,554.43,1579.39,6243.10,39.5392
375,4,684.38,41260.17,49702.77,702.69,1706.33,6033.58,35.4762
375,4,810.30,48643.99,56353.56,758.28,1590.83,5360.47,38.0977
375,4,690.08,41111.85,48737.56,655.39,1713.95,5256.37,39.8826
375,4,709.55,41491.99,49151.85,578.75,1648.95,5432.16,39.9532
375,4,765.10,44854.71,53170.44,827.87,1746.76,5741.10,36.8880
375,4,832.70,48883.06,57117.83,799.06,1818.62,5617.10,43.0381
375,4,668.59,39555.93,47223.57,547.05,1504.81,5615.78,35.7106
375,4,885.04,50998.71,59217.63,580.05,1859.68,5779.19,40.3790
375,4,938.72,54417.54,63030.68,708.03,1903.78,6001.33,38.9015
375,4,702.40,40462.02,48512.49,771.79,1840.95,5437.74,35.4112
375,4,820.75,47621.90,55530.26,704.27,1626.54,5577.55,36.5086
375,4,658.34,39400.71,47772.15,666.20,1654.34,6050.91,37.9527
375,4,918.27,53197.15,62096.93,994.48,2080.72,5824.58,37.9768
375,4,673.57,40728.35,49586.22,818.70,1603.17,6435.99,35.9597
375,4,605.85,35723.84,42403.75,666.09,1524.04,4489.78,37.5413
375,4,1020.08,58962.68,67142.59,631.68,1596.64,5951.59,38.2584
375,4,692.16,42059.05,49630.90,810.06,1863.59,4898.20,39.4195
375,4,619.88,39222.14,46708.10,813.08,1422.66,5250.22,39.9889
375,4,688.19,39816.53,47022.73,769.14,1618.85,4818.22,43.4410
375,4,735.54,43135.14,50631.16,590.06,1573.70,5332.26,36.6809
375,4,695.48,41882.22,48447.21,770.13,1516.36,4278.50,35.6820
375,4,835.53,48182.82,57836.37,817.39,1812.89,7023.27,39.2919
375,4,771.25,45067.09,52175.01,476.17,1576.63,5055.12,38.2337
375,4,511.22,33537.65,39946.27,810.10,1302.66,4295.87,37.7447
375,4,767.43,43373.30,52364.34,638.59,1860.28,6492.17,40.0188
375,4,675.21,40181.90,46760.72,610.67,1600.87,4367.27,35.6350
375,4,830.37,48068.93,56312.45,557.82,1622.27,6063.43,40.0500
375,4,1061.93,61704.05,70522.43,676.61,2142.96,5998.82,39.5833
375,4,548.80,31834.78,38898.27,582.49,1468.86,5012.14,33.6052
375,4,737.63,45448.80,53260.02,776.77,1671.61,5362.84,40.9790
375,4,701.41,43183.04,51064.67,724.52,1617.71,5539.40,35.6249
375,4,918.83,52692.96,60861.13,853.42,2060.66,5254.08,37.8110
375,4,891.50,52013.54,59941.06,607.50,1725.70,5594.32,39.7714
375,4,741.35,43257.12,51465.49,786.40,1771.63,5650.33,39.1598
375,4,730.87,43250.48,50910.97,660.03,1800.83,5199.64,40.4980
375,4,882.79,49245.52,58237.91,924.66,1553.13,6514.60,38.4108
375,4,956.61,54533.99,63049.09,780.78,1729.42,6004.90,39.1916
375,4,758.04,44638.99,52145.26,637.37,1635.62,5233.28,35.6264
375,4,852.50,49858.38,57085.26,413.77,1531.63,5281.48,39.0869
375,4,717.75,40561.31,49392.31,597.24,1724.08,6509.68,39.5153
375,4,822.02,46717.15,54797.78,871.05,1642.62,5566.95,35.2445
375,4,824.41,47733.91,54905.84,642.93,1715.88,4813.12,38.2630
375,4,885.17,51283.76,59502.20,601.86,1732.40,5884.18,37.6690
375,4,870.26,50520.55,58741.81,791.61,1675.80,5753.85,37.3490
375,4,714.37,42488.27,50564.43,779.27,1970.30,5326.59,38.0226
375,4,880.91,50532.84,58776.64,609.43,1681.05,5953.31,39.1134
375,4,836.84,51758.59,60160.18,633.04,1658.72,6109.83,40.5861
375,4,764.87,45520.21,53316.39,573.08,1687.43,5535.66,34.9839
375,4,785.11,45670.91,54654.07,664.20,1953.15,6365.82,40.3316
375,4,509.86,32246.14,39628.91,929.40,1491.42,4961.96,35.1766
375,4,740.90,42539.85,50486.98,568.96,1784.57,5593.61,38.6342
375,4,933.29,53061.85,61528.38,548.17,1644.29,6274.07,38.6076
375,4,707.20,41072.60,48787.90,774.60,1738.32,5202.37,39.2628
375,4,801.35,46206.96,54541.70,786.59,1876.89,5671.26,37.4079
375,4,915.66,52635.29,60967.57,589.02,1883.08,5860.17,40.5270
375,4,1013.40,57484.79,66840.23,982.61,2287.80,6085.03,40.2300
375,4,725.59,43178.60,50866.87,512.90,1721.18,5454.18,38.8406
375,4,827.62,48526.35,57324.16,782.40,1988.21,6027.21,37.9838
375,4,829.63,48884.07,57407.32,636.78,2069.40,5817.06,36.6562
375,4,820.74,48832.59,56852.97,551.95,1485.20,5983.24,37.2107
375,4,789.16,47074.30,54377.31,564.97,1573.77,5164.27,39.1708
375,4,867.14,51125.62,58485.19,739.00,1829.28,4791.29,36.3477
375,4,811.80,45415.34,53133.20,961.02,1522.90,5233.94,36.3377
375,4,784.83,46918.99,53570.82,793.60,1552.20,4306.03,40.2395
375,4,773.81,45769.72,53541.93,784.75,1771.26,5216.20,39.9431
375,4,823.61,47317.49,55213.39,758.92,1798.46,5338.52,35.0411
375,4,796.79,47165.41,54862.59,556.87,1552.49,5587.82,40.9467
375,4,768.09,45549.13,53418.31,549.00,1591.76,5728.42,40.8438
375,4,885.29,50886.61,59545.01,570.18,1838.44,6249.77,34.8191
375,4,827.33,47140.18,56029.63,781.92,1798.45,6309.08,40.8530
375,4,947.79,54279.83,63321.88,673.79,1870.30,6497.97,40.9284
375,4,706.22,42217.24,50475.21,764.48,1630.59,5862.91,38.3715
375,4,1035.41,57914.36,66733.29,662.18,2073.45,6083.30,39.6789
375,4,614.98,36698.62,43506.92,779.97,1706.61,4321.72,34.0610
375,4,836.57,47759.62,56550.49,933.44,1607.04,6250.39,39.7695
375,4,882.29,51949.87,59665.62,727.92,1600.43,5387.40,40.6554
375,4,788.66,46532.67,52889.48,483.38,1476.78,4396.65,38.7162
375,4,630.58,36636.93,44289.54,543.12,1511.99,5597.50,30.8288
375,4,828.44,50937.54,59889.79,574.97,1691.30,6685.97,33.2839
400,4,688.60,39599.82,46471.70,547.76,1322.25,5001.87,40.7303
400,4,813.52,48689.73,56837.41,708.56,1712.25,5726.88,49.8341
400,4,822.53,48905.45,56813.05,645.27,1643.02,5619.30,43.2897
400,4,759.60,44966.01,51513.94,602.36,1642.42,4303.15,46.6169
400,4,951.93,55796.44,64829.01,453.82,1694.52,6884.24,44.1618
400,4,766.12,44485.14,52938.37,856.52,1636.42,5960.28,52.4400
400,4,898.07,51576.11,60783.43,755.37,1911.54,6540.41,44.4838
400,4,754.25,43433.33,51928.31,567.10,1574.52,6353.35,48.4825
400,4,673.61,39970.43,47810.58,842.73,1450.45,5546.97,39.6650
400,4,735.97,43881.91,51982.61,814.21,1608.39,5678.10,44.0866
400,4,734.78,44933.50,52671.52,744.27,1590.37,5403.37,42.0728
400,4,679.15,41474.25,48132.80,652.86,1609.72,4395.98,39.6690
400,4,952.00,56342.21,63828.83,558.78,1844.51,5083.33,40.9668
400,4,605.34,37374.73,45563.21,641.93,1620.05,5926.51,37.1404
400,4,573.23,35096.65,42204.67,757.64,1581.92,4768.46,40.8105
400,4,841.27,48452.02,56905.14,677.77,1817.33,5958.03,43.2439
400,4,885.46,50903.14,59819.44,711.01,1933.96,6271.33,40.2554
400,4,826.78,48813.69,56681.86,611.56,1865.54,5391.06,43.0243
400,4,1045.43,60575.13,68685.74,766.88,2061.95,5281.78,44.8165
400,4,625.44,37188.48,45333.30,761.04,1594.24,5789.54,46.0007
400,4,916.67,53758.82,62328.27,610.86,1608.21,6350.37,45.1281
400,4,706.11,41543.90,50200.85,707.25,1877.46,6072.24,39.3480
400,4,825.47,49718.92,57253.39,562.37,1652.35,5319.74,39.2878
400,4,714.75,42053.08,49802.86,728.95,1692.46,5328.38,39.2024
400,4,725.86,42373.88,50176.91,619.58,1706.83,5476.62,41.9589
400,4,788.46,46971.00,54958.02,594.00,1698.57,5694.45,40.6936
400,4,828.99,50171.38,58600.09,869.12,1837.56,5722.02,44.6371
400,4,654.68,38549.01,46691.43,850.63,1524.49,5767.30,42.5722
400,4,900.42,51672.58,59906.43,576.08,1905.97,5751.80,43.3684
400,4,991.56,55883.34,64711.29,716.90,2079.43,6031.63,42.5277
400,4,702.51,41997.09,49769.54,693.53,1649.30,5429.62,40.0917
400,4,825.52,48572.21,56830.29,937.10,1649.75,5671.24,42.9123
400,4,659.82,39589.34,48052.99,967.09,1463.22,6033.34,45.3976
400,4,958.26,54893.58,63515.25,831.05,1958.14,5832.48,44.6712
400,4,687.20,41780.37,50803.51,743.54,1755.23,6524.38,38.0432
400,4,595.36,35988.09,42502.78,647.99,1389.95,4476.74,36.6586
400,4,1036.16,60576.93,68708.52,578.33,1589.00,5964.26,43.6087
400,4,713.81,41717.69,48889.98,659.53,1722.31,4790.45,39.5608
400,4,661.57,41483.79,48817.58,688.73,1387.87,5257.19,36.0855
400,4,707.54,41584.40,48769.68,598.07,1687.56,4899.65,43.0077
400,4,739.43,43824.03,51185.87,614.21,1438.50,5309.12,41.4333
400,4,693.28,42819.65,49101.00,527.55,1461.92,4291.88,40.0011
400,4,863.20,49326.28,58973.27,772.68,1852.15,7022.16,41.6809
400,4,782.45,46249.52,53806.30,634.87,1818.56,5103.34,42.9275
400,4,564.12,34231.01,40851.37,756.35,1431.89,4432.12,43.3320
400,4,767.73,44448.19,53435.13,538.52,1872.08,6576.34,38.6095
400,4,694.33,41705.66,48461.38,606.65,1653.27,4495.80,38.6122
400,4,861.76,50557.64,59040.92,520.26,1750.41,6212.61,41.0493
400,4,1094.99,63759.17,72776.24,800.82,2220.92,5995.33,41.5691
400,4,556.08,32105.19,39050.73,585.15,1385.68,4974.70,36.9546
400,4,814.50,48040.82,55785.29,497.62,1872.14,5374.71,42.5912
400,4,705.28,42505.90,50199.66,666.14,1595.86,5431.76,43.9504
400,4,944.58,54355.25,62421.97,604.19,2175.35,5287.19,43.3743
400,4,891.18,51583.88,59407.65,604.03,1712.85,5506.89,44.3917
400,4,754.24,44603.01,52732.29,764.10,1735.08,5630.10,43.8828
400,4,739.99,43965.03,51801.00,727.15,1856.51,5252.30,44.6867
400,4,930.72,51780.13,61113.80,1097.32,1723.73,6512.63,43.1742
400,4,892.93,54428.19,62833.76,739.29,1607.11,6059.17,46.1730
400,4,751.72,45090.74,52673.62,617.01,1724.97,5240.90,44.8815
400,4,852.31,50047.20,57351.47,629.13,1459.29,5215.85,42.4782
400,4,727.67,41368.99,50405.12,674.23,1759.74,6602.17,38.5440
400,4,850.02,48743.73,57030.95,890.33,1774.36,5622.53,39.7747
400,4,819.37,48306.54,55610.41,761.59,1707.68,4834.60,39.8304
400,4,892.61,52320.33,60515.80,472.84,1874.13,5848.50,43.5380
400,4,871.60,50571.38,58892.31,939.01,1690.41,5691.50,40.3546
400,4,729.81,44317.16,52290.54,693.20,1875.35,5404.82,41.8856
400,4,879.69,51176.35,59332.04,690.68,1612.48,5852.53,43.5517
400,4,930.83,53397.08,61950.61,589.69,1819.91,6143.93,42.8703
400,4,808.33,48104.14,55932.74,503.07,1673.78,5651.75,40.4143
400,4,799.87,48454.89,57480.33,628.80,1920.74,6475.89,46.3394
400,4,538.99,33580.54,40550.32,652.77,1379.21,4937.80,38.6988
400,4,738.87,42946.61,51279.96,967.54,1728.76,5637.05,42.0247
400,4,944.49,52360.23,61131.97,725.47,1744.94,6301.33,40.2871
400,4,696.64,40874.50,48666.80,902.00,1730.83,5159.47,39.5080
400,4,805.93,47894.03,56176.76,628.14,2011.10,5643.48,38.3813
400,4,925.57,53789.02,62236.55,636.76,1955.83,5854.95,47.3972
400,4,1022.79,58938.62,68202.62,979.33,2203.67,6081.00,45.3289
400,4,723.32,43316.14,51233.03,810.57,1699.87,5406.44,42.7146
400,4,857.59,50404.85,59142.85,617.92,2082.74,6037.34,42.3779
400,4,846.75,48750.07,57374.34,805.12,2025.35,5793.80,46.5488
400,4,885.72,49889.30,58401.41,734.53,1702.19,6075.40,38.1927
400,4,809.57,47708.26,55039.69,581.17,1555.35,5194.91,39.6213
400,4,881.24,52646.30,59943.64,694.76,1778.90,4823.69,40.6091
400,4,797.55,46166.20,53575.37,968.01,1321.13,5120.03,39.1860
400,4,763.79,45290.02,51961.06,888.77,1459.03,4323.24,39.7601
400,4,809.87,47035.21,54922.72,957.07,1686.75,5243.69,38.8294
400,4,826.67,48479.65,56227.84,711.62,1656.92,5379.65,40.9159
400,4,813.09,48757.88,56577.41,535.00,1623.72,5660.80,43.7011
400,4,797.66,47147.95,55036.49,568.65,1578.66,5741.23,43.8385
400,4,868.42,51500.15,60040.68,597.76,1773.96,6168.81,43.7208
400,4,825.03,48472.75,57230.14,744.65,1722.56,6290.19,41.6410
400,4,981.83,56316.06,65570.42,642.95,2020.10,6591.31,43.3209
400,4,776.11,44700.42,53035.27,562.42,1777.18,5995.26,42.8804
400,4,1064.38,59961.45,68790.02,610.39,2111.56,6106.62,48.0534
400,4,613.94,37223.67,44150.58,873.62,1656.70,4396.58,41.3268
400,4,782.37,46815.98,55448.50,1046.97,1469.74,6115.80,40.2236
400,4,901.53,53468.81,61105.25,675.84,1587.28,5373.33,43.4694
400,4,732.90,45256.92,51951.72,810.59,1470.52,4413.69,37.9139
400,4,637.96,37105.34,45098.37,660.63,1700.13,5632.26,40.3901
400,4,867.72,52305.55,61392.35,647.56,1686.67,6752.57,43.9919
