300,1,48.45,5056.52,6642.22,564.05,388.17,633.484158,0.125138
300,1,70.45,7527.28,9136.48,473.72,302.90,832.577326,0.189720
300,1,56.81,6928.19,8521.86,413.06,381.41,799.201199,0.096659
300,1,59.27,5570.23,7222.66,623.97,354.29,674.164202,0.185700
300,1,50.17,5574.98,7600.20,753.97,546.31,724.942743,0.107244
300,1,65.82,8436.87,10037.86,408.90,310.86,881.234752,0.403409
300,1,72.96,7690.75,10014.76,879.77,479.42,964.825348,0.108111
300,1,61.26,6068.08,7730.46,471.74,347.83,842.811666,0.276010
300,1,40.07,4329.81,6108.91,709.97,503.66,565.460429,0.088011
300,1,57.19,5694.29,7694.74,730.52,433.92,836.019896,0.084915
300,1,44.57,5703.87,7084.11,387.36,262.70,730.187471,0.081220
300,1,43.26,5105.82,6727.32,678.11,374.33,569.056412,0.075613
300,1,49.88,5367.72,7052.65,496.05,365.65,823.225073,0.096637
300,1,49.97,6513.40,8070.23,421.50,312.02,823.317338,0.092936
300,1,33.95,4985.09,5898.40,161.93,248.49,502.899478,0.095135
300,1,62.55,8305.48,9931.37,406.25,343.70,875.941723,0.097170
300,1,64.17,7183.78,9555.84,956.71,603.21,812.141732,0.068772
300,1,55.32,6227.83,7600.64,236.03,184.54,952.234817,0.101239
300,1,57.39,6611.04,8272.45,543.28,296.47,821.663086,0.083697
300,1,70.51,7955.52,10192.02,777.85,453.16,1005.493609,0.081006
300,1,70.37,7467.83,9425.83,581.51,401.58,974.920153,0.083259
300,1,60.50,6110.04,8228.15,781.38,420.82,915.909469,0.076300
300,1,53.80,6709.96,8280.41,394.69,352.50,823.269846,0.083415
300,1,68.87,7503.22,9853.49,952.67,440.76,956.838140,0.092153
300,1,51.81,6614.56,8201.07,376.48,355.27,854.760464,0.099473
300,1,55.49,5278.68,6906.90,632.07,351.29,644.853278,0.071250
300,1,58.49,6617.39,8381.46,491.48,495.22,777.371036,0.090715
300,1,56.48,6367.22,8040.39,411.81,322.86,938.494841,0.087366
300,1,50.13,5514.18,6902.28,459.69,340.35,588.057866,0.097180
300,1,65.59,6595.98,8591.79,630.73,370.83,994.242358,0.105476
300,1,67.88,7431.21,9376.76,631.44,391.26,922.850675,0.089377
300,1,48.19,5228.55,7180.53,818.31,555.95,577.715802,0.106379
300,1,70.53,7108.05,9335.15,708.16,494.37,1024.573894,0.087269
300,1,50.14,5443.80,7291.85,745.17,443.59,659.280294,0.079849
300,1,66.45,7444.49,9313.05,568.74,554.62,745.200000,0.078576
300,1,40.19,4801.05,6137.17,510.04,321.62,504.464595,0.070561
300,1,57.15,6361.81,7915.13,389.50,301.30,862.528561,0.077999
300,1,62.58,6510.94,8406.48,702.85,428.54,764.161487,0.073027
300,1,55.08,6972.33,8376.95,435.76,336.63,632.228290,0.087543
300,1,82.19,8096.23,10143.48,688.23,423.94,935.092061,0.088352
300,1,74.89,6446.12,8524.89,832.56,393.85,852.350550,0.112658
300,1,40.04,3616.30,5429.68,866.65,494.45,452.281626,0.124804
300,1,68.88,8527.54,10670.17,687.11,608.88,846.641443,0.082768
300,1,47.91,4926.84,6543.30,644.49,385.54,586.424167,0.128302
300,1,34.17,3943.34,5285.10,492.69,342.22,506.846496,0.084263
300,1,60.49,6586.48,8374.55,496.21,406.17,885.698926,0.075249
300,1,46.78,5982.74,7251.57,281.63,425.21,561.987631,0.092930
300,1,65.64,7958.61,10099.97,746.38,522.02,872.969648,0.140676
300,1,71.58,6201.23,8647.68,1016.13,598.57,831.747238,0.087488
300,1,47.07,4461.47,6102.71,672.63,384.42,584.193776,0.073117
300,1,67.34,7246.44,9234.01,670.26,457.72,859.591413,0.077523
300,1,61.80,7542.19,9091.43,462.69,345.26,741.282689,0.090771
300,1,38.32,4633.18,6268.24,661.73,474.10,499.227120,0.099988
300,1,53.51,6125.55,7988.32,552.35,419.34,891.092728,0.116583
300,1,61.30,6463.67,8574.64,618.91,508.80,983.257520,0.080483
300,1,57.85,6413.30,8705.74,957.68,514.51,820.254898,0.090401
300,1,81.03,8245.82,10257.47,597.16,456.18,958.310946,0.081646
300,1,67.27,7375.45,9565.75,776.90,421.28,992.120794,0.078694
300,1,55.59,5248.79,6996.77,611.04,334.92,802.017232,0.101090
300,1,42.65,4092.45,5763.44,730.34,404.92,535.727330,0.284691
300,1,68.38,6805.09,9003.92,861.09,543.58,794.161388,0.083528
300,1,54.36,5537.44,7371.30,725.22,338.10,770.545853,0.080281
300,1,63.63,5606.64,7356.49,661.00,301.73,787.121374,0.105930
300,1,52.94,5633.84,7210.82,535.23,424.12,617.635322,0.079559
300,1,62.02,6689.90,8425.33,549.77,352.57,833.081736,0.073877
300,1,64.34,6369.07,8561.14,847.81,527.95,816.313410,0.288359
300,1,56.67,6077.78,8032.98,650.45,452.39,852.365908,0.091488
300,1,50.46,6627.64,8578.14,612.82,498.77,838.917983,0.079134
300,1,56.51,5188.09,6888.21,670.78,344.57,684.769858,0.087833
300,1,67.94,6605.29,9067.79,860.06,538.17,1064.271729,0.076853
300,1,45.04,5430.06,7005.37,581.86,317.92,675.532966,0.096012
300,1,42.61,5574.79,6949.46,425.02,366.23,583.415772,0.284855
300,1,58.33,6016.58,8135.67,806.51,479.57,833.020779,0.091116
300,1,46.08,4953.02,6380.17,467.03,322.27,637.846028,0.070485
300,1,39.92,4368.96,5787.45,459.87,381.83,576.791831,0.082935
300,1,72.36,8307.51,10081.34,410.64,319.89,1043.290620,0.079153
300,1,64.13,6727.34,8862.74,735.19,435.30,964.902521,0.084588
300,1,56.67,6146.63,7836.00,585.82,318.15,785.402845,0.268362
300,1,57.57,6387.33,8151.37,648.33,425.23,690.472313,0.084810
300,1,61.06,6053.28,8060.97,678.19,389.77,939.732088,0.081280
300,1,60.61,6484.77,8307.96,675.17,426.96,721.051673,0.083186
300,1,57.47,5528.29,7302.33,698.11,345.81,730.112437,0.085223
300,1,34.69,3934.26,5407.97,541.71,427.83,504.173148,0.079767
300,1,45.28,5009.39,6578.14,600.88,331.76,636.111409,0.079929
300,1,52.40,5775.99,7410.55,641.73,347.84,644.997872,0.073809
300,1,55.82,6935.05,8395.47,355.95,311.91,792.558078,0.078562
300,1,52.34,6549.46,8076.70,462.91,356.38,707.947302,0.077659
300,1,47.06,5903.41,7243.60,395.04,299.47,645.687574,0.087611
300,1,64.40,6892.00,9280.78,911.43,645.94,831.409151,0.096031
300,1,54.82,5889.27,7758.13,576.05,438.05,854.765657,0.077089
300,1,74.37,7970.35,10271.85,825.74,553.17,922.591282,0.072954
300,1,63.81,7768.21,9788.65,710.24,403.37,906.824129,0.084716
300,1,46.81,5894.19,7645.70,623.54,486.82,641.149001,0.198157
300,1,56.44,6262.85,7994.41,582.88,470.32,678.356806,0.069806
300,1,37.87,4788.06,5817.89,223.18,246.41,560.236184,0.068462
300,1,63.47,7687.74,9721.19,750.61,477.71,805.118117,0.090491
300,1,40.45,4925.03,6478.68,691.83,370.64,491.173122,0.138070
300,1,36.10,5358.57,6345.95,197.20,274.51,515.660312,0.075375
300,1,68.32,7851.56,9821.74,669.65,356.85,943.678819,0.062302
300,1,63.51,7209.53,9397.36,811.25,473.07,903.500595,0.086597
300,2,188.83,14718.33,18535.75,1227.82,684.93,1904.673486,0.140965
300,2,137.46,10216.31,14237.27,1425.78,936.68,1658.506595,0.258092
300,2,186.28,16071.94,19867.21,1002.12,715.16,2077.984634,0.174093
300,2,135.90,11939.58,15076.75,851.60,556.97,1728.602864,0.224002
300,2,141.45,12950.84,17100.60,1138.45,841.16,2170.144845,0.239445
300,2,158.20,12683.97,17439.74,1712.01,914.71,2129.058141,0.571594
300,2,236.23,18705.46,24007.04,2032.27,1039.45,2229.866875,0.159347
300,2,156.49,13256.96,17178.26,1130.79,710.08,2080.419460,0.409380
300,2,149.17,11470.07,15457.79,1330.05,720.50,1937.160691,0.129165
300,2,156.89,12635.38,16510.62,1203.11,686.26,1985.877738,0.104188
300,2,115.06,9138.22,12427.59,1018.49,603.75,1667.141290,0.118941
300,2,105.31,9576.75,12268.27,629.39,485.47,1576.657910,0.109173
300,2,130.00,10758.94,14387.56,1123.44,731.23,1773.945089,0.124115
300,2,147.21,11476.68,15588.17,1419.82,883.10,1808.571767,0.196658
300,2,120.67,9244.58,13236.18,1667.94,815.26,1508.396773,0.272866
300,2,172.06,15321.17,19393.21,1364.28,777.67,1930.092188,0.117775
300,2,203.08,15490.36,20100.88,1287.33,842.57,2480.615324,0.161535
300,2,151.62,12359.47,16335.13,1272.80,765.76,1937.100295,0.183308
300,2,144.16,11240.66,15512.31,1762.47,835.28,1673.892695,0.189660
300,2,166.09,15769.68,19300.51,885.18,574.46,2071.181723,0.154434
300,2,177.20,14196.53,18752.95,1557.18,805.84,2193.407391,0.123980
300,2,163.12,12995.64,16696.23,1111.13,727.95,1861.507278,0.127640
300,2,153.46,12012.63,16123.98,1362.17,735.97,2013.214558,0.141743
300,2,191.07,16672.54,20910.57,1440.55,785.17,2012.315425,0.132786
300,2,142.52,11154.22,15144.57,1485.66,761.43,1743.263361,0.111960
300,2,136.27,10520.50,14372.87,1308.78,1044.54,1499.052947,0.244176
300,2,174.80,15850.07,19515.47,962.96,684.08,2018.358942,0.115242
300,2,136.97,12068.97,15699.68,1155.44,709.15,1766.115281,0.113807
300,2,149.12,12798.87,16700.65,1333.61,760.57,1807.604323,0.145741
300,2,138.16,10721.51,14818.91,1567.91,786.62,1742.871123,0.142013
300,2,151.32,11975.37,16017.47,1329.62,722.02,1990.466679,0.143966
300,2,159.54,13572.90,17107.21,1017.64,717.94,1798.723451,0.131846
300,2,150.61,12511.01,16368.07,1003.28,776.75,2077.030573,0.118455
300,2,155.29,11902.34,16127.13,1558.25,820.43,1846.107050,0.114950
300,2,202.04,17398.08,22095.94,1623.23,841.68,2232.959782,0.112101
300,2,143.02,11778.03,15695.04,1611.86,776.25,1528.895680,0.120105
300,2,130.60,10894.05,15107.76,1548.85,779.99,1884.865209,0.111455
300,2,162.80,12323.33,16171.66,1349.52,610.85,1887.960876,0.147304
300,2,139.22,11606.54,15392.54,1535.69,730.46,1519.843306,0.143573
300,2,161.39,12951.01,16535.02,1227.48,629.73,1726.797389,0.111383
300,2,156.28,12591.90,16773.02,1468.84,806.98,1905.306729,0.142536
300,2,117.84,12209.63,15008.71,819.62,473.32,1506.137454,0.152384
300,2,162.29,12982.96,17510.36,1371.47,862.72,2293.207076,0.276673
300,2,160.03,14370.11,18054.33,1160.42,714.71,1809.088724,0.157936
300,2,105.76,10110.98,12707.70,528.94,534.52,1533.257761,0.127161
300,2,197.32,16174.26,20422.58,1231.09,858.52,2158.713198,0.139772
300,2,112.77,9969.13,13315.31,1222.64,626.15,1497.393087,0.105021
300,2,168.64,13806.15,17753.11,1034.85,673.89,2238.226578,0.138322
300,2,174.54,15630.10,19547.61,1209.75,897.31,1810.448536,0.162151
300,2,150.78,13057.10,16305.58,1079.53,573.21,1595.741725,0.275646
300,2,164.21,14413.54,17793.93,924.90,648.04,1807.445512,0.110141
300,2,127.85,9830.89,13713.28,1346.85,761.36,1774.172691,0.154288
300,2,156.06,12852.24,16490.52,1241.18,622.46,1774.638532,0.138911
300,2,164.95,12888.85,16891.67,1251.50,625.41,2125.914134,0.137911
300,2,152.52,13265.14,17103.25,1055.89,653.05,2129.161664,0.137585
300,2,134.71,11991.55,15211.20,780.33,565.97,1873.340198,0.144113
300,2,163.07,14533.26,18589.16,1170.84,774.92,2110.140378,0.138067
300,2,172.31,14977.10,19483.52,1675.07,918.35,1912.997335,0.109799
300,2,156.30,12179.01,15832.74,1129.42,717.44,1806.863365,0.147244
300,2,175.09,14020.31,18182.04,1546.18,773.50,1842.045414,0.113129
300,2,158.10,11851.64,16620.83,1728.72,971.97,2068.486961,0.114117
300,2,135.67,11883.12,15492.82,1122.00,778.47,1709.228744,0.124999
300,2,159.96,14031.99,17311.16,1180.57,608.55,1490.054590,0.100746
300,2,148.28,11766.68,15830.53,1379.15,816.72,1867.989448,0.118617
300,2,152.10,12377.93,17130.40,1979.81,954.32,1818.341439,0.146952
300,2,155.95,13124.63,16719.87,1002.11,603.47,1989.655755,0.122454
300,2,175.88,16017.22,19907.55,1085.66,747.27,2057.403452,0.105448
300,2,178.36,15666.65,19817.50,1165.37,809.44,2176.039946,0.158309
300,2,137.33,11444.06,15587.69,1705.21,935.21,1503.210003,0.185678
300,2,191.69,15444.75,20149.62,1517.79,774.30,2412.770442,0.105148
300,2,129.28,12856.31,15824.18,817.15,614.50,1536.222181,0.163762
300,2,114.52,9912.08,13203.83,864.63,718.95,1708.166493,0.134198
300,2,203.69,17330.62,22049.66,1493.33,898.88,2326.830130,0.177011
300,2,135.02,12939.85,16272.22,1077.77,687.42,1567.181937,0.112254
300,2,145.38,11479.11,14753.13,929.45,651.69,1692.877376,0.129214
300,2,170.34,14455.59,18029.99,1035.44,600.17,1938.788033,0.109721
300,2,195.27,18463.08,22253.52,822.39,697.46,2270.584858,0.193874
300,2,148.33,12612.73,16135.44,1207.89,655.47,1659.347724,0.109078
300,2,170.85,13780.03,18110.76,1360.04,876.95,2093.742232,0.115874
300,2,181.22,15156.83,19400.13,1342.43,758.01,2142.867974,0.098138
300,2,131.38,12122.76,16213.91,1486.88,929.85,1674.421266,0.128325
300,2,131.26,10010.96,13798.95,1268.88,647.15,1871.962680,0.113864
300,2,137.27,11823.68,14552.80,527.91,526.29,1674.915513,0.127482
300,2,131.90,11366.61,14553.12,1007.09,604.19,1575.234958,0.109814
300,2,125.74,12138.03,15023.87,832.64,481.66,1571.539166,0.088646
300,2,145.41,13164.84,16342.73,810.84,621.79,1745.253511,0.102637
300,2,171.15,15151.09,19149.47,1363.36,791.01,1844.019425,0.125424
300,2,164.63,14291.99,17759.90,1096.90,727.29,1643.714691,0.142169
300,2,129.12,10724.10,14253.94,903.06,575.38,2051.399688,0.133483
300,2,113.47,10907.40,14364.14,1007.86,810.78,1638.099986,0.145265
300,2,189.31,17474.23,21562.74,1306.50,781.32,2000.690930,0.157707
300,2,165.59,15003.42,19300.98,1299.89,845.60,2152.065377,0.146328
300,2,117.90,9750.87,13357.39,1150.34,866.32,1589.860342,0.131437
300,2,161.65,13995.58,18281.01,1406.97,904.72,1973.739853,0.135299
300,2,138.08,9490.95,13663.79,1835.73,768.61,1568.499370,0.187159
300,2,187.53,16156.79,20150.24,1122.78,656.62,2214.059117,0.129834
300,2,142.19,11788.25,15509.90,1341.33,709.69,1670.633745,0.116931
300,2,114.40,9583.58,12673.20,1088.00,658.28,1343.340908,0.118679
300,2,177.06,14908.34,19189.43,1468.06,698.63,2114.403457,0.077347
300,2,170.43,14226.50,19297.98,1864.35,923.32,2283.797717,0.167613
300,3,224.76,17529.96,22789.43,1591.29,1082.71,2585.463514,0.162675
300,3,275.81,19800.82,26000.80,1967.30,1024.62,3208.063549,0.209067
300,3,289.27,23943.05,28994.33,1123.06,828.82,3099.399237,0.156146
300,3,185.59,13645.66,18475.52,1757.17,964.40,2108.289444,0.203837
300,3,301.77,22043.75,28830.35,1822.97,1205.26,3758.371169,0.194177
300,3,257.22,21102.92,25910.03,1020.78,805.41,2980.916288,0.174944
300,3,281.98,22455.38,28638.38,1957.29,1041.20,3184.509424,0.164521
300,3,250.27,17566.72,24113.34,2371.10,1286.76,2888.772615,0.191410
300,3,202.72,15018.23,20213.47,1486.17,975.46,2733.613958,0.145343
300,3,246.92,17131.16,23097.85,1832.57,924.97,3209.143651,0.169354
300,3,260.69,21165.29,26789.93,1984.75,1133.19,2506.693965,0.137951
300,3,180.85,13331.73,18132.56,1486.50,1012.12,2302.216463,0.171532
300,3,215.77,15251.02,20822.48,2163.63,1038.55,2369.277983,0.173322
300,3,248.97,18134.65,24335.57,2075.57,1259.35,2866.001908,0.164535
300,3,173.38,11388.52,17787.44,2638.38,1450.71,2309.834850,0.239246
300,3,329.48,23426.22,30407.10,2452.00,1212.20,3316.682673,0.169780
300,3,296.79,22097.09,28762.66,1818.85,1141.64,3705.079430,0.217512
300,3,231.94,15918.62,22112.74,2335.31,1158.76,2700.047249,0.158289
300,3,206.26,16078.92,21001.08,1379.04,925.26,2617.861795,0.139788
300,3,286.52,21705.63,28059.25,1829.27,1389.61,3134.739369,0.145643
300,3,284.23,20007.19,26778.37,2342.99,1152.16,3276.030018,0.160207
300,3,273.79,22111.01,28071.34,1820.69,1217.55,2922.086184,0.223161
300,3,283.71,22534.20,28083.89,1627.73,1040.71,2881.252259,0.176867
300,3,217.30,15813.90,21039.92,1529.05,841.25,2855.718000,0.135022
300,3,268.77,19510.92,25810.19,2127.04,1239.71,2932.521567,0.212840
300,3,245.34,19306.10,24787.38,1766.27,1060.46,2654.552832,0.138358
300,3,287.73,20787.97,26448.60,1691.19,921.74,3047.704243,0.135067
300,3,261.47,19669.72,26156.94,2227.90,1435.61,2823.713892,0.179514
300,3,253.70,20752.40,26363.83,1594.64,1099.27,2917.512456,0.177117
300,3,242.27,17247.23,22930.29,1816.69,976.24,2890.120672,0.133199
300,3,232.19,16455.12,23106.45,2355.46,1305.79,2990.073242,0.201443
300,3,216.40,18877.70,23811.04,1151.50,850.82,2931.029153,0.160427
300,3,224.14,19860.26,24598.98,1203.07,830.69,2704.957147,0.184742
300,3,279.99,20821.75,26830.06,1851.08,972.07,3185.153263,0.167265
300,3,303.65,24187.46,30055.37,1592.40,979.85,3295.663559,0.180501
300,3,209.09,18172.33,22534.81,1371.79,895.75,2094.947159,0.150183
300,3,261.51,17110.36,24404.60,2728.24,1377.45,3188.541626,0.198564
300,3,244.41,18168.14,23448.53,1682.35,941.49,2656.551983,0.155215
300,3,224.77,16488.38,21574.04,1257.56,896.46,2931.643140,0.141820
300,3,203.84,17433.29,21556.04,1053.21,733.52,2336.018166,0.136870
300,3,195.57,13074.42,18407.94,1915.83,910.81,2506.879006,0.147016
300,3,211.54,14680.59,20628.18,2314.93,1171.83,2460.834792,0.179536
300,3,256.62,18207.01,25289.26,1919.26,1227.33,3935.654066,0.127955
300,3,220.69,19505.97,24377.42,1508.10,965.37,2397.989140,0.163455
300,3,189.53,14329.74,18922.40,1351.02,915.68,2325.957941,0.201066
300,3,277.42,22605.59,28893.36,1794.93,1078.36,3414.474981,0.151060
300,3,194.75,15244.71,20005.61,1516.67,1077.06,2167.164159,0.156239
300,3,223.60,15744.25,21592.43,1805.57,997.20,3045.415450,0.144508
300,3,240.31,15610.39,22270.62,2533.51,1254.30,2872.416493,0.182524
300,3,186.30,14566.40,19041.62,1218.45,1012.00,2244.771961,0.143308
300,3,267.26,20541.72,26294.67,1871.30,980.75,2900.897284,0.140735
300,3,315.64,25568.98,31369.97,1817.09,1093.96,2889.940866,0.156238
300,3,213.16,15496.61,21319.31,1837.49,1120.40,2864.809698,0.229619
300,3,215.88,15298.02,21104.19,1853.38,937.45,3015.346487,0.167560
300,3,272.44,19690.99,25967.19,1849.06,1070.85,3356.282630,0.190269
300,3,239.71,20644.79,25891.20,1542.34,944.66,2759.414046,0.152756
300,3,236.09,17063.77,23757.87,2077.13,1229.02,3387.951153,0.173583
300,3,260.59,18949.20,25212.05,2139.82,1067.87,3055.156243,0.176608
300,3,320.06,24793.80,30238.17,1560.76,952.87,2930.741469,0.164009
300,3,229.15,17499.15,23341.73,1978.07,1073.71,2790.797309,0.155843
300,3,240.25,16435.52,23688.25,2422.36,1370.64,3459.728542,0.177143
300,3,220.52,18861.65,24650.11,1950.90,1010.68,2826.880365,0.137348
300,3,238.62,16620.97,22449.57,2265.99,1160.23,2402.375481,0.165263
300,3,226.90,17095.54,22415.07,1541.91,985.28,2792.343925,0.139304
300,3,287.98,22315.96,28061.92,1850.51,913.46,2981.987301,0.134229
300,3,276.16,23289.20,28888.15,1563.11,1106.44,2929.394636,0.155824
300,3,274.70,19955.30,26335.86,2160.63,1231.17,2988.754285,0.186284
300,3,264.56,21327.55,26797.90,1282.51,826.97,3360.875251,0.187994
300,3,220.88,16870.10,22577.13,1990.82,1159.84,2556.370738,0.160454
300,3,261.48,19198.37,25747.81,1982.85,1100.35,3466.252425,0.192326
300,3,184.71,13239.65,18529.82,1784.93,1074.30,2430.940301,0.168957
300,3,241.37,16963.95,22407.23,1497.63,1048.24,2897.417848,0.156601
300,3,309.64,25909.52,31438.07,1536.77,988.21,3003.565947,0.126408
300,3,259.35,18107.20,24340.96,2299.92,1085.70,2848.144024,0.156348
300,3,230.31,17326.90,23323.63,1947.44,1289.32,2759.959382,0.146232
300,3,232.50,17396.41,23558.01,2068.70,1273.19,2819.707839,0.149519
300,3,272.24,20337.11,26337.68,1852.65,904.14,3243.789963,0.142569
300,3,268.09,20513.06,25931.38,1406.52,872.78,3139.011109,0.178334
300,3,279.83,20486.91,26939.48,1980.19,1337.00,3135.370742,0.180184
300,3,268.44,21929.80,27449.95,1808.42,1004.40,2707.327924,0.145277
300,3,206.25,15755.13,20827.17,1253.97,949.46,2868.611849,0.150792
300,3,265.46,21610.65,27801.74,2156.10,1173.63,2861.361433,0.177430
300,3,204.43,17011.80,21164.69,1068.06,748.43,2336.400198,0.140903
300,3,219.43,18332.41,22810.79,1078.28,734.38,2665.729152,0.143746
300,3,172.42,12230.70,16248.76,1173.77,748.67,2095.613664,0.156112
300,3,242.22,19645.93,24876.04,1551.28,1070.50,2608.340657,0.180358
300,3,189.37,15379.66,19490.83,1121.32,866.75,2123.099069,0.152385
300,3,232.71,17891.57,23531.87,1790.93,1047.39,2801.981885,0.177517
300,3,219.08,15530.62,21569.83,1807.24,991.80,3240.164024,0.161866
300,3,293.05,22074.65,27899.35,1628.30,960.15,3236.254195,0.161630
300,3,309.70,23657.96,30510.80,2056.28,1247.74,3548.821896,0.147510
300,3,248.21,18642.26,25008.44,1875.81,1094.68,3395.687383,0.160832
300,3,237.39,19731.20,24980.07,1334.68,961.49,2952.699797,0.167067
300,3,233.74,18389.18,23637.64,1213.67,896.27,3138.514486,0.163543
300,3,208.69,14513.21,19885.50,2126.49,1125.11,2120.686378,0.133331
300,3,320.87,23923.04,30725.37,1830.84,1074.53,3896.953283,0.225188
300,3,186.46,15728.49,20143.89,1000.14,665.75,2749.501992,0.105494
300,3,168.70,12750.21,17824.75,1911.98,1134.98,2027.571309,0.153243
300,3,231.39,17182.11,22822.65,1626.19,950.16,3064.190872,0.097556
300,3,262.07,17594.13,24364.90,2166.26,1128.17,3476.338753,0.161322
300,4,290.01,18857.16,26334.00,2802.09,1349.37,3325.391612,0.192775
300,4,335.48,23917.83,31619.43,2471.17,1416.64,3813.795801,0.160983
300,4,309.32,25032.47,31371.59,1449.08,1130.18,3759.859058,0.153663
300,4,303.59,21884.49,29067.12,2519.13,1528.45,3135.049410,0.200150
300,4,375.40,28894.36,37455.18,2185.20,1538.46,4837.163993,0.198661
300,4,342.39,23653.58,31531.55,2257.71,1368.36,4251.893205,0.239507
300,4,359.74,25579.10,34139.84,2705.34,1537.01,4318.390750,0.224154
300,4,264.69,19354.96,26043.57,1474.46,1045.97,4168.181850,0.195387
300,4,254.02,19307.28,25660.99,1830.36,1132.09,3391.259120,0.223705
300,4,319.11,22215.96,29982.08,2459.45,1304.65,4002.018054,0.234166
300,4,342.77,22987.01,30996.99,2755.73,1388.68,3865.562986,0.221376
300,4,281.70,20367.12,26579.69,2025.76,1265.90,2920.911266,0.184328
300,4,364.72,28508.10,36923.69,3232.96,1728.87,3453.755262,0.267214
300,4,284.62,17643.92,25902.73,2748.20,1584.90,3925.718086,0.208551
300,4,246.07,16824.99,24253.17,2778.76,1416.60,3232.824129,0.188286
300,4,334.44,23946.98,32108.08,2741.98,1397.72,4021.407143,0.218126
300,4,352.63,24985.09,34029.03,3183.19,1608.75,4251.995424,0.252622
300,4,299.90,20780.77,28323.93,2469.25,1630.74,3443.159937,0.207194
300,4,365.85,27302.59,34977.43,2766.51,1504.96,3403.372484,0.202222
300,4,277.27,17454.51,24861.10,2232.66,1304.12,3869.814653,0.206632
300,4,370.54,25564.97,34229.86,2918.42,1407.71,4338.766748,0.250115
300,4,325.37,20118.36,29121.77,3181.32,1682.13,4139.954239,0.237409
300,4,327.30,23006.84,30311.30,2310.45,1378.06,3615.959400,0.169188
300,4,313.44,23218.62,29961.90,1832.31,1198.13,3712.832499,0.169552
300,4,303.46,20178.98,28439.38,2949.52,1584.27,3726.614849,0.198836
300,4,314.61,22880.83,29826.91,1838.61,1299.81,3807.656039,0.230702
300,4,356.66,25035.97,32798.90,2534.32,1477.36,3751.244130,0.192209
300,4,276.04,18353.96,25521.78,2263.34,1292.30,3612.176549,0.199252
300,4,314.25,23451.14,30610.66,2032.06,1364.42,3763.040718,0.215543
300,4,386.29,29065.95,36963.75,2391.66,1458.90,4047.251136,0.198569
300,4,291.83,20105.65,27819.37,2629.64,1514.12,3569.961020,0.227101
300,4,313.83,22910.38,29908.33,2186.71,1172.22,3639.001999,0.191358
300,4,288.45,19732.33,27092.36,2110.78,1230.45,4018.812859,0.194011
300,4,352.91,23981.23,32905.15,3607.33,1674.53,3642.066226,0.212401
300,4,330.11,22310.20,30509.65,2172.20,1318.28,4708.962325,0.235251
300,4,253.38,17784.60,24321.44,2155.76,1283.13,3097.948172,0.221390
300,4,426.55,32291.26,40725.36,2967.34,1319.46,4147.297944,0.169312
300,4,290.12,19734.81,28046.62,3122.88,1926.14,3262.791340,0.204306
300,4,242.48,19118.60,25560.13,1825.35,1242.16,3374.031341,0.223058
300,4,245.67,20452.95,26209.64,1675.30,1149.60,2931.796356,0.245097
300,4,301.65,20446.75,27545.95,2246.68,1190.99,3661.527622,0.229228
300,4,257.28,18556.24,25084.61,2529.41,1227.09,2771.877035,0.177444
300,4,337.81,23176.10,31701.18,2705.60,1358.24,4461.252647,0.170270
300,4,320.05,22469.96,30478.75,2968.07,1539.60,3501.114328,0.232482
300,4,213.51,14572.87,20726.80,2019.73,1266.85,2867.346702,0.177584
300,4,332.85,22141.29,31188.46,2860.97,1682.08,4504.124648,0.180867
300,4,273.72,19054.64,25836.97,2541.10,1438.81,2802.414847,0.187108
300,4,363.87,24193.73,32706.02,2894.94,1405.61,4211.744798,0.177067
300,4,396.13,28655.22,37162.80,3023.39,1553.96,3930.222129,0.181875
300,4,237.29,15464.97,22603.72,2264.53,1409.08,3465.143909,0.197558
300,4,329.78,23081.40,31178.03,2802.76,1548.65,3745.221719,0.176784
300,4,315.84,21829.61,29680.51,2701.10,1325.26,3824.532894,0.196508
300,4,342.78,27058.56,33929.07,2229.84,1276.78,3363.883621,0.264649
300,4,365.25,25509.57,34595.37,3395.53,1742.82,3947.441326,0.216940
300,4,290.12,20562.71,27465.97,2034.71,1316.96,3551.586907,0.190516
300,4,322.11,21948.83,29175.58,2217.15,1518.17,3491.424289,0.207036
300,4,331.80,23755.46,30236.17,1590.73,1025.11,3864.876824,0.174901
300,4,371.05,25406.21,33317.19,2684.93,1248.61,3977.440979,0.192913
300,4,326.41,22820.31,30132.34,2302.92,1459.97,3549.133403,0.222842
300,4,333.05,24747.63,31734.69,1999.64,1315.95,3671.465691,0.184976
300,4,332.23,21032.28,28867.85,2080.57,1327.99,4427.009889,0.177029
300,4,310.16,23054.74,29451.24,1697.32,1151.13,3548.046456,0.183303
300,4,312.21,23950.65,31057.77,2533.20,1349.48,3224.427624,0.210094
300,4,314.79,23323.23,30621.15,2352.57,1377.57,3567.776569,0.209203
300,4,328.51,24024.13,31382.41,2408.40,1251.27,3698.617726,0.187449
300,4,295.02,20972.23,28737.38,2436.94,1851.44,3476.759451,0.283527
300,4,349.04,24031.22,32190.48,2780.33,1447.53,3931.393147,0.231082
300,4,391.46,25493.86,33272.87,2081.90,1529.92,4167.181606,0.189464
300,4,348.26,23217.99,32744.16,3483.99,1925.55,4116.621836,0.221060
300,4,333.72,23319.34,31634.03,2267.99,1582.98,4463.722477,0.272034
300,4,263.21,17702.38,25410.75,2603.31,1524.70,3580.361157,0.191443
300,4,281.52,19572.48,26272.60,1840.66,1300.38,3559.080848,0.185401
300,4,313.88,24227.53,31011.10,1733.67,1130.57,3919.327464,0.167987
300,4,267.94,18275.04,25055.75,2281.49,1225.46,3273.762210,0.219993
300,4,324.81,24133.87,30959.06,1708.84,1297.94,3818.398709,0.182953
300,4,387.80,27293.42,35017.58,2303.95,1539.94,3880.279290,0.224188
300,4,393.54,28716.99,36546.17,2410.31,1475.09,3943.783188,0.191637
300,4,296.70,20892.72,28465.79,2615.85,1439.31,3517.901595,0.211305
300,4,352.64,24661.28,33702.04,3177.61,1762.09,4101.056513,0.245151
300,4,330.33,25630.76,32931.79,2098.46,1438.58,3763.993740,0.234034
300,4,319.21,22450.32,29855.12,2197.20,1238.93,3968.663558,0.193110
300,4,305.61,19674.33,28635.16,3835.69,1612.12,3513.023116,0.308067
300,4,328.19,23445.78,30841.48,2760.13,1583.81,3051.754443,0.208195
300,4,277.11,21317.00,27079.06,1565.16,934.66,3262.244849,0.169581
300,4,247.88,21428.05,26085.83,1215.12,812.84,2629.816557,0.157414
300,4,322.65,23099.64,30093.22,2135.25,1360.37,3497.956560,0.226069
300,4,306.91,22818.52,28704.80,1538.31,1127.40,3220.566756,0.192391
300,4,362.44,25601.87,33878.62,2738.87,1442.58,4095.299928,0.306451
300,4,320.79,22452.17,30146.84,2659.34,1356.19,3679.139442,0.240814
300,4,349.89,26789.59,34972.19,2484.36,1438.39,4259.847793,0.192345
300,4,373.97,24102.69,32369.40,2590.18,1366.26,4310.283482,0.220402
300,4,348.26,26614.82,35012.23,2480.13,1561.52,4355.753945,0.179862
300,4,291.21,19901.11,27175.95,2199.49,1322.86,3752.491905,0.211932
300,4,423.21,29781.39,37455.35,2196.98,1472.03,4004.949227,0.233900
300,4,237.26,14069.19,21397.76,3173.73,1446.02,2708.827578,0.154294
300,4,302.01,20933.68,27736.60,1866.53,1097.92,3838.465991,0.194472
300,4,310.18,25213.34,32110.97,2302.71,1221.65,3373.271563,0.200483
300,4,295.11,22476.74,28064.17,1600.56,1002.53,2984.336007,0.198797
300,4,276.24,18053.68,26212.33,2866.90,1507.57,3784.180431,0.125609
300,4,387.47,27766.72,37800.12,3441.30,1746.06,4846.038227,0.213007
300,5,451.87,32446.75,41697.10,2923.67,1822.58,4504.103160,0.234135
300,5,492.28,36583.87,45785.87,2593.88,1533.34,5074.782021,0.184877
300,5,412.35,26799.52,36345.68,2998.86,1885.01,4662.284245,0.220482
300,5,289.26,16511.00,25460.80,3572.55,1896.90,3480.350381,0.192690
300,5,347.83,20714.00,31341.64,3583.01,1745.65,5298.976831,0.207119
300,5,323.12,22405.97,30839.47,2352.02,1634.36,4447.122373,0.229704
300,5,392.18,26435.81,35094.98,2404.68,1307.24,4947.256576,0.181613
300,5,482.32,32940.67,42659.46,3130.17,1910.65,4677.969041,0.194673
300,5,417.59,27762.39,37320.32,3126.97,1883.44,4547.521581,0.189870
300,5,359.63,22909.05,32447.74,3109.48,1812.33,4616.880488,0.206160
300,5,368.40,24748.86,33905.52,3056.39,1785.96,4314.310105,0.199414
300,5,377.87,24490.63,33878.09,3581.74,1904.06,3901.653607,0.245443
300,5,348.09,22845.86,32730.46,3726.51,2007.11,4150.974909,0.194406
300,5,354.77,23020.57,32721.38,2900.76,1526.00,5274.046368,0.239982
300,5,425.29,28065.98,37119.50,3179.10,1729.62,4144.805210,0.202527
300,5,469.87,32700.61,42988.91,3425.76,1855.43,5007.106809,0.247071
300,5,442.25,30684.48,39921.99,2836.78,1361.44,5039.283836,0.223572
300,5,314.81,18132.37,27805.91,3178.05,1931.06,4564.425688,0.292288
300,5,400.33,25446.63,35603.91,3798.50,2033.17,4325.619936,0.246714
300,5,430.55,29068.55,38770.32,3231.22,1739.93,4730.624821,0.181865
300,5,483.53,30857.23,41968.16,4126.59,1943.90,5040.433061,0.312703
300,5,390.11,24552.79,34775.08,3882.48,1772.61,4567.205854,0.197351
300,5,330.55,22287.80,31410.99,2595.59,1593.93,4933.667371,0.210385
300,5,377.49,26375.01,35199.23,2908.56,1641.22,4274.449497,0.227523
300,5,369.13,24644.04,33864.20,2967.18,1745.60,4507.381806,0.205040
300,5,414.15,25602.02,36091.96,3935.99,1915.99,4637.965478,0.230140
300,5,366.63,22097.86,32590.35,4046.47,1859.33,4586.686577,0.241662
300,5,419.90,28624.00,38269.70,2895.59,1933.39,4816.724945,0.244072
300,5,397.49,30710.03,38727.92,1957.30,1545.92,4514.675800,0.199725
300,5,419.57,28352.85,38216.25,3381.86,1767.97,4713.565063,0.224294
300,5,329.72,21148.93,29621.98,2787.08,1686.60,3999.365787,0.254238
300,5,379.16,23852.95,33893.07,3683.21,2019.20,4337.713259,0.220710
300,5,411.42,30454.09,39633.89,2803.10,1738.12,4638.577672,0.225480
300,5,336.64,20454.02,29786.54,3014.08,1657.76,4660.671699,0.236214
300,5,405.38,30305.27,39177.20,2491.71,1683.44,4696.776601,0.186371
300,5,299.78,21695.65,30010.96,2971.78,1704.71,3638.821571,0.206181
300,5,398.83,26686.76,35524.11,2713.96,1639.00,4484.392592,0.232511
300,5,326.86,22067.18,30848.44,3217.57,1698.03,3865.652142,0.239547
300,5,378.55,25725.69,34667.38,2924.29,1694.94,4322.463850,0.204384
300,5,324.20,20421.22,29474.70,3287.79,1762.06,4003.635337,0.219111
300,5,404.68,31324.62,38716.56,2207.59,1236.73,3947.619136,0.178614
300,5,373.06,26827.81,35491.82,3188.10,1797.10,3678.805292,0.223931
300,5,445.57,27983.67,39426.54,3997.10,2205.82,5239.957978,0.291969
300,5,404.57,24356.21,35019.71,4215.18,2001.21,4447.111308,0.233967
300,5,338.50,23934.89,31934.79,2194.39,1828.23,3977.281994,0.228299
300,5,440.56,29923.33,39137.92,2512.91,1605.97,5095.709462,0.199183
300,5,339.59,22054.27,30742.41,3055.89,1793.12,3839.126657,0.229845
300,5,409.67,26779.51,36690.61,3185.05,1836.87,4889.177423,0.240647
300,5,431.27,28245.98,39092.53,3763.14,2049.39,5034.019602,0.216725
300,5,377.09,27798.12,36536.27,2865.23,1833.99,4038.921872,0.200250
300,5,364.11,20647.67,31556.19,4491.82,2103.17,4313.529657,0.223933
300,5,350.10,25612.53,33373.28,2159.46,1356.21,4245.073700,0.231716
300,5,317.75,20878.77,29610.52,2482.70,1536.27,4712.776135,0.271655
300,5,434.17,30058.42,38754.73,2855.45,1648.32,4192.532483,0.246794
300,5,452.58,31475.18,39261.74,1917.14,1355.95,4513.475035,0.193843
300,5,332.70,23105.38,31546.66,2712.87,1468.44,4259.976966,0.198309
300,5,329.34,21931.70,31147.25,2670.53,1676.49,4868.530834,0.192269
300,5,440.72,31960.63,41363.66,3069.08,1720.09,4613.865450,0.232003
300,5,367.53,23963.67,33364.29,3206.98,2105.47,4088.172343,0.281887
300,5,332.84,21608.21,30737.81,2861.09,1936.66,4331.850613,0.244151
300,5,403.97,27038.68,37073.14,3208.17,1874.55,4951.747254,0.219305
300,5,392.01,25577.57,35276.33,2942.81,1783.97,4971.983811,0.213155
300,5,313.16,22519.34,30424.62,2866.22,1647.96,3391.091010,0.180173
300,5,340.40,21489.82,31180.15,3289.15,2038.03,4363.149230,0.331144
300,5,354.25,20853.71,31171.08,3894.52,2075.83,4347.018385,0.251491
300,5,397.84,24444.91,35987.62,4427.58,2415.22,4699.917905,0.232821
300,5,422.34,26773.16,36795.10,3429.64,1885.37,4706.921496,0.253249
300,5,355.47,23816.50,33219.86,2898.04,1892.15,4613.165086,0.212106
300,5,370.73,22600.36,32938.49,3702.84,1930.66,4704.634874,0.244420
300,5,446.12,28250.70,38669.90,2984.15,1624.37,5810.677081,0.220545
300,5,374.08,25325.61,35414.45,3909.54,1849.15,4330.155194,0.237680
300,5,409.39,28874.58,37129.63,2412.79,1659.05,4183.201492,0.239130
300,5,482.52,34105.76,44070.24,3242.76,1859.54,4862.183477,0.231581
300,5,389.23,28021.31,36216.08,2217.06,1428.49,4549.222115,0.182873
300,5,360.53,23729.84,32512.77,2315.51,1523.44,4943.976176,0.270083
300,5,376.20,24219.25,33335.78,2575.08,1753.92,4787.525468,0.213363
300,5,348.64,24107.17,32543.84,2353.42,1256.62,4826.625898,0.222320
300,5,427.04,30402.87,38611.13,2656.79,1383.72,4167.749449,0.186714
300,5,441.42,29123.09,38882.04,2952.84,1634.64,5171.465454,0.201633
300,5,359.30,24677.88,34543.70,3237.27,1837.91,4790.640315,0.235759
300,5,356.50,24706.33,32539.05,1965.11,1365.19,4502.424930,0.218452
300,5,370.12,26832.42,35815.79,3213.71,1727.19,4042.467304,0.221821
300,5,348.75,22835.75,31353.12,2687.04,1920.89,3909.439323,0.231872
300,5,375.80,25664.56,33886.18,2650.13,1452.56,4118.927633,0.195122
300,5,364.49,26690.81,34450.83,3074.71,1459.29,3226.018412,0.192535
300,5,378.23,26627.26,35340.31,2473.21,1542.38,4697.460239,0.180700
300,5,325.20,20754.20,29644.77,3098.10,1612.15,4180.322013,0.237692
300,5,388.26,26215.63,36372.80,3766.83,1985.32,4405.026782,0.266434
300,5,333.94,25855.96,32944.14,1756.47,1362.15,3969.569111,0.194667
300,5,417.05,26447.69,35662.92,2937.16,1579.14,4698.923515,0.230128
300,5,378.79,26128.30,34783.68,2680.33,1640.75,4334.307092,0.190187
300,5,357.76,21338.74,31888.89,3259.30,2143.64,5147.211449,0.263240
300,5,426.17,31972.05,40992.24,2451.53,1513.59,5055.083193,0.177324
300,5,359.65,24636.82,34335.81,3067.37,2020.40,4611.223371,0.275044
300,5,336.49,21112.72,30884.53,4067.01,1864.18,3840.620575,0.176980
300,5,422.41,29308.82,38560.24,2780.13,1600.59,4870.691702,0.197278
300,5,296.66,21324.19,28328.12,2107.51,1288.79,3607.633163,0.206941
300,5,362.40,23010.61,32455.07,3302.09,2103.31,4039.060439,0.231468
300,5,389.61,25240.04,34599.99,3233.65,1907.10,4219.198033,0.176983
300,5,334.76,21941.71,31783.64,3136.75,1697.83,5007.361266,0.174388
300,6,417.74,26911.57,37937.02,3678.04,2266.43,5080.989926,0.257229
300,6,580.58,37175.74,48896.84,3780.10,2245.20,5695.795938,0.274411
300,6,484.92,31785.78,42536.35,3492.73,1950.09,5307.754750,0.256986
300,6,408.33,27076.72,37742.70,3936.38,2329.26,4400.337418,0.303360
300,6,472.29,30743.60,42694.85,3887.07,2022.95,6041.234894,0.258434
300,6,513.30,35063.73,46462.06,4293.96,2062.91,5041.456461,0.217859
300,6,499.35,31666.17,43329.22,3462.56,2000.78,6199.711403,0.235206
300,6,455.79,31114.31,40186.94,2346.13,1508.47,5218.032536,0.228673
300,6,400.81,24330.28,35443.11,3741.23,2551.45,4820.143943,0.287446
300,6,476.96,29681.64,41699.50,4984.34,2352.43,4681.095588,0.231694
300,6,372.31,27599.11,35707.10,2134.24,1393.35,4580.402893,0.215524
300,6,429.42,27410.11,37489.99,3383.88,2024.93,4671.065796,0.261185
300,6,450.31,28042.78,39462.87,4072.28,2103.19,5244.620036,0.255232
300,6,459.14,28296.57,40903.41,4199.01,2390.39,6017.431196,0.253157
300,6,395.76,25196.57,35010.05,2818.32,1806.34,5188.824035,0.213054
300,6,518.32,35230.20,47417.26,4193.81,2261.65,5731.601405,0.256641
300,6,604.43,38035.59,50575.03,4037.99,2313.03,6188.427129,0.235065
300,6,317.23,18293.17,28676.23,3575.28,2042.75,4765.030679,0.255753
300,6,440.86,27975.72,40018.13,4504.67,2467.73,5070.007040,0.297147
300,6,431.09,24797.11,36946.79,4052.55,2229.57,5867.568044,0.243032
300,6,454.60,28752.21,40133.75,3811.23,2226.80,5343.508823,0.262020
300,6,451.89,30110.09,41250.25,3747.59,2298.13,5094.448451,0.286341
300,6,340.74,19869.95,31343.33,3979.48,2320.24,5173.657301,0.301567
300,6,471.48,31819.31,43404.41,4060.97,2402.94,5121.193847,0.295272
300,6,488.14,34220.32,44046.76,2760.79,1770.94,5294.704894,0.213685
300,6,434.75,27445.58,37407.65,3154.25,1668.66,5139.165065,0.241803
300,6,444.00,28405.25,39204.39,3620.92,2133.14,5045.087192,0.294056
300,6,397.49,27351.62,37822.43,2998.55,1903.17,5569.081778,0.238724
300,6,418.89,28069.19,38207.62,3281.75,1885.40,4971.278149,0.202469
300,6,395.83,25746.03,34786.81,2482.73,1854.68,4703.370070,0.227796
300,6,428.27,25211.36,37333.11,4291.85,2517.24,5312.660006,0.253634
300,6,376.45,26272.04,35658.55,2807.19,1573.15,5006.165745,0.228996
300,6,448.29,25191.77,38207.31,4896.00,2611.76,5507.773759,0.270479
300,6,499.13,30465.28,41978.69,3861.33,2240.47,5411.605035,0.276643
300,6,528.97,38312.67,48241.28,2774.31,1953.95,5200.355494,0.243288
300,6,372.58,25149.24,34646.21,3241.59,1941.50,4313.876406,0.213037
300,6,481.36,31295.22,43388.75,4234.60,1995.80,5863.120458,0.265983
300,6,463.17,30183.42,40480.27,3303.56,1932.19,5061.101682,0.217189
300,6,460.26,31817.40,41131.04,2767.84,1626.42,4919.386489,0.203568
300,6,361.83,21869.18,32609.58,4389.69,2257.77,4092.928755,0.302662
300,6,403.97,28155.43,38094.84,3585.66,2028.53,4325.214327,0.203439
300,6,357.43,23922.83,33369.84,3347.14,1886.01,4213.869414,0.285691
300,6,470.86,28371.28,40651.23,3265.97,2366.28,6647.714310,0.299317
300,6,382.74,22957.62,34058.17,3884.29,2303.33,4912.940997,0.275445
300,6,402.42,27896.99,36724.91,2511.70,1806.11,4510.111143,0.244245
300,6,489.23,31424.02,42211.11,3017.26,1797.31,5972.522089,0.243991
300,6,380.32,22846.93,33709.94,4311.21,2185.02,4366.780652,0.246308
300,6,493.06,31634.69,44015.95,4398.98,2115.53,5866.751037,0.241603
300,6,570.07,37638.62,49459.39,3680.73,2043.75,6096.282506,0.223096
300,6,335.32,19650.79,30337.57,4080.89,2153.57,4452.317319,0.238826
300,6,469.94,31938.82,42924.36,3568.38,2078.73,5338.436739,0.233153
300,6,500.12,34640.31,44493.26,2730.71,1888.45,5233.799270,0.227860
300,6,447.17,28777.69,38856.00,3071.04,1820.47,5186.799615,0.221695
300,6,422.26,29597.76,39828.87,3293.57,1871.82,5065.713360,0.244003
300,6,498.42,33095.92,44205.51,3269.76,2061.81,5778.017157,0.238764
300,6,458.90,30755.94,41598.97,3830.80,2058.58,4953.651017,0.259928
300,6,486.15,33860.93,44427.74,3213.19,2149.57,5204.047993,0.247813
300,6,525.91,36170.15,46932.08,3232.04,1937.99,5591.898517,0.236054
300,6,385.01,24628.35,34419.19,2788.97,1962.07,5039.786093,0.237404
300,6,414.41,27415.71,38368.90,3809.80,2376.07,4767.316747,0.283372
300,6,439.68,30173.32,40569.12,2673.55,1995.28,5726.976527,0.216479
300,6,466.49,29810.06,41626.23,3926.12,2324.40,5565.650195,0.236294
300,6,329.30,21282.94,30842.18,3343.20,1704.62,4511.421134,0.251050
300,6,421.74,28406.49,39211.28,3647.35,2060.47,5096.982850,0.273886
300,6,330.95,19387.67,28945.52,3350.44,1792.31,4415.091626,0.227937
300,6,411.46,27043.68,38523.62,3659.34,2255.77,5564.823138,0.266984
300,6,478.56,32980.67,43411.76,3217.61,1958.06,5255.418308,0.215844
300,6,448.28,29694.52,40422.04,3375.35,2017.19,5334.982572,0.217398
300,6,480.18,29501.26,42180.40,4910.08,2261.25,5507.815063,0.237241
300,6,473.25,30228.94,42025.78,3983.02,2273.76,5540.051382,0.249453
300,6,401.91,26216.50,37540.56,4356.53,2487.33,4480.202693,0.260243
300,6,390.24,27362.98,37287.68,2602.22,2077.77,5244.711872,0.275805
300,6,366.92,21285.55,31893.97,3452.68,1963.91,5191.835251,0.287823
300,6,512.85,35083.73,46709.60,4060.72,2222.74,5342.413501,0.287403
300,6,384.29,27269.55,35836.42,2192.46,1636.00,4738.408945,0.202871
300,6,435.47,27020.27,37953.26,3768.67,1894.77,5269.553666,0.225429
300,6,420.40,26170.66,36499.74,3456.68,1739.90,5132.509384,0.223972
300,6,439.82,30224.07,41162.08,3950.67,2396.75,4590.588386,0.307668
300,6,495.11,34215.19,44491.43,2403.66,1786.71,6085.872797,0.271754
300,6,379.92,21748.53,33373.66,4404.08,2148.13,5072.917711,0.254948
300,6,380.97,27110.65,36950.09,2930.28,1875.56,5033.603754,0.234021
300,6,408.05,25119.06,36740.86,4652.18,2168.43,4801.183749,0.225893
300,6,370.58,24046.90,34447.33,3806.99,2186.51,4406.927593,0.268720
300,6,336.23,21049.32,30302.45,2898.28,1894.56,4460.285649,0.231908
300,6,335.40,18856.87,29277.28,3885.90,2513.30,4021.215865,0.292278
300,6,471.63,34243.24,44020.63,2518.17,1779.98,5479.239118,0.225069
300,6,338.22,20691.38,30594.64,3510.66,1954.98,4437.617862,0.211200
300,6,438.76,32232.76,42450.09,3071.44,1910.52,5235.368311,0.203302
300,6,439.73,27113.65,39037.06,4382.89,2499.13,5041.395530,0.287909
300,6,431.93,33942.49,42418.77,2073.30,1341.70,5061.283965,0.177080
300,6,463.23,28453.72,39185.38,3593.19,1722.27,5416.201902,0.216139
300,6,422.88,26670.48,38324.60,4253.66,2169.35,5231.103907,0.225682
300,6,466.17,29215.85,41511.38,4378.31,2514.37,5402.850888,0.264816
300,6,457.25,29667.22,40942.94,3578.96,1809.48,5887.280109,0.208263
300,6,340.58,20209.62,29834.38,3482.50,1864.20,4278.065514,0.253356
300,6,451.97,28769.64,40279.01,3666.29,2353.99,5489.084967,0.271147
300,6,354.65,23618.71,32095.08,2555.16,1843.70,4077.517714,0.223349
300,6,381.08,25837.70,36186.02,3984.67,2257.27,4106.379510,0.245989
300,6,457.01,27737.21,39625.98,3980.07,2490.26,5418.443092,0.210154
300,6,494.59,32314.02,43092.14,3415.55,2186.37,5176.206386,0.259424
300,7,442.70,27134.12,38692.23,3689.90,2154.54,5713.666979,0.260512
300,7,533.73,33638.61,46152.23,4152.29,2560.86,5800.480896,0.294317
300,7,407.54,21699.80,34363.08,4299.44,2608.18,5755.652590,0.270428
300,7,421.46,29736.32,39165.25,2426.27,1831.64,5171.017786,0.289685
300,7,558.77,33055.86,47255.61,4735.43,2574.77,6889.557286,0.276182
300,7,412.71,22179.24,35888.09,5339.12,2892.70,5477.027907,0.281223
300,7,570.09,35189.14,48396.17,4532.98,2562.24,6111.809972,0.326963
300,7,552.97,40023.16,50270.19,2883.54,1840.80,5522.689181,0.223048
300,7,487.36,28306.51,42248.04,5829.98,3056.44,5055.110093,0.430696
300,7,383.13,24780.75,36260.82,4058.52,2101.86,5319.687236,0.437926
300,7,363.56,24900.49,34615.15,2879.00,1833.25,5002.407489,0.420641
300,7,449.93,30358.26,40706.67,3366.95,1999.30,4982.149152,0.567187
300,7,390.98,26691.98,35877.29,2895.31,1698.59,4591.411607,0.240604
300,7,479.05,29452.17,42312.03,4183.75,1990.46,6685.647724,0.277427
300,7,464.99,26398.73,39623.73,4871.76,2589.56,5763.674506,0.287610
300,7,555.10,30896.92,45185.23,5641.96,2746.50,5899.849930,0.291783
300,7,584.41,36207.54,48907.87,3407.35,2286.73,7006.257689,0.268659
300,7,488.18,33493.48,44510.33,2960.62,2093.07,5963.147364,0.280877
300,7,425.70,23038.06,36268.69,4782.62,3105.16,5342.859536,0.361105
300,7,497.27,27703.22,41627.43,5183.59,2718.55,6022.066196,0.361566
300,7,485.25,27076.24,42060.60,5960.40,3358.06,5665.896788,0.447527
300,7,497.49,30717.14,44145.91,4762.29,2471.93,6194.556211,0.341618
300,7,493.19,33134.02,44320.49,3499.06,2244.21,5443.204446,0.383227
300,7,479.04,27136.95,39977.37,4558.59,2111.37,6170.452776,0.476625
300,7,562.69,33880.60,48138.80,4757.44,3263.80,6236.960449,0.464571
300,7,564.93,35652.89,50074.92,5230.63,2834.76,6356.640377,0.304637
300,7,551.47,34659.34,48094.90,4678.12,2952.72,5804.708623,0.316787
300,7,452.34,27192.51,40616.54,4454.37,2683.02,6286.649159,0.276838
300,7,456.04,27913.35,39310.57,3659.46,2262.24,5475.518448,0.258661
300,7,502.68,31757.32,43945.08,3909.77,2776.43,5501.554704,0.282554
300,7,458.20,25822.60,38295.62,4421.92,2447.95,5603.138538,0.261015
300,7,401.36,23348.46,34425.69,3757.01,2071.56,5248.660033,0.246606
300,7,446.29,30871.49,41145.10,2606.13,1960.15,5707.333089,0.304831
300,7,579.28,35437.95,48507.59,4564.04,2098.23,6407.368573,0.408201
300,7,500.96,33345.90,45391.43,3582.23,2033.06,6430.223659,0.344291
300,7,451.15,25658.98,39017.97,5627.36,2879.11,4852.520863,0.371922
300,7,465.96,29134.72,41580.05,4347.29,2232.94,5865.101382,0.249797
300,7,545.67,34254.28,45785.89,3539.01,2227.07,5765.526890,0.265480
300,7,411.10,23886.21,35502.72,4090.03,2361.69,5164.781949,0.272554
300,7,352.43,21172.69,31853.43,3900.99,2212.58,4567.162933,0.486484
300,7,438.39,27468.59,39647.85,4916.81,2345.74,4916.709684,0.288744
300,7,384.39,23930.36,33951.14,3214.25,1875.03,4931.495253,0.256173
300,7,573.77,33793.73,47574.21,4264.62,2584.42,6931.437892,0.288784
300,7,592.08,37620.43,50116.58,4158.00,2435.14,5903.006983,0.269307
300,7,376.84,21843.13,32717.47,3688.78,2228.51,4957.048270,0.377930
300,7,491.82,32188.05,44286.71,3572.22,1888.63,6637.809295,0.345754
300,7,441.12,24979.14,38900.53,5383.19,2852.61,5685.601922,0.380673
300,7,504.18,32679.59,46075.71,5203.30,2405.37,5787.445966,0.271979
300,7,502.24,29045.89,42139.33,4595.07,2543.72,5954.656700,0.305661
300,7,416.74,22570.26,35788.04,5448.77,2677.81,5091.200004,0.340311
300,7,438.82,25920.46,38493.75,4498.42,2760.69,5314.171986,0.359853
300,7,506.23,29219.71,41977.17,4661.01,2425.13,5671.328563,0.303974
300,7,496.22,32734.68,44372.82,4183.84,2114.43,5339.868285,0.253704
300,7,451.46,28900.15,40005.40,3649.62,2067.48,5388.148828,0.249461
300,7,467.82,30783.48,41520.00,2644.09,1837.98,6254.444757,0.265451
300,7,488.94,31151.68,43220.65,4453.13,2384.01,5231.830379,0.296618
300,7,486.19,31418.27,43144.98,3486.96,2226.76,6012.991968,0.352418
300,7,643.40,40267.51,53624.23,4608.74,2506.52,6241.476684,0.317221
300,7,570.26,35226.80,48372.89,4704.60,2560.47,5881.018104,0.526702
300,7,533.22,32998.14,44506.35,3666.75,2402.43,5439.026944,0.346165
300,7,532.31,36888.11,49174.72,3832.75,2100.41,6353.452898,0.320441
300,7,473.93,29894.74,43035.44,4312.71,2602.12,6225.864743,0.295106
300,7,378.93,25364.28,36593.49,4171.84,2354.53,4702.845164,0.294923
300,7,559.79,36007.41,49305.34,4900.96,2618.42,5778.552848,0.297276
300,7,460.68,27209.28,39608.93,4401.04,2531.61,5467.003049,0.369496
300,7,567.67,35649.78,48792.87,4276.55,2779.78,6086.749123,0.332105
300,7,489.33,34819.50,44583.76,2387.88,1716.80,5659.581554,0.221711
300,7,593.97,41159.49,53304.52,4027.05,2341.13,5776.848892,0.310417
300,7,454.23,25328.71,40411.26,6090.21,2928.58,6063.767644,0.350409
300,7,436.54,25894.52,37476.57,3706.69,2019.12,5856.228383,0.348885
300,7,498.24,32032.92,44403.17,4063.62,2412.43,5894.196313,0.382643
300,7,493.83,32115.21,43738.92,3285.54,2426.68,5911.489612,0.377522
300,7,520.34,31450.57,44870.37,4959.23,2741.22,5719.343985,0.333407
300,7,411.95,28458.30,37523.01,2228.16,1656.11,5180.440148,0.261212
300,7,482.05,31644.60,42398.17,3542.71,1864.18,5346.687758,0.331074
300,7,543.10,32955.27,44973.27,4110.16,2251.49,5656.347139,0.315610
300,7,411.51,25387.34,36898.54,3532.70,2257.61,5720.885267,0.454785
300,7,571.92,39654.53,52856.97,4718.71,2648.46,5835.277521,0.339591
300,7,509.46,30812.72,44423.24,4284.72,2352.36,6973.446535,0.284086
300,7,467.61,27781.47,40004.04,4296.76,2383.07,5542.748271,0.342729
300,7,485.15,33905.57,43772.99,2551.39,1892.10,5423.934848,0.292247
300,7,430.55,22930.61,36872.63,5507.46,2861.75,5572.812262,0.341859
300,7,539.26,38634.73,49299.91,3262.94,2179.10,5223.135207,0.277598
300,7,393.99,24669.90,36809.08,5009.49,2685.76,4443.934754,0.399625
300,7,459.48,31911.39,41751.37,3372.32,1944.03,4523.624564,0.260207
300,7,481.88,31845.19,43491.54,3399.32,2452.36,5794.680489,0.325834
300,7,407.09,23644.36,35706.42,4639.09,2622.71,4800.255806,0.348785
300,7,556.56,36356.28,49832.20,4689.02,2538.06,6248.837660,0.378056
300,7,471.69,29064.19,40186.99,3152.85,2244.82,5725.135512,0.418597
300,7,451.29,25998.18,38611.44,4708.14,2215.52,5689.603174,0.271353
300,7,498.03,31377.53,42865.90,2930.43,2076.85,6481.097321,0.306754
300,7,416.72,24769.70,37624.52,4373.80,2429.35,6051.676789,0.275709
300,7,487.59,30346.03,42839.41,3902.68,2367.67,6223.024482,0.347638
300,7,509.12,32149.01,45840.53,4350.22,2893.02,6448.280588,0.423938
300,7,463.94,25932.23,40057.50,6172.84,2956.37,4996.059364,0.360245
300,7,488.89,30511.13,42840.00,4164.27,2524.17,5640.429596,0.365094
300,7,488.01,32978.24,43560.24,3465.82,2316.82,4799.362648,0.241005
300,7,405.57,25698.42,37290.79,4195.01,2372.67,5024.692425,0.331095
300,7,523.13,30047.03,44389.46,5402.60,2610.89,6328.933214,0.241688
300,7,483.74,28935.01,41511.99,4014.64,2328.72,6233.615807,0.223833
300,8,447.06,26067.64,38795.31,4807.36,2752.04,5168.272097,0.506436
300,8,571.56,32477.45,48405.87,7195.19,3390.20,5343.035894,0.433979
300,8,426.02,27700.04,38782.13,3221.74,2186.29,5674.060676,0.320646
300,8,507.53,27637.23,42400.62,5147.77,2851.98,6763.630857,0.278050
300,8,489.98,28092.49,42496.78,4833.32,2459.72,7111.254330,0.296173
300,8,473.00,33460.82,43852.60,3142.95,2170.91,5077.923675,0.241199
300,8,509.98,26040.46,41406.29,6289.20,3227.20,5849.419306,0.276248
300,8,533.56,32964.74,45752.49,4018.85,2547.53,6221.366391,0.249153
300,8,406.12,25743.02,36804.97,4148.80,2324.42,4588.723858,0.226747
300,8,558.03,35020.29,47956.22,4233.18,2870.94,5831.803435,0.248633
300,8,444.24,26568.89,40451.86,5285.37,2871.78,5725.820726,0.249915
300,8,509.93,32654.35,45443.45,4108.97,2754.23,5925.906106,0.246068
300,8,646.79,39894.97,54287.74,4535.07,2924.66,6933.047284,0.222083
300,8,477.18,28447.66,41816.05,4942.51,2241.09,6184.794882,0.192345
300,8,464.56,28070.84,39581.04,4145.77,2202.30,5162.130718,0.222838
300,8,433.85,26846.27,38359.23,3832.42,2071.27,5609.272794,0.186616
300,8,495.98,28089.11,41494.76,4961.25,2646.05,5798.347714,0.276064
300,8,590.84,37025.06,49828.98,4005.71,2255.38,6542.835091,0.204077
300,8,446.66,25577.15,37274.87,3750.59,2327.84,5619.279665,0.218062
300,8,473.29,26443.28,41780.75,5642.83,3231.29,6463.339737,0.265047
300,8,483.12,32102.39,44290.90,4345.49,2672.54,5170.492899,0.237873
300,8,483.58,28969.26,43069.28,4988.01,2890.13,6221.883074,0.231360
300,8,478.38,28971.75,42198.20,4587.09,2700.40,5938.950031,0.229599
300,8,580.52,37941.76,52170.15,4752.00,2491.98,6984.417469,0.220022
300,8,506.64,35387.22,47161.18,3464.43,2257.36,6052.165757,0.215562
300,8,483.75,31135.00,42874.61,3470.87,2336.63,5932.112177,0.200893
300,8,451.33,23716.46,37945.43,4594.73,2924.70,6709.537884,0.317024
300,8,513.53,33514.86,45758.27,3933.89,2305.68,6003.835085,0.201350
300,8,471.80,27899.28,42587.97,5318.79,2915.87,6454.034508,0.230394
300,8,497.18,27381.42,42784.79,5693.56,2931.63,6778.180209,0.247500
300,8,411.47,26323.95,37713.62,3455.17,2122.76,5811.737161,0.280502
300,8,519.71,30646.91,45182.15,5042.92,2881.07,6611.247516,0.346606
300,8,544.08,35809.93,48839.62,4650.27,2826.71,5552.718712,0.247624
300,8,459.83,25411.36,38795.87,4924.05,3071.33,5389.132734,0.348680
