300,1,73.45,1711.11,4482.63,1383.60,515.93,871.991647,0.236366
300,1,116.42,3901.39,6637.77,1058.42,394.85,1283.110389,0.161160
300,1,117.41,4162.20,7593.70,1471.51,515.63,1444.359724,0.083304
300,1,66.92,1131.69,3967.39,1424.48,551.76,859.458227,0.125489
300,1,93.31,2568.40,5933.24,1550.85,649.24,1164.750522,0.110834
300,1,124.50,4503.97,7740.85,1220.05,467.60,1549.221996,0.101093
300,1,104.82,2785.17,6389.91,1537.51,663.36,1403.861246,0.077067
300,1,106.63,3748.57,7193.36,1406.84,556.53,1481.426907,0.107842
300,1,68.42,840.43,4181.12,1636.08,689.66,1014.950359,0.040306
300,1,75.62,1640.21,4813.43,1428.30,594.51,1150.404692,0.047084
300,1,95.77,3079.79,5845.22,1168.74,396.49,1200.191999,0.038603
300,1,82.35,1956.23,4863.17,1414.01,514.59,978.337787,0.035066
300,1,90.26,2211.98,5562.34,1454.36,593.65,1302.356086,0.034652
300,1,104.07,2913.72,5966.22,1294.11,416.75,1341.643238,0.035495
300,1,93.22,3118.60,5293.52,893.68,417.73,863.498779,0.033593
300,1,121.80,4656.06,7748.06,1158.03,418.60,1515.362854,0.032406
300,1,122.00,4284.02,7920.06,1465.62,573.54,1596.866611,0.050023
300,1,108.98,3521.61,6275.08,967.12,315.79,1470.556623,0.043825
300,1,129.21,4426.76,7610.13,1366.07,441.14,1376.163251,0.035908
300,1,101.06,2610.15,6359.75,1670.75,607.74,1471.103215,0.038830
300,1,122.65,4120.26,7687.34,1531.58,551.41,1484.085754,0.031031
300,1,80.26,2160.65,5047.92,1215.25,519.35,1152.675424,0.032829
300,1,116.68,3789.67,6805.89,1233.98,452.44,1329.790267,0.043454
300,1,102.76,3135.61,6565.57,1381.89,532.97,1515.092224,0.042395
300,1,116.69,4071.36,7343.39,1290.69,488.66,1492.684468,0.035003
300,1,64.68,1486.15,4057.22,1258.56,421.67,890.835846,0.023889
300,1,109.03,3653.49,7129.95,1436.06,621.33,1419.075819,0.033927
300,1,111.58,3565.44,6850.26,1380.15,435.27,1469.399902,0.034827
300,1,86.96,2244.59,5356.38,1527.64,579.43,1004.718203,0.042891
300,1,109.26,3117.23,6197.10,1245.26,472.12,1362.491975,0.043231
300,1,119.22,3931.67,7354.01,1415.04,539.79,1467.503898,0.036809
300,1,62.21,1020.79,3906.11,1377.62,671.12,836.583217,0.036768
300,1,118.56,3869.40,7356.96,1332.55,636.47,1518.538282,0.034825
300,1,70.13,1399.51,4384.42,1426.05,580.14,978.717120,0.037463
300,1,104.56,3524.62,6937.03,1440.17,778.94,1193.309906,0.033153
300,1,69.43,1744.68,4337.34,1332.18,442.75,817.714730,0.031330
300,1,97.22,2737.05,5831.17,1253.21,448.43,1392.476698,0.029127
300,1,79.81,1848.70,5076.90,1498.04,626.36,1103.806174,0.031038
300,1,118.28,4743.64,7666.88,1337.03,404.28,1181.935748,0.033559
300,1,127.17,4925.34,8239.51,1422.86,552.24,1339.062348,0.030315
300,1,89.59,2455.30,5308.42,1226.41,445.95,1180.768008,0.035028
300,1,62.31,999.64,3943.02,1506.47,656.08,780.832518,0.045344
300,1,128.65,4041.03,7756.88,1600.85,718.41,1396.599184,0.036960
300,1,63.94,1070.29,4035.97,1502.86,612.08,850.737163,0.048291
300,1,63.00,1376.02,4179.59,1416.68,461.85,925.039625,0.041578
300,1,100.61,2893.31,6363.54,1386.68,608.48,1475.072636,0.038642
300,1,89.86,2621.74,5518.59,1354.33,563.35,979.182107,0.059792
300,1,102.18,3659.02,7091.74,1374.53,631.85,1426.351320,0.039458
300,1,103.57,3174.22,6567.51,1500.64,609.00,1283.655736,0.037248
300,1,70.21,623.79,3909.73,1769.63,653.94,862.366106,0.038526
300,1,116.56,3396.54,6764.02,1445.64,588.17,1333.668747,0.038779
300,1,113.67,3888.55,6872.32,1288.50,466.51,1228.748715,0.035632
300,1,73.75,1553.86,4742.59,1687.72,671.92,829.092058,0.047347
300,1,104.37,3322.84,6730.79,1313.43,543.42,1551.105145,0.053871
300,1,87.59,2030.94,5776.86,1525.20,661.64,1559.085870,0.036201
300,1,82.04,1638.81,4832.82,1387.52,596.25,1210.254587,0.035224
300,1,139.18,4952.34,8493.93,1378.78,524.82,1637.987209,0.034652
300,1,107.20,2871.55,6386.01,1433.09,516.30,1565.075695,0.039668
300,1,88.24,2629.46,5190.07,963.67,394.60,1202.327016,0.143014
300,1,53.75,1401.79,3981.14,1290.56,499.09,789.696215,0.037006
300,1,102.72,3056.92,6588.01,1556.69,681.93,1292.469082,0.043935
300,1,110.81,3851.34,6708.89,1255.77,447.09,1154.698811,0.026260
300,1,80.02,1910.60,4593.10,1210.81,415.94,1055.750277,0.036376
300,1,81.26,1865.92,5065.17,1540.88,640.90,1017.477667,0.033499
300,1,92.92,3029.22,6099.09,1228.60,480.44,1360.826432,0.113142
300,1,107.21,3215.22,6698.92,1543.99,671.06,1268.643420,0.043158
300,1,106.60,2661.25,6212.84,1437.43,609.35,1504.812612,0.037025
300,1,115.92,3416.50,7281.11,1765.91,632.27,1466.420530,0.038287
300,1,57.95,1034.91,3542.84,1257.98,410.86,839.084209,0.036846
300,1,99.11,2039.51,6030.37,1553.94,820.33,1616.598133,0.050818
300,1,90.49,2712.61,5376.90,1119.29,391.38,1153.614152,0.140676
300,1,64.25,1140.22,4084.17,1434.85,620.35,888.754352,0.038513
300,1,92.37,2150.08,5706.40,1630.55,601.38,1324.386167,0.033266
300,1,62.65,1007.47,3749.65,1387.09,501.41,853.681895,0.034194
300,1,62.66,1140.04,3928.55,1393.29,593.38,801.845664,0.038467
300,1,116.83,3380.56,6962.48,1473.01,556.67,1552.235222,0.034542
300,1,112.41,2868.38,6480.15,1462.79,704.53,1444.441722,0.073122
300,1,89.64,2478.86,5618.28,1442.38,438.63,1258.410414,0.032730
300,1,85.79,2108.00,5245.94,1486.19,592.42,1059.338578,0.047349
300,1,92.91,2628.60,5580.65,1212.42,491.72,1247.901225,0.031260
300,1,102.42,2875.01,5951.43,1397.15,559.92,1119.354029,0.033066
300,1,67.70,1215.87,4335.54,1573.25,537.84,1008.580279,0.043086
300,1,69.83,1364.02,4263.48,1493.31,560.14,846.006032,0.032318
300,1,79.24,2336.74,5237.93,1374.25,428.05,1098.888883,0.050850
300,1,75.80,1909.35,4761.49,1440.25,536.56,875.323182,0.036162
300,1,126.20,4255.71,7488.68,1213.78,537.05,1482.137277,0.040483
300,1,100.61,3087.84,6395.14,1515.91,578.47,1212.930234,0.042421
300,1,71.30,1973.99,4489.12,1083.16,397.48,1034.479771,0.038429
300,1,105.05,3113.67,6611.59,1538.10,629.75,1330.078807,0.040864
300,1,81.93,1957.09,5240.92,1402.11,633.69,1248.021388,0.045779
300,1,99.75,3904.34,6932.93,1193.01,538.67,1296.912824,0.045500
300,1,99.41,2992.80,6069.71,1158.61,516.28,1402.024754,0.057891
300,1,75.62,1884.85,4761.02,1284.96,601.93,989.283842,0.038568
300,1,83.23,1793.46,4969.74,1533.90,629.93,1012.453584,0.039615
300,1,68.13,1479.26,3883.57,1113.14,443.51,847.652191,0.039708
300,1,120.39,4150.05,7679.07,1525.27,646.53,1357.218145,0.036554
300,1,74.05,1911.17,4667.35,1389.82,513.73,852.630091,0.049630
300,1,72.59,1543.51,4277.45,1390.71,487.83,855.398517,0.033679
300,1,130.10,4142.57,7565.14,1381.91,561.64,1479.021710,0.036804
300,1,106.13,3269.92,7077.59,1587.65,649.66,1570.355251,0.044339
300,2,236.41,7161.25,13557.55,2981.46,1118.11,2296.732560,0.084086
300,2,128.70,1934.36,8114.29,2803.72,1248.85,2127.362090,0.266846
300,2,229.50,7398.40,13715.24,2652.04,1091.95,2572.848338,0.153460
300,2,145.83,3420.91,8789.00,2534.45,1013.64,1819.996516,0.109643
300,2,173.87,4294.12,11396.99,3070.43,1322.19,2710.256448,0.132216
300,2,150.64,3180.74,9557.44,2791.35,1181.22,2404.132724,0.218500
300,2,255.17,9823.74,16682.35,2949.66,1168.54,2740.404479,0.075495
300,2,164.87,4082.73,10730.02,2900.91,1244.73,2501.645943,0.127703
300,2,161.86,3677.00,9943.43,2778.21,1155.42,2332.799220,0.070592
300,2,179.54,4475.02,10760.47,2787.49,1037.97,2459.992809,0.055048
300,2,128.64,2024.75,7565.04,2634.72,1003.65,1901.907967,0.059463
300,2,129.35,2725.25,7903.17,2426.29,860.04,1891.583235,0.051509
300,2,157.27,3142.56,9333.88,2904.69,1093.97,2192.659938,0.099332
300,2,142.00,2976.43,9558.03,3099.50,1290.51,2191.584354,0.144028
300,2,129.15,1876.15,7823.89,3116.59,1227.82,1603.332503,0.078393
300,2,188.55,5413.88,11861.97,3065.77,1114.80,2267.527131,0.073697
300,2,204.49,5513.10,12662.94,2918.20,1246.47,2985.159926,0.077089
300,2,156.82,3406.77,9585.49,2852.70,1137.12,2188.906797,0.077859
300,2,167.87,4396.70,10429.03,2826.66,1041.13,2164.535062,0.079471
300,2,189.47,5028.18,11558.31,2754.87,1123.43,2651.829268,0.127374
300,2,188.84,5011.28,11793.75,2939.42,1198.14,2644.914460,0.073140
300,2,194.09,5127.73,11460.03,2852.81,1053.63,2425.857447,0.049137
300,2,133.39,1901.67,8401.99,3202.05,1169.12,2129.142483,0.069498
300,2,217.55,7391.84,13858.21,2817.58,1201.68,2447.126077,0.053603
300,2,179.58,4938.30,11143.95,2803.11,1124.06,2278.476606,0.079228
300,2,129.55,2417.06,8544.26,2933.29,1316.04,1877.866044,0.064624
300,2,246.81,9846.50,15909.03,2380.18,976.56,2705.784045,0.056774
300,2,175.61,4512.00,10721.32,2916.65,1117.72,2174.954723,0.084464
300,2,146.08,3905.55,10017.91,2753.24,1194.25,2164.876767,0.063481
300,2,137.30,2546.51,8690.18,2775.16,1262.43,2106.077147,0.065972
300,2,159.33,4027.98,10198.92,2772.18,1035.34,2363.423563,0.056633
300,2,166.14,4183.26,10075.42,2675.55,1011.22,2205.400932,0.067629
300,2,189.29,5386.54,12153.45,2935.11,1240.85,2590.947842,0.062674
300,2,158.94,3207.81,9237.48,2713.56,1181.05,2135.051093,0.051986
300,2,200.46,5455.94,12150.01,3025.89,1115.80,2552.381387,0.064011
300,2,138.84,2851.70,8779.65,2931.46,1201.67,1794.821181,0.054462
300,2,151.66,2967.59,9385.81,2941.81,1226.87,2249.529747,0.083059
300,2,182.84,4788.12,10782.66,2612.55,989.62,2392.361346,0.100968
300,2,171.57,4853.49,10701.47,2811.46,1004.25,2032.261781,0.057889
300,2,193.10,5810.15,11529.28,2577.92,1035.01,2106.191090,0.063670
300,2,152.34,3867.18,9707.48,2610.01,1054.46,2175.829034,0.053842
300,2,157.27,4128.26,9311.24,2510.08,863.81,1809.087868,0.063380
300,2,176.35,4058.04,11293.95,3100.17,1259.92,2875.810770,0.107597
300,2,168.14,4391.91,10227.55,2657.61,1101.72,2076.318318,0.112314
300,2,138.17,2871.56,8365.29,2493.05,956.09,2044.586236,0.047486
300,2,184.73,5553.74,12230.61,2907.70,1217.43,2551.745802,0.056420
300,2,150.17,3471.08,9001.07,2532.71,1003.43,1993.853434,0.069461
300,2,219.39,6136.10,12978.03,2894.07,1076.42,2871.438214,0.060720
300,2,265.74,10054.78,17074.02,3078.73,1245.00,2695.513182,0.075060
300,2,159.84,4119.27,9765.84,2703.42,1043.38,1899.773355,0.055061
300,2,186.47,5328.05,11309.12,2514.11,1010.33,2456.640202,0.054503
300,2,143.66,2762.35,9045.42,2979.83,1096.96,2206.281377,0.052772
300,2,167.71,4329.45,10455.56,2983.02,1028.57,2114.510572,0.058812
300,2,210.68,6441.20,12675.18,2522.53,1012.52,2698.928174,0.062684
300,2,196.73,6433.28,12254.12,2258.24,882.82,2679.775031,0.052814
300,2,208.66,6501.43,12504.45,2526.71,880.87,2595.433969,0.063233
300,2,190.06,5068.56,11985.07,3184.13,1212.54,2519.844601,0.053916
300,2,217.45,6574.96,13441.93,3170.03,1288.18,2408.759536,0.060524
300,2,158.00,4093.00,9783.63,2622.99,1082.41,1985.230258,0.050189
300,2,188.18,6251.17,12401.00,2792.91,1028.61,2328.310010,0.086636
300,2,170.91,3652.71,10610.22,3045.01,1319.19,2593.314925,0.060721
300,2,143.80,2837.37,9126.48,3088.51,1268.37,1932.227567,0.070609
300,2,191.91,5795.26,11608.94,3049.90,1039.26,1724.524575,0.059886
300,2,148.70,3334.61,9593.42,2820.85,1184.34,2253.623894,0.063600
300,2,158.13,3637.82,10043.40,2994.23,1208.77,2202.586843,0.062521
300,2,166.23,4593.73,10850.70,2845.17,1066.25,2345.548965,0.062943
300,2,241.73,8720.06,14926.26,2479.50,992.24,2734.460923,0.049771
300,2,218.14,7480.59,14147.16,2732.90,1151.67,2782.001420,0.061199
300,2,131.17,1970.19,8325.20,3310.60,1346.01,1698.405318,0.097420
300,2,243.06,7842.48,15109.46,3174.03,1111.15,2981.805104,0.067936
300,2,165.65,4152.41,10026.78,2913.05,1073.30,1888.015863,0.040878
300,2,135.52,1798.09,8111.03,2935.91,1250.51,2126.516352,0.060505
300,2,218.07,7183.31,13978.17,2902.35,1236.99,2655.516602,0.082943
300,2,171.55,4629.19,10304.61,2761.50,1050.28,1863.643370,0.062447
300,2,142.81,2724.24,9069.01,3208.41,1138.52,1997.839814,0.059121
300,2,192.13,5403.30,11434.39,2674.80,1010.78,2345.508928,0.042924
300,2,231.94,7156.55,13768.69,2801.45,1102.99,2707.699540,0.074901
300,2,158.36,4100.38,9860.73,2823.68,969.93,1966.752894,0.051158
300,2,180.38,4787.87,11404.32,2902.34,1286.77,2427.342774,0.059984
300,2,203.80,5919.34,12366.07,2843.20,1177.96,2425.573781,0.063840
300,2,165.38,3386.76,10002.42,3163.64,1307.18,2144.839428,0.062407
300,2,127.87,1965.52,7697.27,2768.37,863.50,2099.877889,0.051044
300,2,145.08,3350.22,8764.12,2516.05,991.31,1906.532351,0.054074
300,2,185.62,5164.31,11051.06,2866.97,923.82,2095.951400,0.047680
300,2,154.55,3938.13,9704.89,2708.14,998.78,2059.845197,0.058305
300,2,169.05,4674.55,10502.03,2567.87,971.16,2288.457155,0.042715
300,2,180.42,5230.05,11432.99,2874.56,1172.09,2156.295957,0.061879
300,2,176.94,4541.68,10697.29,2978.22,1141.30,2036.092176,0.051704
300,2,185.89,5144.69,11749.33,2817.17,996.84,2790.636845,0.046884
300,2,172.58,3207.61,10012.07,3212.13,1281.01,2311.322735,0.124808
300,2,229.17,6799.29,13599.55,3084.32,1210.73,2505.203620,0.070233
300,2,208.65,5798.66,12686.18,2873.76,1200.92,2812.835350,0.066869
300,2,136.64,2048.11,8550.11,3174.97,1228.26,2098.771171,0.053671
300,2,176.09,4633.63,11266.35,2964.58,1295.50,2372.637626,0.050539
300,2,129.94,2361.63,7698.67,2622.07,1032.38,1682.585174,0.055525
300,2,232.94,7501.47,14177.05,2787.81,1034.86,2852.899405,0.052718
300,2,166.64,4058.06,10501.41,3177.63,1205.89,2059.835473,0.046559
300,2,125.70,2281.66,7646.32,2727.97,1024.67,1612.026584,0.046840
300,2,167.42,3875.88,10328.58,3011.00,1094.52,2347.185280,0.099014
300,2,187.65,4530.32,11632.89,3123.97,1161.13,2817.471593,0.077501
300,3,236.79,5716.93,14995.20,4530.48,1784.00,2963.785455,0.104894
300,3,239.58,6003.73,14873.20,4033.38,1545.58,3290.510538,0.125081
300,3,317.11,9910.59,19410.94,4348.65,1524.81,3626.901264,0.062314
300,3,191.56,3560.62,11809.36,4137.48,1593.02,2518.239831,0.083713
300,3,294.78,8506.17,18639.30,4250.50,1793.94,4088.692202,0.085305
300,3,267.15,6969.59,16087.27,3991.15,1570.50,3556.027347,0.089128
300,3,292.08,9809.02,19024.58,4028.30,1526.39,3660.865309,0.070097
300,3,239.75,6464.60,15980.13,4217.71,1791.77,3506.047637,0.085204
300,3,229.70,5195.91,14271.94,4140.82,1581.33,3353.881432,0.124687
300,3,237.62,5441.44,14260.05,3830.29,1443.31,3545.005091,0.080636
300,3,271.53,7894.78,16761.56,4341.00,1643.00,2882.780812,0.115997
300,3,180.93,3470.28,11709.87,4036.07,1609.95,2593.561132,0.122179
300,3,214.95,5026.52,13623.88,4174.16,1621.68,2801.521661,0.112206
300,3,258.06,5937.17,15840.61,4574.58,1851.56,3477.296258,0.108980
300,3,158.76,603.37,10188.39,4860.44,1991.70,2732.887015,0.150215
300,3,269.86,6924.81,16549.15,4350.41,1602.01,3671.926304,0.081440
300,3,278.61,8140.00,17878.21,4042.88,1586.57,4108.763969,0.116428
300,3,202.71,4935.66,14057.03,4426.47,1716.16,2978.737440,0.104596
300,3,196.79,3765.37,12420.58,4139.17,1588.90,2927.138784,0.087002
300,3,299.86,8379.66,18323.45,4157.98,2016.74,3769.074245,0.128027
300,3,289.86,8262.67,18175.35,4554.46,1683.73,3674.498041,0.069514
300,3,299.26,8719.67,17785.87,4051.28,1764.96,3249.961049,0.076566
300,3,261.47,6932.31,16140.00,4274.43,1598.71,3334.551546,0.086889
300,3,241.81,5531.60,14812.54,4249.04,1642.07,3389.826437,0.063207
300,3,256.62,6606.72,16039.17,4193.58,1852.43,3386.453723,0.074325
300,3,227.46,5631.08,14782.54,4394.87,1810.33,2946.261235,0.083445
300,3,271.04,8101.45,16977.86,3956.90,1465.11,3454.394113,0.062261
300,3,258.81,6934.11,16832.81,4708.09,1965.81,3224.791547,0.099174
300,3,279.71,7135.95,16915.11,4606.59,1794.93,3377.642773,0.077327
300,3,287.41,8012.62,17028.80,4182.30,1425.05,3408.825716,0.053938
300,3,223.15,3418.33,13134.56,4700.22,1846.45,3169.568020,0.056793
300,3,277.50,7786.57,16943.46,3986.75,1636.74,3533.403536,0.082762
300,3,298.96,8667.87,17425.37,4073.99,1414.76,3268.746855,0.070896
300,3,258.06,6854.44,15886.52,4114.71,1565.75,3351.624764,0.073059
300,3,310.94,10876.03,20231.15,4046.14,1697.08,3611.904216,0.081483
300,3,219.49,6506.94,14327.24,3950.87,1419.44,2449.990893,0.075035
300,3,207.41,3968.05,13610.06,4430.72,1839.13,3372.156802,0.082043
300,3,244.25,6121.36,15124.36,4374.31,1627.33,3001.358048,0.083118
300,3,236.28,5545.80,14702.42,4185.54,1533.16,3437.915025,0.078211
300,3,212.35,4993.37,12932.71,3740.46,1357.24,2841.635482,0.083108
300,3,193.79,3884.14,12092.89,3853.82,1416.35,2938.578242,0.087239
300,3,202.27,4066.82,12667.39,4211.79,1678.08,2710.706123,0.088145
300,3,249.92,5380.11,15956.58,4296.99,1893.99,4385.494524,0.102856
300,3,224.90,5387.56,13897.62,4154.68,1692.29,2663.091696,0.091097
300,3,190.06,3745.04,11940.35,3989.32,1592.78,2613.200938,0.104370
300,3,304.79,9701.22,20013.08,4656.48,1805.23,3850.146583,0.094077
300,3,217.34,4944.92,13424.04,4258.06,1528.50,2692.563496,0.061392
300,3,242.80,5390.06,14928.72,4337.71,1607.45,3593.501587,0.082189
300,3,219.81,5246.76,14432.53,4248.37,1695.60,3241.807401,0.072327
300,3,185.07,3227.41,11818.41,4179.96,1757.65,2653.384161,0.074398
300,3,267.47,7451.52,16291.42,4235.13,1436.64,3168.119221,0.066505
300,3,333.55,11734.89,20876.16,4254.69,1701.46,3185.122030,0.082562
300,3,216.99,3681.15,13473.44,4678.75,1837.35,3276.193277,0.119249
300,3,219.98,4110.55,13449.94,4324.00,1562.73,3452.667777,0.055151
300,3,264.45,7964.44,17351.39,4045.00,1547.75,3794.187722,0.074741
300,3,290.44,8730.97,17574.56,4035.81,1560.23,3247.539693,0.065886
300,3,241.32,4892.79,14941.83,4474.22,1730.02,3844.792041,0.090759
300,3,259.77,6557.60,16207.41,4510.30,1587.85,3551.670493,0.075118
300,3,341.38,12494.37,21398.59,4128.04,1521.23,3254.941228,0.064180
300,3,229.02,5400.65,14209.86,4055.45,1635.17,3118.592214,0.078873
300,3,235.24,4301.21,14884.15,4761.10,1974.74,3847.088304,0.091416
300,3,272.17,7228.66,16446.62,4319.79,1559.77,3338.400756,0.083742
300,3,196.75,3366.82,12422.47,4652.10,1736.33,2667.218969,0.077004
300,3,265.45,7227.45,16174.34,4120.12,1632.85,3193.924227,0.073401
300,3,260.12,7194.33,16372.70,4482.56,1442.76,3253.058275,0.060258
300,3,282.63,8271.55,17769.89,4560.37,1664.49,3273.476243,0.069637
300,3,252.71,6897.38,15990.67,4179.63,1708.20,3205.468077,0.082055
300,3,307.60,9529.61,18564.25,3786.09,1375.67,3872.871192,0.112248
300,3,231.99,5225.93,14221.44,4268.20,1790.59,2936.720280,0.147218
300,3,289.64,8106.05,18143.02,4152.51,1739.98,4144.487250,0.108145
300,3,173.85,2723.99,11145.73,4086.95,1530.16,2804.639883,0.086237
300,3,248.53,5755.88,14960.61,4293.65,1655.00,3256.079902,0.075334
300,3,356.79,13686.61,22896.72,3965.56,1495.32,3749.235355,0.082307
300,3,225.84,4512.82,14045.29,4751.07,1828.61,2952.785692,0.148114
300,3,220.32,4699.27,14173.69,4499.96,1839.73,3134.727540,0.070714
300,3,248.48,5680.28,15190.36,4393.51,1820.32,3296.251657,0.085369
300,3,277.44,6849.91,16572.23,4420.44,1517.45,3784.430482,0.071081
300,3,287.61,9326.84,18573.82,4140.19,1502.55,3604.240836,0.089994
300,3,253.23,6455.54,16428.77,4570.63,1847.83,3554.762562,0.084164
300,3,284.92,8430.97,17856.63,4746.43,1554.09,3125.137020,0.114547
300,3,218.32,4563.26,13564.82,4075.71,1502.65,3423.205380,0.071923
300,3,262.62,7922.86,16884.44,4200.61,1656.28,3104.692860,0.083239
300,3,252.89,7833.17,15581.39,3817.45,1299.33,2631.437962,0.064555
300,3,261.73,7738.69,15711.22,3541.38,1279.31,3151.835264,0.056824
300,3,189.57,3953.09,11264.87,3577.52,1138.58,2595.680695,0.083777
300,3,257.05,7360.63,15969.71,3897.45,1597.70,3113.930153,0.108214
300,3,214.25,5225.51,13248.97,3838.63,1386.18,2798.646214,0.107177
300,3,237.17,5821.36,14773.08,4190.87,1666.88,3093.975258,0.090041
300,3,228.81,5211.00,14035.55,3822.96,1539.50,3462.093079,0.080653
300,3,295.42,7898.83,17316.26,4238.04,1588.30,3591.089377,0.085136
300,3,305.55,8260.23,18737.30,4601.62,1874.41,4001.042359,0.085147
300,3,285.31,6812.82,16668.76,4238.61,1711.36,3905.971927,0.074287
300,3,246.48,6778.11,15724.33,3916.47,1617.51,3412.238021,0.084785
300,3,265.56,7548.74,16744.50,4166.87,1490.34,3538.549376,0.065713
300,3,211.44,4621.36,13026.79,4339.19,1608.97,2457.280173,0.096399
300,3,372.29,12947.77,22648.31,3897.01,1533.36,4270.167636,0.066980
300,3,264.18,6889.45,15316.46,3845.38,1269.50,3312.133417,0.085874
300,3,183.01,1707.18,11018.66,4955.40,1827.91,2528.169922,0.108886
300,3,258.70,6751.75,15757.68,3758.98,1538.62,3708.322241,0.084059
300,3,231.61,5913.90,15233.37,3747.71,1636.80,3934.963614,0.064432
300,4,247.84,5177.08,16160.51,5249.14,1843.70,3890.582029,0.224664
300,4,341.67,10760.30,22313.35,5183.48,2011.17,4358.393779,0.165632
300,4,364.96,9824.34,21701.53,5285.21,2087.66,4504.321756,0.079467
300,4,282.58,5657.09,17203.04,5776.46,2430.30,3339.188710,0.101172
300,4,396.37,11563.16,25157.75,5887.06,2382.50,5325.024361,0.120107
300,4,318.88,8661.48,20691.59,5260.07,2216.35,4553.690138,0.108304
300,4,363.31,9663.73,23426.64,6394.28,2458.35,4910.278355,0.108778
300,4,296.95,6756.86,18878.44,5471.63,1920.71,4729.243399,0.087304
300,4,290.60,5578.00,17379.76,5380.60,2236.81,4184.347239,0.187640
300,4,328.32,7865.16,19706.64,5336.98,2136.49,4368.016644,0.138075
300,4,330.48,8226.65,20148.24,5715.32,2129.29,4076.969916,0.138707
300,4,278.97,5613.28,16803.27,5596.00,2196.36,3397.631151,0.140179
300,4,354.60,10100.51,22857.22,6522.72,2466.48,3767.502351,0.162457
300,4,252.19,3006.76,16002.18,6223.02,2477.60,4294.799273,0.150566
300,4,226.88,2890.96,14600.20,6036.37,2190.17,3482.700062,0.172639
300,4,325.43,9329.41,21082.35,5218.76,2101.91,4432.262141,0.116402
300,4,367.37,10118.63,23765.07,6329.83,2449.51,4867.098334,0.171721
300,4,303.76,6118.06,18758.97,5935.15,2696.74,4009.025180,0.169747
300,4,387.54,12791.73,24701.63,5736.84,2294.05,3879.003678,0.164326
300,4,282.18,4998.80,17443.34,5819.39,2227.14,4398.018822,0.164602
300,4,379.87,10772.91,23305.81,5573.39,2180.62,4778.890570,0.090244
300,4,287.57,4667.10,17655.06,5839.66,2445.62,4702.681510,0.077654
300,4,304.99,8511.92,19644.05,5036.79,2074.17,4021.164052,0.101236
300,4,280.01,6067.92,17490.06,5240.23,2094.51,4087.408175,0.099934
300,4,272.62,4731.19,16974.02,5923.50,2303.89,4015.443699,0.103973
300,4,338.44,8467.59,20174.80,5446.23,2087.45,4173.525636,0.064894
300,4,347.85,9786.55,21475.94,5143.85,2333.16,4212.392242,0.109857
300,4,293.26,6511.54,17613.96,4677.58,1988.07,4436.781652,0.103355
300,4,335.98,7959.43,20036.40,5498.44,2293.31,4285.215177,0.090395
300,4,387.90,11104.26,23500.53,5608.13,2409.69,4378.447332,0.089242
300,4,275.63,5283.76,17727.06,6090.01,2229.31,4123.983093,0.073473
300,4,347.37,9574.04,21753.21,5736.97,2020.63,4421.571135,0.099716
300,4,282.95,5079.01,17070.41,5415.24,2109.79,4466.374113,0.098358
300,4,400.07,11549.59,24116.64,5886.09,2343.83,4337.117422,0.085948
300,4,311.24,6428.70,19478.86,5824.89,2296.44,4928.819116,0.081287
300,4,232.75,3684.08,14688.65,5619.94,2051.45,3333.179438,0.099801
300,4,408.64,13587.91,25850.63,5516.04,2145.63,4601.057460,0.115007
300,4,282.44,5737.57,18143.29,6142.85,2598.13,3664.751620,0.111727
300,4,266.42,6167.33,17494.02,5254.34,2150.12,3922.230036,0.100205
300,4,278.23,6362.67,17543.87,5501.95,2161.14,3518.112183,0.098926
300,4,292.94,7121.48,18732.01,5469.29,1980.67,4160.561690,0.092052
300,4,296.63,7103.57,18044.84,5623.19,2059.40,3258.688991,0.096236
300,4,329.48,7362.19,20675.76,5984.08,2127.44,5202.043431,0.106335
300,4,317.37,8010.17,19715.30,5563.00,2307.23,3834.907740,0.112768
300,4,233.88,3744.87,14719.56,5487.66,2169.84,3317.201884,0.101333
300,4,316.26,6405.17,20054.86,6159.31,2571.93,4918.447017,0.106151
300,4,270.07,5448.94,16717.64,5654.37,2193.57,3420.755198,0.091288
300,4,356.31,10151.09,22662.87,5615.96,2160.80,4735.015479,0.102589
300,4,420.97,13500.69,25816.37,5706.23,2296.15,4313.307269,0.089599
300,4,218.30,2029.45,13455.76,5679.66,2032.65,3713.994004,0.076581
300,4,336.29,8795.72,21345.34,6101.60,2404.65,4043.372357,0.089407
300,4,321.43,7756.39,19842.05,5667.23,2190.17,4228.265719,0.081752
300,4,340.94,9607.45,20921.07,5477.68,2085.28,3750.661010,0.091062
300,4,338.53,8813.50,21611.96,6098.76,2386.85,4312.854406,0.104396
300,4,299.64,6541.52,18384.43,5541.50,2212.02,4089.381880,0.092357
300,4,294.65,6621.77,19063.95,5797.82,2544.70,4099.664013,0.096058
300,4,379.71,10497.71,23045.04,5675.92,2037.07,4834.333034,0.077940
300,4,408.80,12959.12,24925.69,5485.77,2029.43,4451.366436,0.088353
300,4,302.69,7994.58,19559.45,5389.95,2235.09,3939.831558,0.107798
300,4,336.32,9238.73,20856.63,5305.28,2106.23,4206.394816,0.087886
300,4,299.40,6711.54,19390.44,5589.57,2176.44,4912.888367,0.083034
300,4,338.81,8896.35,19917.53,5108.83,1975.03,3937.320522,0.111118
300,4,313.11,9167.22,20139.24,5251.97,2097.47,3622.578913,0.081428
300,4,361.42,11097.03,23331.39,5654.76,2142.73,4436.874026,0.098036
300,4,376.67,11692.78,23562.03,5362.66,2086.11,4420.482465,0.075012
300,4,286.87,5861.51,18134.16,5808.09,2621.60,3842.969614,0.109211
300,4,339.12,8890.76,21093.89,5712.92,2121.84,4368.370396,0.084270
300,4,378.31,11090.35,23814.35,5685.66,2310.70,4727.627240,0.119279
300,4,329.99,7784.59,20767.23,5921.51,2565.90,4495.226434,0.163620
300,4,330.10,8075.31,21013.63,5721.56,2404.30,4812.467466,0.100001
300,4,239.77,2944.07,14890.28,5736.85,2392.59,3816.770364,0.109843
300,4,299.80,6269.97,18180.61,5654.31,2081.28,4175.055910,0.098183
300,4,351.23,10170.98,22143.46,5305.92,1968.01,4698.552807,0.083314
300,4,303.26,6800.64,18590.63,5839.55,2147.82,3802.628142,0.117204
300,4,317.38,8222.55,20095.36,5322.71,2327.74,4222.358027,0.141409
300,4,362.40,9724.03,22196.98,5568.84,2431.65,4472.460721,0.125991
300,4,441.74,15069.04,26984.08,5317.16,2166.86,4431.025172,0.132898
300,4,305.57,6514.97,19024.22,5989.01,2459.25,4060.998574,0.133793
300,4,353.13,9813.18,23108.11,6149.28,2586.04,4559.609486,0.168419
300,4,315.05,7454.89,20196.99,5978.57,2569.00,4194.524663,0.147233
300,4,374.23,10347.49,22807.10,5546.69,2162.35,4750.561603,0.097637
300,4,315.64,7596.44,19525.83,5755.02,2304.01,3870.361171,0.110548
300,4,364.54,10735.32,22167.90,5555.26,2185.33,3691.996861,0.090510
300,4,360.90,10455.12,20944.22,4840.20,1659.05,3989.855473,0.084457
300,4,307.04,9132.52,18889.50,4831.14,1758.50,3167.346051,0.107218
300,4,322.98,8172.64,20131.17,5854.82,2211.13,3892.581664,0.071753
300,4,340.67,9392.04,20469.00,5115.15,1960.59,4001.216735,0.075074
300,4,321.47,8524.59,20442.20,5540.53,2074.79,4302.296020,0.077503
300,4,328.10,7244.96,19804.95,6069.38,2218.03,4272.576925,0.085991
300,4,357.79,8142.21,21532.24,6317.23,2371.02,4701.775687,0.141252
300,4,329.97,8166.91,21105.81,5904.53,2242.20,4792.177115,0.155635
300,4,374.50,12209.77,24460.48,5097.01,2202.25,4951.449327,0.117208
300,4,309.61,7444.32,19209.91,5229.31,2152.08,4384.192066,0.092523
300,4,395.17,11034.61,24129.39,6071.06,2449.62,4574.102074,0.097745
300,4,258.60,5059.07,16137.70,5577.75,2216.48,3284.401535,0.096092
300,4,353.09,9019.05,21141.74,5587.24,1897.86,4637.586742,0.073460
300,4,367.55,9485.58,21713.19,5883.20,2129.27,4215.143760,0.105807
300,4,306.03,8863.21,18908.47,4923.10,1803.58,3318.575906,0.112816
300,4,255.44,3403.73,16110.87,6065.16,2347.32,4294.661920,0.106549
300,4,376.09,9515.14,22914.83,5863.31,2325.79,5210.588191,0.154332
300,5,463.08,14917.19,29430.28,6707.93,2815.24,4989.923922,0.172732
300,5,524.62,15951.98,31024.29,7047.92,2614.00,5410.385539,0.163490
300,5,363.81,7682.88,23025.18,7429.37,2911.08,5001.855486,0.117546
300,5,264.84,3228.12,16443.13,6621.91,2660.64,3932.462644,0.087989
300,5,325.38,5471.03,20882.85,6846.79,2625.04,5939.992114,0.106173
300,5,361.51,6875.46,21969.41,7052.78,2700.21,5340.952213,0.106842
300,5,408.82,10186.80,25271.46,6822.70,2564.75,5697.214447,0.093518
300,5,520.79,17922.85,33514.42,7260.22,2870.32,5461.037123,0.088066
300,5,389.35,9412.94,24406.95,7166.66,2828.61,4998.732686,0.195882
300,5,360.80,7334.07,22575.25,7222.33,2914.09,5104.755324,0.172781
300,5,399.25,9740.53,24345.85,6853.41,2844.76,4907.156949,0.158159
300,5,342.11,7282.53,21968.19,7488.60,2809.72,4387.344289,0.196049
300,5,378.41,7983.76,23017.09,7099.92,3294.12,4639.286694,0.170651
300,5,356.39,7289.83,22589.17,6938.31,2605.38,5755.664088,0.150703
300,5,420.04,11577.53,25982.66,6965.02,2830.26,4609.843317,0.222823
300,5,473.13,13900.29,29269.19,7080.73,2954.01,5334.158223,0.231021
300,5,478.48,14880.82,28906.05,6229.19,2130.88,5665.162959,0.154412
300,5,305.89,3246.77,19114.86,7652.75,3048.41,5166.933976,0.217363
300,5,374.12,8110.92,23083.80,7254.64,2799.49,4918.747510,0.160149
300,5,486.74,13573.93,29078.14,7408.93,2660.25,5435.024514,0.170243
300,5,475.58,14230.65,29882.61,7339.95,2751.38,5560.626654,0.116495
300,5,389.51,9532.20,24194.64,6935.82,2587.35,5139.276173,0.100360
300,5,341.41,6063.02,20761.74,6819.30,2613.77,5265.646296,0.081363
300,5,386.44,8637.04,24045.15,7558.37,2819.72,5030.022205,0.086503
300,5,382.05,8396.89,23419.38,7279.32,2835.40,4907.765761,0.105759
300,5,355.48,7205.64,22315.87,7543.30,2772.01,4794.929271,0.112385
300,5,316.51,5568.74,20987.47,7602.38,2725.83,5090.522549,0.111943
300,5,434.33,11193.52,27110.08,7451.01,2864.02,5601.532147,0.156990
300,5,427.44,11053.94,26045.35,7018.72,2763.41,5209.276578,0.096930
300,5,426.29,10187.21,25863.53,7719.76,2717.72,5238.841246,0.095083
300,5,315.82,5983.24,19695.49,6755.44,2654.95,4301.857969,0.109536
300,5,339.48,7127.72,22162.48,7211.73,2872.15,4950.874938,0.095452
300,5,404.65,10183.86,25952.58,7539.75,3155.89,5073.077905,0.110644
300,5,331.24,5839.90,20293.60,6548.02,2497.00,5408.679573,0.100237
300,5,524.33,17161.55,32011.36,6609.99,2527.82,5712.010654,0.096791
300,5,313.34,6565.64,19406.99,6296.68,2600.10,3944.573169,0.109842
300,5,412.76,12443.41,27542.78,6948.54,2839.93,5310.887590,0.093862
300,5,312.48,4622.76,19051.76,7071.05,2836.58,4521.376581,0.116710
300,5,381.15,8814.21,23336.91,6953.48,2681.69,4887.531712,0.089859
300,5,350.21,6920.72,21279.51,7027.67,2826.92,4504.196169,0.107566
300,5,442.64,13174.41,26165.29,6053.83,2278.34,4658.708203,0.077685
300,5,366.69,8337.41,22556.90,7275.01,2817.53,4126.958940,0.118198
300,5,419.32,10776.96,27239.82,7296.42,3096.76,6069.687697,0.117206
300,5,359.39,8282.52,23159.96,7109.70,2813.64,4954.103806,0.129040
300,5,378.15,8599.37,23652.76,7307.03,3087.60,4658.756997,0.090041
300,5,465.29,12226.57,27876.41,7088.38,2732.79,5828.658201,0.103635
300,5,321.66,6314.65,20143.56,6888.73,2785.79,4154.387773,0.094327
300,5,424.54,10436.76,25430.75,6852.92,2773.77,5367.300596,0.088358
300,5,427.46,11186.72,26621.41,6905.90,3022.88,5505.915573,0.150594
300,5,395.78,10509.08,24627.06,6669.21,2807.11,4641.660157,0.098549
300,5,332.54,6488.03,21103.03,7003.06,2899.20,4712.737595,0.101117
300,5,378.01,9100.31,23513.45,7006.14,2614.32,4792.683900,0.084158
300,5,315.46,4703.60,19049.73,6822.79,2567.67,4955.667306,0.125311
300,5,430.77,12386.93,27349.39,7334.89,2804.57,4823.003088,0.102275
300,5,451.06,14297.97,28144.11,6192.40,2402.43,5251.300329,0.105629
300,5,349.76,8280.78,22312.47,6738.04,2470.23,4823.414239,0.099834
300,5,342.11,6200.92,20863.81,6623.37,2603.65,5435.873153,0.141654
300,5,473.86,15083.06,30141.09,7083.36,2739.12,5235.549870,0.220246
300,5,338.37,7143.82,22596.67,7633.60,3171.20,4648.062793,0.185972
300,5,327.76,5714.29,20252.30,6852.39,2849.88,4835.747029,0.149159
300,5,401.06,9863.82,25533.36,7247.42,2853.24,5568.881906,0.237495
300,5,368.50,7354.84,22246.30,6699.72,2754.19,5437.540728,0.163684
300,5,372.78,9779.09,23514.35,6838.50,2707.97,4188.792872,0.080513
300,5,315.39,5057.11,20342.11,7362.82,2976.07,4946.102682,0.127692
300,5,318.88,4179.51,19779.53,7622.94,3198.68,4778.396751,0.113257
300,5,340.53,6823.10,22591.65,7494.54,3266.04,5007.956796,0.119373
300,5,400.18,9522.60,25063.18,7330.43,2953.98,5256.165915,0.110049
300,5,384.34,6972.59,22883.91,7326.63,3183.81,5400.871317,0.082909
300,5,390.17,9522.21,25012.79,7310.94,2857.50,5322.138759,0.103705
300,5,418.35,9941.50,25334.38,6778.58,2539.86,6074.443838,0.087843
300,5,398.47,9672.93,24101.24,6948.49,2744.69,4735.126511,0.082701
300,5,448.75,11989.81,26562.20,6994.64,2626.96,4950.789607,0.088896
300,5,488.85,16079.76,31428.56,6923.16,2755.31,5670.327789,0.085102
300,5,399.83,11295.47,25042.32,6334.03,2526.31,4886.514982,0.105899
300,5,338.06,6396.33,21468.54,6894.44,2705.42,5472.347990,0.105633
300,5,358.70,7201.67,22404.11,7131.41,2812.58,5258.455666,0.110241
300,5,372.00,8348.78,22855.27,6498.48,2498.46,5509.552694,0.113791
300,5,409.55,10873.28,24972.67,7054.36,2522.18,4522.842196,0.106618
300,5,429.97,11366.90,26564.68,6991.22,2595.21,5611.353612,0.106191
300,5,333.76,6865.05,22131.38,7130.47,2745.17,5390.692304,0.117393
300,5,406.95,11589.73,25661.77,6101.75,2598.27,5372.014794,0.087185
300,5,403.02,9099.09,24013.43,7417.26,2843.31,4653.775156,0.110732
300,5,377.39,9073.74,23533.08,7054.24,2891.63,4513.471736,0.094195
300,5,364.87,9907.82,23095.95,6184.66,2342.95,4660.527101,0.132872
300,5,382.21,10432.97,23929.44,7126.68,2557.52,3812.269818,0.140300
300,5,373.04,8346.79,23398.49,6914.63,2795.32,5341.756934,0.170164
300,5,342.19,7057.30,21148.14,6906.47,2542.33,4642.041404,0.120100
300,5,349.31,7786.50,22820.25,7276.83,3008.10,4748.807659,0.105168
300,5,419.72,12262.74,26649.95,6986.37,2645.50,4755.330621,0.080241
300,5,398.77,9759.41,24546.95,7051.24,2625.27,5111.036188,0.109948
300,5,441.50,12856.03,27056.67,6484.36,2638.72,5077.552896,0.133214
300,5,366.05,6098.15,23404.58,8116.51,3149.44,6040.481607,0.126411
300,5,432.93,12438.94,27568.88,7112.84,2732.01,5285.094419,0.124717
300,5,369.98,7101.48,23248.36,7562.13,3085.62,5499.125243,0.113512
300,5,335.05,6857.37,21288.20,7343.33,2839.59,4247.910134,0.132614
300,5,436.21,10945.22,26444.61,7151.82,2761.80,5585.760983,0.096149
300,5,351.65,7674.16,21246.65,6896.67,2289.73,4386.096496,0.200549
300,5,358.99,7581.16,22035.88,7016.56,2991.80,4446.355502,0.173209
300,5,359.67,7919.69,22927.83,7478.08,2987.92,4542.142149,0.099419
300,5,327.93,5196.35,20296.12,6972.91,2610.25,5516.612291,0.103718
300,6,407.70,8254.28,26017.92,8651.12,3495.47,5617.056208,0.208495
300,6,521.11,15045.12,33250.81,8665.64,3341.24,6198.806051,0.280746
300,6,478.95,12353.05,29757.15,8200.72,3192.51,6010.873920,0.139651
300,6,403.50,7623.10,25267.86,9235.66,3625.52,4783.574936,0.197543
300,6,479.11,10719.03,28955.25,8100.78,3232.94,6902.505695,0.102324
300,6,521.18,14632.95,32395.51,8676.11,3515.35,5571.102898,0.181054
300,6,505.53,12702.06,30762.44,8230.23,3226.48,6603.666145,0.100834
300,6,459.72,10481.21,28188.90,8521.36,3120.41,6065.919352,0.146094
300,6,364.27,4662.71,23054.07,9156.86,3909.91,5324.594665,0.226410
300,6,539.74,14911.83,32975.05,9291.43,3478.27,5293.514633,0.204914
300,6,468.46,12472.80,28488.98,7424.41,2828.09,5763.680174,0.169190
300,6,414.17,9161.93,26200.84,8394.45,3341.09,5303.366770,0.219170
300,6,411.41,7361.29,26447.80,9466.64,3686.62,5933.252404,0.227834
300,6,475.36,11760.38,30226.00,8313.48,3517.99,6634.146626,0.195762
300,6,432.63,7960.42,26010.54,8753.86,3254.92,6041.341863,0.177456
300,6,552.14,14465.17,32850.00,8872.95,3548.00,5963.886581,0.177374
300,6,581.47,18727.50,36725.16,7887.59,3280.39,6829.672733,0.196162
300,6,375.39,5342.37,23196.98,8563.74,3290.56,6000.305986,0.166312
300,6,384.74,8042.65,25118.69,8394.49,3261.64,5419.907439,0.188144
300,6,413.27,8668.37,26499.27,8063.48,3233.93,6533.480449,0.209045
300,6,432.19,9847.49,27281.20,7891.37,3389.37,6152.964998,0.124388
300,6,500.28,12951.81,31180.55,8971.20,3692.13,5565.414473,0.119621
300,6,335.29,2616.62,20768.02,8699.89,3669.06,5782.455865,0.124118
300,6,465.52,12425.09,30340.61,8721.32,3518.16,5676.042511,0.113728
300,6,549.67,16838.04,33868.10,7793.98,3173.94,6062.136296,0.119538
300,6,471.93,12201.06,28560.84,7672.37,2845.74,5841.661106,0.097423
300,6,443.42,9640.20,27534.85,8702.79,3507.28,5684.589877,0.119627
300,6,425.35,8738.90,27232.77,8553.31,3422.78,6517.773685,0.119912
300,6,424.97,9484.67,27597.03,8774.15,3396.79,5941.426417,0.131108
300,6,474.93,11806.47,28800.03,8328.73,3391.77,5273.051727,0.117348
300,6,433.90,9125.78,27679.07,8912.69,3562.14,6078.461480,0.155552
300,6,452.77,11042.23,27789.49,8106.91,2858.98,5781.369503,0.111098
300,6,429.52,7899.30,27556.60,9749.32,3799.70,6108.279491,0.152130
300,6,472.91,11072.78,29358.02,8922.32,3432.70,5930.221420,0.138467
300,6,551.11,16697.34,33872.51,8349.12,3196.55,5629.495532,0.116469
300,6,402.26,8761.44,24563.56,7743.50,3145.56,4913.062569,0.104193
300,6,477.84,13335.63,30567.29,8038.84,2936.37,6256.454913,0.091732
300,6,482.14,12705.81,29592.06,7968.91,2990.01,5927.325973,0.119241
300,6,487.84,12867.08,29361.57,8127.76,2924.97,5441.761340,0.129147
300,6,371.71,6564.64,23775.03,9047.28,3311.60,4851.506324,0.118562
300,6,453.21,12562.31,29024.65,7980.37,3381.04,5100.936540,0.105718
300,6,416.84,8018.69,25324.95,9109.04,3269.18,4928.042887,0.113578
300,6,450.63,9175.86,29175.76,8881.09,3606.95,7511.851652,0.145207
300,6,411.57,8145.50,25290.84,8127.30,3390.30,5627.742153,0.134477
300,6,493.65,12583.13,29672.47,8526.07,3295.10,5268.172056,0.116738
300,6,558.13,15788.72,33428.28,8103.31,3009.36,6526.898457,0.079508
300,6,398.07,7866.62,24985.84,8541.00,3274.79,5303.421940,0.101982
300,6,469.93,12523.98,30234.57,8133.06,3289.35,6288.181015,0.131300
300,6,523.82,15061.20,33270.34,8549.61,3222.20,6437.322492,0.111742
300,6,330.62,3320.36,20259.01,8606.19,3301.83,5030.640378,0.106747
300,6,463.12,10346.87,28431.43,8822.78,3529.53,5732.245281,0.104153
300,6,559.94,16101.45,32877.36,8030.47,2928.65,5816.787484,0.084746
300,6,460.18,11209.38,28377.51,7990.85,3251.77,5925.511110,0.103290
300,6,473.77,12465.07,29096.32,7766.50,2926.54,5938.206421,0.099684
300,6,531.51,14380.82,32778.67,8888.63,3414.94,6094.268654,0.107984
300,6,422.09,10545.09,27196.48,8244.07,3154.18,5253.143200,0.140062
300,6,545.08,15343.77,33163.25,8565.03,3428.14,5826.313592,0.119410
300,6,515.26,15103.82,32795.31,7947.51,3220.16,6523.823324,0.127084
300,6,416.10,7149.00,25135.24,8632.06,3478.87,5875.306664,0.135278
300,6,412.96,8960.05,26655.70,8975.87,3416.24,5303.541712,0.160166
300,6,481.65,12546.87,30959.85,8385.47,3495.81,6531.698110,0.122267
300,6,443.33,9245.65,27702.79,8961.25,3503.87,5992.029593,0.134365
300,6,365.01,6222.93,22437.77,8248.25,2908.03,5058.561916,0.104361
300,6,419.50,9031.84,26425.28,8361.56,3344.72,5687.167163,0.102267
300,6,332.55,4131.47,20721.54,8281.87,3115.03,5193.161464,0.118786
300,6,421.35,6629.09,25584.32,9049.39,3637.21,6268.624264,0.109195
300,6,509.95,13921.89,31599.24,8392.24,3173.37,6111.741657,0.106580
300,6,473.99,10814.44,28422.04,8495.52,3079.29,6032.789090,0.112361
300,6,448.71,10536.41,28723.80,8786.98,3366.33,6034.075274,0.121491
300,6,499.46,13552.53,31762.21,8720.74,3455.50,6033.439302,0.109098
300,6,386.28,7476.93,24570.66,8350.77,3604.68,5138.285618,0.119978
300,6,435.65,8576.94,26787.00,8482.00,3621.39,6106.665044,0.130532
300,6,436.47,8911.11,26511.03,8408.66,3176.13,6015.133722,0.097089
300,6,498.93,13587.49,31988.05,9082.07,3579.82,5738.675512,0.109475
300,6,408.04,9161.94,25473.59,7762.84,3057.32,5491.489022,0.188063
300,6,455.79,11264.18,28056.42,7517.63,3003.78,6270.838432,0.206883
300,6,462.29,11426.79,28289.48,8039.13,2966.34,5857.224832,0.182876
300,6,457.85,11353.91,29276.58,8879.32,3903.33,5140.014151,0.220589
300,6,448.09,10584.63,28355.65,8198.63,3176.84,6395.542658,0.174501
300,6,389.83,6539.50,23876.62,8260.18,3106.48,5970.454025,0.145075
300,6,456.52,9220.34,27465.68,8870.70,3388.04,5986.600004,0.122463
300,6,406.84,8674.62,25444.89,8214.60,3166.56,5389.092886,0.111203
300,6,392.29,7328.46,24293.99,8527.16,3475.32,4963.054070,0.123016
300,6,374.16,5843.32,22827.97,8310.30,3271.50,5402.851666,0.108410
300,6,288.86,993.33,18054.61,8903.95,3782.71,4374.620104,0.132001
300,6,472.69,11299.60,28997.66,8445.20,3155.02,6097.850055,0.095243
300,6,356.97,6010.68,22896.64,8516.55,3305.75,5063.666420,0.204045
300,6,499.06,12906.70,30015.58,8146.44,3238.31,5724.123259,0.205795
300,6,418.09,8660.52,26450.99,8653.35,3539.46,5597.660121,0.251767
300,6,490.72,13569.03,29339.80,7190.55,2708.42,5871.796168,0.104273
300,6,493.48,12428.06,30230.68,8554.66,3118.80,6129.155765,0.120784
300,6,465.41,10429.34,28892.70,8932.07,3482.70,6048.591640,0.104483
300,6,444.94,10408.95,28572.04,8649.87,3682.78,5830.437424,0.136187
300,6,480.06,11001.29,29513.83,8762.96,3316.19,6433.396175,0.121506
300,6,354.49,5708.64,21988.34,8022.36,3122.09,5135.248603,0.095994
300,6,435.92,10114.70,28141.46,8331.66,3574.87,6120.225903,0.097552
300,6,402.36,8524.27,24725.75,7889.91,3102.61,5208.962490,0.199851
300,6,432.54,9764.70,26520.30,8628.78,3303.09,4823.737087,0.230933
300,6,382.57,6430.08,24788.25,8772.35,3837.98,5747.836992,0.124606
300,6,533.77,14746.41,32517.33,8510.79,3411.63,5848.503258,0.098390
300,7,474.37,8732.42,29164.90,9843.95,3861.75,6726.778265,0.228427
300,7,580.70,14303.87,34898.34,9815.69,4059.40,6719.378664,0.231856
300,7,389.00,2995.99,23647.11,9982.13,4216.56,6452.438920,0.145146
300,7,506.27,11440.71,31135.27,9771.88,3889.23,6033.450400,0.123770
300,7,617.24,15933.07,38134.21,9911.10,4068.65,8221.391639,0.150957
300,7,423.93,6204.01,27142.38,10101.46,4390.85,6446.067584,0.142575
300,7,619.13,17321.64,38478.47,9987.74,3897.70,7271.401885,0.107793
300,7,627.90,17776.67,36962.87,9282.30,3477.12,6426.774685,0.098060
300,7,489.25,10593.72,30927.74,10384.76,4010.54,5938.712416,0.368181
300,7,445.68,8363.96,27588.03,9303.21,3624.43,6296.424993,0.315974
300,7,449.47,7970.10,26721.72,9198.96,3331.43,6221.228485,0.251818
300,7,499.11,12236.66,30507.74,9030.39,3376.50,5864.195121,0.205820
300,7,458.09,11166.10,29407.42,8975.99,3315.07,5950.260132,0.200656
300,7,532.82,11964.12,32798.57,9886.33,3328.71,7619.411906,0.188220
300,7,462.67,8934.56,28756.60,9756.73,3760.17,6305.128643,0.193114
300,7,561.19,13841.51,34704.12,10133.60,4089.28,6639.737999,0.253643
300,7,607.58,17401.20,38432.49,9549.45,3549.55,7932.293409,0.216370
300,7,520.35,12144.45,32153.21,9432.84,3783.82,6792.103537,0.187540
300,7,395.83,3543.13,24886.93,10645.02,4584.37,6114.410807,0.258641
300,7,487.09,8970.52,30160.14,10155.10,4132.80,6901.717917,0.212809
300,7,476.72,8357.21,30721.14,10887.07,4780.15,6696.717414,0.145401
300,7,487.50,10419.92,31228.18,10136.21,3769.77,6902.286161,0.152082
300,7,529.92,13202.10,33325.52,10188.04,3974.00,5961.371009,0.154563
300,7,464.15,9008.15,28789.04,9547.38,3597.63,6635.894281,0.148966
300,7,529.70,10208.98,33398.49,11627.50,4841.59,6720.419251,0.123860
300,7,610.40,16806.13,38173.18,10063.15,4094.64,7209.248011,0.149008
300,7,566.83,16458.14,36757.18,9773.75,4049.57,6475.715966,0.124672
300,7,451.67,7610.42,28366.59,9922.37,4009.87,6823.930519,0.169893
300,7,510.04,11198.97,31727.73,9971.20,3826.43,6731.132969,0.122773
300,7,545.66,13489.85,34734.16,10551.18,4323.59,6369.538348,0.149809
300,7,453.47,8497.01,28312.19,9593.08,3916.98,6305.119061,0.113871
300,7,446.17,8182.60,27169.21,9086.72,3405.27,6494.615284,0.120837
300,7,484.44,11458.48,30856.14,9267.33,3532.82,6597.510835,0.199621
300,7,522.86,12776.25,32261.84,9325.16,3332.61,6827.815192,0.221194
300,7,582.26,14361.42,35572.96,9885.52,3755.67,7570.342733,0.211442
300,7,481.79,10548.96,30382.78,10209.93,4074.42,5549.473141,0.174573
300,7,524.35,13279.91,32293.42,9108.54,3401.42,6503.551858,0.148456
300,7,552.99,15205.87,34578.15,9090.56,3521.39,6760.319859,0.125651
300,7,415.28,6452.14,25653.79,9584.60,3650.37,5966.674391,0.119098
300,7,424.59,7787.99,25781.33,8724.50,3434.59,5834.258540,0.112363
300,7,456.41,8374.65,29037.15,10877.55,3917.87,5867.074412,0.151944
300,7,404.85,6777.30,24926.63,9209.74,3402.35,5537.240152,0.116391
300,7,526.87,11703.65,33540.85,9912.09,4262.41,7662.702753,0.138745
300,7,676.77,21911.73,42423.41,9932.94,3977.18,6601.564219,0.143166
300,7,423.82,6584.36,26219.56,9822.78,4039.58,5772.844347,0.185511
300,7,618.76,18499.28,38595.76,8818.55,3322.17,7955.758371,0.153653
300,7,419.71,5625.89,26414.96,10425.86,4155.92,6207.294999,0.228327
300,7,531.34,13349.89,33383.38,9757.13,3639.71,6636.650380,0.127265
300,7,531.40,12477.69,32608.59,9480.64,3705.96,6944.289027,0.112033
300,7,427.09,6071.09,26769.02,10416.09,4228.26,6053.591231,0.127540
300,7,468.66,8561.17,29886.18,10476.21,4169.25,6679.553682,0.098576
300,7,510.25,11630.77,31172.22,9476.35,3739.18,6325.913198,0.107296
300,7,510.10,12017.79,31163.35,9571.14,3696.59,5877.823916,0.112644
300,7,496.87,10610.76,30908.37,9908.45,3660.79,6728.363373,0.128528
300,7,544.28,13458.79,32801.31,9071.76,3286.63,6984.131678,0.135320
300,7,538.43,13481.36,33462.17,9841.57,3827.16,6312.084234,0.120961
300,7,495.44,12373.88,31781.40,9286.25,3574.12,6547.152431,0.145764
300,7,615.06,17376.72,39220.97,10181.00,4324.54,7338.709848,0.145918
300,7,571.08,14825.16,36141.84,10709.86,4002.67,6604.163994,0.135212
300,7,513.94,12773.68,31982.83,9371.39,3756.65,6081.104901,0.115621
300,7,619.61,17122.88,38052.60,9931.17,3714.66,7283.900391,0.131587
300,7,438.29,7708.44,27715.24,9661.69,3889.84,6455.277110,0.161049
300,7,408.95,6856.38,25858.04,9830.87,3758.32,5412.469694,0.316062
300,7,576.55,15973.14,36605.63,9982.78,4091.42,6558.281375,0.329559
300,7,414.83,5145.38,25626.38,10220.24,4261.31,5999.443526,0.293245
300,7,614.42,17348.40,38712.59,10345.17,4202.46,6816.553919,0.282452
300,7,628.99,17900.21,37342.36,8793.31,3402.82,7246.019940,0.219024
300,7,594.29,17214.55,37301.97,9508.59,3987.83,6590.992259,0.227847
300,7,459.67,7944.50,29180.48,10213.04,4033.34,6989.602670,0.147732
300,7,495.17,10402.30,29962.43,9314.70,3303.99,6941.445781,0.133626
300,7,480.29,9783.15,30309.71,10205.48,3986.01,6335.069315,0.130088
300,7,529.83,11950.17,32696.94,10126.44,3917.89,6702.440374,0.159389
300,7,524.93,12386.13,32826.99,9921.54,4077.04,6442.284084,0.123739
300,7,478.19,11177.92,29376.28,8806.70,3191.70,6199.959024,0.153589
300,7,570.95,16144.63,35446.98,9609.12,3432.43,6260.806140,0.141453
300,7,599.30,16636.97,36910.26,9879.79,3932.81,6460.695420,0.151260
300,7,453.47,8230.61,27610.45,9177.72,3448.50,6753.629384,0.151961
300,7,603.69,17896.50,38356.04,10159.44,4153.56,6146.544280,0.131272
300,7,521.21,11329.35,32835.56,9799.79,3968.64,7737.773288,0.139809
300,7,488.57,10629.59,30064.17,9329.32,3784.44,6320.817304,0.157809
300,7,583.35,15628.93,35163.93,9393.58,3474.45,6666.968207,0.116316
300,7,416.71,5951.54,26588.82,9982.87,4234.12,6420.297407,0.148034
300,7,582.07,17785.43,36147.57,8877.07,3415.46,6069.608809,0.133448
300,7,430.68,7034.19,27439.24,10845.37,4189.52,5370.168354,0.287224
300,7,492.11,12285.29,30402.53,9318.56,3561.12,5237.553611,0.289594
300,7,515.17,12057.41,31751.46,9333.75,3626.79,6733.516515,0.228380
300,7,443.10,8058.48,27447.52,9976.54,3894.58,5517.916193,0.162916
300,7,590.91,17119.92,37507.19,9775.39,3771.97,6839.909481,0.146074
300,7,480.24,9669.11,30173.92,10038.65,3925.07,6541.084710,0.142331
300,7,467.12,9580.74,29190.23,9478.15,3563.98,6567.363455,0.164384
300,7,528.77,12232.87,31574.05,8763.49,3363.10,7214.588108,0.148316
300,7,512.72,10213.13,31552.20,10010.27,4013.09,7315.704605,0.143144
300,7,509.53,10471.49,31669.42,10271.26,4021.16,6905.520486,0.231189
300,7,490.09,9377.05,31090.93,10630.55,4346.25,6737.087736,0.272870
300,7,464.35,9601.77,29676.52,9967.43,4040.28,6067.047813,0.122536
300,7,512.65,13729.75,33894.10,9664.58,3615.70,6884.073492,0.146081
300,7,539.75,13396.36,33116.82,10020.59,4046.46,5653.415604,0.097616
300,7,410.94,6435.80,25994.00,9813.27,3817.95,5926.978045,0.169141
300,7,504.89,10885.18,32188.08,10338.82,4002.20,6961.873480,0.111029
300,7,527.38,12244.33,32282.20,9340.43,3667.32,7030.113891,0.120219
300,8,487.11,7755.31,30449.09,11945.00,4610.84,6137.937486,0.184901
300,8,608.50,15484.37,38283.95,11720.65,4918.43,6160.490639,0.132103
300,8,546.90,10381.92,32797.85,10874.70,4217.33,7323.894985,0.109077
300,8,501.48,7849.94,31478.15,11279.80,4430.04,7918.368142,0.102738
300,8,483.76,8307.34,30579.84,10542.69,3640.48,8089.327887,0.082722
300,8,591.45,14550.50,36259.70,11140.66,4038.27,6530.271151,0.061174
300,8,519.11,8882.82,32577.17,11798.90,4709.45,7186.007051,0.062770
300,8,633.03,14542.83,38362.11,11700.96,4467.08,7651.241583,0.056473
300,8,486.21,9980.27,30113.37,10401.32,3888.34,5843.437736,0.062260
300,8,582.42,13011.96,36139.39,11410.21,4712.21,7005.011372,0.059268
300,8,528.76,10286.70,33073.06,11824.61,4479.67,6482.079781,0.057466
300,8,571.27,13977.98,35995.09,10784.45,4454.27,6778.389151,0.059822
300,8,743.44,21198.01,44806.38,11230.13,4572.18,7806.066852,0.066390
300,8,538.42,11427.94,33287.77,10720.05,3783.00,7356.776278,0.067973
300,8,550.11,12739.16,33335.01,10603.00,3760.29,6232.563050,0.051644
300,8,553.29,13089.78,33570.30,9972.14,3575.56,6932.823531,0.051315
300,8,529.90,11258.57,33428.15,11259.73,4202.68,6707.175213,0.081662
300,8,715.21,21100.34,42546.00,9913.44,3841.14,7691.082230,0.052384
300,8,458.05,6787.11,28589.64,10879.60,4085.15,6837.769250,0.058362
300,8,528.75,9784.39,33046.24,10972.28,4652.65,7636.918679,0.058343
300,8,547.56,11021.64,33454.89,11633.19,4618.87,6181.188308,0.065746
300,8,512.36,9667.84,32566.95,11480.02,4369.32,7049.776378,0.061011
300,8,548.53,9836.38,32824.61,11488.10,4372.14,7127.984312,0.057326
300,8,684.72,18671.02,42715.79,11380.14,4287.04,8377.586489,0.052714
300,8,539.17,10889.91,32675.77,10716.77,4290.36,6778.736125,0.054393
300,8,520.52,11264.20,32173.16,10025.42,3876.52,7007.023954,0.054254
300,8,454.62,4410.58,28845.39,11791.97,4661.32,7981.512435,0.068480
300,8,568.39,12022.98,35042.45,11600.51,4377.84,7041.130772,0.056278
300,8,500.50,7973.19,31550.69,11480.19,4618.55,7478.764106,0.056730
300,8,537.90,7944.53,32127.83,11958.18,4527.52,7697.599398,0.054684
300,8,536.46,10868.60,32162.64,10165.98,3751.32,7376.735532,0.055403
300,8,580.19,11338.09,36366.53,12135.87,4841.64,8050.926594,0.082579
300,8,613.52,15427.52,38037.55,11605.65,4654.27,6350.105301,0.077545
300,8,455.77,5960.52,28842.23,11459.27,4895.95,6526.479008,0.096835
