300,1,220.09,13037.68,15151.19,376.81,636.68,1100.017362,28.190256
300,1,301.91,16361.72,18986.90,487.33,534.69,1603.161883,37.734993
300,1,347.19,19629.18,22585.63,330.04,786.52,1839.889505,29.475041
300,1,214.63,12176.54,13742.55,125.75,444.78,995.482585,37.630002
300,1,251.13,15627.09,18124.35,165.25,814.70,1517.307105,26.678206
300,1,406.25,22707.28,25387.68,193.19,512.84,1974.369653,40.611538
300,1,296.83,17228.44,20093.55,384.79,679.22,1801.103203,27.196088
300,1,313.75,17633.81,20557.00,427.47,682.61,1813.109751,38.936688
300,1,215.02,13138.97,15239.10,207.01,619.13,1273.991019,20.327136
300,1,220.91,13553.45,16020.52,400.52,560.65,1505.902245,21.325640
300,1,272.21,15235.12,17632.67,401.89,436.53,1559.140325,23.740771
300,1,272.80,15647.59,17590.58,100.64,613.78,1228.573468,20.823473
300,1,232.97,13177.49,15643.61,269.69,550.86,1645.575449,21.232675
300,1,278.40,16124.70,18683.87,367.95,496.31,1694.897739,25.389695
300,1,226.47,12728.86,14664.47,375.46,510.08,1050.069977,20.779481
300,1,411.06,22734.92,25647.42,332.95,649.23,1930.316356,21.936370
300,1,397.72,23388.15,26374.00,121.47,880.14,1984.240031,22.682682
300,1,290.99,15266.34,17924.10,403.08,357.18,1897.508337,28.460766
300,1,308.49,16920.17,19799.57,625.57,538.05,1715.781188,25.703990
300,1,319.65,18732.30,21431.83,266.10,571.49,1861.931336,25.497267
300,1,340.38,19124.88,22136.88,401.04,739.54,1871.421285,21.181556
300,1,219.34,13170.50,15526.25,268.91,551.28,1535.564756,21.111039
300,1,319.16,17766.35,20342.58,303.99,599.35,1672.898517,23.065445
300,1,350.41,19709.21,22463.98,428.90,473.29,1852.577535,21.503743
300,1,362.01,19747.22,22658.81,322.48,661.89,1927.219916,21.317552
300,1,234.08,13343.87,15342.73,286.15,635.00,1077.711217,24.437662
300,1,306.63,18525.91,21620.79,425.94,863.85,1805.089034,21.830505
300,1,296.55,16053.86,18636.95,237.57,452.87,1892.645544,21.098163
300,1,239.24,14699.91,16721.20,170.98,599.38,1250.932922,21.089861
300,1,250.08,13397.93,16053.89,449.19,482.30,1724.470634,28.195403
300,1,336.23,18888.29,21943.22,428.96,715.97,1910.003004,25.742290
300,1,206.86,13427.88,15325.07,164.32,706.92,1025.959422,25.477692
300,1,329.49,18438.13,21474.17,402.39,759.16,1874.486746,20.642500
300,1,225.42,13927.35,15957.43,186.13,580.56,1263.386106,20.866837
300,1,310.23,19444.68,22219.06,227.20,973.75,1573.422036,24.483575
300,1,221.65,13228.33,14906.61,174.88,462.25,1041.155800,20.544025
300,1,270.93,15063.38,17321.01,68.04,487.65,1701.940041,20.851376
300,1,282.98,16268.32,18455.66,192.90,614.14,1380.297828,25.175771
300,1,337.90,19610.83,21865.30,260.66,553.60,1440.212612,21.528175
300,1,332.12,18072.99,20975.64,637.48,639.76,1625.410668,22.195542
300,1,273.68,14855.63,17614.95,688.86,609.86,1460.595176,21.296556
300,1,187.27,11733.13,13504.36,188.42,578.08,1004.731000,28.168419
300,1,373.49,22398.59,25159.90,189.17,794.15,1777.988993,25.716044
300,1,200.62,12286.86,14107.60,181.19,588.65,1050.898098,25.052000
300,1,207.78,12141.34,14012.57,201.34,524.79,1145.097344,20.196075
300,1,287.74,16657.77,19618.87,426.06,715.77,1819.260360,21.070469
300,1,224.69,14629.66,16962.50,403.77,713.95,1215.123925,21.968284
300,1,361.24,21818.99,24691.68,149.82,885.11,1837.766624,22.522514
300,1,306.51,18460.83,21056.55,227.50,791.17,1577.059121,21.681180
300,1,184.25,10987.02,13021.60,376.05,530.49,1128.043369,24.811740
300,1,324.05,18950.92,21571.45,159.29,829.42,1631.819182,21.339458
300,1,355.64,19982.96,22211.55,72.22,650.79,1505.577855,21.916654
300,1,219.29,14036.82,15881.61,162.99,626.09,1055.715482,21.711711
300,1,283.37,15746.08,18901.28,502.72,700.34,1952.127737,29.573777
300,1,216.29,13885.40,17025.84,475.30,722.02,1943.115837,25.347669
300,1,277.48,16215.29,18548.70,320.56,494.62,1518.231736,26.421978
300,1,375.97,20843.49,23659.12,72.46,773.45,1969.724786,21.338363
300,1,387.92,21565.24,24217.31,237.04,530.32,1884.709061,21.479132
300,1,269.09,15047.59,17276.51,264.19,444.91,1519.827385,43.812088
300,1,201.69,12213.02,14013.75,178.19,587.13,1035.417392,33.554462
300,1,285.55,17350.65,19987.65,256.29,785.85,1594.869234,21.441696
300,1,257.02,13957.53,16341.30,482.45,512.84,1388.484853,21.095392
300,1,269.08,15198.30,17293.17,232.93,548.98,1312.958835,20.694548
300,1,263.62,15803.57,17814.59,98.15,647.97,1264.906825,20.747563
300,1,315.14,17610.78,20195.18,260.00,565.87,1758.525959,37.709235
300,1,280.84,17229.83,20150.88,500.04,805.33,1615.680636,41.948715
300,1,311.71,17999.82,20737.98,167.40,713.75,1857.014063,20.736395
300,1,315.89,18632.43,21499.46,209.25,804.47,1853.311691,22.245469
300,1,172.10,10321.11,12182.62,374.84,462.25,1024.423952,19.987981
300,1,268.29,15591.37,18973.31,625.50,755.25,2001.186130,21.133676
300,1,279.67,15968.01,17989.75,254.29,376.18,1391.271256,47.362238
300,1,219.95,13886.13,15636.49,172.97,432.84,1144.553043,31.094490
300,1,287.03,16984.20,19591.62,251.00,620.64,1735.781127,21.034321
300,1,188.81,11666.86,13494.69,188.54,496.45,1142.829404,20.438872
300,1,165.07,10724.03,12703.76,372.26,582.96,1024.498173,19.484761
300,1,349.64,19247.38,22068.44,198.04,702.33,1920.696497,20.591052
300,1,297.01,16966.84,20344.27,772.80,754.74,1849.895339,41.462526
300,1,294.64,17085.08,19381.09,218.19,430.26,1647.548034,38.394198
300,1,255.31,15568.24,17799.62,166.86,735.27,1329.255864,20.958027
300,1,243.23,14007.08,16758.95,546.48,516.49,1688.895299,21.202025
300,1,278.89,16518.98,18722.63,120.14,651.22,1432.282950,21.630111
300,1,228.57,12959.94,14959.77,138.43,551.64,1309.768650,22.291700
300,1,202.13,12095.03,13908.89,171.40,601.85,1040.615860,23.927410
300,1,271.75,15372.23,17383.74,136.24,529.61,1345.658985,21.106547
300,1,225.60,13436.14,15324.56,324.18,460.89,1103.354118,22.432510
300,1,320.89,18756.40,21390.71,252.99,556.69,1824.633733,25.134431
300,1,290.85,18180.40,20317.16,96.10,528.06,1512.594930,21.521406
300,1,247.17,15030.56,16797.32,70.38,395.78,1300.604976,22.340252
300,1,314.13,19739.17,22379.59,153.86,751.34,1735.210103,25.521271
300,1,247.84,14049.16,16707.32,423.34,645.63,1589.182462,20.743942
300,1,287.94,17197.94,19804.60,317.84,722.89,1565.937164,22.844714
300,1,367.10,20616.94,23086.53,192.38,454.81,1822.399535,24.780925
300,1,288.39,16706.21,18733.66,103.66,648.92,1274.871995,27.346569
300,1,257.44,15744.77,17939.09,152.95,698.27,1343.101831,21.524269
300,1,227.35,12642.75,14084.46,51.79,338.98,1050.947407,30.431564
300,1,344.90,20755.26,23310.82,218.67,615.24,1721.652514,21.873983
300,1,249.36,14792.45,16545.31,173.94,512.22,1066.702520,30.018097
300,1,228.96,13669.13,15615.11,312.27,499.97,1133.749189,21.097993
300,1,345.57,19809.59,22441.38,257.93,523.96,1849.898622,30.616239
300,1,383.30,22540.30,25443.61,180.24,722.24,2000.837709,22.868601
300,2,509.75,29900.79,34480.25,540.59,1120.58,2918.286903,34.140871
300,2,311.64,20373.04,24543.36,491.95,952.89,2725.492929,34.659733
300,2,538.40,31116.82,36116.78,509.11,1235.76,3255.086176,38.226322
300,2,335.22,19817.86,23808.17,707.53,920.42,2362.361193,33.687590
300,2,459.66,26527.01,31361.29,320.10,1111.96,3402.223678,34.332145
300,2,398.61,24554.55,28903.64,394.33,933.85,3020.924599,36.184474
300,2,631.96,37610.52,42727.37,474.71,1249.94,3392.195115,35.290539
300,2,438.95,26263.11,31015.78,412.74,1113.36,3226.571456,35.898026
300,2,377.73,23347.00,27615.27,439.20,882.16,2946.916533,28.294239
300,2,453.46,25926.50,30858.81,730.42,1009.62,3192.269782,28.776463
300,2,295.58,17654.13,21759.91,675.56,875.13,2555.078072,26.525240
300,2,313.63,18293.81,22029.55,555.79,762.17,2417.785559,28.824723
300,2,353.59,21569.68,25859.75,761.35,834.53,2694.186717,30.312819
300,2,366.26,23321.82,27350.25,355.90,979.45,2693.076171,42.521486
300,2,296.77,19248.86,22714.68,429.12,972.39,2064.313408,33.468968
300,2,496.76,28962.31,33732.02,527.13,1248.02,2994.553166,29.915566
300,2,530.24,30810.57,36317.25,532.61,1212.56,3761.510265,31.130661
300,2,397.04,23604.31,27978.27,614.95,925.58,2833.427597,29.560810
300,2,422.63,25222.18,29364.01,374.19,992.81,2774.829267,31.897537
300,2,570.77,31670.45,36470.62,305.49,1072.32,3422.365269,32.424937
300,2,490.62,28864.16,33642.86,362.44,1102.43,3313.837860,30.700420
300,2,482.03,27893.52,32499.05,378.66,1133.42,3093.455606,29.065666
300,2,364.36,21714.48,26164.33,520.24,1062.84,2866.759830,28.943785
300,2,548.18,32483.84,36896.10,448.88,972.32,2991.061478,33.545144
300,2,444.27,26394.60,30880.16,528.69,1078.59,2878.279191,33.082740
300,2,362.91,21781.94,25666.79,361.74,1175.20,2347.910656,43.718150
300,2,585.82,34121.38,39226.91,559.90,1107.76,3437.880471,29.707483
300,2,410.54,24801.87,29001.45,434.66,971.76,2793.166814,30.705319
300,2,398.45,24694.61,29089.71,390.43,1178.46,2826.206636,29.146890
300,2,399.56,23388.93,27588.94,350.89,1036.79,2812.336157,30.846428
300,2,394.66,23259.20,27926.88,503.61,1050.45,3113.630577,32.237780
300,2,431.11,25084.75,29200.22,361.32,962.90,2791.243575,31.417431
300,2,460.55,27505.23,32284.41,413.01,1039.09,3327.083126,29.914684
300,2,396.74,24013.35,28444.01,443.44,1113.21,2874.007514,27.650141
300,2,548.58,32278.24,36881.11,305.14,1036.72,3261.005255,28.918494
300,2,413.93,24014.80,27563.46,364.44,972.86,2211.363644,30.197645
300,2,382.90,23004.74,27096.46,261.40,988.80,2841.521855,31.093705
300,2,458.52,24998.02,29661.93,797.79,938.45,2927.671015,48.535973
300,2,458.23,26349.34,30570.92,566.25,1078.29,2577.052197,29.470614
300,2,471.43,27041.84,30886.91,403.20,871.45,2570.426556,30.014388
300,2,385.29,22858.03,27163.59,538.10,1016.33,2751.127147,29.510439
300,2,410.98,24150.44,27733.13,456.98,767.17,2358.539538,28.004110
300,2,442.64,25836.67,30986.18,405.99,1117.96,3625.563076,30.977563
300,2,436.70,25633.17,29780.16,447.57,1094.60,2604.818209,30.368952
300,2,335.58,19603.15,23685.72,711.36,811.75,2559.461366,28.036587
300,2,547.94,31310.65,36319.27,368.64,1384.69,3255.288662,28.625685
300,2,337.36,21048.41,24735.01,461.04,740.23,2485.320547,27.865348
300,2,521.34,29300.95,35002.13,840.95,1190.29,3669.935425,31.402210
300,2,636.14,37778.50,42897.50,432.75,1388.06,3298.186057,34.284201
300,2,419.33,25024.00,28728.50,515.05,846.68,2342.766392,45.059183
300,2,518.02,29366.24,33979.38,448.47,1068.07,3096.601646,29.600749
300,2,348.19,20770.19,24914.32,394.91,965.12,2784.099539,30.463179
300,2,444.70,26141.72,29905.53,256.33,825.18,2682.299417,29.092271
300,2,481.62,26115.10,31569.94,1081.38,994.86,3378.597328,30.482919
300,2,501.11,27897.24,32985.15,693.41,890.27,3504.227443,31.499944
300,2,461.18,25733.01,30359.71,533.87,875.16,3217.660650,31.089539
300,2,462.31,26963.19,31648.34,442.57,1091.83,3150.745643,30.040738
300,2,527.44,31687.40,36260.96,508.19,1028.77,3036.605764,34.649471
300,2,402.60,24455.00,28242.05,292.21,973.86,2520.981098,29.408524
300,2,519.69,30671.10,34791.96,312.20,985.29,2823.375341,34.455295
300,2,408.98,24797.23,29627.57,553.92,1053.57,3222.845906,28.123787
300,2,365.31,22374.84,26160.07,384.60,998.01,2402.615282,28.627281
300,2,520.10,30346.18,33907.05,219.00,1050.76,2291.106384,29.982455
300,2,410.84,23503.17,28019.83,409.09,1133.79,2973.786099,32.590537
300,2,412.68,25288.96,29296.19,260.66,1030.18,2716.384489,29.012913
300,2,458.61,26599.75,30912.23,348.84,1030.07,2933.567718,34.368234
300,2,565.03,31954.58,36717.00,510.52,927.27,3324.628956,28.992761
300,2,544.35,31739.01,37050.55,605.34,1128.12,3578.079924,30.940107
300,2,349.79,21817.96,25335.39,432.20,937.51,2147.731924,29.091707
300,2,561.99,32317.78,37768.80,549.53,1114.17,3787.325467,31.425503
300,2,402.01,25006.34,28823.46,405.55,1011.29,2400.277103,32.117431
300,2,298.74,19569.37,23515.22,305.99,922.85,2717.008057,29.385329
300,2,607.52,34969.87,39947.46,337.51,1186.56,3453.520711,33.929995
300,2,424.51,25443.29,29346.92,374.23,1084.17,2445.224269,27.288667
300,2,337.93,20530.28,24452.85,480.15,929.17,2513.246538,28.565377
300,2,476.96,26679.25,31594.83,827.46,1041.33,3046.786849,33.567709
300,2,617.64,34702.60,39787.54,431.66,1191.95,3461.336311,29.232407
300,2,447.00,26247.03,30275.98,429.89,1010.21,2588.849266,34.705719
300,2,469.25,27497.68,32368.35,570.82,1235.74,3064.100882,27.985926
300,2,487.57,28251.19,32832.69,490.12,1004.68,3086.702578,29.257891
300,2,464.93,27447.22,31686.37,548.09,1032.90,2658.148473,35.811160
300,2,339.28,19250.90,23432.31,589.53,817.95,2773.932508,32.349121
300,2,356.43,21159.13,25076.97,580.37,885.57,2451.904364,30.164853
300,2,470.14,26914.74,31373.58,628.24,1117.98,2712.615930,34.616918
300,2,404.98,23963.26,27814.46,521.53,821.30,2508.370773,32.541048
300,2,434.42,27439.58,31667.09,449.00,940.60,2837.923018,32.712753
300,2,514.12,30556.30,34802.99,384.69,1063.64,2798.365686,35.406264
300,2,470.58,27291.92,31395.85,393.27,1115.11,2595.557829,31.676158
300,2,475.54,26897.36,31958.30,485.68,1036.76,3538.495750,31.651048
300,2,442.66,26914.00,31291.16,496.40,954.71,2926.050900,31.617921
300,2,593.24,34332.54,38970.89,349.81,1112.54,3175.994927,33.311676
300,2,523.26,31073.25,36021.28,396.95,1039.61,3511.469094,34.639815
300,2,352.35,21871.73,26273.29,421.62,1190.59,2789.355512,31.054622
300,2,452.13,27606.21,31846.78,269.82,1028.42,2942.338080,28.468311
300,2,312.40,18849.70,22269.39,429.85,861.05,2128.794229,30.148387
300,2,565.12,31994.47,37218.09,510.65,1188.29,3524.682344,29.629815
300,2,414.31,24714.34,28729.14,418.97,1062.05,2533.776503,31.023836
300,2,334.43,19485.71,22621.83,317.47,794.91,2023.743047,28.373133
300,2,463.81,26391.19,30872.95,459.73,1027.49,2994.539193,24.082826
300,2,493.55,28937.61,34087.97,426.30,1023.84,3700.221034,31.217377
300,3,547.55,32773.14,38374.31,544.78,1274.00,3782.383761,38.087162
300,3,564.05,34844.07,41039.08,675.75,1273.89,4245.365884,37.463710
300,3,726.46,41074.50,48131.66,828.73,1573.11,4655.315195,38.585344
300,3,446.99,27133.84,31926.89,477.63,1155.71,3159.718385,34.226250
300,3,690.53,39219.39,46415.35,396.25,1644.55,5155.154896,39.503518
300,3,641.20,36870.81,43344.96,636.08,1255.80,4582.266679,36.812074
300,3,735.27,42767.52,49909.69,640.37,1562.37,4939.436388,39.957415
300,3,581.34,34995.67,41460.47,618.77,1319.43,4526.588206,35.949872
300,3,518.46,30161.26,36252.81,579.76,1254.47,4257.320751,37.808931
300,3,537.95,30711.78,37179.10,590.55,1314.75,4562.030279,36.853202
300,3,655.89,39152.15,44572.63,410.53,1302.33,3707.618581,41.471269
300,3,384.58,23669.77,28984.46,699.64,1236.18,3378.871904,35.009762
300,3,517.45,30809.83,36091.22,503.30,1201.86,3576.231404,35.323569
300,3,629.19,36241.92,42662.16,515.15,1494.36,4410.729777,36.155490
300,3,362.12,21681.09,26773.71,640.86,1156.02,3295.736563,35.336083
300,3,693.04,40623.90,46962.46,580.39,1151.99,4606.172872,38.272137
300,3,629.91,38584.92,45466.01,530.43,1195.01,5155.652651,39.402845
300,3,525.30,31328.88,36762.88,510.50,1244.23,3679.271494,37.866973
300,3,477.51,28595.64,33878.60,396.69,1133.16,3753.103232,37.188837
300,3,706.81,40841.59,47699.00,496.99,1563.12,4797.289694,41.578861
300,3,681.46,37950.46,44957.40,699.61,1469.27,4838.065949,37.888714
300,3,726.15,41842.37,48314.27,460.33,1586.68,4424.883756,40.379716
300,3,597.60,39037.23,45127.98,609.80,1314.86,4166.095215,36.744481
300,3,545.97,31488.14,37474.97,498.46,1350.89,4137.471905,36.086593
300,3,646.36,37323.07,43568.12,541.84,1483.95,4219.248437,36.934306
300,3,659.82,39217.60,44982.04,543.53,1390.22,3830.692638,34.999349
300,3,653.12,37214.74,43446.46,518.27,1347.96,4365.473196,38.928104
300,3,625.18,37973.10,43749.17,400.18,1274.19,4101.704984,39.509321
300,3,639.46,38757.74,45004.62,516.03,1440.51,4290.330026,37.627404
300,3,590.22,34373.10,40829.34,754.57,1310.45,4391.221958,36.503849
300,3,495.49,30780.98,36954.28,631.06,1337.84,4204.398863,36.291851
300,3,624.64,36173.23,42465.01,558.83,1325.85,4407.100088,39.210377
300,3,706.35,39574.87,46387.29,905.43,1373.12,4533.868821,38.515720
300,3,626.55,35923.73,42036.17,470.82,1260.79,4380.835542,37.155719
300,3,725.85,42950.71,49789.64,561.61,1587.78,4689.539041,42.222181
300,3,574.78,34640.94,39514.57,400.76,1295.57,3177.299685,35.078026
300,3,512.78,30542.60,36503.25,377.74,1289.23,4293.673198,34.793312
300,3,578.31,34235.96,40096.25,772.75,1280.77,3806.763989,37.561212
300,3,500.67,29084.64,35043.17,632.59,1168.83,4157.118004,36.305245
300,3,555.96,32137.01,37346.20,460.36,1144.32,3604.498098,38.330112
300,3,426.67,24903.75,30799.94,962.39,1071.06,3862.747026,35.559775
300,3,432.58,26475.46,31576.36,527.28,1269.11,3304.510801,34.630115
300,3,549.88,31911.84,39176.51,470.14,1405.09,5389.435552,35.854253
300,3,604.25,35140.69,40245.01,430.97,1242.54,3430.814391,37.441180
300,3,429.97,27358.40,32492.36,521.05,1207.47,3405.435913,36.034440
300,3,695.52,40219.63,47140.95,526.12,1474.78,4920.422821,37.760181
300,3,467.99,29387.79,34400.90,577.28,1111.10,3324.738445,40.019710
300,3,550.29,30969.22,37489.98,704.47,1263.98,4552.308633,37.880227
300,3,544.80,31965.49,38184.93,580.43,1439.42,4199.589969,36.349153
300,3,453.29,26868.14,32135.85,497.84,1367.28,3402.593046,36.200792
300,3,654.90,38779.24,44479.98,512.11,1193.96,3994.671400,38.130916
300,3,766.82,44344.10,50926.10,746.36,1656.38,4179.255126,39.746853
300,3,467.32,29181.72,34931.60,432.28,1182.23,4135.365963,35.986974
300,3,475.46,27469.90,34048.57,994.03,1182.81,4401.835545,36.550845
300,3,626.84,35845.82,42613.03,556.68,1413.99,4796.529483,36.094446
300,3,653.88,38059.34,44393.18,668.81,1429.31,4235.727640,40.604511
300,3,540.10,30873.24,37618.65,429.68,1428.79,4886.934414,35.144415
300,3,629.42,36120.22,42598.23,565.35,1359.19,4553.467805,36.841932
300,3,741.94,43421.42,49361.71,495.02,1400.58,4044.681705,36.402768
300,3,546.34,34648.33,40071.54,354.75,1090.34,3978.115838,35.048985
300,3,513.02,31648.69,38326.97,469.65,1359.24,4849.388733,37.812927
300,3,675.23,38566.67,44804.39,674.96,1318.98,4243.786961,38.271269
300,3,520.84,30248.84,35385.10,437.51,1268.63,3430.123938,34.472657
300,3,535.52,32496.95,38390.90,485.09,1366.91,4041.947182,34.393449
300,3,672.39,38772.17,44894.74,588.80,1367.84,4165.922648,35.276817
300,3,712.85,41590.87,47979.08,555.71,1572.25,4260.240658,37.985114
300,3,630.82,36954.45,43123.05,435.20,1495.44,4237.960105,39.804388
300,3,708.55,39021.02,46127.33,801.13,1361.56,4943.613182,38.712694
300,3,572.15,33545.64,39340.58,692.18,1324.97,3777.788270,37.417208
300,3,647.44,37263.05,44148.07,463.53,1319.60,5101.895884,35.150467
300,3,415.71,25029.17,30440.93,583.22,1162.66,3665.874821,33.313048
300,3,584.79,33274.84,39290.07,377.51,1390.86,4246.862930,34.923531
300,3,901.36,49447.69,56668.41,525.19,1804.37,4891.149271,40.036448
300,3,557.89,33173.80,38992.43,572.55,1409.47,3836.613525,37.623453
300,3,563.81,32737.32,38459.05,503.58,1249.63,3968.524123,38.776607
300,3,582.44,34020.55,40112.27,501.91,1335.64,4254.172198,35.025204
300,3,616.29,35482.84,42111.19,588.40,1295.25,4744.703630,35.802418
300,3,625.62,38065.08,44225.02,540.50,1190.71,4428.716725,35.614546
300,3,627.72,37059.04,43628.34,488.90,1520.07,4560.321065,38.648759
300,3,721.45,41089.40,47313.41,541.67,1512.89,4169.458492,39.367910
300,3,522.09,30241.85,36564.06,684.15,1275.49,4362.568069,36.263957
300,3,666.73,39691.06,45575.07,413.33,1468.87,4001.810415,38.509317
300,3,558.77,32012.75,37604.73,1013.72,1173.11,3405.156275,39.306541
300,3,600.28,34367.20,40117.16,556.42,1190.93,4002.609260,35.295291
300,3,453.76,25266.42,30447.61,998.17,898.43,3284.594692,34.785179
300,3,653.11,38101.46,44297.11,714.47,1453.36,4027.828412,41.311823
300,3,526.54,31041.59,36570.12,693.58,1209.87,3625.081217,35.744414
300,3,582.93,34166.11,40248.33,564.46,1423.44,4094.321045,36.378191
300,3,496.22,29005.39,35756.53,650.60,1403.09,4697.442413,37.791046
300,3,677.28,38439.90,45129.55,611.04,1445.33,4633.273466,36.467655
300,3,703.44,40566.38,47492.66,531.71,1450.06,4944.514784,37.805138
300,3,609.67,34857.84,41514.69,381.48,1288.74,4986.639536,38.627957
300,3,573.65,34539.39,40791.70,607.33,1283.83,4361.144210,37.837200
300,3,615.32,35389.05,41995.68,711.56,1259.93,4635.135950,36.627753
300,3,505.70,30712.72,35268.36,291.93,1156.80,3106.907335,35.271677
300,3,770.19,43460.58,50761.28,526.77,1486.68,5287.247578,39.626159
300,3,527.58,30809.03,36720.67,634.32,1050.14,4227.195159,33.609275
300,3,412.61,25834.92,30820.25,531.97,1156.94,3296.419727,36.591632
300,3,585.95,33565.24,40240.33,780.09,1266.21,4628.786843,33.527193
300,3,532.21,30926.51,38002.69,681.44,1257.85,5136.885894,37.884223
300,4,572.04,35619.96,42515.50,637.62,1316.97,4940.954252,45.125931
300,4,732.78,43356.06,51348.97,698.16,1687.03,5607.710659,47.106884
300,4,775.98,45340.56,53317.61,577.78,1756.61,5642.661614,48.848053
300,4,677.53,40474.19,46915.93,599.23,1629.90,4212.604374,45.196542
300,4,825.06,49486.00,58722.99,703.79,1785.96,6747.238940,48.580859
300,4,702.00,41779.45,49948.26,608.79,1676.57,5883.457696,46.132915
300,4,819.62,47088.31,56024.46,725.07,1883.31,6327.764718,50.375920
300,4,635.07,36822.65,45415.45,914.45,1465.34,6213.014573,46.508775
300,4,628.31,36827.94,44598.85,807.13,1461.84,5501.941310,40.909202
300,4,675.11,39416.37,46982.02,523.31,1555.84,5486.499558,44.790020
300,4,660.83,39822.75,47259.93,749.10,1416.09,5271.986530,44.630929
300,4,607.26,36649.37,43230.88,740.78,1504.46,4336.278177,41.891554
300,4,850.72,49303.77,56412.66,584.42,1695.95,4828.516434,47.602829
300,4,574.61,33196.48,41318.82,730.60,1600.24,5791.492857,40.650090
300,4,542.22,31358.15,38321.25,829.85,1474.86,4658.385251,41.498016
300,4,787.38,43425.93,51637.32,622.23,1738.52,5850.643980,43.852323
300,4,808.15,46564.49,55315.64,822.15,1763.58,6165.410073,47.131137
300,4,735.31,43200.03,50983.96,578.94,1858.72,5346.268461,49.008784
300,4,944.70,55077.63,62919.41,733.42,1900.84,5207.523771,43.188644
300,4,576.96,33531.00,41612.10,910.24,1496.70,5674.159474,43.923358
300,4,834.98,47801.01,56371.47,674.39,1685.90,6210.164813,45.863688
300,4,657.67,37617.53,46128.40,724.04,1753.55,6033.275040,43.659642
300,4,724.07,44224.92,51639.60,595.09,1579.39,5240.203327,42.635833
300,4,664.73,38121.51,45582.91,618.77,1578.47,5264.165386,46.208551
300,4,621.81,36621.77,44289.29,810.61,1526.99,5329.932862,41.751441
300,4,708.44,40791.46,48768.43,740.29,1683.55,5553.124391,40.606591
300,4,786.49,44549.32,52748.67,839.67,1821.94,5537.747449,46.588491
300,4,602.16,35234.44,43123.53,844.79,1524.82,5519.486716,46.766990
300,4,815.36,46728.77,54718.77,682.28,1718.13,5589.596265,49.606778
300,4,900.07,50798.97,59564.27,834.41,2046.54,5884.350202,46.549490
300,4,619.05,37168.40,44841.90,751.96,1636.96,5284.572356,41.808405
300,4,719.70,44234.00,51995.43,666.03,1551.83,5543.570078,42.283438
300,4,609.94,35604.20,43629.19,666.51,1491.87,5866.601286,45.125088
300,4,855.97,48376.74,56926.83,920.51,1923.65,5705.932899,45.090859
300,4,645.64,37622.38,46425.94,722.78,1694.18,6386.598218,42.544850
300,4,557.97,33123.42,39654.48,653.36,1427.74,4449.960817,42.294719
300,4,975.01,55362.80,63570.61,601.28,1702.58,5903.951404,43.518488
300,4,626.37,37580.42,44750.30,743.50,1735.68,4690.713200,41.939661
300,4,579.44,36867.11,43942.61,585.65,1423.79,5066.056802,44.568326
300,4,665.08,37381.72,44514.22,654.41,1660.82,4817.274386,47.840127
300,4,673.44,39042.41,46518.37,725.48,1503.68,5246.795296,49.982211
300,4,640.65,37547.53,43887.75,657.97,1499.18,4183.064726,45.149097
300,4,793.38,44527.67,53890.54,650.28,1827.47,6885.109794,42.232973
300,4,716.88,42146.97,49341.02,616.21,1581.50,4996.352068,43.164211
300,4,517.42,31750.69,38112.58,661.60,1353.25,4347.040268,45.323047
300,4,695.30,39813.68,48584.45,697.46,1713.68,6359.628709,45.149513
300,4,628.25,37373.45,44119.34,817.90,1549.54,4378.460885,40.935295
300,4,779.81,44668.20,53133.88,709.59,1707.55,6048.543780,47.895676
300,4,978.32,55631.14,64421.26,904.81,2080.51,5804.808025,40.546842
300,4,500.80,28818.92,35708.09,657.86,1347.36,4883.944323,39.973130
300,4,743.23,43934.12,51722.82,639.09,1845.76,5303.849762,45.276055
300,4,638.23,38617.03,46263.21,706.63,1571.94,5367.614731,46.066873
300,4,860.91,48436.63,56383.61,585.79,2127.31,5233.871679,50.521647
300,4,765.54,45078.00,52211.53,407.33,1434.24,5291.955594,47.188086
300,4,692.29,39953.66,48232.80,963.00,1738.66,5577.485999,41.861391
300,4,675.38,39801.62,47300.29,626.67,1711.18,5160.811560,43.591028
300,4,792.93,44569.15,53914.91,1383.57,1636.14,6326.063035,46.503778
300,4,859.87,49448.12,57762.11,814.73,1642.30,5856.959076,46.080113
300,4,670.87,40921.76,48468.77,640.09,1692.60,5214.324958,42.573717
300,4,788.55,45384.32,52774.00,651.82,1560.75,5177.117546,46.159492
300,4,659.02,37417.76,46061.77,621.56,1661.70,6360.749168,41.278976
300,4,750.10,42323.12,50530.16,1131.84,1563.38,5511.814350,44.245337
300,4,770.58,43300.04,50454.20,780.15,1710.02,4663.991330,43.612754
300,4,779.20,46292.03,54336.04,682.03,1623.82,5738.168600,44.509698
300,4,804.54,45631.21,53629.86,772.21,1579.99,5646.443038,42.988624
300,4,678.01,39873.58,47837.95,761.62,1858.80,5343.945838,43.012085
300,4,799.37,45714.27,53963.77,927.81,1540.52,5781.171803,44.707164
300,4,779.74,45404.54,53692.41,661.81,1689.56,5936.502616,43.992262
300,4,697.64,43216.86,50599.55,465.00,1431.42,5486.261594,43.954034
300,4,731.60,42791.47,51409.10,597.14,1678.94,6341.551415,45.880629
300,4,489.08,30351.86,37428.66,788.64,1424.23,4863.932714,41.708628
300,4,666.22,37680.28,45663.38,748.48,1661.04,5573.585104,43.670143
300,4,828.32,46572.76,54932.09,698.19,1608.36,6052.785348,42.678756
300,4,645.16,37895.96,45342.80,711.35,1656.14,5079.349492,44.777068
300,4,742.49,43590.51,51876.93,768.78,1886.01,5631.632247,43.763832
300,4,806.20,47914.80,56061.51,686.08,1841.17,5619.460460,47.690587
300,4,902.82,51444.03,60310.40,831.83,2069.88,5964.655197,46.629845
300,4,657.93,39450.80,46980.64,609.22,1620.96,5299.662389,40.969337
300,4,795.99,45424.82,54106.68,718.29,1992.84,5970.737375,43.394475
300,4,751.45,44465.72,52824.77,648.74,2008.16,5702.147275,39.944361
300,4,784.61,45148.68,53317.17,684.39,1562.12,5921.982816,44.626779
300,4,741.60,42351.54,49773.87,749.08,1612.47,5060.778995,48.344656
300,4,802.02,46702.84,53841.60,670.39,1689.67,4778.707236,48.859439
300,4,736.89,41459.73,48997.54,1038.67,1398.44,5100.709865,49.959048
300,4,707.72,41706.30,48030.43,791.61,1308.56,4223.956992,45.890110
300,4,729.19,42173.85,50055.98,803.26,1907.05,5171.823125,45.160015
300,4,773.85,44283.42,51835.82,629.08,1662.27,5261.052166,46.426315
300,4,711.57,42881.55,50517.40,690.45,1527.27,5418.120473,45.786950
300,4,689.40,41500.90,49144.19,721.58,1427.97,5493.745530,49.102827
300,4,817.38,46379.04,54866.05,587.31,1790.27,6109.421397,46.534607
300,4,757.48,43017.06,51723.60,869.57,1761.08,6075.889649,50.162046
300,4,882.00,49542.09,58610.05,671.31,1983.49,6413.157152,48.764815
300,4,703.43,40828.14,49257.25,710.07,1805.57,5913.457182,43.394976
300,4,953.30,53566.73,62294.91,710.35,2026.07,5991.754100,46.128160
300,4,569.51,34363.32,40928.11,675.96,1603.60,4285.229260,42.094801
300,4,758.24,43879.39,52365.68,842.47,1509.18,6134.639144,47.488746
300,4,829.79,48923.49,56328.62,593.80,1556.80,5254.525656,43.315728
300,4,691.56,42581.76,48823.69,420.27,1418.00,4403.671586,44.984148
300,4,569.17,33193.01,40806.25,608.82,1502.74,5501.676016,28.968740
300,4,798.49,47062.74,55954.32,640.54,1724.25,6526.797532,45.191024
300,5,989.83,57624.68,67179.37,840.74,2168.24,6545.712008,45.397194
300,5,1055.05,61297.93,71574.39,840.54,2116.23,7319.691284,51.245175
300,5,822.10,47919.75,57374.79,873.51,1951.91,6629.625260,47.444728
300,5,591.32,35649.39,43339.44,690.80,1709.80,5289.455706,47.004370
300,5,687.33,39265.54,50043.26,859.60,1880.65,8037.471989,42.852347
300,5,725.34,41869.10,51516.52,833.36,1763.49,7050.566340,49.114461
300,5,871.76,48689.59,59008.71,775.77,1863.42,7679.944927,45.569204
300,5,1072.31,60617.49,71089.56,856.00,2342.22,7273.848723,52.611020
300,5,834.27,49486.09,58853.89,740.61,1979.23,6647.958466,45.693078
300,5,736.91,43606.09,52711.11,796.50,1783.60,6524.909627,45.519435
300,5,813.09,47178.34,56721.15,712.59,2072.45,6757.776986,45.245373
300,5,770.02,45009.97,53496.30,937.75,1885.06,5663.511118,44.695058
300,5,783.89,46214.40,55510.53,772.26,2127.47,6396.408986,49.912368
300,5,733.62,41294.14,51116.54,714.47,1743.06,7364.871423,47.674572
300,5,934.18,53394.99,62867.34,1025.93,2134.08,6312.335409,45.196826
300,5,1001.10,57622.05,67944.03,951.18,2271.15,7099.651965,53.773562
300,5,1022.77,57777.16,67700.02,627.35,1835.52,7459.993827,48.935409
300,5,603.56,36360.19,45638.14,870.59,1713.07,6694.285532,49.496376
300,5,788.87,47861.04,57174.50,983.30,1907.07,6423.082131,42.565150
300,5,968.52,55395.09,65765.58,1038.26,2123.00,7209.222381,46.730073
300,5,1000.52,56961.02,66732.18,663.12,1999.58,7108.459126,47.513295
300,5,831.49,47512.51,57182.57,976.24,1864.39,6829.432649,43.983725
300,5,733.40,41984.20,51278.12,626.62,1793.35,6873.949662,43.370463
300,5,852.98,47740.31,57239.33,987.45,2053.48,6458.087738,46.650707
300,5,814.38,48040.04,57882.19,894.36,2013.53,6934.258319,44.961746
300,5,825.00,47899.93,57414.85,953.76,1998.47,6562.688747,49.629359
300,5,716.04,41636.01,51381.89,806.36,1984.40,6955.110521,49.473540
300,5,918.77,52501.89,62387.68,758.06,1970.15,7157.579132,54.096050
300,5,995.37,55823.06,65798.21,829.37,2147.12,6998.655439,49.039348
300,5,897.38,51245.52,61297.10,882.96,2035.60,7133.025109,52.256328
300,5,712.03,42023.65,51225.37,1002.36,2046.80,6152.569071,50.448391
300,5,751.08,44511.56,54139.28,932.33,2160.74,6534.641400,45.217709
300,5,944.74,55023.15,64644.76,793.57,1979.02,6849.024667,46.834440
300,5,665.08,38626.87,48347.30,863.22,1782.79,7074.411817,44.752027
300,5,1011.73,58820.65,69072.09,842.06,1945.79,7463.587722,48.590990
300,5,641.93,39293.54,47155.52,925.12,1694.65,5242.207425,45.076549
300,5,915.94,52589.63,62538.33,869.61,2162.34,6916.744069,47.351539
300,5,714.61,42189.68,50961.07,812.65,1825.02,6133.717672,43.450536
300,5,789.66,45886.36,54661.19,881.73,1874.61,6018.494980,47.633226
300,5,686.07,42211.76,50667.68,764.28,1756.65,5934.994697,52.343072
300,5,968.19,54438.94,62975.81,754.85,1693.65,6088.374618,50.045759
300,5,837.20,49045.39,57130.48,728.71,1908.93,5447.453560,51.456636
300,5,948.84,53052.15,64645.57,832.32,2374.84,8386.263842,50.585195
300,5,859.20,48202.58,57253.21,738.35,1900.13,6412.151257,43.615201
300,5,762.36,45526.90,54266.52,817.34,1914.81,6007.477218,44.739646
300,5,975.01,54415.85,65011.57,835.54,2122.57,7637.604852,46.551132
300,5,683.21,40993.96,49246.86,806.90,1818.44,5627.559123,43.020775
300,5,810.61,47370.12,57379.81,902.59,1913.61,7193.476883,45.546560
300,5,938.37,53854.77,64484.60,854.88,2249.14,7525.804953,48.213780
300,5,890.40,51342.43,60226.52,870.26,2093.70,5920.126152,47.669403
300,5,733.57,44141.11,53669.34,951.97,1936.58,6639.673559,54.247630
300,5,848.40,48362.03,57490.53,693.67,1985.33,6449.501635,51.172314
300,5,605.76,36391.08,45036.34,625.33,1611.62,6408.314581,50.555653
300,5,980.03,56292.33,65393.38,735.20,1903.25,6462.600916,50.024749
300,5,1052.06,56977.43,67541.81,888.03,2379.96,7296.385440,48.810888
300,5,753.20,43909.96,53087.68,1055.47,1787.23,6335.013500,45.192186
300,5,735.95,40947.72,50998.37,927.27,1897.09,7226.289117,43.258114
300,5,977.92,56983.38,66926.59,832.33,2226.39,6884.488466,54.216581
300,5,786.07,46036.13,55092.28,785.34,2102.78,6168.032627,47.133173
300,5,703.27,41625.24,50464.01,694.32,1919.75,6224.694944,46.561529
300,5,867.97,49596.43,60165.64,918.62,2164.77,7485.811461,46.962114
300,5,760.30,43822.70,52930.48,666.63,1686.11,6755.038680,46.203520
300,5,773.91,46985.69,55304.07,860.45,1846.31,5611.628193,42.290471
300,5,694.35,40591.05,49992.07,899.21,1978.92,6522.894206,48.694141
300,5,674.13,39985.38,49116.10,833.71,1844.14,6452.876801,45.262996
300,5,775.19,44875.64,54537.14,866.21,2144.54,6650.748365,47.458888
300,5,867.43,50065.22,60216.80,1032.52,2129.12,6989.936537,48.963004
300,5,760.34,43957.84,53671.94,780.88,1934.66,6998.560780,46.218726
300,5,870.56,50251.37,60292.97,988.12,2093.90,6959.585215,41.671209
300,5,824.62,47919.86,58149.16,654.38,1719.99,7854.921615,48.229324
300,5,794.98,47577.58,56110.97,940.80,1673.97,5918.606948,44.796686
300,5,988.56,55869.49,65924.21,951.52,2268.39,6834.820458,48.383676
300,5,1039.37,60974.29,70760.44,815.72,1925.54,7044.898478,50.359738
300,5,800.60,47534.24,56523.33,911.88,1786.40,6290.814725,42.261129
300,5,713.32,41273.38,50613.79,714.65,1699.82,6925.945075,41.727627
300,5,765.88,43777.69,53485.43,924.91,1814.64,6968.184647,47.345020
300,5,724.58,43230.62,52757.77,732.94,1543.29,7250.925272,48.598667
300,5,931.99,53619.45,62706.85,941.53,1824.60,6321.268513,47.434212
300,5,893.26,51423.87,61736.30,843.21,2005.73,7463.492527,47.731769
300,5,800.11,44298.99,53845.65,743.48,1808.60,6994.576289,46.133245
300,5,777.91,47083.27,56639.41,1047.87,1722.24,6786.026369,44.644042
300,5,922.31,51472.90,60369.16,624.49,2101.87,6169.908302,48.795264
300,5,770.24,46715.16,55250.39,865.48,1744.51,5925.241202,45.759499
300,5,819.44,46345.00,55167.68,806.42,1801.81,6214.453272,47.093109
300,5,869.18,50595.94,58549.83,912.19,1890.55,5151.150284,47.694483
300,5,806.23,47184.87,56567.54,660.09,1842.07,6880.513518,45.494927
300,5,682.74,40532.41,49495.41,997.80,1771.57,6193.644673,44.667875
300,5,840.33,47498.99,57031.05,968.15,2173.15,6390.761391,48.320502
300,5,863.50,52650.77,62091.68,874.60,1976.57,6589.734843,47.299147
300,5,839.89,48875.88,58664.19,874.44,2031.44,6882.427608,43.742302
300,5,892.66,53233.47,63575.43,1247.59,2072.31,7022.063633,48.748657
300,5,754.12,42540.45,53234.75,847.64,2073.39,7773.260869,48.993985
300,5,949.89,53774.93,63813.14,802.92,2072.23,7163.064406,45.162300
300,5,832.67,47967.59,57929.72,717.67,1955.00,7289.460446,43.709438
300,5,734.20,44458.93,52727.50,900.17,1908.99,5459.403450,38.231194
300,5,958.19,53823.02,63590.09,698.26,2016.70,7052.108769,45.854921
300,5,711.29,42663.13,50952.99,814.11,1532.59,5943.163105,43.644352
300,5,722.43,43204.32,51726.49,869.42,1937.14,5715.615396,43.003091
300,5,778.49,46316.44,55589.22,899.35,2011.67,6361.758671,36.145764
300,5,707.30,40104.53,50519.25,973.07,1835.21,7606.435112,43.557802
300,6,836.84,49517.86,60334.53,916.58,2235.49,7664.597226,52.252794
300,6,1093.62,61088.86,72827.14,1044.32,2446.82,8247.132607,59.762426
300,6,1051.44,58803.11,70003.99,1048.69,2281.99,7870.203479,52.804767
300,6,878.05,53106.03,63494.31,989.09,2471.63,6927.553715,57.087212
300,6,994.81,55531.87,68383.63,1193.55,2367.14,9291.063776,54.174578
300,6,1162.40,65430.24,76758.24,914.33,2504.70,7908.965603,60.958578
300,6,986.00,56530.63,68996.22,1055.26,2270.25,9140.076505,56.373852
300,6,1019.32,57672.14,68980.20,907.50,2101.74,8298.821869,58.964650
300,6,798.52,46577.16,57376.72,1025.33,2303.61,7470.621010,47.947056
300,6,1125.89,64203.52,75207.01,1237.69,2384.42,7381.378517,56.761708
300,6,919.91,51534.39,62310.77,1047.63,2050.79,7677.954093,47.242604
300,6,871.99,52592.63,62827.37,877.68,2175.63,7181.425107,49.127558
300,6,910.25,51144.83,61682.23,867.36,1979.54,7690.489561,53.352072
300,6,1015.24,56130.90,68217.63,960.82,2327.58,8798.339653,53.706893
300,6,816.78,48239.96,59096.07,1136.06,1906.25,7813.796391,51.599178
300,6,1052.17,60856.71,72217.47,925.94,2372.89,8061.922186,52.519799
300,6,1218.24,68853.28,81533.51,922.49,2598.00,9159.747451,56.896278
300,6,739.29,41722.22,52923.81,1006.53,2144.21,8050.857173,49.931095
300,6,921.63,53233.94,64197.72,1016.30,2282.52,7664.960558,47.339269
300,6,796.85,45743.64,57645.61,1170.13,2224.24,8507.594252,51.545828
300,6,910.49,52965.83,64401.68,865.95,2232.35,8337.552086,51.751135
300,6,1095.47,61969.77,73172.78,877.30,2471.64,7854.062398,52.922082
300,6,677.81,39310.81,49922.18,1018.56,2020.91,7571.907221,47.984601
300,6,1085.21,62283.36,73176.49,847.64,2338.86,7706.635007,51.553529
300,6,1084.60,62794.87,74507.52,1045.69,2367.43,8299.532105,53.878127
300,6,968.82,56131.56,66905.98,883.85,2004.47,7886.100215,51.946237
300,6,939.46,54342.36,65663.22,1096.11,2417.19,7807.557218,55.002848
300,6,883.22,50382.76,62083.81,1019.73,2084.05,8597.279500,48.773128
300,6,955.45,53811.17,65027.45,1199.41,2238.17,7778.699789,51.384668
300,6,943.78,54933.93,66447.61,1364.85,2363.66,7785.166464,49.595495
300,6,876.84,51919.60,63479.68,1141.47,2229.23,8189.391861,51.030344
300,6,869.30,51878.83,62728.12,1168.96,1819.41,7860.905467,52.129045
300,6,935.40,52158.22,63746.04,889.88,2376.97,8320.962545,54.025571
300,6,953.67,54322.18,65493.88,906.19,2308.72,7956.796463,48.872706
300,6,1158.74,66610.80,78475.52,1167.86,2596.04,8100.821331,53.576555
300,6,790.22,47483.03,57166.53,1163.55,2021.87,6498.080713,48.388408
300,6,979.18,56520.24,67750.13,835.87,2061.69,8332.338240,51.130361
300,6,985.52,55762.70,66298.52,820.46,2084.09,7631.274536,53.820171
300,6,948.24,55577.16,65983.50,1105.09,2094.92,7206.335408,51.129000
300,6,815.86,47966.83,58098.93,1069.77,2211.26,6851.067753,51.844971
300,6,1002.37,58710.87,69020.37,880.18,2465.20,6964.114498,53.577443
300,6,792.25,47966.29,57537.64,1025.74,1911.10,6634.514184,48.395741
300,6,917.67,50122.03,62664.30,955.62,2079.98,9506.674372,50.086108
300,6,843.50,49844.62,60533.20,721.48,2111.07,7856.038282,49.971808
300,6,956.92,55991.11,66402.32,979.94,2287.57,7143.693501,48.057212
300,6,1106.03,60749.11,73389.72,1240.93,2277.75,9121.924260,50.370170
300,6,837.12,48629.47,59098.86,955.11,2220.19,7294.084046,49.025918
300,6,983.70,56860.33,68305.42,1008.00,2130.71,8306.370070,49.055105
300,6,1176.00,65412.39,77966.35,1111.40,2468.31,8974.257536,54.553158
300,6,688.24,40500.97,50833.47,1086.79,2151.44,7094.270114,51.014561
300,6,1013.75,57552.06,69207.02,1081.57,2613.53,7959.854978,51.234968
300,6,1111.99,61690.96,73024.58,1199.96,2093.65,8040.001153,51.880762
300,6,1005.24,56423.55,67413.54,1058.74,2193.78,7737.468852,52.195010
300,6,984.86,56552.80,68094.42,1223.79,2345.51,7972.310237,52.744966
300,6,1052.66,59475.41,71092.18,937.99,2269.85,8408.930438,51.967899
300,6,1009.37,57286.04,67528.97,778.25,1995.62,7469.061559,54.765473
300,6,1118.68,63929.59,75916.84,945.54,2651.19,8390.516909,57.852183
300,6,1057.91,60670.72,72048.80,865.56,2183.11,8329.401200,52.430445
300,6,823.80,48458.29,59422.20,1058.24,2081.21,7824.457066,51.912987
300,6,952.71,54933.89,65458.73,986.54,2260.47,7277.819413,50.984225
300,6,997.09,56626.08,68997.49,1160.81,2384.03,8826.575053,49.109002
300,6,916.02,52634.80,63875.35,940.58,2328.82,7971.145288,50.814795
300,6,728.76,43436.26,53321.61,1048.15,1933.86,6903.331872,47.300483
300,6,967.58,53691.15,64556.76,946.71,2233.01,7685.895749,48.129489
300,6,734.05,42136.87,52781.65,1199.48,2014.25,7431.041008,52.329915
300,6,883.70,50608.81,62104.91,984.69,2192.48,8318.933377,53.802868
300,6,1067.16,60302.34,72241.38,1134.47,2380.15,8424.407238,55.153006
300,6,1014.16,57068.21,68268.89,846.95,2198.00,8155.738596,50.664057
300,6,1000.62,56741.97,68126.42,962.67,2206.75,8215.033226,50.686778
300,6,1072.81,60929.31,73263.11,999.61,2686.69,8647.503755,55.862610
300,6,831.08,50118.38,60545.73,1062.57,2336.41,7028.362500,52.029439
300,6,897.14,50197.75,61388.11,856.63,2078.81,8254.915032,51.120225
300,6,830.23,48243.67,59724.56,1331.96,2091.20,8057.739571,53.949216
300,6,1111.86,61955.25,73498.34,1008.02,2594.50,7940.572766,53.092607
300,6,887.88,49040.34,59834.71,1053.93,2204.35,7536.089918,52.614098
300,6,918.00,52181.88,63900.10,1010.85,2244.07,8463.303021,48.840826
300,6,943.12,53561.19,64908.85,1106.12,2304.58,7936.959290,50.250959
300,6,1055.45,60094.36,71306.16,1055.72,2749.57,7406.510506,52.287730
300,6,1026.01,55726.97,68045.73,1045.77,2391.74,8881.245706,52.581831
300,6,781.85,46078.17,57021.75,983.19,1958.78,8001.616624,47.998196
300,6,910.97,51990.86,63666.44,1251.71,2215.76,8208.097879,51.580723
300,6,895.12,51404.57,62015.03,865.15,2253.50,7491.812259,49.163860
300,6,836.66,49485.07,59609.94,954.62,2253.49,6916.757207,50.625588
300,6,745.04,43595.15,53792.70,1206.66,2036.18,6954.704229,47.160372
300,6,599.28,36707.37,45550.35,1147.57,1793.88,5901.528065,43.311481
300,6,1070.07,60166.96,71789.54,922.45,2215.99,8484.138961,51.584402
300,6,790.33,45425.05,55353.73,1060.49,2022.35,6845.841805,51.594913
300,6,1003.60,56800.41,68093.03,1070.96,2278.30,7943.360711,50.839068
300,6,975.19,54994.43,65898.26,782.41,2344.91,7776.510224,53.760977
300,6,1066.64,60659.66,71759.68,836.38,2109.37,8154.271150,54.171909
300,6,1040.25,58952.41,71065.69,1254.51,2239.77,8618.998152,52.550459
300,6,1043.59,58047.03,70502.06,994.31,2540.11,8920.611595,52.105403
300,6,913.76,53400.62,64908.17,1114.89,2347.95,8044.709557,53.419020
300,6,938.11,54351.94,65574.23,1076.92,1923.46,8221.922116,53.843645
300,6,705.76,40977.09,50439.79,958.99,1927.16,6576.558240,50.802490
300,6,945.26,55691.30,67314.39,990.59,2293.45,8339.048195,55.002691
300,6,826.48,48266.10,58353.92,981.26,2101.38,7005.186884,51.459587
300,6,943.61,54341.53,64524.87,1210.51,2313.31,6659.522848,49.312021
300,6,881.33,50596.45,61879.52,1140.78,2223.13,7919.164443,47.556622
300,6,1069.59,61611.37,73745.17,1099.95,2537.69,8496.154639,52.808564
300,7,900.82,53088.57,65644.94,1211.12,2330.35,9014.893198,56.942551
300,7,1177.49,65945.39,79683.36,1231.76,2864.23,9641.974815,66.101220
300,7,802.03,45450.88,57999.13,1150.39,2272.34,9125.513179,57.640199
300,7,1007.74,58166.95,70448.98,1421.21,2466.11,8394.708236,63.377985
300,7,1166.67,66874.05,81730.71,1134.35,2664.91,11057.385984,58.583055
300,7,885.85,51242.23,64507.91,1232.58,2733.73,9299.365302,66.616623
300,7,1253.22,69352.79,83369.13,1189.94,2859.57,9966.831850,64.281756
300,7,1278.78,73161.63,85896.58,1189.67,2464.37,9080.901034,73.677187
300,7,1092.44,61113.15,73533.54,1089.03,2855.10,8476.264153,77.222510
300,7,955.86,53464.64,65556.46,1032.96,2283.76,8775.105784,81.962518
300,7,899.00,50764.93,62852.26,1240.44,2237.96,8608.928270,87.740166
300,7,1015.98,59567.80,70900.63,985.74,2243.31,8103.770163,93.372357
300,7,1064.65,57611.43,69771.29,1190.25,2437.46,8532.151944,57.049433
300,7,976.10,55009.09,68190.54,1107.53,2066.85,10007.066603,57.147196
300,7,917.24,53168.44,65488.40,1130.53,2435.51,8753.921766,55.736190
300,7,1158.26,64441.31,77728.22,1330.85,2694.96,9261.094999,61.766647
300,7,1139.95,64927.29,78915.14,1070.96,2342.21,10574.691710,59.611903
300,7,1103.63,61138.54,74552.27,1213.37,2650.73,9549.620237,60.684761
300,7,778.98,46438.77,58638.10,1307.97,2418.48,8472.870735,53.190042
300,7,954.34,54997.70,68347.62,1418.40,2552.62,9378.898686,58.046990
300,7,1004.85,58928.24,71793.42,1284.00,2672.64,8908.545171,65.291469
300,7,1038.47,57598.89,70368.83,1179.93,2384.54,9205.465809,69.969587
300,7,1166.48,67059.21,79518.06,1170.56,2719.97,8568.324116,94.100739
300,7,918.47,53498.37,65840.75,1138.10,2156.09,9048.189309,91.366421
300,7,1097.98,61806.52,74958.17,1058.95,2793.73,9298.968622,77.475416
300,7,1140.60,63853.28,76974.80,1271.31,2597.63,9252.578280,52.379003
300,7,1183.21,66652.66,79782.28,1033.02,2822.32,9274.281684,54.974581
300,7,914.14,51746.37,64681.89,1166.00,2359.58,9409.937498,59.037831
300,7,976.66,56555.00,69607.05,1438.89,2530.04,9083.126113,54.526837
300,7,1098.88,63660.72,76535.51,1239.20,2728.63,8906.952421,63.955265
300,7,903.94,52615.62,65081.58,1258.16,2328.80,8878.995323,61.763802
300,7,873.88,49542.75,62299.64,1286.91,2467.71,9002.271133,58.902707
300,7,988.65,56380.94,68631.11,972.75,2296.49,8980.928835,73.017797
300,7,1088.47,61084.94,73380.81,1020.82,2138.31,9136.738049,91.517503
300,7,1056.71,61577.75,74710.34,1099.60,2265.91,9767.084606,95.077430
300,7,1003.38,58444.55,70505.32,1275.95,2735.44,8049.383794,91.101077
300,7,1089.77,61533.28,75272.94,1592.07,2670.08,9477.517093,60.803029
300,7,1147.64,64797.21,77557.99,1095.81,2501.27,9163.691786,61.681014
300,7,762.45,46637.44,57931.20,1103.59,2092.60,8097.571701,57.713577
300,7,842.67,49536.72,61009.12,1091.48,2242.87,8138.045188,59.565159
300,7,959.07,56496.72,68014.90,1127.87,2419.63,7970.670931,55.829779
300,7,834.28,49321.12,59846.16,1060.81,2019.48,7444.745765,59.127977
300,7,1150.41,63775.25,78311.90,1277.45,2608.09,10651.104297,63.233147
300,7,1299.79,74019.80,86939.03,1026.16,2729.27,9163.802979,59.561477
300,7,882.28,51094.90,63696.71,1266.29,2698.75,8636.773854,84.736796
300,7,1151.58,65207.73,79621.22,1313.71,2375.83,10723.945883,87.959675
300,7,844.67,48548.39,60199.20,1122.17,2238.01,8290.623263,87.164408
300,7,1129.59,62833.66,75634.66,1193.19,2543.64,9064.179837,58.100165
300,7,1085.66,60932.46,74781.35,1064.04,2569.11,10215.737239,60.186023
300,7,832.79,50338.95,62210.70,1259.09,2382.31,8230.346899,57.024450
300,7,997.40,58470.49,71928.68,1246.64,2787.00,9424.555974,57.929751
300,7,1011.30,58614.83,71449.93,1189.02,2563.07,9083.019451,56.244961
300,7,1137.92,64646.42,77016.38,1459.52,2566.28,8344.147797,61.475022
300,7,1030.63,57882.62,70241.67,1154.43,2419.13,8785.495493,59.503248
300,7,1000.30,58653.92,71375.49,1149.74,2127.46,9444.371125,58.158354
300,7,1169.16,66169.72,78942.38,1287.67,2730.84,8754.148088,56.803612
300,7,1090.02,62289.11,75473.18,1192.58,2521.82,9469.674373,79.589738
300,7,1211.17,71632.52,84176.95,1147.28,2114.12,9283.038131,76.718211
300,7,1278.16,70522.35,83560.48,1016.45,2830.19,9191.496843,64.670836
300,7,1054.85,60396.83,72877.84,1264.15,2603.74,8613.127413,63.005998
300,7,1258.80,71524.12,85063.62,1087.86,2562.48,9889.163259,67.666284
300,7,973.52,54225.61,66715.98,1074.81,2461.46,8954.107654,73.365589
300,7,921.16,54545.56,65975.62,1277.47,2435.58,7717.007119,75.149484
300,7,1178.92,68141.97,81556.33,1380.41,2681.53,9352.409481,65.664703
300,7,925.88,53610.56,65754.62,1079.30,2403.19,8661.574896,71.217511
300,7,1270.97,71358.27,85648.83,1196.44,3220.06,9874.074537,60.964109
300,7,1201.86,67914.98,81736.96,1384.43,2591.16,9846.384851,61.897047
300,7,1254.23,70774.29,84130.61,1017.44,2910.78,9428.097731,64.568756
300,7,975.00,54352.09,67900.11,1222.55,2538.33,9787.138463,66.581035
300,7,997.52,56400.88,69848.62,1231.34,2479.35,9737.057765,78.072547
300,7,1043.75,59243.87,71991.45,1210.26,2598.63,8938.693223,74.009875
300,7,1133.78,62281.95,75862.20,1162.51,2753.75,9664.001544,72.535687
300,7,1134.13,64247.09,77319.44,1171.56,2721.80,9178.979584,64.771212
300,7,977.49,55193.55,67884.24,1358.25,2454.52,8877.919899,62.143026
300,7,1077.82,62588.10,74595.38,1218.72,2294.73,8493.832747,74.093110
300,7,1156.28,67267.54,80881.96,1583.37,2823.77,9207.278934,78.885128
300,7,858.32,49780.45,62508.07,1198.83,2292.85,9235.940924,71.801885
300,7,1241.66,71015.23,83517.76,1118.89,2678.76,8704.875989,70.522822
300,7,1033.00,58506.38,72879.33,1169.48,2602.10,10601.373834,65.760715
300,7,980.56,55504.83,68033.54,1059.98,2567.57,8901.168052,64.447586
300,7,1201.85,65996.42,79150.15,1137.40,2550.10,9466.234032,74.811279
300,7,830.60,48429.12,60933.50,1400.12,2424.72,8679.536067,68.586316
300,7,1245.13,69759.58,82080.33,1230.02,2767.50,8323.228668,77.077574
300,7,955.38,55166.54,66763.76,1270.02,2510.48,7816.727162,73.994298
300,7,1099.17,63564.46,74074.42,841.98,2329.59,7338.382872,72.067462
300,7,1140.77,63068.50,76336.42,1131.69,2560.88,9575.356433,77.142063
300,7,910.41,54396.84,65991.91,1232.34,2497.52,7865.214976,71.930165
300,7,1203.39,67896.62,80815.25,1100.23,2551.33,9267.060328,74.366735
300,7,988.58,57038.42,69544.09,1155.93,2458.93,8890.817122,71.154183
300,7,887.04,51289.23,63750.68,1130.41,2266.04,9064.995118,74.997398
300,7,1005.11,57333.09,70686.70,1060.18,2378.40,9915.018576,66.478853
300,7,1019.75,58222.41,71518.00,1195.48,2401.15,9698.961173,70.916336
300,7,959.79,56384.89,69198.76,1163.19,2475.52,9175.164762,73.908571
300,7,1120.27,62211.15,76188.76,1346.76,2819.80,9811.055852,74.850844
300,7,1007.55,59025.71,70481.55,937.57,2346.54,8171.719955,76.444068
300,7,1133.18,63336.44,76707.81,1115.52,2692.89,9562.958559,74.735686
300,7,1091.87,64453.00,76327.71,1095.78,2701.71,8077.225984,61.562178
300,7,951.75,53917.24,65664.01,1260.57,2401.11,8085.085764,74.374996
300,7,1031.23,57876.96,70187.72,980.84,2259.54,9070.383870,52.523091
300,7,1024.90,58261.52,72046.00,1460.69,2507.03,9816.761600,62.255256
300,8,991.12,57504.81,70178.98,1289.18,2678.33,8706.665331,77.329348
300,8,1190.61,72858.16,86119.27,1166.45,2891.85,9202.813768,72.255317
300,8,987.40,58879.10,72669.99,1300.53,2453.10,10037.265594,68.690513
300,8,1007.00,57437.72,72695.31,1369.86,2569.47,11318.267029,63.608255
300,8,941.65,53018.00,67629.35,1370.72,2301.99,10938.635569,49.950906
300,8,1302.35,70590.40,84426.10,1432.00,2902.02,9501.680376,60.756652
300,8,1090.18,61405.14,75766.09,1345.17,2832.93,10182.853666,52.319596
300,8,1237.56,69532.87,83977.31,1313.14,2746.53,10384.766170,53.502284
300,8,1001.38,57182.18,69683.50,1464.81,2499.46,8537.049350,51.530260
300,8,1152.24,68208.56,82683.19,1594.99,2856.15,10023.490999,51.932117
300,8,1052.11,61062.25,74844.83,1572.74,2784.58,9425.255241,49.343475
300,8,1177.99,68171.92,82025.44,1370.87,2779.23,9703.421635,50.951223
300,8,1416.92,78650.36,94586.02,1415.85,3239.47,11280.343311,51.418090
300,8,1035.18,58592.57,72486.37,1144.52,2439.62,10309.660485,50.575068
300,8,1092.62,63242.97,76548.49,1554.20,2590.93,9160.397961,51.547119
300,8,981.86,58717.82,71162.73,1372.82,2200.71,8871.375767,48.004843
300,8,1134.98,63998.64,78649.73,1465.01,2967.06,10219.025882,54.160620
300,8,1261.30,74220.55,90107.29,1761.32,2811.63,11313.796895,51.149815
300,8,917.56,52292.07,65289.97,1286.40,2400.43,9311.071768,49.389308
300,8,1068.40,61030.90,76437.02,1287.62,3015.41,11103.083749,49.792732
300,8,1143.00,65925.33,78747.24,1134.25,2988.04,8699.622930,50.051712
300,8,1027.82,59232.81,73150.45,1246.13,2605.50,10065.999380,47.363056
300,8,1032.71,59607.93,73513.16,1484.56,2496.46,9924.204713,52.055918
300,8,1274.92,72616.73,87956.99,1579.02,2584.75,11176.489402,51.901532
300,8,1242.12,69599.73,83516.66,1518.53,2835.00,9563.402425,51.068914
300,8,1065.98,58954.22,73242.15,1389.31,2686.36,10212.269170,47.381238
300,8,927.94,51670.53,67459.84,1339.22,2798.33,11651.761691,48.634915
300,8,1168.85,65036.25,79283.84,1421.15,2877.02,9949.423291,50.263300
300,8,1043.10,59933.89,74936.38,1610.83,2648.09,10743.570480,49.040911
300,8,995.40,56200.65,70860.52,1336.26,2857.21,10466.402557,50.466794
300,8,1037.78,58096.19,72861.64,1735.20,2557.39,10472.849350,68.411553
300,8,1204.72,66677.53,82413.79,1327.18,3033.76,11375.318688,71.221085
300,8,1236.89,73255.63,87661.99,1611.08,3173.91,9621.372019,59.268789
300,8,924.63,54120.08,67628.79,1487.52,2797.55,9223.645481,71.527912
