25,4,149.50,2646.47,11049.51,4135.78,1461.93,2805.33,0.0398
25,4,169.33,4924.33,12325.35,3306.11,1488.26,2606.65,0.1840
25,4,153.99,2299.24,10578.24,4415.47,1684.65,2178.88,0.0413
25,4,148.98,3879.29,11878.06,3757.28,1696.38,2545.11,0.1868
25,4,171.92,3507.93,12657.67,4524.92,1867.80,2757.02,0.0444
25,4,163.22,2526.49,12286.66,5051.29,1843.98,2864.90,0.1498
25,4,154.56,3216.32,12059.92,4489.52,1761.72,2592.36,0.0461
25,4,154.53,2367.57,11068.64,4004.28,1488.49,3208.29,0.1432
25,4,158.94,2550.27,11507.70,4453.07,1626.41,2877.95,0.0170
25,4,140.17,3004.22,10578.35,3643.81,1534.99,2395.33,0.0155
25,4,159.92,3199.69,11831.90,4328.35,1613.28,2690.57,0.0152
25,4,150.92,2540.62,11222.12,4465.39,1652.90,2563.21,0.0133
25,4,154.75,4477.27,12801.51,4265.45,1844.51,2214.28,0.0183
25,4,159.00,1588.62,12440.47,5293.78,2030.81,3527.27,0.0174
25,4,154.88,3106.03,11759.14,4248.93,1542.09,2862.09,0.0154
25,4,161.08,2869.09,11975.40,4830.24,1711.22,2564.85,0.0154
25,4,172.60,4114.78,13019.61,4272.79,1741.50,2890.56,0.0159
25,4,165.27,3018.03,12440.08,4682.98,1993.26,2745.82,0.0251
25,4,164.81,3700.22,12235.55,4730.87,1805.90,1998.56,0.0216
25,4,142.18,2642.97,11492.49,3933.33,1554.72,3361.47,0.0202
25,4,146.61,1696.01,10265.89,4645.15,1701.98,2222.74,0.0172
25,4,166.53,4602.72,13181.33,3497.81,1660.91,3419.89,0.0186
25,4,163.44,3551.65,11698.91,4128.69,1591.37,2427.20,0.0172
25,4,131.69,2296.04,10378.61,3947.79,1585.55,2549.23,0.0171
25,4,151.52,3434.28,12257.15,3928.23,1649.86,3244.79,0.0124
25,4,154.36,2700.33,11093.97,4356.21,1711.05,2326.38,0.0182
25,4,150.47,3354.68,11863.05,4315.09,1766.22,2427.06,0.0104
25,4,141.91,2617.73,10678.98,3968.87,1477.21,2615.18,0.0113
25,4,174.10,3641.43,12475.66,4317.98,1646.79,2869.45,0.0122
25,4,168.49,4504.32,12835.50,4190.75,1732.61,2407.81,0.0328
25,4,168.91,3036.42,12702.38,4653.39,1841.39,3171.17,0.0213
25,4,164.47,3037.90,11223.06,4235.81,1523.70,2425.65,0.0144
25,4,162.12,2313.18,11950.62,4670.64,1714.63,3252.18,0.0132
25,4,164.74,3434.18,12088.17,4648.54,1734.62,2270.83,0.0128
25,4,155.48,3266.50,12413.01,4065.96,1602.27,3478.28,0.0154
25,4,158.07,4261.90,12084.40,3512.04,1475.81,2834.65,0.0131
25,4,155.09,3319.26,10810.45,4145.62,1542.56,1803.01,0.0106
25,4,154.70,3268.68,12318.27,4231.01,2063.39,2755.20,0.0206
25,4,150.21,2830.43,11707.51,4378.16,1701.86,2797.05,0.0111
25,4,139.19,2890.32,10501.86,3768.86,1524.69,2317.98,0.0174
25,4,149.88,2565.42,11002.90,4189.85,1597.25,2650.38,0.0132
25,4,153.19,3250.60,11287.30,4327.02,1546.17,2163.52,0.0312
25,4,160.52,2269.60,11950.73,4946.58,1724.50,3010.04,0.0198
25,4,165.42,2783.81,11911.94,4888.24,1816.41,2423.48,0.0175
25,4,132.82,1820.58,10496.99,4309.48,1641.05,2725.88,0.0142
25,4,170.18,2648.05,12302.58,4721.47,1944.09,2988.97,0.0133
25,4,150.29,2969.95,11637.78,4326.40,1647.61,2693.82,0.0142
25,4,160.75,3829.51,12169.35,3933.17,1598.96,2807.71,0.0147
25,4,154.60,2570.29,11842.43,5282.71,1942.15,2047.28,0.0107
25,4,133.16,2017.52,10934.75,4056.90,1604.98,3255.35,0.0121
25,4,164.29,3423.79,12303.64,4469.48,1812.25,2598.12,0.0130
25,4,149.97,3265.53,11143.42,3703.19,1548.01,2626.69,0.0158
25,4,176.67,4491.39,12622.37,4316.22,1628.67,2186.10,0.0113
25,4,165.07,3863.26,12669.57,4413.29,1812.81,2580.22,0.0244
25,4,155.69,2659.31,11608.85,4546.74,1687.45,2715.34,0.0163
25,4,172.50,3751.36,13412.52,4585.30,1909.72,3166.14,0.0180
25,4,134.02,3110.13,9563.09,3172.49,1244.54,2035.94,0.0145
25,4,172.86,3181.22,12178.62,5009.89,1631.48,2356.03,0.0141
25,4,149.19,3143.28,11819.78,4349.47,1734.92,2592.11,0.0174
25,4,143.46,3780.73,11232.22,3567.89,1471.56,2412.04,0.0193
25,4,177.15,2486.01,12489.15,4911.82,1797.41,3293.90,0.0131
25,4,145.35,3185.06,10666.71,3926.96,1476.32,2078.38,0.0161
25,4,165.72,3241.78,11687.93,4613.45,1700.17,2132.52,0.0106
25,4,161.01,4188.92,11754.02,3804.49,1533.73,2226.88,0.0106
25,4,168.95,3270.68,11622.38,4378.11,1584.99,2388.61,0.0118
25,4,162.82,4012.13,12827.33,3737.76,1975.26,3102.18,0.0529
25,4,169.58,3493.01,12699.85,4606.29,1734.71,2865.83,0.0128
25,4,165.67,3246.61,11984.94,4337.32,1881.15,2519.86,0.0113
25,4,162.31,3320.04,12608.84,4308.99,1927.22,3052.60,0.0130
25,4,172.88,4103.40,12802.52,3790.64,1850.47,3058.02,0.0174
25,4,155.79,2665.93,11937.44,4280.20,1839.20,3152.11,0.0120
25,4,158.33,2892.35,11812.96,4132.11,1599.40,3189.11,0.0209
25,4,163.90,3005.12,11070.29,4065.97,1565.56,2433.65,0.0125
25,4,137.15,3222.66,10870.06,3696.18,1427.55,2523.68,0.0165
25,4,156.64,2757.48,12013.23,4716.11,1825.59,2714.05,0.0166
25,4,156.24,3267.59,11718.52,4264.69,1831.07,2355.17,0.0161
25,4,179.87,4116.75,12628.42,4655.47,1837.60,2018.59,0.0091
25,4,148.43,2943.59,11322.52,4116.69,1678.66,2583.58,0.0184
25,4,141.51,3057.75,11328.38,3954.51,1887.48,2428.65,0.0165
25,4,167.99,2382.92,12518.13,5228.29,1978.11,2928.80,0.0137
25,4,165.27,3213.79,11610.60,4160.91,1599.79,2636.11,0.0121
25,4,165.64,1823.03,11904.93,5625.78,1922.03,2534.09,0.0156
25,4,179.09,3883.67,12402.40,4574.33,1834.41,2109.98,0.0155
25,4,120.85,1744.63,8686.38,3900.67,1269.69,1771.39,0.0115
25,4,135.36,4159.47,10068.04,3124.72,1142.66,1641.18,0.0123
25,4,168.39,3873.20,12491.76,4279.06,1679.10,2660.40,0.0154
25,4,144.25,2257.00,10390.10,4392.21,1595.83,2145.06,0.0138
25,4,170.11,3617.73,12179.08,4194.38,1656.39,2710.59,0.0150
25,4,157.93,3337.35,11552.61,3984.44,1557.29,2673.53,0.0182
25,4,165.80,4227.66,12208.32,3786.48,1640.75,2553.43,0.0102
25,4,170.27,2716.58,12734.23,4906.49,1807.57,3303.58,0.0127
25,4,167.62,2823.64,12304.52,4702.55,2005.20,2773.13,0.0104
25,4,152.51,2242.60,11344.52,4562.73,1724.93,2814.26,0.0165
25,4,163.07,3492.91,12071.79,4393.23,1887.61,2298.04,0.0130
25,4,135.89,2122.88,10861.44,4510.77,1662.16,2565.63,0.0140
25,4,139.11,2614.37,10138.78,3553.57,1336.82,2634.02,0.0156
25,4,141.74,3568.30,10156.84,3314.90,1355.38,1918.25,0.0117
25,4,143.47,2568.12,10526.51,4211.73,1472.96,2273.70,0.0123
25,4,157.08,2996.10,12669.91,4511.46,1750.49,3411.86,0.0146
25,4,173.45,2643.17,12461.16,4935.57,1902.52,2979.89,0.0128
50,4,211.73,7554.45,16401.54,3923.84,1466.21,3457.05,0.0277
50,4,252.60,10038.81,19476.00,3978.05,1677.59,3781.56,0.0205
50,4,242.87,9410.68,18645.64,3945.49,1634.50,3654.97,0.0333
50,4,217.56,9285.02,17754.84,3783.61,1681.41,3004.80,0.0228
50,4,285.32,11074.95,21843.95,4254.53,1864.30,4650.17,0.0203
50,4,242.26,9314.52,18981.90,3904.92,1685.26,4077.19,0.0259
50,4,275.55,9724.55,20702.11,4966.34,1829.58,4181.64,0.0295
50,4,207.65,6885.73,16680.68,4108.12,1519.45,4167.38,0.0325
50,4,211.03,7648.83,16302.54,3664.43,1501.21,3488.06,0.0192
50,4,231.68,7622.87,17625.40,4512.94,1799.38,3690.20,0.0273
50,4,233.54,9447.15,18356.67,3815.22,1526.35,3567.95,0.0233
50,4,199.55,8011.53,15872.39,3434.77,1485.81,2940.28,0.0280
50,4,266.91,12557.40,21558.14,3781.47,1806.54,3412.72,0.0393
50,4,194.41,7356.66,16923.00,3903.64,1728.53,3934.18,0.0458
50,4,180.58,7209.73,15454.03,3606.53,1515.08,3122.69,0.0339
50,4,258.18,9331.30,19216.92,4467.46,1702.39,3715.76,0.0277
50,4,264.57,10545.87,21246.61,4600.09,1822.27,4278.37,0.0249
50,4,242.36,9827.87,19119.40,3794.75,1863.11,3633.67,0.0251
50,4,276.52,11955.54,20709.27,3943.78,1645.51,3164.43,0.0210
50,4,206.31,7157.63,16811.95,4022.43,1575.94,4055.96,0.0271
50,4,239.29,9028.14,19077.97,4472.14,1678.40,3899.30,0.0281
50,4,234.20,7574.86,17820.23,4405.79,1902.96,3936.62,0.0246
50,4,248.41,9084.21,18807.68,4301.27,1740.05,3682.16,0.0239
50,4,213.93,7547.55,16618.06,3870.08,1653.19,3547.25,0.0291
50,4,219.98,7627.24,17407.21,4217.03,1820.13,3742.82,0.0349
50,4,243.29,9319.83,18426.80,3861.33,1609.89,3635.75,0.0380
50,4,241.47,10166.79,19067.13,3613.57,1665.77,3621.01,0.0252
50,4,212.02,7493.26,16536.84,3766.69,1536.85,3740.05,0.0192
50,4,246.68,10243.68,19366.20,3735.71,1623.99,3762.82,0.0222
50,4,267.67,12020.45,21190.43,3837.44,1803.24,3529.31,0.0345
50,4,216.99,7771.65,17519.76,4309.03,1776.35,3662.72,0.0314
50,4,228.44,8675.70,17364.36,3805.08,1489.21,3394.37,0.0194
50,4,205.60,7429.68,16624.55,3786.28,1492.69,3915.90,0.0351
50,4,236.33,10140.60,19242.49,4044.24,1652.25,3405.39,0.0254
50,4,233.75,8254.00,17765.05,3546.79,1625.26,4338.99,0.0266
50,4,197.29,7187.32,15431.63,3696.61,1506.47,3041.23,0.0290
50,4,262.92,10135.43,19363.12,4291.64,1616.27,3319.78,0.0340
50,4,218.64,9393.31,18479.12,3745.05,1934.94,3405.83,0.0605
50,4,220.23,8089.03,17528.15,4135.12,1695.04,3608.96,0.0282
50,4,211.00,7761.29,15916.18,3610.94,1566.34,2977.61,0.0259
50,4,206.13,8183.25,15957.21,3010.78,1378.30,3384.88,0.0239
50,4,207.88,7905.78,15719.75,3582.68,1432.05,2799.23,0.0245
50,4,240.30,9043.65,19308.50,4175.43,1663.15,4426.27,0.0297
50,4,255.55,9166.09,19569.04,4957.79,1954.46,3490.69,0.0280
50,4,170.13,6058.53,14086.91,3592.55,1471.97,2963.86,0.0220
50,4,231.73,8284.33,18700.71,4307.78,1951.32,4157.28,0.0247
50,4,189.78,7319.60,15060.74,3479.43,1547.65,2714.05,0.0248
50,4,253.80,9233.27,19679.34,4632.43,1791.99,4021.65,0.0262
50,4,258.25,10845.91,20861.81,4603.01,1903.84,3509.05,0.0338
50,4,168.87,5291.00,14247.98,3874.01,1623.22,3459.75,0.0315
50,4,249.16,10390.43,19481.72,3816.72,1668.07,3606.50,0.0323
50,4,235.37,8628.93,18388.50,4287.04,1704.49,3768.04,0.0274
50,4,275.54,11744.92,19878.63,3444.33,1501.03,3188.35,0.0291
50,4,255.97,9367.26,19275.36,4418.26,1948.36,3541.48,0.0200
50,4,205.51,7451.10,16797.89,4267.90,1658.60,3420.28,0.0212
50,4,223.37,8962.87,17977.71,3841.67,1738.63,3434.53,0.0280
50,4,230.21,8113.76,17223.64,3923.73,1464.11,3722.05,0.0287
50,4,267.99,10210.33,19505.78,4074.52,1513.16,3707.77,0.0248
50,4,239.30,8840.15,18389.65,4347.17,1837.23,3365.09,0.0303
50,4,234.25,10378.74,18835.48,3484.90,1513.63,3458.21,0.0254
50,4,229.04,7385.59,17332.62,4108.25,1734.33,4104.45,0.0259
50,4,232.30,10396.32,18165.31,3017.85,1377.95,3373.18,0.0203
50,4,253.69,9912.82,18776.42,4111.34,1647.08,3105.17,0.0334
50,4,253.95,10765.32,19945.19,3920.25,1662.07,3597.55,0.0281
50,4,261.91,10544.70,19706.51,3930.13,1589.98,3641.70,0.0230
50,4,231.04,9150.41,18501.11,3699.44,2018.58,3632.68,0.0410
50,4,247.63,8921.09,18421.28,4239.17,1674.42,3586.61,0.0290
50,4,244.90,9503.18,18814.89,3664.02,1831.36,3816.33,0.0312
50,4,250.50,9524.72,19901.19,4380.68,2062.10,3933.69,0.0258
50,4,238.99,9656.58,19107.67,3369.55,1798.48,4283.06,0.0346
50,4,190.56,6532.31,15590.68,3838.79,1715.86,3503.72,0.0276
50,4,208.08,6951.21,16745.62,4289.90,1672.95,3831.56,0.0289
50,4,245.04,9291.46,18119.15,3623.70,1499.77,3704.23,0.0265
50,4,193.92,8713.16,15780.80,2648.17,1245.54,3173.94,0.0317
50,4,240.46,9969.18,18717.23,3430.67,1579.91,3737.46,0.0242
50,4,266.29,12254.05,21415.76,3599.66,1735.41,3826.64,0.0227
50,4,284.02,12287.38,21761.01,4275.63,1774.68,3423.31,0.0207
50,4,211.67,8260.32,17362.39,4006.18,1673.69,3422.19,0.0331
50,4,209.35,8811.56,17857.09,3609.81,1856.22,3579.50,0.0260
50,4,251.17,11141.05,20307.46,3716.55,1715.97,3733.88,0.0370
50,4,249.24,8817.89,18896.67,4478.72,1738.70,3861.35,0.0254
50,4,236.65,8603.43,18507.42,4648.65,1750.00,3505.34,0.0301
50,4,251.13,11270.48,19505.58,3567.39,1674.71,2993.00,0.0356
50,4,202.96,7722.40,14853.12,3118.53,1207.83,2804.35,0.0207
50,4,206.87,9108.92,15999.02,3223.43,1216.95,2449.72,0.0284
50,4,247.09,9778.45,19257.25,4151.32,1684.78,3642.69,0.0290
50,4,229.64,9126.18,17231.27,3403.71,1448.73,3252.66,0.0269
50,4,257.87,10103.11,19601.00,3924.52,1646.23,3927.15,0.0224
50,4,230.38,8441.40,18348.12,4465.58,1720.49,3720.65,0.0253
50,4,277.74,11027.54,20577.67,3700.93,1683.29,4165.91,0.0340
50,4,265.55,8708.21,19179.59,4408.13,1687.03,4376.22,0.0258
50,4,274.51,10602.23,21657.12,4584.01,2010.86,4460.02,0.0299
50,4,189.90,7624.09,15938.60,3223.21,1514.55,3576.74,0.0188
50,4,269.23,12096.25,21615.30,3843.00,1744.82,3931.22,0.0246
50,4,188.11,7117.78,15720.95,4056.15,1544.00,3003.03,0.0316
50,4,228.38,8794.10,17354.70,3179.17,1267.30,4114.13,0.0182
50,4,220.22,9111.00,16931.82,3382.37,1385.66,3052.78,0.0230
50,4,203.87,8101.81,15417.99,3215.70,1335.26,2765.22,0.0258
50,4,204.08,7150.31,16382.79,3857.94,1642.14,3732.40,0.0235
50,4,276.23,11280.90,21669.88,4029.45,1831.41,4528.12,0.0186
75,4,224.62,10153.27,18402.60,3453.09,1389.93,3406.32,0.0492
75,4,266.70,13426.84,22229.04,3477.01,1577.94,3747.24,0.0426
75,4,263.10,13521.10,21750.33,3102.32,1494.98,3631.93,0.0490
75,4,250.67,12452.16,20960.84,3635.59,1698.68,3174.42,0.0342
75,4,315.85,15131.76,25567.35,3785.23,1860.59,4789.77,0.0370
75,4,272.39,11890.50,21106.24,3590.37,1579.58,4045.80,0.0403
75,4,278.11,12580.17,22345.88,3906.94,1748.45,4110.32,0.0473
75,4,221.03,10126.66,18224.39,2793.88,1262.40,4041.46,0.0332
75,4,230.18,10359.62,18921.96,3535.17,1462.91,3564.26,0.0296
75,4,260.59,12767.58,21299.44,3183.42,1493.71,3854.73,0.0331
75,4,243.02,12263.07,20455.05,3162.77,1376.61,3652.59,0.0322
75,4,229.48,10026.41,18418.29,3725.82,1565.62,3100.44,0.0354
75,4,273.47,14672.29,23893.49,4032.89,1931.74,3256.56,0.0328
75,4,220.80,8545.34,18341.74,3981.83,1817.58,3996.99,0.0331
75,4,213.51,9153.41,17459.74,3660.74,1489.91,3155.68,0.0327
75,4,269.04,12464.60,21766.47,3879.04,1608.47,3814.37,0.0336
75,4,274.17,13639.10,23183.27,3771.25,1683.30,4089.63,0.0444
75,4,273.78,12288.35,21932.11,4043.15,1942.35,3658.26,0.0362
75,4,328.58,17145.53,26149.16,3880.05,1662.04,3461.54,0.0329
75,4,236.04,9503.41,18212.27,3303.08,1468.68,3937.11,0.0283
75,4,270.48,13439.11,22700.09,3638.21,1542.43,4080.35,0.0351
75,4,250.25,10085.24,20185.81,4227.08,1888.30,3985.19,0.0396
75,4,272.79,12683.61,21773.23,3753.67,1648.93,3687.03,0.0393
75,4,233.58,11134.58,19017.40,2854.48,1402.38,3625.96,0.0403
75,4,239.49,10713.92,19864.53,3714.45,1740.95,3695.20,0.0435
75,4,264.33,12868.30,21594.74,3428.95,1530.79,3766.70,0.0498
75,4,296.47,14992.58,23907.41,3334.23,1586.73,3993.87,0.0379
75,4,217.62,10624.06,18701.25,2950.98,1417.39,3708.82,0.0469
75,4,257.19,12984.46,22037.38,3592.79,1609.59,3850.54,0.0305
75,4,302.38,16195.11,25011.32,3362.89,1680.37,3772.95,0.0380
75,4,251.13,9726.26,19825.79,4631.24,1806.32,3661.97,0.0442
75,4,282.49,12720.72,21344.45,3382.71,1414.13,3826.90,0.0449
75,4,223.88,10181.21,18671.03,3093.29,1429.19,3967.33,0.0429
75,4,307.66,14605.75,24763.37,4449.30,1734.11,3974.21,0.0284
75,4,261.22,10854.63,20185.57,3388.74,1594.92,4347.28,0.0526
75,4,193.25,9693.61,17191.73,3146.36,1439.60,2912.16,0.0437
75,4,323.35,15195.03,24312.55,3721.47,1551.70,3844.34,0.0354
75,4,238.09,11297.24,20172.85,3587.23,1976.31,3312.06,0.0472
75,4,230.93,11806.72,19848.92,3011.21,1424.03,3606.96,0.0435
75,4,228.55,10928.33,18581.86,3046.27,1448.01,3159.25,0.0411
75,4,252.95,11792.87,19721.44,2970.97,1331.12,3626.48,0.0346
75,4,233.49,11247.51,19626.05,3925.43,1477.65,2975.45,0.0509
75,4,286.96,13710.42,23145.69,3338.18,1495.80,4601.29,0.0527
75,4,271.41,11112.93,20947.77,4502.14,1876.61,3456.08,0.0330
75,4,192.73,7350.34,16211.82,4143.55,1649.90,3068.03,0.0462
75,4,298.83,12736.25,23434.30,4172.33,1898.27,4627.45,0.0359
75,4,228.56,11030.37,19328.02,3639.68,1549.70,3108.27,0.0392
75,4,305.71,13408.35,23695.37,4233.10,1675.96,4377.97,0.0366
75,4,325.34,17091.99,26493.86,3760.51,1757.00,3884.36,0.0336
75,4,194.94,8807.41,16807.56,2967.78,1477.18,3555.20,0.0351
75,4,271.97,13001.60,22164.54,3764.05,1760.23,3638.66,0.0302
75,4,272.17,13056.17,22289.85,3785.10,1577.81,3870.77,0.0320
75,4,263.62,14281.15,22162.55,3278.60,1494.92,3107.88,0.0370
75,4,286.88,14233.54,23954.09,4084.55,1800.21,3835.79,0.0396
75,4,246.23,11867.85,20442.79,3388.20,1503.22,3683.53,0.0339
75,4,263.60,12049.66,21271.93,3846.86,1809.01,3566.40,0.0291
75,4,266.30,11887.12,20560.03,3324.41,1356.61,3991.89,0.0258
75,4,271.88,13363.50,21626.11,3205.08,1382.69,3674.84,0.0494
75,4,251.14,12484.03,20950.61,3497.85,1626.77,3341.96,0.0429
75,4,271.97,14691.70,22487.01,2733.26,1391.43,3670.62,0.0450
75,4,251.15,10152.79,19752.68,3737.96,1639.63,4222.29,0.0398
75,4,285.21,13401.26,22084.18,3530.94,1515.01,3636.97,0.0356
75,4,261.88,13395.66,21442.59,3424.85,1524.90,3097.17,0.0311
75,4,274.36,13688.63,22836.82,3743.24,1609.90,3795.05,0.0379
75,4,304.95,15018.23,23485.92,3248.73,1436.22,3782.73,0.0304
75,4,233.27,11398.85,20009.89,3184.12,1936.50,3490.42,0.0539
75,4,264.82,13476.82,22152.28,3320.63,1511.15,3843.67,0.0446
75,4,290.72,13247.76,23687.98,4343.17,1938.50,4158.56,0.0305
75,4,280.19,13766.05,22947.74,3382.71,1843.05,3955.94,0.0387
75,4,279.56,13018.00,23079.09,3713.02,1817.81,4530.27,0.0427
75,4,206.54,8449.80,17581.62,3965.37,1764.13,3402.33,0.0352
75,4,230.90,9630.58,19004.77,3991.53,1664.77,3717.88,0.0369
75,4,284.66,13295.50,22159.32,3278.41,1444.76,4140.65,0.0393
75,4,210.27,9887.39,18270.16,3603.25,1445.25,3334.27,0.0326
75,4,253.62,12367.59,20912.44,3248.74,1610.23,3685.88,0.0308
75,4,298.34,14889.57,23330.58,3097.01,1746.10,3597.91,0.0386
75,4,334.88,17957.39,27233.90,3610.41,1705.31,3960.79,0.0417
75,4,256.92,11702.34,20831.88,3837.15,1614.06,3678.32,0.0282
75,4,254.29,13684.25,23245.67,3709.85,1842.58,4008.99,0.0353
75,4,288.88,13904.05,22894.29,3476.06,1690.06,3824.13,0.0353
75,4,329.29,13640.70,23641.17,4048.69,1606.95,4344.83,0.0371
75,4,257.30,11679.62,21209.38,4342.51,1727.55,3459.71,0.0348
75,4,296.22,15350.99,23837.27,3616.71,1661.95,3207.62,0.0438
75,4,231.31,12012.89,18721.53,2483.39,1120.44,3104.80,0.0241
75,4,224.66,12153.04,18665.03,2765.73,1102.39,2643.87,0.0333
75,4,256.49,11485.42,20463.45,3814.46,1599.51,3564.07,0.0307
75,4,260.68,13368.71,21317.12,3039.97,1369.59,3538.86,0.0339
75,4,251.92,11437.11,20823.64,3878.56,1644.69,3863.28,0.0474
75,4,274.73,12293.95,21993.34,4072.07,1625.03,4002.29,0.0393
75,4,295.50,15430.38,24663.91,3331.93,1652.46,4249.14,0.0317
75,4,242.39,11303.13,20170.48,3360.75,1502.04,4004.55,0.0299
75,4,279.69,14044.75,23749.25,3544.20,1876.60,4283.70,0.0359
75,4,242.23,11412.09,20053.70,3217.81,1439.00,3984.79,0.0299
75,4,324.13,16574.28,26694.13,4113.40,1840.19,4166.26,0.0404
75,4,223.08,9165.79,17861.59,4051.91,1591.37,3052.53,0.0301
75,4,249.40,11943.96,20105.58,2916.79,1254.55,3990.28,0.0312
75,4,256.78,14164.92,21577.16,2741.28,1303.21,3367.75,0.0328
75,4,233.97,11566.42,18452.71,2801.69,1234.11,2850.50,0.0273
75,4,232.05,8353.78,18376.74,4462.19,1762.73,3798.04,0.0306
75,4,307.88,14743.60,25171.63,3868.25,1823.61,4736.16,0.0301
100,4,243.89,11219.18,19960.73,3782.90,1494.54,3464.11,0.0534
100,4,320.11,16883.79,25963.24,3427.64,1553.54,4098.28,0.0539
100,4,278.16,14943.75,22832.20,2835.96,1437.60,3614.89,0.0373
100,4,250.40,13507.28,21449.70,3198.25,1651.01,3093.16,0.0429
100,4,350.13,18782.28,28138.81,2869.44,1656.57,4830.53,0.0564
100,4,277.78,13835.83,22998.89,3543.41,1585.24,4034.41,0.0489
100,4,293.06,15218.73,24993.94,3754.16,1700.80,4320.25,0.0472
100,4,255.20,11633.24,20497.34,3281.93,1366.64,4215.53,0.0607
100,4,257.07,13411.41,21693.67,3119.93,1339.07,3823.27,0.0500
100,4,265.85,14873.24,22625.98,2517.88,1337.18,3897.69,0.0401
100,4,272.18,14428.95,22253.10,2790.56,1327.50,3706.08,0.0414
100,4,236.49,12644.03,20061.84,2990.78,1456.87,2970.17,0.0417
100,4,292.30,16428.82,25791.03,4201.22,1916.30,3244.70,0.0631
100,4,237.18,10092.13,19745.89,3969.05,1826.33,3858.38,0.0537
100,4,205.21,10172.27,18122.62,3385.94,1422.99,3141.42,0.0460
100,4,277.11,14555.54,23695.79,3853.05,1604.94,3682.25,0.0409
100,4,333.94,16728.76,27358.23,4336.43,1777.90,4515.13,0.0514
100,4,287.18,14274.47,23768.24,4007.49,1862.22,3624.05,0.0500
100,4,330.17,19252.25,27922.84,3541.45,1586.15,3542.99,0.0445
100,4,228.44,11325.62,19839.57,3046.11,1471.02,3996.81,0.0535
100,4,300.11,15254.07,25224.46,4164.17,1620.31,4185.91,0.0432
100,4,254.72,12510.27,22237.43,3811.60,1787.31,4128.25,0.0430
100,4,295.19,15265.31,24636.03,3898.86,1636.29,3835.58,0.0401
100,4,248.00,11628.43,20426.49,3540.52,1574.59,3682.95,0.0408
100,4,253.39,12149.00,22026.14,4241.88,1834.30,3800.95,0.0464
100,4,273.83,14778.97,23637.82,3589.23,1557.14,3712.48,0.0413
100,4,319.39,16996.50,25736.09,3216.10,1532.68,3990.82,0.0650
100,4,249.39,12915.92,21230.24,3059.91,1432.33,3822.09,0.0457
100,4,272.52,16211.65,24587.80,3031.72,1489.04,3855.39,0.0624
100,4,376.76,20900.75,30207.76,3440.12,1671.90,4194.99,0.0599
100,4,262.67,12432.63,21484.94,3683.65,1686.08,3682.58,0.0584
100,4,288.40,14905.60,23140.36,3198.75,1393.89,3642.12,0.0464
100,4,251.34,11897.58,21079.32,3477.13,1487.72,4216.88,0.0478
100,4,331.92,16284.08,26561.59,4506.22,1785.67,3985.63,0.0528
100,4,272.89,12960.32,22092.94,3188.99,1507.41,4436.22,0.0497
100,4,227.91,11944.26,19980.22,3328.14,1444.50,3263.31,0.0588
100,4,292.64,17545.22,25956.68,3248.98,1409.80,3752.67,0.0366
100,4,234.35,13301.83,21469.05,2967.00,1870.06,3330.17,0.0610
100,4,208.83,12884.60,20544.23,2801.00,1454.48,3404.14,0.0446
100,4,239.00,14272.50,21466.72,2650.23,1313.99,3230.01,0.0554
100,4,271.94,15542.87,22603.30,2190.50,1187.60,3682.33,0.0410
100,4,236.92,12183.92,19591.99,3241.50,1319.59,2846.98,0.0592
100,4,331.73,16512.36,26192.10,3495.94,1470.96,4712.85,0.0555
100,4,260.46,13936.87,22508.66,3613.80,1638.83,3319.16,0.0493
100,4,217.14,9042.12,17910.69,4047.27,1616.65,3204.65,0.0429
100,4,278.54,14069.87,23939.12,3607.77,1726.60,4534.88,0.0484
100,4,242.91,13313.05,21072.46,3218.05,1449.76,3091.61,0.0475
100,4,291.98,14120.31,24423.46,4346.77,1721.09,4235.29,0.0486
100,4,336.41,19266.05,28911.71,4068.49,1774.99,3802.19,0.0588
100,4,193.05,9405.81,17598.98,3179.15,1514.58,3499.44,0.0441
100,4,308.33,15343.15,24372.37,3615.35,1668.59,3745.29,0.0377
100,4,270.95,13562.00,22714.80,3841.35,1593.03,3718.42,0.0515
100,4,300.36,16583.76,24540.39,3233.98,1470.41,3252.24,0.0375
100,4,291.75,15442.60,25155.26,4042.52,1890.07,3780.07,0.0465
100,4,261.70,13021.10,21154.44,3043.46,1519.85,3570.04,0.0368
100,4,277.16,14379.54,22940.01,3199.51,1693.14,3667.82,0.0518
100,4,306.18,15800.10,24263.13,2901.76,1231.51,4329.75,0.0486
100,4,298.91,16620.52,24878.10,3040.17,1328.77,3888.63,0.0465
100,4,264.35,14946.19,23167.41,3149.33,1592.78,3479.11,0.0410
100,4,288.96,15498.82,24009.98,3243.96,1536.71,3730.49,0.0375
100,4,265.61,12830.34,22278.05,3440.90,1569.96,4436.84,0.0374
100,4,270.43,15424.33,22854.19,2512.01,1307.75,3610.09,0.0461
100,4,282.94,14565.58,23187.24,3838.20,1579.95,3203.50,0.0506
100,4,294.11,16410.26,24622.33,2994.90,1491.35,3725.83,0.0470
100,4,342.26,17730.99,26222.38,3116.64,1380.79,3993.97,0.0466
100,4,269.89,14999.03,23331.29,2759.02,1867.82,3705.42,0.0571
100,4,296.72,15550.97,24531.45,3485.74,1537.83,3956.90,0.0415
100,4,302.85,15070.88,24884.30,3867.36,1824.52,4121.54,0.0475
100,4,294.71,16147.52,25532.91,3402.27,1898.50,4084.61,0.0655
100,4,292.57,14810.19,24660.80,3624.26,1775.54,4450.82,0.0472
100,4,217.00,9965.47,18696.17,3667.33,1696.72,3366.65,0.0446
100,4,264.55,12829.02,21686.96,3417.06,1534.80,3906.09,0.0411
100,4,324.71,16860.84,25578.05,2977.08,1368.15,4371.98,0.0426
100,4,221.70,11463.21,19477.44,3242.82,1370.28,3401.14,0.0401
100,4,279.68,14933.96,22866.34,2753.32,1506.43,3672.63,0.0459
100,4,323.99,17275.46,26065.12,3204.96,1687.14,3897.55,0.0483
100,4,364.22,20103.54,29882.62,3936.87,1783.31,4058.90,0.0432
100,4,276.74,14373.57,22618.12,3080.96,1533.17,3630.42,0.0476
100,4,287.59,14943.24,24083.09,3393.10,1832.53,3914.22,0.0507
100,4,306.74,16353.02,25282.70,3269.92,1694.60,3965.16,0.0585
100,4,285.70,14950.97,24324.14,3712.51,1589.96,4070.69,0.0476
100,4,254.49,14033.74,22608.04,3494.69,1588.98,3490.62,0.0517
100,4,294.51,15881.92,24797.46,4017.60,1771.82,3126.12,0.0487
100,4,267.84,15377.76,22146.97,2184.65,997.74,3586.82,0.0386
100,4,221.92,14353.71,20044.68,2170.13,1020.17,2500.68,0.0472
100,4,296.03,14290.97,23473.59,3854.09,1683.44,3645.09,0.0533
100,4,246.92,14170.83,21393.45,2621.21,1255.94,3345.47,0.0446
100,4,273.38,15710.39,23806.99,2804.34,1416.52,3875.76,0.0456
100,4,278.45,13497.81,22534.09,3567.21,1538.02,3931.05,0.0478
100,4,307.06,17863.15,26790.25,3133.02,1611.85,4182.24,0.0390
100,4,287.20,14006.22,22963.85,3215.71,1517.11,4224.82,0.0656
100,4,307.07,17852.15,26832.22,2898.15,1705.33,4376.59,0.0562
100,4,246.27,13095.81,21026.98,2785.86,1375.53,3769.78,0.0389
100,4,351.48,19122.82,29325.66,4223.70,1821.54,4157.61,0.0536
100,4,195.58,10246.61,17559.03,3202.63,1436.62,2673.17,0.0388
100,4,257.42,14401.36,21714.57,2207.79,1142.43,3963.00,0.0452
100,4,304.20,17332.38,25674.07,3272.49,1420.04,3649.17,0.0347
100,4,249.63,14648.86,21065.42,2350.20,1139.42,2926.95,0.0458
100,4,241.83,10179.06,19917.02,4143.16,1749.39,3845.40,0.0387
100,4,295.61,15786.21,24958.08,3202.47,1722.49,4246.92,0.0413
125,4,251.62,12996.12,21214.62,3346.62,1370.65,3501.23,0.0543
125,4,278.67,16324.78,24896.70,3350.76,1564.49,3656.66,0.0623
125,4,286.57,17762.21,25292.36,2446.88,1281.18,3802.09,0.0601
125,4,258.28,15979.13,23893.27,3215.64,1624.65,3073.85,0.0664
125,4,380.12,20042.15,30542.68,3683.03,1800.00,5017.50,0.0593
125,4,294.87,15227.33,24417.75,3468.76,1573.80,4147.86,0.0614
125,4,322.54,16905.27,26703.59,3914.74,1735.84,4147.74,0.0676
125,4,256.32,12426.11,21267.99,3267.17,1404.83,4169.88,0.0513
125,4,258.17,14088.45,21982.53,2867.99,1299.64,3726.44,0.0590
125,4,275.54,16380.61,24822.86,2975.44,1399.80,4067.01,0.0497
125,4,288.35,15826.99,24164.82,3135.86,1378.74,3823.23,0.0588
125,4,261.06,14423.26,21880.28,2974.24,1439.68,3043.10,0.0614
125,4,308.06,18422.57,28281.55,4462.87,2059.64,3336.47,0.0552
125,4,253.09,12518.60,21781.39,3504.53,1727.40,4030.86,0.0631
125,4,211.52,10942.50,18910.62,3441.74,1493.38,3032.99,0.0650
125,4,303.91,18039.58,26391.19,3068.49,1414.87,3868.25,0.0555
125,4,332.48,18252.73,27993.06,3736.27,1681.31,4322.76,0.0762
125,4,303.32,16704.85,25761.52,3616.46,1829.03,3611.18,0.0618
125,4,330.90,19549.27,28728.98,3977.96,1723.06,3478.69,0.0489
125,4,248.68,12187.56,21095.50,3447.13,1445.88,4014.94,0.0585
125,4,322.33,17815.73,26939.12,3381.74,1455.61,4286.04,0.0494
125,4,266.62,13658.55,23445.87,3893.03,1860.31,4033.99,0.0509
125,4,288.66,16553.49,24758.04,3111.56,1508.42,3584.57,0.0496
125,4,235.97,13460.33,20942.15,2669.88,1405.42,3406.52,0.0478
125,4,283.74,15226.67,23651.77,3051.47,1604.96,3768.67,0.0574
125,4,264.62,15895.01,23792.73,2806.01,1478.21,3613.51,0.0445
125,4,316.33,18206.17,26689.64,2972.62,1552.55,3958.30,0.0644
125,4,261.89,13980.26,22521.79,3183.22,1453.40,3904.90,0.0513
125,4,308.97,16917.48,26154.24,3649.85,1588.77,3998.13,0.0563
125,4,316.86,21059.60,28859.75,2607.45,1508.06,3684.63,0.0457
125,4,271.75,13367.70,22994.72,4142.54,1764.03,3720.45,0.0502
125,4,307.46,16791.74,24236.20,2534.76,1282.31,3627.39,0.0516
125,4,275.93,14316.16,23142.78,3083.67,1455.42,4287.53,0.0500
125,4,324.21,18403.03,27294.82,3424.92,1541.78,3925.09,0.0507
125,4,269.09,13209.17,22581.27,3476.71,1635.34,4260.04,0.0561
125,4,224.29,13582.55,20921.50,2810.46,1380.46,3148.01,0.0611
125,4,321.86,19392.07,28683.90,3926.64,1559.51,3805.68,0.0527
125,4,265.46,15074.14,23784.67,3356.87,1928.29,3425.38,0.0661
125,4,270.04,14533.33,22905.90,3151.84,1522.26,3698.47,0.0467
125,4,284.95,16076.96,24163.19,3197.78,1427.38,3461.06,0.0483
125,4,266.12,14797.71,22433.40,2812.38,1352.00,3471.30,0.0742
125,4,257.45,14238.70,22077.92,3487.35,1396.60,2955.28,0.0470
125,4,326.00,17451.49,27829.82,3939.88,1603.89,4834.56,0.0622
125,4,265.49,14576.51,23065.34,3564.76,1665.36,3258.71,0.0666
125,4,220.09,10210.19,18671.86,3729.42,1560.77,3171.48,0.0502
125,4,302.10,16159.13,26532.17,3869.49,1795.78,4707.77,0.0731
125,4,236.84,14284.12,21592.55,2832.25,1441.43,3034.75,0.0597
125,4,301.68,17180.20,26326.34,3536.64,1537.56,4071.94,0.0611
125,4,347.83,20685.27,30069.76,3755.72,1730.93,3897.84,0.0642
125,4,219.93,10608.38,19317.59,3451.55,1550.91,3706.76,0.0562
125,4,291.51,15775.05,24537.21,3499.78,1675.03,3587.35,0.0628
125,4,284.99,15820.45,24490.15,3324.48,1478.74,3866.48,0.0459
125,4,297.37,19198.81,27292.21,3291.10,1485.37,3316.93,0.0591
125,4,323.90,18312.88,28154.37,4083.24,1885.60,3872.65,0.0667
125,4,280.25,16397.94,24008.21,2514.93,1356.21,3739.13,0.0645
125,4,291.96,15576.31,24004.41,3129.33,1662.09,3636.68,0.0659
125,4,295.36,16974.47,24877.07,2543.55,1198.48,4160.58,0.0515
125,4,290.86,17622.49,25134.09,2632.16,1215.88,3663.57,0.0572
125,4,282.39,17137.04,25398.77,3089.40,1574.18,3598.14,0.0569
125,4,312.69,19343.89,27235.88,2655.23,1346.22,3890.53,0.0512
125,4,286.28,14601.66,23289.09,2853.81,1493.40,4340.22,0.0607
125,4,281.63,17444.86,24695.45,2424.39,1282.81,3543.38,0.0595
125,4,312.13,18154.45,26764.55,3687.62,1612.53,3309.95,0.0714
125,4,291.49,17504.88,25096.26,2536.38,1376.51,3678.50,0.0643
125,4,305.51,18335.09,26168.99,2679.47,1308.99,3845.45,0.0551
125,4,267.88,15824.82,23711.32,2476.34,1852.15,3558.02,0.0723
125,4,294.78,16348.47,24702.19,3133.31,1513.41,3707.00,0.0606
125,4,342.65,18391.77,28580.11,3957.72,1865.38,4365.24,0.0572
125,4,321.89,17875.09,27728.60,3711.21,1920.44,4221.85,0.0595
125,4,319.44,16579.49,26024.07,3226.88,1730.83,4486.87,0.0601
125,4,222.80,11220.00,19666.84,3399.83,1676.81,3370.20,0.0671
125,4,285.23,14985.01,23595.14,3214.02,1483.64,3912.46,0.0523
125,4,340.51,20236.53,29096.53,3022.62,1416.10,4421.28,0.0499
125,4,241.57,14829.94,21661.78,2251.46,1215.55,3364.82,0.0563
125,4,278.95,15736.12,24344.10,3264.38,1590.47,3753.13,0.0582
125,4,335.44,20117.23,28647.72,2915.77,1646.67,3968.05,0.0619
125,4,378.15,22605.59,31078.94,2933.28,1581.14,3958.94,0.0785
125,4,285.71,15140.85,23951.46,3509.70,1626.64,3674.28,0.0625
125,4,296.52,17737.15,26340.09,2787.68,1667.62,4147.64,0.0597
125,4,295.20,16497.09,25461.84,3496.44,1736.09,3732.23,0.0634
125,4,293.93,17161.41,26257.72,3464.90,1514.96,4116.45,0.0515
125,4,265.40,16051.01,24691.51,3563.36,1575.46,3501.68,0.0613
125,4,314.60,19379.39,28063.95,3671.58,1699.97,3313.01,0.0705
125,4,256.85,17314.18,23385.32,1857.48,963.05,3250.61,0.0488
125,4,210.13,15148.43,20797.96,2110.27,996.41,2542.84,0.0495
125,4,286.79,16624.24,25070.66,3289.12,1562.18,3595.12,0.0646
125,4,296.96,17411.69,25420.59,3183.52,1395.70,3429.67,0.0475
125,4,289.60,16418.78,25065.40,3194.82,1550.12,3901.69,0.0783
125,4,293.68,15490.84,24836.01,3723.11,1545.10,4076.95,0.0562
125,4,316.71,19069.10,27984.77,3183.86,1601.15,4130.66,0.0641
125,4,316.30,15130.16,24019.91,3218.02,1494.05,4177.67,0.0767
125,4,320.52,19567.73,28781.54,3162.84,1764.84,4286.13,0.0595
125,4,254.35,14509.57,22645.68,2873.99,1396.87,3865.24,0.0611
125,4,354.27,19828.05,29163.02,3578.14,1755.27,4001.56,0.0492
125,4,209.42,11414.41,18232.44,2749.13,1412.56,2656.34,0.0649
125,4,280.48,15653.51,23655.84,2726.75,1282.34,3993.24,0.0483
125,4,318.49,17905.24,27025.75,3889.00,1546.67,3684.83,0.0439
125,4,274.24,16968.84,23367.30,2272.61,1129.94,2995.91,0.0593
125,4,268.93,12882.80,21821.67,3417.80,1620.69,3900.38,0.0548
125,4,318.41,18061.46,27835.94,3495.91,1823.36,4455.21,0.0513
150,4,271.26,13014.37,21541.08,3766.92,1463.90,3295.89,0.0571
150,4,329.24,19749.54,28715.94,3329.71,1563.88,4072.82,0.0622
150,4,299.96,19935.57,27184.70,2198.47,1284.30,3766.36,0.0899
150,4,266.31,16187.89,24174.69,3289.79,1662.80,3034.21,0.0906
150,4,353.72,20719.26,29901.94,2880.64,1714.70,4587.34,0.0739
150,4,299.38,15782.54,25592.85,4029.19,1709.02,4072.11,0.0664
150,4,324.68,20272.72,29020.55,2846.31,1522.96,4378.57,0.0655
150,4,239.33,13740.84,21689.96,2650.89,1221.20,4077.02,0.0830
150,4,260.13,14392.49,22777.49,3314.41,1389.42,3681.17,0.0632
150,4,294.44,18419.88,26625.09,2803.15,1395.92,4006.14,0.0689
150,4,269.55,16746.29,24397.35,2634.34,1289.62,3727.10,0.0589
150,4,255.77,15609.14,22527.22,2568.32,1366.01,2983.75,0.0663
150,4,362.44,21866.36,31160.32,3948.28,1847.39,3498.28,0.0730
150,4,255.18,12415.07,21794.60,3734.53,1750.94,3894.06,0.0737
150,4,227.67,13144.19,20778.63,3058.85,1439.83,3135.77,0.0680
150,4,300.60,17371.76,26379.50,3653.50,1571.09,3783.15,0.0633
150,4,341.12,19279.43,29278.05,3950.90,1740.36,4307.35,0.0763
150,4,290.58,17779.48,25689.96,2642.05,1658.05,3610.38,0.0645
150,4,364.96,24532.95,33041.99,3315.33,1559.25,3634.46,0.0586
150,4,252.80,12226.53,21011.12,3414.45,1511.61,3858.54,0.0649
150,4,333.54,20456.99,29032.90,2903.75,1390.01,4282.15,0.0707
150,4,280.53,15390.52,24396.35,3276.88,1669.77,4059.17,0.0856
150,4,285.91,18043.33,26256.42,3054.40,1539.58,3619.12,0.0617
150,4,260.40,15635.67,22888.47,2379.16,1323.45,3550.18,0.0613
150,4,268.01,16621.33,24864.18,2916.83,1482.94,3843.08,0.0640
150,4,300.77,17338.59,25643.31,3110.33,1521.05,3673.33,0.0553
150,4,335.79,19091.34,27879.57,3294.84,1655.76,3837.63,0.0712
150,4,249.88,14851.35,22445.90,2593.34,1360.70,3640.51,0.0680
150,4,301.59,18022.21,26665.85,3275.79,1558.90,3808.95,0.0682
150,4,357.02,23798.77,32156.53,2775.24,1528.52,4053.99,0.0593
150,4,271.92,15682.72,24194.39,3218.91,1593.20,3699.56,0.0937
150,4,314.07,20449.73,27653.16,2159.78,1174.50,3869.15,0.0722
150,4,267.28,15032.99,23052.15,2610.57,1302.69,4105.91,0.0845
150,4,311.20,19408.10,27640.28,2999.95,1516.81,3715.41,0.0741
150,4,294.40,14854.78,24455.49,3560.82,1596.37,4443.53,0.0779
150,4,232.45,13407.47,21059.15,3145.67,1411.31,3094.70,0.0619
150,4,325.37,23312.16,30771.04,2405.47,1245.17,3808.25,0.0701
150,4,269.28,16389.59,24396.90,2916.09,1885.30,3205.93,0.0900
150,4,262.58,14905.37,22955.82,2990.21,1479.31,3580.93,0.0622
150,4,245.62,15983.55,23280.65,2763.73,1308.27,3225.11,0.0592
150,4,284.80,17451.33,23857.32,1723.87,1094.22,3587.89,0.0804
150,4,235.85,14586.80,21325.74,2669.62,1198.67,2870.64,0.0579
150,4,303.02,16876.49,26588.09,3692.39,1592.89,4426.33,0.1010
150,4,284.55,17137.96,25577.24,3388.90,1569.67,3480.71,0.0694
150,4,223.35,10761.62,18702.28,3380.23,1500.48,3059.95,0.0694
150,4,303.95,16931.10,27301.66,3983.61,1858.28,4528.66,0.0607
150,4,245.88,16175.74,23107.70,2600.62,1405.06,2926.28,0.0686
150,4,347.65,18630.14,27978.42,3436.51,1542.71,4369.06,0.0671
150,4,338.92,22880.72,31479.10,3136.69,1571.66,3890.02,0.0648
150,4,228.38,11955.30,19504.51,2502.72,1441.32,3605.17,0.0736
150,4,322.42,19203.03,28306.27,3533.84,1707.33,3862.08,0.0643
150,4,283.97,17351.16,25209.16,2740.68,1353.41,3763.91,0.0746
150,4,316.63,21248.62,29132.68,3095.29,1458.38,3330.39,0.0716
150,4,345.25,20719.03,29876.77,3453.66,1715.32,3988.76,0.0854
150,4,306.03,18775.53,26216.77,2262.88,1260.95,3917.41,0.0860
150,4,295.42,17128.21,25640.15,3179.64,1671.82,3660.49,0.0672
150,4,310.29,18443.27,26485.30,2705.48,1247.19,4089.36,0.0690
150,4,330.05,20447.20,28396.45,2834.10,1292.02,3823.14,0.0571
150,4,273.80,17128.04,25308.16,3075.12,1585.16,3519.85,0.0716
150,4,316.48,19213.00,27552.44,3064.63,1479.33,3795.47,0.0674
150,4,283.01,15845.77,24739.33,3007.24,1492.88,4393.44,0.0794
150,4,320.98,20040.55,27407.86,2388.96,1251.41,3726.95,0.0677
150,4,286.18,17708.63,25704.37,3326.96,1495.73,3173.06,0.0799
150,4,308.84,20476.12,28570.23,2795.65,1386.94,3911.52,0.0675
150,4,333.81,21256.35,28975.46,2557.98,1288.76,3872.36,0.0720
150,4,262.72,15847.02,24451.63,3147.13,1948.89,3508.58,0.0887
150,4,343.81,19852.50,28950.84,3573.67,1528.82,3995.86,0.0653
150,4,338.94,19415.51,29784.08,4008.05,1830.67,4529.85,0.0700
150,4,311.78,19215.22,28560.09,3482.73,1853.43,4008.71,0.0808
150,4,320.53,17334.42,27328.07,3610.61,1840.66,4542.37,0.0704
150,4,232.35,11738.48,20714.22,3786.27,1742.88,3446.58,0.0663
150,4,286.87,16814.80,24667.63,2540.71,1410.61,3901.51,0.0711
150,4,300.23,19608.23,27193.25,2291.23,1246.69,4047.10,0.0567
150,4,239.11,15406.29,22156.33,2197.34,1207.48,3345.21,0.0613
150,4,281.37,18356.97,25798.03,2369.63,1396.50,3674.93,0.0666
150,4,334.00,20936.74,29873.41,3192.71,1702.09,4041.87,0.0610
150,4,362.03,23163.11,31780.88,3078.83,1636.48,3902.46,0.0963
150,4,278.02,17390.67,25798.18,3154.80,1503.11,3749.60,0.0733
150,4,309.17,18382.62,27477.92,3233.03,1754.90,4107.37,0.0749
150,4,301.90,17633.50,25942.75,3040.35,1669.36,3599.54,0.0755
150,4,348.94,20109.52,29257.85,3237.23,1481.89,4429.21,0.0671
150,4,296.16,16054.24,25551.43,4102.45,1691.15,3703.59,0.0781
150,4,342.97,21040.61,29245.76,3196.27,1649.22,3359.66,0.0662
150,4,275.85,17786.07,24559.05,2321.19,1006.47,3445.32,0.0534
150,4,233.65,16451.48,22466.25,2352.39,1057.36,2605.01,0.0572
150,4,326.54,19563.75,27992.51,3200.75,1503.64,3724.37,0.0673
150,4,278.94,18478.53,25756.65,2507.79,1261.27,3509.06,0.0676
150,4,298.29,16452.29,25767.20,3715.94,1651.30,3947.67,0.0703
150,4,335.09,18821.00,27939.82,3453.77,1472.04,4193.01,0.0621
150,4,332.81,21234.91,30117.21,2916.33,1559.49,4406.49,0.0730
150,4,334.91,16938.24,26228.89,3453.19,1544.53,4292.94,0.0685
150,4,327.83,20764.16,29375.10,2681.13,1648.24,4281.57,0.0622
150,4,273.73,15664.24,24269.71,3085.15,1495.98,4024.34,0.0652
150,4,371.59,23780.51,32151.00,2796.03,1602.99,3971.48,0.0699
150,4,219.75,12811.12,20003.49,2954.56,1382.47,2855.35,0.0604
150,4,278.20,15987.08,23341.63,2338.61,1209.63,3806.31,0.0625
150,4,298.70,19193.40,26948.03,2935.23,1350.04,3469.36,0.0649
150,4,272.20,17807.87,23858.29,1965.95,1048.59,3035.89,0.0506
150,4,250.08,13321.59,21897.90,3236.24,1596.07,3744.00,0.0805
150,4,357.05,20045.24,30087.72,3610.27,1777.37,4654.84,0.0753
175,4,261.38,15028.02,22973.27,3262.46,1362.64,3320.13,0.0800
175,4,321.43,19473.73,27856.86,3037.02,1481.05,3865.06,0.1116
175,4,286.18,19642.77,27324.85,2615.38,1316.65,3750.05,0.0960
175,4,273.21,17111.62,25211.70,3413.75,1655.38,3030.96,0.0827
175,4,346.83,22634.29,32100.48,2950.29,1694.45,4821.45,0.0958
175,4,301.91,17949.75,26435.98,2970.87,1486.43,4028.93,0.0789
175,4,327.85,20602.06,29290.39,3095.33,1620.77,3972.22,0.0812
175,4,304.52,17632.40,26115.54,2559.24,1204.50,4719.40,0.0808
175,4,258.55,17093.32,24650.03,2562.66,1207.23,3786.81,0.0878
175,4,298.88,19668.26,27538.84,2422.74,1299.07,4148.78,0.0810
175,4,299.68,18226.25,25615.91,2446.50,1274.49,3668.66,0.0970
175,4,252.89,16570.10,23071.64,2293.43,1293.68,2914.44,0.0780
175,4,331.10,22118.47,31476.02,3951.35,1843.85,3562.35,0.0952
175,4,255.14,13209.38,22695.80,3755.73,1774.57,3956.12,0.0815
175,4,234.42,14006.98,21455.13,2902.45,1424.70,3121.00,0.0892
175,4,351.46,20458.52,29400.19,3423.25,1488.13,4030.30,0.1085
175,4,365.64,21381.90,30724.07,3263.46,1646.54,4432.16,0.0790
175,4,319.37,19888.81,28480.12,3157.37,1741.57,3692.37,0.0842
175,4,364.58,23255.29,31688.14,3305.86,1628.21,3498.80,0.0721
175,4,273.61,14188.49,23147.21,3391.57,1478.62,4088.53,0.0813
175,4,328.74,20814.17,29585.77,3085.45,1444.30,4241.85,0.0691
175,4,276.20,16154.46,25031.26,3214.56,1677.74,3984.50,0.0827
175,4,302.32,19844.95,27535.67,2535.04,1414.31,3741.38,0.0607
175,4,281.90,17966.47,25239.89,2227.78,1321.14,3724.49,0.0835
175,4,316.99,18274.82,27184.23,3363.26,1659.13,3887.02,0.0721
175,4,268.47,17479.69,24980.73,2473.16,1413.69,3614.20,0.0777
175,4,327.31,20165.92,28837.36,3195.04,1597.93,3878.46,0.0746
175,4,260.92,16928.44,24420.58,2311.06,1323.53,3857.55,0.0808
175,4,295.63,19209.27,26919.18,2528.65,1427.98,3753.28,0.0762
175,4,356.08,24882.44,33649.89,3024.28,1572.77,4170.40,0.0704
175,4,296.42,17135.18,26050.53,3565.65,1660.00,3689.70,0.0818
175,4,329.99,20370.82,28387.68,2795.02,1330.96,3890.88,0.0906
175,4,253.83,15347.04,22998.13,2432.97,1251.14,3966.98,0.0970
175,4,328.03,21562.78,30130.19,3274.93,1537.82,3754.66,0.0839
175,4,294.97,16154.79,24837.15,2806.40,1451.22,4424.74,0.0821
175,4,254.15,16004.26,23310.88,2700.34,1333.55,3272.73,0.0855
175,4,374.13,25871.60,34093.90,2746.61,1315.78,4159.91,0.0982
175,4,275.48,16286.14,25157.63,3582.84,2023.16,3265.48,0.0956
175,4,240.02,16403.76,23632.59,2368.29,1382.38,3478.15,0.0869
175,4,235.96,14750.45,21957.11,2824.72,1360.23,3021.72,0.0617
175,4,274.12,17670.85,24396.77,1955.93,1138.25,3631.74,0.0738
175,4,239.59,16431.05,22802.34,2321.87,1174.25,2875.17,0.0673
175,4,359.49,20024.83,29916.04,3616.73,1536.34,4738.14,0.0868
175,4,277.64,16777.29,25794.77,3841.25,1704.20,3472.03,0.0867
175,4,223.71,11506.77,19198.26,3293.95,1477.44,2920.09,0.0807
175,4,329.33,18125.75,28416.48,3796.36,1788.06,4706.32,0.1004
175,4,250.39,17080.79,23918.84,2532.39,1339.18,2966.48,0.0995
175,4,332.47,20979.52,29358.89,2646.34,1402.77,4330.26,0.0822
175,4,382.90,25870.65,34412.42,2957.10,1527.98,4056.69,0.0971
175,4,201.99,11191.22,18973.78,2884.37,1463.18,3435.00,0.0769
175,4,313.10,18785.41,27022.90,2998.66,1589.08,3649.77,0.0771
175,4,305.49,18140.30,27224.01,3521.20,1557.90,4004.61,0.0771
175,4,328.72,23614.97,30640.54,2372.50,1337.37,3315.69,0.0818
175,4,353.87,21386.62,31334.42,4104.86,1825.97,4016.97,0.0789
175,4,301.14,18411.81,26167.79,2614.00,1384.30,3757.67,0.0680
175,4,300.70,17486.46,26049.42,3289.15,1711.30,3562.52,0.0772
175,4,279.63,19741.29,26154.23,1488.69,1022.13,3902.12,0.0773
175,4,341.03,21918.25,29929.42,2768.27,1294.97,3947.92,0.0843
175,4,276.47,17807.01,25438.01,2683.29,1501.88,3445.83,0.0961
175,4,299.04,20746.85,28006.95,2247.31,1329.16,3683.63,0.0689
175,4,284.06,17338.78,25718.04,2637.02,1375.84,4366.41,0.0831
175,4,299.26,20547.47,27596.25,2082.01,1211.16,3755.61,0.0731
175,4,279.25,19757.34,26435.63,2279.58,1275.99,3122.72,0.0797
175,4,324.53,20923.95,29015.08,2888.91,1458.06,3744.17,0.0707
175,4,335.31,22734.80,30274.47,2414.19,1210.68,3914.80,0.0935
175,4,297.13,18146.07,26040.25,2398.98,1834.97,3660.23,0.1118
175,4,337.46,22038.29,30429.16,2889.18,1402.76,4098.93,0.0840
175,4,349.06,19945.89,29544.19,3504.33,1753.16,4340.81,0.0911
175,4,317.17,18939.46,27607.40,3016.95,1815.34,3835.65,0.0851
175,4,300.33,18858.86,27763.56,2839.02,1648.14,4417.55,0.0966
175,4,251.99,13937.26,22285.77,3200.90,1603.59,3544.02,0.0866
175,4,262.31,15981.55,23935.66,2966.43,1480.24,3507.44,0.1021
175,4,339.28,23529.99,30358.85,1519.37,1074.57,4234.93,0.0861
175,4,251.37,16208.52,23255.54,2404.61,1231.65,3410.77,0.0828
175,4,283.48,17847.18,25689.70,2704.70,1490.45,3647.36,0.0759
175,4,319.51,21113.01,29094.61,2735.19,1640.21,3606.20,0.1090
175,4,344.93,22842.80,31169.80,2991.57,1650.44,3684.99,0.0873
175,4,284.71,18056.65,26093.69,2945.53,1477.52,3614.00,0.0770
175,4,309.02,20690.53,30008.32,3374.23,1758.71,4184.85,0.1153
175,4,297.02,18753.32,26677.27,2683.40,1577.37,3663.18,0.0885
175,4,343.30,20538.31,29943.57,3538.15,1524.88,4342.24,0.0721
175,4,301.18,17463.98,26381.55,3695.09,1597.91,3624.57,0.0735
175,4,355.62,22838.92,30536.34,2799.57,1550.51,3347.34,0.0980
175,4,262.65,18479.81,24545.56,1894.79,958.56,3212.40,0.0712
175,4,235.49,16725.42,22420.28,2170.19,1020.19,2504.48,0.0759
175,4,316.22,18932.45,27381.40,3301.93,1547.27,3599.75,0.0815
175,4,291.07,19996.77,26791.21,2135.46,1213.43,3445.56,0.0649
175,4,312.77,19668.73,28359.03,3181.13,1463.34,4045.82,0.0842
175,4,312.14,18419.37,26896.96,3150.92,1474.00,3852.67,0.0907
175,4,319.96,20321.82,29014.88,2969.70,1599.37,4123.99,0.0775
175,4,311.82,17502.02,26228.71,3018.22,1515.99,4192.49,0.0802
175,4,318.70,20909.01,29677.85,2865.37,1702.19,4201.28,0.0836
175,4,280.37,16809.51,25030.19,2871.02,1424.92,3924.74,0.0975
175,4,369.30,23730.69,33097.96,3512.26,1754.27,4100.74,0.0971
175,4,214.69,13467.39,20089.41,2533.05,1298.41,2790.56,0.0850
175,4,319.06,18386.69,25865.14,2137.71,1149.12,4191.62,0.0705
175,4,288.88,20321.29,27463.16,2443.36,1299.56,3398.93,0.0584
175,4,296.83,19571.39,25689.86,1984.29,1088.71,3045.46,0.0646
175,4,262.41,15123.82,23491.73,3017.76,1553.00,3797.15,0.0913
175,4,336.80,22439.09,31235.79,2666.12,1629.28,4501.30,0.0919
200,4,281.10,16269.17,24238.82,3129.46,1353.71,3486.47,0.1123
200,4,335.50,20268.73,28800.02,3115.07,1535.40,3880.83,0.0815
200,4,302.44,21129.08,28359.45,2290.66,1266.40,3673.32,0.1073
200,4,278.64,18193.08,25653.18,2871.62,1575.56,3012.91,0.0991
200,4,399.57,24689.18,34213.09,2826.24,1673.38,5024.29,0.1025
200,4,298.28,19406.23,27941.72,2931.17,1435.21,4169.11,0.1003
200,4,343.13,21773.68,30884.28,3345.62,1621.47,4143.51,0.1073
200,4,256.47,15901.73,23106.68,2063.62,1161.68,3979.64,0.1174
200,4,245.59,16502.62,23319.71,2131.83,1186.58,3498.68,0.0887
200,4,287.93,18501.16,26455.73,2737.80,1392.28,3824.48,0.0953
200,4,309.13,18992.77,26929.99,2834.69,1360.07,3742.47,0.0823
200,4,270.60,16858.71,23790.45,2585.01,1355.48,2991.25,0.0903
200,4,335.35,22544.36,31295.79,3582.68,1905.27,3263.48,0.1144
200,4,277.51,14273.70,23771.33,3796.84,1787.11,3913.68,0.1003
200,4,241.94,14599.85,21825.77,2755.99,1376.29,3093.65,0.1076
200,4,327.79,20110.89,28877.16,3436.96,1512.63,3816.67,0.0998
200,4,348.71,22193.11,31087.83,3091.93,1568.41,4234.37,0.1009
200,4,290.77,19062.38,26919.96,2663.27,1650.17,3544.14,0.0883
200,4,391.39,26644.23,34326.29,2658.16,1431.30,3592.61,0.1014
200,4,251.70,14363.92,22325.00,2773.60,1375.55,3811.93,0.0947
200,4,363.81,21377.71,30245.27,3187.68,1435.35,4244.53,0.0967
200,4,312.64,18004.12,27047.14,3142.07,1734.76,4166.18,0.0978
200,4,312.27,21321.91,28664.16,2372.24,1371.49,3598.52,0.0959
200,4,281.72,18536.83,25359.29,1966.11,1236.94,3619.41,0.0805
200,4,302.45,17352.28,26568.20,3710.17,1747.13,3758.62,0.0984
200,4,323.42,20819.54,29135.23,2864.30,1471.30,3980.09,0.0854
200,4,318.37,21096.33,29143.33,2756.86,1521.34,3768.80,0.0918
200,4,253.62,17370.79,24217.89,1974.60,1192.08,3680.42,0.0929
200,4,355.16,23346.17,31560.38,2707.93,1419.16,4087.12,0.1008
200,4,346.67,23917.68,31892.84,2619.20,1520.89,3835.07,0.0836
200,4,300.86,16757.27,25525.43,3445.71,1713.02,3609.43,0.0820
200,4,315.79,20939.46,28442.61,2434.62,1224.93,3843.60,0.0822
200,4,251.47,15077.73,23077.65,2805.24,1368.20,3826.48,0.0958
200,4,305.92,21218.86,29032.55,2715.23,1437.77,3660.69,0.0936
200,4,310.85,17082.02,26136.41,3126.53,1564.65,4363.21,0.1083
200,4,228.55,13753.97,20739.03,2637.21,1355.42,2992.42,0.1083
200,4,355.30,26787.40,34344.17,2474.93,1258.02,3823.82,0.0849
200,4,270.46,17143.05,25192.62,2934.51,1890.61,3224.45,0.1150
200,4,254.91,16755.72,24723.58,2935.40,1457.94,3574.52,0.0918
200,4,262.76,18088.38,25291.68,2570.86,1357.65,3274.79,0.0924
200,4,284.56,19276.33,25608.35,1628.23,1107.55,3596.24,0.0999
200,4,243.13,18488.45,24713.88,2174.39,1125.03,2926.01,0.1051
200,4,352.72,21897.01,30752.46,2712.08,1371.55,4771.82,0.0879
200,4,284.88,19240.98,27028.44,2866.61,1547.77,3373.08,0.0947
200,4,215.66,12740.66,19567.18,2587.17,1315.16,2924.19,0.0940
200,4,317.87,18153.19,28316.56,3823.86,1842.90,4496.61,0.1045
200,4,252.14,16059.44,23166.65,2715.28,1438.32,2953.61,0.0979
200,4,338.09,21599.91,29682.75,2437.95,1365.52,4279.37,0.1062
200,4,360.97,24975.95,33670.11,3120.76,1596.69,3976.70,0.0968
200,4,225.26,13541.68,21023.82,2426.44,1341.58,3714.11,0.0934
200,4,337.37,20372.34,29145.93,3298.08,1648.59,3826.91,0.0895
200,4,278.38,18816.70,26056.87,2296.39,1278.95,3664.83,0.1009
200,4,302.85,21423.19,28751.64,2698.71,1421.35,3208.40,0.0789
200,4,376.10,22285.02,32811.67,4437.73,1977.67,4111.24,0.1104
200,4,268.53,17852.98,24404.06,1823.77,1254.85,3472.46,0.0925
200,4,294.46,18945.73,26336.60,2341.18,1515.01,3534.68,0.1118
200,4,312.74,21734.40,28680.12,1887.36,1058.94,3999.42,0.0893
200,4,380.17,23801.97,32029.59,2944.31,1278.44,4004.88,0.0734
200,4,289.53,19613.97,27677.12,2955.46,1598.05,3509.64,0.1217
200,4,315.78,21497.45,28737.27,2225.62,1362.79,3651.41,0.0902
200,4,314.66,17832.62,26483.34,2781.24,1451.01,4418.46,0.0927
200,4,302.39,20665.65,27216.79,1872.54,1202.80,3475.79,0.0887
200,4,298.41,21388.13,28020.31,2239.29,1271.21,3121.70,0.1144
200,4,302.75,20623.09,27927.66,2341.67,1361.78,3601.12,0.0980
200,4,314.81,21336.21,28554.48,2278.22,1252.66,3687.38,0.0741
200,4,292.30,18864.05,26542.83,2313.37,1875.42,3489.99,0.1416
200,4,316.75,19953.76,28184.36,2899.06,1482.17,3849.36,0.2357
200,4,351.97,21597.04,30648.67,3061.33,1675.38,4314.92,0.1029
200,4,333.25,20285.94,29567.30,3348.53,1899.84,4032.99,0.1028
200,4,324.18,19653.72,29217.24,3312.91,1803.38,4447.23,0.1099
200,4,225.61,14328.94,22087.51,2882.30,1573.43,3302.84,0.0971
200,4,299.34,17843.15,26176.08,2989.33,1482.66,3860.94,0.1177
200,4,301.55,21560.19,28580.44,1941.94,1209.41,3868.89,0.0877
200,4,260.79,17271.49,24119.33,2231.35,1206.99,3409.50,0.0885
200,4,326.16,21480.03,29167.73,2401.73,1390.76,3895.20,0.1093
200,4,352.38,23921.75,32532.72,2877.63,1602.74,4130.59,0.0974
200,4,404.26,25857.66,34651.79,3158.96,1636.19,3998.97,0.0947
200,4,281.68,17132.05,25470.93,3244.77,1528.39,3565.71,0.1042
200,4,296.00,20536.28,29602.78,3274.40,1785.99,4006.11,0.1002
200,4,349.59,21220.93,29505.65,2854.83,1607.86,3822.04,0.0932
200,4,333.50,21980.69,30284.66,2695.17,1380.08,4228.72,0.0914
200,4,281.29,17796.93,26256.79,3545.56,1568.65,3345.65,0.1077
200,4,342.72,22242.53,30240.89,3243.42,1637.52,3117.43,0.0965
200,4,257.00,18222.65,24528.08,2041.84,1024.13,3239.46,0.0728
200,4,214.90,17693.75,22673.79,1580.54,872.33,2527.17,0.0702
200,4,317.71,19622.34,27603.21,2928.13,1517.81,3534.93,0.1142
200,4,314.02,21593.20,29101.43,2491.48,1228.00,3788.75,0.0699
200,4,320.60,20716.78,29573.39,3304.37,1549.09,4003.15,0.1252
200,4,320.37,20755.77,28389.39,2545.43,1310.28,3777.91,0.0999
200,4,350.79,23706.38,31859.83,2371.30,1500.05,4282.09,0.0897
200,4,326.93,18971.14,27838.05,3078.94,1492.94,4295.03,0.1055
200,4,348.80,22764.94,31583.28,2784.15,1679.69,4354.49,0.0899
200,4,264.90,18057.20,25597.65,2341.03,1307.38,3892.04,0.0950
200,4,367.35,24178.16,33445.19,3543.51,1737.15,3986.37,0.0883
200,4,214.62,15252.70,21255.81,1994.71,1207.08,2801.32,0.1022
200,4,292.87,17892.64,24965.97,2035.06,1103.83,3934.45,0.0714
200,4,295.28,21975.38,29216.67,2421.96,1303.50,3515.82,0.0754
200,4,286.22,19302.29,25592.01,2213.88,1146.62,2929.22,0.0828
200,4,262.09,14623.80,22556.66,2721.53,1492.33,3719.00,0.1100
200,4,343.00,23051.18,31587.30,2431.21,1581.33,4523.58,0.1059
225,4,304.61,17242.72,25351.98,3173.37,1375.31,3560.58,0.1033
225,4,342.20,21790.73,29954.85,2701.06,1459.37,4003.68,0.1127
225,4,323.15,21434.11,29224.75,2663.23,1341.37,3786.05,0.1015
225,4,303.92,18487.79,26153.37,3027.08,1621.81,3016.69,0.1304
225,4,384.69,26145.53,35715.86,2975.99,1643.46,4950.88,0.1349
225,4,330.93,21196.94,29462.97,2704.44,1397.81,4163.78,0.1068
225,4,359.53,24315.11,32867.57,2677.30,1510.63,4364.54,0.1342
225,4,248.83,16170.72,23457.02,2097.76,1154.26,4034.28,0.1253
225,4,259.88,17500.19,24942.69,2594.65,1228.08,3619.77,0.0902
225,4,318.82,22441.13,30760.77,2684.27,1360.91,4274.46,0.1043
225,4,308.14,19901.52,27570.84,2611.47,1278.97,3778.88,0.1030
225,4,251.94,17846.64,24107.86,2133.67,1249.04,2878.51,0.1229
225,4,353.35,23996.16,32723.48,3524.38,1825.95,3376.98,0.1200
225,4,261.00,16269.67,24974.69,3097.61,1630.78,3976.63,0.1311
225,4,241.03,15744.04,22663.84,2409.99,1358.80,3151.00,0.0901
225,4,360.47,22598.03,31868.76,3631.52,1552.01,4087.21,0.1035
225,4,350.16,21747.26,31365.42,3676.60,1695.41,4246.16,0.1279
225,4,327.65,19654.80,28327.86,3245.95,1783.59,3643.52,0.1232
225,4,327.61,22487.26,30283.44,3044.46,1597.90,3153.82,0.1398
225,4,256.41,15453.30,23895.32,2998.58,1410.74,4032.70,0.1004
225,4,362.30,23246.22,31722.22,2840.82,1372.51,4262.66,0.0848
225,4,287.13,17237.32,26403.50,3419.50,1758.66,3988.02,0.1286
225,4,293.84,20990.93,28448.62,2487.94,1401.83,3567.93,0.1087
225,4,304.91,19848.86,27542.92,2399.88,1333.79,3960.38,0.0969
225,4,299.27,19927.86,27746.63,2524.01,1510.80,3783.95,0.1213
225,4,300.13,20235.28,27915.79,2503.83,1438.27,3738.40,0.1101
225,4,344.09,22864.47,30719.46,2552.36,1523.60,3779.03,0.1171
225,4,242.08,17808.99,23964.88,1586.05,1161.47,3408.38,0.1082
225,4,305.29,22177.96,29240.83,2058.93,1315.54,3688.40,0.1247
225,4,349.75,26342.18,33609.85,2131.27,1422.18,3714.22,0.1120
225,4,275.97,18039.32,25990.08,2811.95,1543.72,3595.08,0.1330
225,4,309.37,21721.48,29088.26,2380.60,1247.52,3738.65,0.1059
225,4,280.99,17994.79,25894.63,2553.50,1286.43,4059.91,0.1361
225,4,357.39,23703.87,32274.91,3083.29,1484.78,4002.97,0.1076
225,4,282.71,17284.61,25456.56,2593.87,1450.41,4127.67,0.1047
225,4,234.24,15505.99,22573.74,2621.61,1352.19,3093.95,0.1283
225,4,378.53,28536.58,36333.28,2508.29,1250.34,4038.07,0.1032
225,4,311.66,19936.47,28438.71,3144.84,1894.93,3462.47,0.1205
225,4,286.96,17271.06,26015.36,3387.08,1609.28,3747.93,0.1104
225,4,280.24,18322.37,25343.89,2545.33,1323.94,3152.26,0.0912
225,4,263.02,18398.89,24397.19,1592.87,1123.97,3281.46,0.1384
225,4,280.03,18094.06,25374.53,2932.33,1306.02,3042.13,0.0942
225,4,328.81,20240.51,29152.00,3022.85,1418.94,4469.70,0.1100
225,4,302.11,20462.63,28624.49,3060.77,1498.94,3602.16,0.1014
225,4,224.77,13535.24,20703.88,2768.27,1340.50,3059.88,0.1123
225,4,333.67,19955.02,29893.60,3631.17,1761.61,4545.79,0.1229
225,4,278.69,18982.66,25847.36,2442.00,1332.52,3090.16,0.1285
225,4,306.22,20043.20,28172.43,2675.00,1431.66,4022.58,0.1102
225,4,413.74,28645.47,37255.85,2869.14,1573.78,4167.46,0.1026
225,4,225.97,14800.63,21966.00,2226.64,1352.75,3585.97,0.1165
225,4,329.32,20747.85,29229.22,3203.98,1592.53,3684.87,0.1063
225,4,263.33,18423.35,25722.17,2404.63,1328.00,3566.19,0.0915
225,4,336.22,24112.48,31239.23,2465.76,1362.22,3298.76,0.1060
225,4,341.46,23650.12,32907.44,3600.02,1744.51,3912.80,0.1051
225,4,308.82,20268.31,27708.55,2315.05,1291.42,3833.76,0.1268
225,4,309.41,20215.87,28642.36,3105.19,1622.94,3698.37,0.1097
225,4,356.40,21913.29,29736.38,2442.64,1186.72,4193.73,0.0873
225,4,320.58,22571.77,29558.91,2055.99,1139.37,3791.78,0.0975
225,4,277.68,19302.70,26928.61,2642.06,1569.63,3414.22,0.1274
225,4,326.29,22105.04,29518.18,2297.41,1342.34,3773.39,0.1329
225,4,328.54,19155.12,28421.03,3175.98,1518.30,4571.63,0.1134
225,4,282.43,21680.08,28318.83,1906.63,1217.10,3515.02,0.0934
225,4,289.54,20821.88,27760.35,2535.93,1360.76,3041.79,0.0967
225,4,319.88,22623.91,30120.70,2407.72,1322.64,3766.43,0.0917
225,4,360.60,23742.06,31223.05,2404.95,1297.29,3778.74,0.1091
225,4,298.15,20110.09,27173.06,1833.97,1759.16,3469.85,0.1374
225,4,324.88,21377.23,29879.15,2965.20,1451.81,4084.91,0.1098
225,4,391.43,24177.12,34280.33,3749.52,1750.41,4603.28,0.1179
225,4,322.66,20339.58,29140.64,3054.40,1808.06,3938.60,0.1099
225,4,340.28,21090.17,30135.40,2893.13,1714.65,4437.45,0.1175
225,4,244.31,15245.71,23361.58,2898.85,1587.98,3629.04,0.1021
225,4,303.57,19235.86,27079.42,2562.31,1400.94,3880.31,0.1025
225,4,303.12,22285.08,29361.81,2029.57,1229.18,3817.98,0.0894
225,4,257.22,17075.77,23939.96,2338.71,1220.99,3304.49,0.1210
225,4,273.45,18918.49,25961.78,2170.58,1398.39,3474.33,0.1252
225,4,365.04,25034.21,32911.26,2357.00,1615.94,3904.09,0.1022
225,4,418.05,27441.68,35686.41,2762.12,1542.71,3939.90,0.1026
225,4,284.78,18843.89,26177.06,2418.34,1400.91,3513.92,0.0935
225,4,332.97,19710.03,29502.04,3792.51,1954.26,4045.23,0.1120
225,4,305.73,20766.29,28685.78,2727.15,1550.83,3641.50,0.1080
225,4,364.66,23104.90,32027.39,3140.77,1457.53,4324.19,0.1068
225,4,327.76,19564.73,28333.25,3577.95,1568.89,3621.67,0.1305
225,4,361.62,23894.30,32003.39,3163.79,1629.30,3316.00,0.1263
225,4,283.50,20396.81,26560.79,1821.80,954.63,3387.55,0.0901
225,4,223.02,17922.03,22773.51,1537.01,905.48,2408.98,0.0859
225,4,283.34,19372.17,26910.70,2704.70,1423.67,3410.15,0.1247
225,4,331.38,22966.97,29795.46,2106.37,1167.35,3554.78,0.0978
225,4,315.50,21611.71,29584.35,2602.29,1412.95,3957.40,0.1073
225,4,349.78,21927.66,30178.69,2777.67,1398.12,4075.24,0.1054
225,4,329.45,24425.96,32493.00,2257.23,1484.96,4324.85,0.0929
225,4,357.26,21811.84,30868.97,3186.24,1461.57,4409.32,0.1478
225,4,304.43,22243.31,30269.44,2302.93,1612.19,4111.02,0.1171
225,4,292.26,19799.59,27552.21,2265.11,1325.64,4161.86,0.1069
225,4,426.16,28654.32,37618.68,3128.65,1639.10,4196.61,0.1249
225,4,232.78,13966.05,20934.91,2883.26,1405.79,2679.82,0.1093
225,4,294.27,19424.35,26204.79,1790.43,1061.32,3928.69,0.0948
225,4,281.24,22470.76,28912.54,2005.38,1200.12,3236.28,0.1007
225,4,276.40,19920.27,25826.53,1794.29,1038.62,3073.35,0.0835
225,4,256.46,16125.54,24224.33,2845.47,1470.67,3782.65,0.1004
225,4,389.09,25160.23,34283.73,2679.43,1635.70,4808.37,0.1073
250,4,285.74,18153.73,25489.25,2613.75,1287.33,3434.44,0.1150
250,4,352.72,24466.85,33226.42,3106.98,1433.95,4218.64,0.1160
250,4,312.01,22881.24,29817.95,2021.12,1227.82,3687.78,0.1313
250,4,289.65,18900.57,27105.74,3546.41,1712.62,2946.13,0.1476
250,4,413.14,26739.67,36161.92,2804.38,1675.99,4941.89,0.1291
250,4,333.91,22090.51,30514.40,2735.09,1426.38,4262.43,0.1280
250,4,358.40,25101.27,32722.42,1950.01,1397.78,4273.36,0.1432
250,4,298.72,18687.52,26909.44,2559.32,1194.37,4468.23,0.1152
250,4,271.20,19215.10,26393.84,2299.45,1169.28,3710.00,0.1288
250,4,285.16,20129.50,27642.22,2388.15,1321.51,3803.05,0.1137
250,4,295.89,19251.62,26952.42,2777.86,1384.48,3538.46,0.1234
250,4,252.59,17513.91,23828.05,2186.05,1307.57,2820.51,0.1060
250,4,354.22,25017.36,33939.16,3627.45,1793.17,3501.18,0.1342
250,4,293.84,16914.86,26067.73,3485.23,1704.83,3962.81,0.1440
250,4,237.84,16050.96,22720.38,2236.91,1276.78,3155.72,0.1199
250,4,324.94,20821.73,28991.84,2968.65,1414.79,3786.68,0.1166
250,4,381.25,24032.23,33030.77,3058.42,1588.69,4351.42,0.1462
250,4,333.83,20589.32,29460.23,3426.07,1807.83,3637.00,0.1362
250,4,386.92,28758.85,36904.56,3024.88,1490.48,3630.35,0.1093
250,4,259.26,15575.61,23799.68,2932.87,1437.77,3853.43,0.1198
250,4,378.22,24789.33,33018.18,2618.85,1301.71,4308.29,0.1239
250,4,299.52,18377.27,26403.09,2554.51,1578.85,3892.46,0.1519
250,4,311.72,21229.39,28548.18,2429.99,1366.55,3522.24,0.1376
250,4,301.16,20334.00,27098.14,1884.85,1237.73,3641.56,0.1163
250,4,314.00,21752.76,28863.77,1903.06,1347.80,3860.16,0.1290
250,4,303.13,20249.38,27191.41,2022.39,1335.01,3584.64,0.1292
250,4,368.28,25971.22,33279.15,2024.72,1346.38,3936.83,0.1245
250,4,261.53,19357.27,25421.16,1304.29,1081.28,3678.31,0.1213
250,4,321.29,22826.19,29773.58,1948.88,1299.11,3699.40,0.1098
250,4,336.89,26227.43,34128.95,2590.85,1510.42,3800.26,0.1133
250,4,311.04,20113.33,28609.26,3039.31,1582.50,3874.11,0.1166
250,4,308.75,22907.10,29452.11,1769.88,1094.06,3681.08,0.0940
250,4,264.77,17416.83,24607.47,1933.60,1226.92,4030.12,0.1268
250,4,335.04,22537.48,31303.28,3503.30,1685.53,3576.98,0.1283
250,4,320.52,19619.42,28115.52,2622.35,1432.54,4441.21,0.1769
250,4,261.66,16645.33,23659.87,2492.83,1369.92,3151.79,0.1325
250,4,418.47,30848.41,38694.34,2543.24,1249.89,4052.80,0.1245
250,4,266.73,17722.77,25511.34,2775.97,1854.70,3157.91,0.1152
250,4,266.57,17526.71,25521.73,2968.71,1534.60,3491.72,0.1356
250,4,288.02,20140.83,26806.76,2172.57,1255.86,3237.51,0.1074
250,4,301.63,20880.23,27685.99,1999.16,1158.14,3648.45,0.1130
250,4,257.95,17158.12,24417.93,3129.90,1338.67,2791.24,0.1042
250,4,343.07,22837.11,31675.55,2822.51,1357.52,4658.41,0.1205
250,4,317.17,21256.33,29148.96,2936.16,1552.44,3404.03,0.1176
250,4,202.83,13080.18,20079.47,2715.78,1354.66,2928.86,0.1215
250,4,341.18,19781.36,29993.30,3817.96,1835.51,4558.47,0.1265
250,4,271.79,18485.76,24995.60,2252.43,1348.73,2908.69,0.1283
250,4,367.75,23461.16,32678.89,3213.58,1517.85,4486.29,0.1445
250,4,388.10,27088.11,36009.55,3256.38,1643.03,4022.03,0.1244
250,4,244.93,13823.84,21447.46,2683.25,1473.44,3466.94,0.1172
250,4,340.82,21730.00,29804.85,2791.75,1549.09,3734.01,0.1056
250,4,286.48,20287.49,28167.23,2679.55,1376.76,3823.44,0.1209
250,4,298.88,22820.15,29919.56,2611.17,1368.80,3119.45,0.1278
250,4,366.33,24509.68,33898.61,3666.24,1738.97,3983.72,0.1318
250,4,310.27,20702.83,28172.00,2394.99,1309.53,3764.65,0.1109
250,4,324.91,20175.87,28107.25,2698.68,1583.34,3649.37,0.1324
250,4,326.92,23162.99,30011.80,1778.67,1066.90,4003.24,0.0971
250,4,344.00,23600.63,30734.87,2136.03,1177.61,3820.60,0.1110
250,4,283.13,20162.03,27606.82,2510.20,1491.77,3442.81,0.1364
250,4,336.38,22932.08,30336.00,2433.42,1368.42,3602.09,0.1337
250,4,313.11,20467.91,28676.17,2346.03,1311.56,4550.67,0.1267
250,4,315.11,23489.27,29943.50,1630.46,1111.46,3712.30,0.1082
250,4,312.31,21819.99,29524.38,3035.21,1489.02,3180.16,0.1217
250,4,319.42,22463.03,29854.58,2414.89,1347.24,3629.43,0.1234
250,4,368.06,25790.25,32938.14,2030.48,1214.08,3903.34,0.0994
250,4,296.63,20997.40,28085.54,1796.72,1760.57,3530.85,0.1614
250,4,379.12,24587.63,32684.13,2577.14,1369.77,4149.58,0.1085
250,4,358.13,24093.10,32872.82,2872.34,1575.64,4331.74,0.1203
250,4,357.46,23094.83,32340.64,3204.33,1834.36,4207.12,0.1350
250,4,331.69,22613.97,31229.15,2547.36,1620.90,4446.91,0.1344
250,4,253.88,15980.40,23969.17,2930.90,1548.70,3509.17,0.1310
250,4,296.36,18967.68,26649.13,2574.54,1452.00,3654.91,0.1491
250,4,341.54,24449.12,31312.53,1647.82,1148.46,4067.13,0.1160
250,4,267.61,18942.20,25706.76,2140.80,1156.47,3467.29,0.1122
250,4,309.34,21902.16,28942.73,2072.96,1368.04,3599.57,0.1066
250,4,391.52,26660.37,34703.82,2398.14,1548.30,4097.01,0.1426
250,4,391.35,27668.20,35824.32,2667.92,1540.23,3947.97,0.1133
250,4,316.65,20113.97,28567.20,3142.87,1547.51,3762.85,0.1190
250,4,307.91,21358.71,29774.70,2739.60,1710.24,3966.15,0.1234
250,4,342.33,24204.36,32224.05,2602.97,1530.63,3886.10,0.1353
250,4,368.69,22775.22,31622.54,3038.01,1448.73,4360.58,0.0981
250,4,308.32,19807.60,28807.50,3794.30,1628.43,3577.18,0.1415
250,4,350.29,24488.07,31882.11,2614.02,1523.23,3256.79,0.1415
250,4,302.49,21491.97,27997.58,2118.63,999.91,3387.07,0.1028
250,4,231.96,18574.87,23944.51,1909.80,974.13,2485.71,0.1239
250,4,292.65,19837.50,27589.04,2884.38,1487.66,3379.50,0.1174
250,4,321.74,22667.99,29607.33,2161.22,1199.05,3579.08,0.1023
250,4,300.48,21747.75,29787.55,2764.27,1428.30,3847.23,0.1056
250,4,331.57,21812.98,29744.89,2663.12,1321.18,3947.61,0.1318
250,4,352.62,25848.75,34329.04,2591.64,1528.10,4360.55,0.0970
250,4,326.73,19977.41,28385.88,2857.67,1461.38,4089.42,0.0959
250,4,370.55,26578.12,34514.64,2061.35,1557.39,4317.79,0.0969
250,4,273.69,19049.26,26534.58,2289.82,1368.60,3826.89,0.1064
250,4,377.03,27355.75,35773.17,2857.02,1600.30,3960.09,0.1244
250,4,236.47,15312.55,21786.16,2417.52,1373.69,2682.40,0.1558
250,4,317.53,21025.23,28343.32,2088.26,1128.97,4100.86,0.0988
250,4,314.56,24975.61,31838.03,2259.23,1212.94,3390.26,0.1291
250,4,270.87,19417.57,25201.39,1808.53,1071.34,2903.94,0.0920
250,4,304.33,16872.49,25647.74,3289.90,1581.64,3903.71,0.1426
250,4,341.21,24378.16,33565.58,2973.14,1677.73,4536.55,0.1286
275,4,243.33,17157.11,23728.44,2206.29,1208.47,3156.57,0.1439
275,4,347.58,23752.64,31703.53,2632.68,1398.18,3920.03,0.1375
275,4,318.87,23954.52,30507.76,1652.37,1132.82,3768.04,0.1322
275,4,290.66,21328.66,28529.17,2561.94,1529.75,3108.82,0.1555
275,4,362.18,24684.17,33727.59,2674.01,1657.80,4711.61,0.1795
275,4,312.09,20901.90,28798.56,2391.67,1416.27,4088.72,0.1130
275,4,321.83,24057.99,31739.17,2165.22,1421.37,4094.60,0.1659
275,4,271.93,18074.38,25462.49,2117.74,1160.67,4109.70,0.1642
275,4,265.56,19681.82,26289.64,1870.12,1100.72,3636.97,0.1237
275,4,304.79,21318.21,28960.00,2498.29,1305.03,3838.46,0.1265
275,4,304.54,20023.79,27537.08,2592.50,1339.62,3581.16,0.1263
275,4,251.11,17442.83,23992.37,2453.58,1315.79,2780.18,0.1215
275,4,341.50,24948.96,33963.22,3787.40,1871.10,3355.75,0.1640
275,4,276.59,17034.05,26267.38,3497.52,1684.03,4051.77,0.1358
275,4,243.21,16407.18,23614.33,2656.33,1326.40,3224.43,0.1349
275,4,374.04,23809.87,32768.33,3465.72,1505.48,3987.25,0.1327
275,4,383.28,25607.38,35344.39,3568.55,1664.08,4504.37,0.1619
275,4,297.07,19920.45,27846.98,2722.60,1715.02,3488.91,0.1340
275,4,374.80,27765.63,35778.86,2983.70,1513.35,3516.18,0.1503
275,4,243.25,16179.24,23746.00,2420.31,1314.44,3832.01,0.1470
275,4,361.42,24558.81,32622.89,2642.84,1331.59,4089.64,0.1705
275,4,288.52,17433.07,25890.56,2920.28,1715.28,3821.93,0.1701
275,4,336.84,23445.70,31083.09,2603.97,1442.16,3591.25,0.1403
275,4,273.14,19563.53,26096.96,1815.75,1215.77,3501.90,0.1374
275,4,296.10,20910.79,29059.93,2707.62,1538.39,3903.13,0.1509
275,4,288.61,21970.64,29019.85,2022.76,1350.33,3676.12,0.1171
275,4,346.08,24341.63,32047.20,2488.53,1457.00,3760.05,0.1260
275,4,273.73,19017.04,25720.31,1857.34,1173.26,3672.68,0.1183
275,4,299.25,23137.28,30207.93,2079.33,1387.23,3604.09,0.1453
275,4,352.20,26606.40,34164.56,2263.34,1467.77,3827.05,0.1391
275,4,297.72,18961.82,27381.28,3202.53,1565.06,3651.86,0.1420
275,4,322.22,22235.11,29304.08,2272.43,1222.50,3574.04,0.1095
275,4,266.07,17690.99,24880.04,2171.93,1230.62,3786.49,0.1336
275,4,325.26,23410.94,31446.14,2878.27,1464.73,3692.21,0.1084
275,4,312.35,20388.60,28371.59,2318.73,1393.50,4270.76,0.1513
275,4,249.60,16965.48,23832.59,2474.51,1333.15,3059.45,0.1327
275,4,382.64,29390.02,37423.17,2698.07,1269.36,4065.73,0.1115
275,4,309.52,20426.99,28373.44,2744.51,1855.93,3346.01,0.1679
275,4,254.68,18927.54,26089.39,2315.00,1353.66,3493.19,0.1281
275,4,258.35,18709.91,25451.73,2365.18,1308.19,3068.44,0.1277
275,4,311.14,22185.64,28676.24,1743.59,1117.98,3629.03,0.1462
275,4,271.15,19077.68,25894.43,2598.53,1239.65,2978.58,0.1554
275,4,368.97,24729.70,34105.16,3059.55,1392.88,4923.03,0.1412
275,4,330.53,21663.76,29896.21,3168.63,1560.71,3503.11,0.1471
275,4,226.16,14421.17,21174.51,2432.65,1313.70,3006.99,0.1618
275,4,341.39,22892.56,31975.27,2867.86,1645.81,4569.05,0.1455
275,4,273.29,19757.42,26373.46,2340.73,1357.19,2918.13,0.1177
275,4,362.17,24076.99,33104.77,3178.26,1505.78,4343.75,0.1351
275,4,379.27,27530.55,35734.95,2803.37,1555.08,3845.95,0.1419
275,4,228.67,14437.68,21927.58,2585.25,1435.74,3468.90,0.1378
275,4,315.08,22531.01,30416.78,2681.19,1509.48,3695.10,0.1447
275,4,304.65,22420.83,30182.55,2521.42,1260.38,3979.92,0.1469
275,4,325.30,24875.93,31819.68,2401.04,1304.41,3238.30,0.1370
275,4,345.08,22189.23,31274.39,3481.01,1790.24,3813.91,0.1610
275,4,299.28,20047.65,27248.41,2330.62,1336.63,3533.51,0.1110
275,4,318.58,20519.77,28194.68,2560.34,1550.24,3564.33,0.1657
275,4,304.04,22599.21,29226.73,1731.96,1094.58,3800.99,0.1143
275,4,344.71,25265.26,32390.95,2067.83,1137.98,3919.88,0.1032
275,4,325.13,22073.86,29703.81,2471.46,1497.62,3660.87,0.1392
275,4,313.96,23306.13,30325.58,2238.10,1321.03,3460.31,0.1305
275,4,309.71,19735.95,28132.08,2686.78,1406.12,4303.23,0.1470
275,4,306.68,23740.96,29890.16,1502.66,1091.83,3554.70,0.1219
275,4,309.89,22333.47,29486.45,2584.07,1360.32,3208.60,0.1364
275,4,354.96,25196.77,32472.80,2084.91,1283.09,3908.03,0.1252
275,4,331.96,24758.80,31779.42,2105.73,1226.89,3688.00,0.1154
275,4,299.64,20603.64,28248.84,2341.73,1853.90,3449.57,0.1608
275,4,338.63,23786.08,31573.98,2495.64,1374.90,3917.35,0.1288
275,4,335.19,23077.16,31112.66,2437.89,1575.69,4021.93,0.1537
275,4,332.86,22736.16,31653.95,3175.38,1820.14,3922.27,0.1515
275,4,320.12,23218.08,31440.94,2201.02,1529.63,4492.20,0.1544
275,4,237.54,15831.21,23412.57,2659.81,1562.70,3358.85,0.1559
275,4,296.30,19821.43,27321.23,2338.64,1398.46,3762.70,0.1390
275,4,304.22,24603.08,31097.92,1432.29,1086.69,3975.86,0.1172
275,4,226.16,17524.63,23349.75,1598.74,1070.99,3155.39,0.1261
275,4,299.24,21146.91,28197.34,2188.48,1390.68,3471.26,0.1245
275,4,369.45,25529.51,33518.68,2429.46,1572.73,3986.98,0.1558
275,4,387.28,26955.26,35343.06,2861.42,1580.02,3946.37,0.1557
275,4,318.56,21342.76,29269.70,2748.27,1452.56,3726.11,0.1404
275,4,332.99,24814.74,32932.31,2403.98,1601.42,4112.17,0.1659
275,4,334.32,23144.38,30802.89,2394.21,1557.32,3706.98,0.1341
275,4,325.97,23468.25,31672.50,2741.18,1348.54,4114.53,0.1581
275,4,315.00,21059.89,29825.20,3578.17,1538.79,3648.35,0.1290
275,4,326.26,22890.61,30506.28,2947.57,1580.60,3087.50,0.1462
275,4,271.92,21068.43,27037.43,1750.05,921.32,3297.63,0.1215
275,4,227.49,18697.55,24022.78,1892.34,967.03,2465.86,0.1054
275,4,326.72,23513.26,31119.31,2581.85,1401.98,3622.22,0.1510
275,4,321.04,24052.06,30115.20,1561.63,1047.05,3454.45,0.1286
275,4,355.34,24010.42,31814.93,2508.85,1394.10,3901.55,0.1300
275,4,311.95,20231.73,27819.87,2544.20,1368.78,3675.15,0.1254
275,4,332.30,24958.31,33082.29,2424.58,1513.46,4185.93,0.1377
275,4,386.73,23722.88,32372.35,2763.53,1397.60,4488.34,0.1358
275,4,332.04,23450.19,31946.40,2601.78,1668.00,4226.42,0.1439
275,4,238.00,18517.49,25032.65,1697.55,1231.62,3585.98,0.1337
275,4,391.42,29361.37,36815.75,2041.69,1409.25,4003.44,0.1429
275,4,226.73,15310.43,21846.47,2448.88,1307.71,2779.46,0.1178
275,4,315.22,20786.07,28296.92,2157.80,1128.58,4224.46,0.1316
275,4,305.30,24372.95,31070.49,2087.60,1204.61,3405.33,0.1404
275,4,311.40,22034.94,27749.14,1710.99,1018.19,2985.02,0.1407
275,4,282.76,17713.27,26507.72,3219.31,1536.85,4038.28,0.1443
275,4,392.00,26555.78,35968.11,3091.68,1690.87,4629.77,0.1454
300,4,290.01,18857.16,26334.00,2802.09,1349.37,3325.39,0.1451
300,4,335.48,23917.83,31619.43,2471.17,1416.64,3813.80,0.1645
300,4,309.32,25032.47,31371.59,1449.08,1130.18,3759.86,0.1538
300,4,303.59,21884.49,29067.12,2519.13,1528.45,3135.05,0.1705
300,4,375.40,28894.36,37455.18,2185.20,1538.46,4837.16,0.2039
300,4,342.39,23653.58,31531.55,2257.71,1368.36,4251.89,0.1474
300,4,359.74,25579.10,34139.84,2705.34,1537.01,4318.39,0.1571
300,4,264.69,19354.96,26043.57,1474.46,1045.97,4168.18,0.1505
300,4,254.02,19307.28,25660.99,1830.36,1132.09,3391.26,0.1536
300,4,319.11,22215.96,29982.08,2459.45,1304.65,4002.02,0.1443
300,4,342.77,22987.01,30996.99,2755.73,1388.68,3865.56,0.1579
300,4,281.70,20367.12,26579.69,2025.76,1265.90,2920.91,0.1374
300,4,364.72,28508.10,36923.69,3232.96,1728.87,3453.76,0.1839
300,4,284.62,17643.92,25902.73,2748.20,1584.90,3925.72,0.1624
300,4,246.07,16824.99,24253.17,2778.76,1416.60,3232.82,0.1553
300,4,334.44,23946.98,32108.08,2741.98,1397.72,4021.41,0.1690
300,4,352.63,24985.09,34029.03,3183.19,1608.75,4252.00,0.1670
300,4,299.90,20780.77,28323.93,2469.25,1630.74,3443.16,0.1501
300,4,365.85,27302.59,34977.43,2766.51,1504.96,3403.37,0.1682
300,4,277.27,17454.51,24861.10,2232.66,1304.12,3869.81,0.1604
300,4,370.54,25564.97,34229.86,2918.42,1407.71,4338.77,0.1362
300,4,325.37,20118.36,29121.77,3181.32,1682.13,4139.95,0.1373
300,4,327.30,23006.84,30311.30,2310.45,1378.06,3615.96,0.1358
300,4,313.44,23218.62,29961.90,1832.31,1198.13,3712.83,0.1252
300,4,303.46,20178.98,28439.38,2949.52,1584.27,3726.61,0.1649
300,4,314.61,22880.83,29826.91,1838.61,1299.81,3807.66,0.1533
300,4,356.66,25035.97,32798.90,2534.32,1477.36,3751.24,0.1350
300,4,276.04,18353.96,25521.78,2263.34,1292.30,3612.18,0.1473
300,4,314.25,23451.14,30610.66,2032.06,1364.42,3763.04,0.1616
300,4,386.29,29065.95,36963.75,2391.66,1458.90,4047.25,0.1973
300,4,291.83,20105.65,27819.37,2629.64,1514.12,3569.96,0.1427
300,4,313.83,22910.38,29908.33,2186.71,1172.22,3639.00,0.1344
300,4,288.45,19732.33,27092.36,2110.78,1230.45,4018.81,0.1495
300,4,352.91,23981.23,32905.15,3607.33,1674.53,3642.07,0.1214
300,4,330.11,22310.20,30509.65,2172.20,1318.28,4708.96,0.1369
300,4,253.38,17784.60,24321.44,2155.76,1283.13,3097.95,0.1301
300,4,426.55,32291.26,40725.36,2967.34,1319.46,4147.30,0.1392
300,4,290.12,19734.81,28046.62,3122.88,1926.14,3262.79,0.1692
300,4,242.48,19118.60,25560.13,1825.35,1242.16,3374.03,0.1391
300,4,245.67,20452.95,26209.64,1675.30,1149.60,2931.80,0.1496
300,4,301.65,20446.75,27545.95,2246.68,1190.99,3661.53,0.1272
300,4,257.28,18556.24,25084.61,2529.41,1227.09,2771.88,0.1433
300,4,337.81,23176.10,31701.18,2705.60,1358.24,4461.25,0.1363
300,4,320.05,22469.96,30478.75,2968.07,1539.60,3501.11,0.1785
300,4,213.51,14572.87,20726.80,2019.73,1266.85,2867.35,0.1495
300,4,332.85,22141.29,31188.46,2860.97,1682.08,4504.12,0.1914
300,4,273.72,19054.64,25836.97,2541.10,1438.81,2802.41,0.1468
300,4,363.87,24193.73,32706.02,2894.94,1405.61,4211.74,0.1401
300,4,396.13,28655.22,37162.80,3023.39,1553.96,3930.22,0.1463
300,4,237.29,15464.97,22603.72,2264.53,1409.08,3465.14,0.1812
300,4,329.78,23081.40,31178.03,2802.76,1548.65,3745.22,0.1594
300,4,315.84,21829.61,29680.51,2701.10,1325.26,3824.53,0.1287
300,4,342.78,27058.56,33929.07,2229.84,1276.78,3363.88,0.1376
300,4,365.25,25509.57,34595.37,3395.53,1742.82,3947.44,0.1636
300,4,290.12,20562.71,27465.97,2034.71,1316.96,3551.59,0.1351
300,4,322.11,21948.83,29175.58,2217.15,1518.17,3491.42,0.1355
300,4,331.80,23755.46,30236.17,1590.73,1025.11,3864.88,0.1308
300,4,371.05,25406.21,33317.19,2684.93,1248.61,3977.44,0.1504
300,4,326.41,22820.31,30132.34,2302.92,1459.97,3549.13,0.1929
300,4,333.05,24747.63,31734.69,1999.64,1315.95,3671.47,0.1330
300,4,332.23,21032.28,28867.85,2080.57,1327.99,4427.01,0.1481
300,4,310.16,23054.74,29451.24,1697.32,1151.13,3548.05,0.1295
300,4,312.21,23950.65,31057.77,2533.20,1349.48,3224.43,0.1405
300,4,314.79,23323.23,30621.15,2352.57,1377.57,3567.78,0.1832
300,4,328.51,24024.13,31382.41,2408.40,1251.27,3698.62,0.1446
300,4,295.02,20972.23,28737.38,2436.94,1851.44,3476.76,0.1785
300,4,349.04,24031.22,32190.48,2780.33,1447.53,3931.39,0.1387
300,4,391.46,25493.86,33272.87,2081.90,1529.92,4167.18,0.1485
300,4,348.26,23217.99,32744.16,3483.99,1925.55,4116.62,0.1735
300,4,333.72,23319.34,31634.03,2267.99,1582.98,4463.72,0.1549
300,4,263.21,17702.38,25410.75,2603.31,1524.70,3580.36,0.1681
300,4,281.52,19572.48,26272.60,1840.66,1300.38,3559.08,0.1518
300,4,313.88,24227.53,31011.10,1733.67,1130.57,3919.33,0.1521
300,4,267.94,18275.04,25055.75,2281.49,1225.46,3273.76,0.1452
300,4,324.81,24133.87,30959.06,1708.84,1297.94,3818.40,0.1536
300,4,387.80,27293.42,35017.58,2303.95,1539.94,3880.28,0.1577
300,4,393.54,28716.99,36546.17,2410.31,1475.09,3943.78,0.1396
300,4,296.70,20892.72,28465.79,2615.85,1439.31,3517.90,0.1692
300,4,352.64,24661.28,33702.04,3177.61,1762.09,4101.06,0.1524
300,4,330.33,25630.76,32931.79,2098.46,1438.58,3763.99,0.1318
300,4,319.21,22450.32,29855.12,2197.20,1238.93,3968.66,0.1394
300,4,305.61,19674.33,28635.16,3835.69,1612.12,3513.02,0.1597
300,4,328.19,23445.78,30841.48,2760.13,1583.81,3051.75,0.1427
300,4,277.11,21317.00,27079.06,1565.16,934.66,3262.24,0.1420
300,4,247.88,21428.05,26085.83,1215.12,812.84,2629.82,0.1291
300,4,322.65,23099.64,30093.22,2135.25,1360.37,3497.96,0.1473
300,4,306.91,22818.52,28704.80,1538.31,1127.40,3220.57,0.1426
300,4,362.44,25601.87,33878.62,2738.87,1442.58,4095.30,0.1536
300,4,320.79,22452.17,30146.84,2659.34,1356.19,3679.14,0.1298
300,4,349.89,26789.59,34972.19,2484.36,1438.39,4259.85,0.1616
300,4,373.97,24102.69,32369.40,2590.18,1366.26,4310.28,0.1527
300,4,348.26,26614.82,35012.23,2480.13,1561.52,4355.75,0.1681
300,4,291.21,19901.11,27175.95,2199.49,1322.86,3752.49,0.1643
300,4,423.21,29781.39,37455.35,2196.98,1472.03,4004.95,0.1402
300,4,237.26,14069.19,21397.76,3173.73,1446.02,2708.83,0.1414
300,4,302.01,20933.68,27736.60,1866.53,1097.92,3838.47,0.1292
300,4,310.18,25213.34,32110.97,2302.71,1221.65,3373.27,0.1490
300,4,295.11,22476.74,28064.17,1600.56,1002.53,2984.34,0.1301
300,4,276.24,18053.68,26212.33,2866.90,1507.57,3784.18,0.1238
300,4,387.47,27766.72,37800.12,3441.30,1746.06,4846.04,0.1497
325,4,303.03,19920.45,27532.69,2719.54,1264.78,3627.92,0.1744
325,4,336.12,23840.06,31660.07,2616.28,1490.60,3713.13,0.1688
325,4,343.80,25026.31,32386.53,2167.52,1292.22,3900.48,0.1710
325,4,305.42,21447.26,28364.52,2409.97,1502.36,3004.94,0.1768
325,4,400.30,29629.06,38011.23,1987.25,1523.67,4871.25,0.1535
325,4,310.11,22475.94,29428.20,1680.71,1288.93,3982.61,0.1473
325,4,382.63,27515.33,36543.45,2954.31,1537.44,4536.36,0.1739
325,4,252.74,17757.57,24720.78,2001.87,1176.78,3784.56,0.1957
325,4,270.44,21253.07,27724.82,1718.97,1084.03,3668.74,0.1644
325,4,306.40,23389.03,30422.56,1953.43,1237.02,3843.07,0.1676
325,4,326.41,22232.08,30146.53,2799.82,1377.69,3736.95,0.1492
325,4,284.02,20334.63,26148.44,1762.94,1213.97,2836.90,0.1394
325,4,373.31,28185.38,37228.33,3549.46,1861.65,3631.84,0.1987
325,4,293.12,19762.94,28088.42,2641.97,1596.32,4087.19,0.1695
325,4,261.14,16840.85,24389.97,2917.18,1410.04,3221.90,0.1625
325,4,341.26,24131.63,32459.42,2951.20,1429.43,3947.17,0.1440
325,4,378.76,25658.47,34177.72,2669.75,1534.87,4314.62,0.1802
325,4,324.17,21923.26,29346.25,2370.26,1617.54,3435.19,0.1586
325,4,397.75,30015.88,37769.88,2744.45,1434.57,3574.99,0.1827
325,4,258.09,17064.25,24169.13,2090.86,1304.23,3709.78,0.1405
325,4,377.21,26759.24,35363.76,2922.26,1413.27,4268.99,0.1736
325,4,304.01,20928.97,29041.88,2603.03,1559.03,3950.85,0.1682
325,4,341.84,25719.45,32615.58,1974.08,1295.05,3627.00,0.1658
325,4,318.39,22227.42,29115.61,1948.46,1229.11,3710.63,0.1453
325,4,324.53,22090.97,30395.18,2938.80,1618.90,3746.51,0.1740
325,4,312.64,21963.00,29358.67,2375.82,1405.28,3614.57,0.1557
325,4,349.63,25299.32,32508.40,2058.49,1424.69,3725.90,0.1595
325,4,290.22,21717.06,28719.87,1922.72,1190.18,3889.91,0.1319
325,4,323.68,24551.28,31481.32,1930.64,1314.20,3685.19,0.1489
325,4,368.59,29421.77,36938.10,2148.88,1420.19,3947.27,0.1575
325,4,305.49,20689.09,28741.19,2864.38,1587.42,3600.31,0.1628
325,4,340.76,25885.77,32781.15,1957.20,1105.39,3832.79,0.1317
325,4,257.26,19001.61,25908.33,1732.41,1182.33,3991.98,0.1724
325,4,316.87,25589.61,33104.22,2422.17,1410.54,3681.90,0.1621
325,4,322.47,21735.33,29337.59,1921.49,1308.43,4372.35,0.1546
325,4,266.07,18318.84,25387.95,2568.56,1353.09,3147.47,0.1537
325,4,424.35,35001.25,42952.32,2449.50,1222.49,4279.08,0.1395
325,4,311.93,21571.25,29733.85,2938.79,1887.55,3336.26,0.1840
325,4,275.92,19853.92,27240.83,2495.45,1364.21,3527.25,0.1619
325,4,257.18,19979.20,26059.56,1885.38,1205.04,2989.94,0.1751
325,4,312.89,21549.48,28313.66,2035.74,1171.09,3557.36,0.1420
325,4,275.21,19608.27,26071.91,2382.20,1207.20,2874.23,0.1386
325,4,350.14,24348.88,32979.31,2824.37,1374.65,4431.41,0.1432
325,4,294.33,21431.36,28840.61,2600.58,1460.29,3348.37,0.1539
325,4,240.32,16478.74,22898.40,2155.66,1220.26,3043.74,0.1543
325,4,342.84,23210.20,32090.62,2755.59,1637.01,4487.81,0.1981
325,4,262.34,18965.62,25207.37,2107.49,1388.20,2746.07,0.1800
325,4,361.66,25297.30,33388.30,2424.12,1366.05,4300.82,0.1873
325,4,386.20,28274.38,36054.32,2469.12,1491.74,3819.08,0.1692
325,4,229.91,15975.22,22905.70,2073.68,1356.56,3500.24,0.1592
325,4,345.40,23289.13,31916.09,3322.32,1630.80,3673.84,0.1861
325,4,300.54,22829.31,29913.96,2044.68,1219.07,3820.90,0.1369
325,4,327.79,25407.12,32083.61,2201.21,1286.09,3189.18,0.1463
325,4,370.18,26423.70,35350.34,3300.36,1646.18,3980.10,0.1713
325,4,318.00,22587.15,29341.63,1788.82,1236.67,3728.99,0.1726
325,4,285.51,20788.11,27586.50,2056.19,1521.87,3220.32,0.1552
325,4,322.60,26041.14,32253.71,1135.05,940.95,4136.57,0.1403
325,4,391.36,28478.53,36361.55,2407.38,1152.54,4323.09,0.1368
325,4,310.33,22175.35,29017.45,2064.37,1480.31,3297.42,0.1670
325,4,332.24,24293.09,31434.18,2153.35,1312.07,3675.66,0.1369
325,4,319.76,23127.96,30532.16,1623.69,1204.60,4575.90,0.1506
325,4,329.38,24158.24,30490.63,1666.70,1135.16,3530.53,0.1455
325,4,332.15,25587.15,32084.82,2031.43,1202.21,3264.04,0.1564
325,4,358.46,26248.80,33431.20,2079.48,1265.09,3837.83,0.1997
325,4,354.67,25967.27,32888.23,1941.09,1188.66,3791.21,0.1479
325,4,315.58,21031.43,29408.71,2806.29,1969.81,3601.17,0.2200
325,4,312.99,22783.60,30293.39,2517.63,1409.58,3582.58,0.1845
325,4,363.60,25629.74,33671.16,2329.49,1550.65,4161.28,0.1987
325,4,378.55,25591.80,34721.28,3145.48,1849.53,4134.47,0.2129
325,4,359.82,24322.56,32968.42,2529.18,1665.22,4451.46,0.1676
325,4,264.30,18133.11,25657.14,2567.69,1444.67,3511.67,0.1581
325,4,290.59,20638.82,27028.73,1624.34,1249.54,3516.02,0.1673
325,4,380.70,29119.20,36278.31,1764.06,1151.82,4243.23,0.1439
325,4,279.05,19404.37,26268.74,2253.09,1236.04,3375.24,0.1512
325,4,320.43,24171.70,31285.29,2001.33,1364.18,3748.07,0.1495
325,4,381.93,27176.92,35172.51,2355.36,1554.68,4085.55,0.1971
325,4,380.08,29650.33,37157.78,2176.86,1452.24,3878.35,0.1974
325,4,289.73,19727.26,26854.54,2385.14,1399.45,3342.69,0.1753
325,4,323.82,24422.92,32981.06,2785.60,1745.65,4026.89,0.1902
325,4,364.39,26201.65,33596.97,2096.83,1471.10,3827.40,0.1703
325,4,328.84,23155.21,30859.44,2446.44,1357.92,3899.87,0.1245
325,4,343.94,22476.67,32566.98,4577.17,1774.06,3739.08,0.1578
325,4,364.36,26858.95,34040.47,2475.64,1465.47,3240.41,0.1769
325,4,255.88,22297.67,27383.44,1103.84,859.33,3122.59,0.1352
325,4,243.67,20469.43,25368.82,1433.23,859.45,2606.71,0.1655
325,4,340.12,25185.09,32028.53,1853.71,1301.14,3688.59,0.1834
325,4,343.38,25941.06,32230.10,1600.11,1081.54,3607.40,0.1722
325,4,340.07,24232.56,32312.90,2679.09,1435.48,3965.77,0.1937
325,4,337.36,23997.16,31035.76,2021.65,1257.35,3759.59,0.1401
325,4,363.47,26641.64,34852.43,2445.66,1487.36,4277.77,0.2025
325,4,365.44,24241.62,32662.91,2582.32,1377.15,4461.82,0.1442
325,4,353.40,27749.05,35336.96,1819.71,1505.59,4262.60,0.1477
325,4,289.86,20799.76,28394.62,2376.90,1360.46,3857.50,0.1489
325,4,411.76,32023.05,40306.94,2458.55,1487.68,4337.66,0.1753
325,4,248.38,16298.92,22935.03,2565.39,1346.67,2724.05,0.1380
325,4,308.90,22588.57,29703.38,1943.04,1076.23,4095.55,0.1397
325,4,317.61,25166.92,32664.65,2771.77,1366.97,3358.99,0.1334
325,4,272.25,20924.84,26539.03,1713.65,1036.44,2864.10,0.1638
325,4,263.08,18439.11,25760.88,2220.15,1382.94,3718.68,0.1235
325,4,398.70,27163.47,36697.18,3052.70,1689.46,4791.55,0.1588
350,4,298.19,21128.47,28031.49,2256.93,1194.96,3451.14,0.1781
350,4,343.28,25238.68,32693.96,2256.54,1390.43,3808.32,0.1833
350,4,310.11,23535.60,30377.20,2009.52,1287.66,3544.43,0.1814
350,4,309.61,22498.17,30093.95,2900.94,1582.05,3112.80,0.1834
350,4,402.35,30057.28,38280.46,1862.34,1489.98,4870.86,0.1818
350,4,326.11,22330.41,30501.17,2729.75,1491.87,3949.14,0.1416
350,4,387.11,27421.77,35876.27,2605.32,1510.71,4338.47,0.1886
350,4,300.62,19783.61,27737.90,2421.78,1210.62,4321.89,0.1913
350,4,270.83,21063.88,27805.11,2058.81,1159.42,3522.99,0.1649
350,4,348.04,25487.12,33167.97,2198.71,1271.76,4210.39,0.1861
350,4,326.39,21969.21,30134.05,2980.79,1385.38,3798.67,0.1556
350,4,287.53,21408.86,27837.63,2191.72,1271.88,2965.17,0.1469
350,4,310.47,25479.81,33119.05,2804.70,1724.19,3110.36,0.2064
350,4,273.27,17993.70,26144.91,2787.14,1638.61,3725.46,0.1845
350,4,268.75,18203.36,25194.56,2457.97,1318.88,3214.35,0.1706
350,4,360.55,24606.04,33220.53,3323.18,1522.07,3769.24,0.1605
350,4,383.66,27535.37,35907.02,2561.50,1538.48,4271.67,0.2128
350,4,310.79,23701.25,30808.93,2038.21,1537.03,3532.43,0.1654
350,4,387.75,29645.35,37184.86,2635.49,1479.36,3424.67,0.1721
350,4,238.96,18154.31,24877.50,1818.19,1209.51,3695.49,0.1656
350,4,360.25,26714.60,34901.11,2492.47,1337.62,4356.44,0.1676
350,4,307.48,21519.84,29878.28,2707.32,1575.46,4075.66,0.1643
350,4,332.71,26102.59,32625.37,1722.06,1302.91,3497.81,0.1386
350,4,295.02,20601.15,27106.39,1920.81,1239.01,3345.41,0.1830
350,4,319.62,22616.40,30370.31,2430.66,1544.12,3779.14,0.1673
350,4,314.30,23419.87,30525.48,2066.41,1322.04,3717.16,0.1748
350,4,353.09,25614.89,33294.09,2511.69,1468.23,3699.28,0.1921
350,4,264.29,20270.49,26899.19,1804.72,1205.16,3618.84,0.1768
350,4,328.53,24176.61,31834.77,2409.17,1368.68,3880.31,0.1956
350,4,391.25,30208.18,37503.88,1966.04,1422.99,3906.67,0.1721
350,4,291.81,21262.70,28838.94,2519.76,1504.01,3552.47,0.1705
350,4,347.03,24624.90,31606.49,1994.95,1148.79,3837.85,0.1611
350,4,258.35,18521.06,25386.39,1864.82,1260.84,3739.68,0.1630
350,4,315.67,24828.13,31793.01,1995.27,1396.65,3572.96,0.1641
350,4,311.53,21792.37,29714.29,2271.06,1392.50,4258.36,0.1800
350,4,265.29,18664.70,25365.64,2283.29,1311.88,3105.76,0.1786
350,4,361.38,30525.33,37469.59,1974.71,1145.46,3824.10,0.1645
350,4,287.08,19677.89,27341.43,2660.10,1864.10,3139.35,0.1903
350,4,274.24,21157.26,28439.84,2423.69,1342.51,3516.38,0.1535
350,4,279.77,21107.46,27537.16,2068.50,1234.53,3126.67,0.1545
350,4,318.11,23872.31,29750.96,1150.63,1026.61,3701.41,0.1808
350,4,271.86,20188.08,26397.26,2202.81,1138.08,2868.29,0.1441
350,4,393.07,26860.61,35843.03,2750.96,1393.54,4837.92,0.1624
350,4,318.38,23635.30,30942.58,2437.54,1389.37,3480.38,0.2101
350,4,238.84,15924.94,22884.46,2637.57,1325.26,2996.68,0.1572
350,4,343.24,21936.82,31485.47,3391.37,1750.62,4406.66,0.2187
350,4,275.27,20935.18,27125.71,2021.41,1286.97,2882.15,0.1709
350,4,354.82,25594.07,33713.24,2596.52,1347.70,4174.94,0.1584
350,4,389.80,29331.54,37539.17,2777.77,1539.89,3889.98,0.2207
350,4,242.63,15972.22,22977.92,2103.21,1423.91,3478.57,0.1856
350,4,330.47,23939.34,31874.03,2714.07,1507.44,3713.18,0.1936
350,4,286.47,21962.67,28823.49,2024.67,1239.76,3596.40,0.1613
350,4,349.01,27553.65,34397.31,2287.49,1286.35,3269.82,0.1817
350,4,361.88,26375.37,35149.17,3254.99,1691.75,3827.07,0.1829
350,4,309.46,21808.87,28698.65,2026.49,1282.57,3580.73,0.1728
350,4,333.84,23901.82,30845.52,1972.25,1478.00,3493.44,0.1896
350,4,338.59,25438.19,32153.66,1791.96,1098.48,3825.04,0.1553
350,4,320.78,25564.58,32191.71,1747.20,1081.48,3798.46,0.1309
350,4,308.53,23002.08,30232.16,2262.34,1478.36,3489.38,0.1742
350,4,320.42,24820.61,31825.94,2141.98,1328.48,3534.87,0.1480
350,4,295.32,21259.33,28657.54,1909.58,1269.08,4219.55,0.1701
350,4,289.95,23596.64,29683.05,1535.74,1147.37,3403.30,0.1852
350,4,322.35,25900.16,32322.44,1919.58,1200.62,3302.08,0.1657
350,4,339.11,26883.51,33955.83,2033.82,1255.67,3782.83,0.1520
350,4,358.95,26616.75,33096.18,1709.66,1145.13,3624.65,0.1709
350,4,285.99,20056.63,27860.82,2602.42,1857.81,3343.95,0.2283
350,4,303.91,23014.84,30161.59,2243.38,1360.92,3542.45,0.1444
350,4,391.68,26429.86,34738.04,2506.53,1589.10,4212.55,0.1733
350,4,362.24,24345.75,33200.24,3071.18,1819.76,3963.55,0.2145
350,4,341.31,24666.24,32621.52,1976.10,1549.94,4429.25,0.1618
350,4,270.64,18568.58,26022.76,2514.95,1486.97,3452.25,0.1675
350,4,294.13,20713.49,27926.12,2216.92,1333.79,3661.91,0.1663
350,4,359.25,26979.46,33599.92,1601.76,1157.84,3860.86,0.1950
350,4,266.71,19881.34,26363.88,2066.01,1166.92,3249.62,0.1483
350,4,313.86,23544.41,30628.19,1969.17,1361.88,3752.73,0.1527
350,4,414.15,29117.12,37398.68,2648.68,1591.86,4041.02,0.1933
350,4,427.92,31126.44,39283.37,2598.21,1530.23,4028.50,0.1707
350,4,310.91,21494.82,28948.21,2472.89,1387.39,3593.11,0.1673
350,4,352.35,25188.61,33150.74,2280.64,1623.13,4058.36,0.2179
350,4,323.18,24411.42,31637.21,2111.26,1537.32,3577.20,0.1977
350,4,350.63,25739.79,33120.90,2027.43,1260.37,4093.32,0.1636
350,4,349.35,23992.06,32771.83,3525.28,1551.17,3703.32,0.1699
350,4,334.67,24396.24,31455.38,2555.89,1503.32,2999.92,0.1955
350,4,263.53,22731.38,27688.18,969.39,804.89,3182.53,0.1245
350,4,252.86,20905.75,26118.32,1669.60,953.61,2589.35,0.1500
350,4,344.14,24326.75,31692.29,2408.22,1406.93,3550.40,0.2058
350,4,309.93,25995.71,31402.65,1051.25,984.60,3371.08,0.1828
350,4,336.38,25660.57,33626.04,2552.31,1419.48,3993.69,0.2033
350,4,369.34,25763.83,33395.07,2305.51,1285.42,4040.31,0.2044
350,4,338.46,27036.57,34682.36,2113.64,1426.12,4106.02,0.1932
350,4,364.01,23226.73,31543.72,2782.61,1444.59,4089.79,0.1640
350,4,379.09,29567.23,37387.23,1984.29,1477.78,4357.92,0.1661
350,4,306.55,23244.60,30387.79,1942.90,1257.57,3942.73,0.1591
350,4,413.99,30374.32,38403.46,2480.98,1521.37,4026.79,0.1897
350,4,248.49,16386.85,23411.88,2940.79,1419.86,2664.38,0.1591
350,4,303.61,22107.17,28504.28,1535.74,1057.18,3804.19,0.1676
350,4,345.00,27471.18,35122.44,2711.66,1322.82,3616.78,0.1580
350,4,293.57,22254.58,27653.76,1438.48,990.32,2970.38,0.1567
350,4,291.68,18965.81,26800.75,2579.67,1438.31,3816.95,0.1730
350,4,381.47,27763.31,36996.98,2931.04,1674.40,4628.22,0.1938
375,4,290.61,20149.63,27379.08,2524.64,1228.36,3476.46,0.1700
375,4,325.91,26349.25,33622.17,2077.74,1294.02,3901.15,0.1763
375,4,355.90,27349.03,34358.26,1931.54,1217.31,3860.39,0.1946
375,4,297.15,21852.53,29064.23,2707.43,1562.95,2941.32,0.2163
375,4,411.61,30707.44,38664.92,1645.67,1467.68,4844.14,0.2234
375,4,304.20,22283.75,29354.99,1925.20,1351.49,3794.54,0.1799
375,4,380.00,27533.06,36130.84,2749.75,1475.46,4372.56,0.2146
375,4,273.74,18761.40,26405.70,2379.71,1220.95,4043.63,0.2151
375,4,279.01,22639.64,28570.59,1308.36,1000.98,3621.61,0.1620
375,4,307.03,23746.44,30480.69,1742.42,1202.64,3789.19,0.1837
375,4,356.77,24955.00,32234.83,2218.54,1233.45,3827.84,0.1721
375,4,278.72,20730.53,26909.76,2124.16,1256.49,2798.59,0.1691
375,4,367.21,28249.14,36794.96,3363.69,1828.42,3353.71,0.1888
375,4,290.14,19696.38,28285.26,2977.50,1607.65,4003.72,0.2080
375,4,216.16,16227.68,22069.16,1745.92,1242.57,2853.00,0.1970
375,4,354.62,25348.19,33649.08,2926.77,1407.28,3966.84,0.1832
375,4,394.35,26882.39,35745.81,2952.57,1619.36,4291.48,0.2223
375,4,318.03,23124.03,30489.37,2201.44,1646.40,3517.51,0.1928
375,4,406.09,30589.33,38178.03,2582.54,1439.28,3566.88,0.1922
375,4,245.30,17473.85,23849.83,1607.54,1165.76,3602.68,0.1704
375,4,398.89,30318.41,38308.66,2323.97,1247.25,4419.03,0.1716
375,4,336.86,21847.02,30179.49,2630.63,1593.25,4108.61,0.1916
375,4,315.42,25711.70,32462.45,1856.71,1278.21,3615.83,0.1671
375,4,328.23,23659.83,30672.82,2051.82,1248.28,3712.88,0.1912
375,4,316.53,24174.70,31650.99,2288.03,1447.33,3740.92,0.1910
375,4,307.04,23028.90,29434.40,1646.67,1262.61,3496.22,0.2018
375,4,356.12,26436.16,33282.60,1908.78,1362.25,3575.40,0.2288
375,4,279.59,22199.81,28733.43,1711.17,1137.87,3684.58,0.1626
375,4,329.86,24952.37,32387.65,2396.90,1408.86,3629.52,0.1623
375,4,380.52,29417.25,36902.73,2231.89,1460.39,3793.20,0.1882
375,4,302.32,22113.82,30322.14,2874.38,1556.54,3777.40,0.1996
375,4,325.49,25903.13,33095.00,2177.07,1139.96,3874.85,0.1561
375,4,308.87,21580.59,29024.05,1999.64,1214.83,4228.99,0.1707
375,4,339.13,26344.04,34097.97,2632.97,1495.92,3625.03,0.2102
375,4,344.62,23672.15,31964.90,2279.41,1390.76,4622.58,0.1739
375,4,265.51,20144.80,26560.02,1988.20,1242.95,3184.06,0.1587
375,4,369.43,31850.77,39087.30,2156.19,1227.76,3852.58,0.1816
375,4,301.57,22469.44,30018.19,2379.70,1802.16,3366.89,0.2017
375,4,284.66,21315.49,28674.17,2438.07,1392.26,3528.34,0.1994
375,4,265.91,20512.17,27034.41,2145.86,1260.43,3115.96,0.1807
375,4,301.88,22450.22,28092.68,1160.48,1060.57,3421.42,0.2139
375,4,261.15,20784.83,26970.01,2244.31,1134.23,2806.63,0.1776
375,4,392.29,27029.24,36251.91,3073.14,1429.33,4720.19,0.1812
375,4,327.35,23515.29,30978.26,2711.32,1450.70,3300.95,0.1760
375,4,224.57,15855.28,21959.14,2011.19,1197.67,2895.00,0.1999
375,4,333.15,23041.12,31910.94,2966.03,1637.55,4266.24,0.2103
375,4,244.27,20454.45,26227.90,1758.28,1242.09,2773.09,0.1869
375,4,376.08,26117.51,34670.16,2845.89,1457.22,4249.53,0.1869
375,4,448.95,30246.04,40108.80,3921.59,1793.30,4147.88,0.1934
375,4,234.20,16973.79,23522.20,1706.18,1308.59,3533.64,0.1917
375,4,352.69,25101.46,32780.61,2458.16,1479.55,3741.44,0.1894
375,4,306.48,22774.87,29431.08,1861.57,1236.83,3557.81,0.1652
375,4,355.83,28524.52,35436.41,2182.87,1276.38,3452.63,0.1871
375,4,423.03,28678.06,38369.29,3684.39,1778.43,4228.42,0.1935
375,4,313.09,22402.54,29520.19,2089.44,1319.12,3709.09,0.1977
375,4,310.62,22125.20,29230.40,2135.95,1539.84,3429.41,0.2085
375,4,284.22,22527.50,28374.97,1473.77,1059.94,3313.77,0.1845
375,4,357.12,29087.49,35926.97,1703.30,1060.91,4075.27,0.1846
375,4,323.63,24439.51,31518.83,2142.70,1433.04,3503.58,0.2004
375,4,352.45,27918.31,34874.71,1909.84,1232.51,3814.05,0.1772
375,4,329.61,22530.04,30685.36,2348.94,1350.78,4455.61,0.1746
375,4,277.29,23517.44,29008.75,1207.64,1124.36,3159.31,0.1648
375,4,310.10,23955.03,30239.66,2012.65,1267.02,3004.96,0.1615
375,4,307.19,26194.90,32844.75,1886.05,1249.59,3514.21,0.1655
375,4,329.14,26743.90,33216.55,1692.51,1195.49,3584.64,0.1384
375,4,316.95,21791.85,29948.48,2710.35,1928.24,3518.04,0.2271
375,4,345.91,25647.28,32901.99,2126.64,1331.53,3796.54,0.1992
375,4,385.81,26696.08,35110.61,2535.08,1593.00,4286.44,0.1782
375,4,371.76,25922.35,34651.64,2899.20,1834.00,3996.08,0.1968
375,4,360.79,24568.46,33050.70,2463.51,1619.97,4398.76,0.2048
375,4,269.35,17247.80,24896.65,2748.16,1566.73,3333.96,0.1940
375,4,294.04,21396.76,28138.76,1861.72,1263.73,3616.56,0.1987
375,4,345.65,29485.48,36093.63,1331.01,1055.61,4221.53,0.1867
375,4,275.85,19224.03,25759.97,2076.45,1210.88,3248.61,0.1943
375,4,311.62,23246.57,30308.58,2198.60,1395.32,3468.09,0.1624
375,4,382.82,28122.62,36328.77,2605.73,1611.23,3989.18,0.1829
375,4,420.37,32169.17,40546.16,2748.10,1515.42,4113.46,0.1722
375,4,314.04,22511.88,29849.52,2293.21,1378.21,3666.23,0.1697
375,4,345.97,25993.07,34668.94,2790.57,1744.14,4141.15,0.1815
375,4,357.04,25670.80,33751.07,2680.53,1604.21,3795.54,0.1777
375,4,341.28,25439.56,33176.69,2295.89,1295.29,4145.96,0.1989
375,4,318.03,23306.22,31632.38,3307.85,1501.95,3516.36,0.1945
375,4,358.76,28934.78,35772.65,2168.97,1413.58,3255.32,0.1783
375,4,288.99,25523.66,30771.57,1044.62,835.77,3367.51,0.1604
375,4,240.64,20455.15,25555.40,1668.49,936.88,2494.88,0.1649
375,4,317.90,23683.88,30282.86,1862.85,1339.54,3396.59,0.1971
375,4,315.43,25657.05,31457.79,1360.96,1040.75,3399.04,0.1674
375,4,354.25,27813.21,35610.09,2335.51,1359.64,4101.73,0.2054
375,4,309.83,23584.31,30752.40,2252.06,1269.30,3646.72,0.2000
375,4,369.60,29565.51,36882.93,1707.60,1371.19,4238.62,0.1706
375,4,323.74,23180.63,30507.64,1932.39,1260.94,4133.68,0.1951
375,4,361.22,27804.00,35705.80,2017.76,1529.94,4354.09,0.1738
375,4,286.14,22074.27,28955.60,1921.04,1260.45,3699.84,0.1947
375,4,415.24,31013.62,39045.18,2419.41,1535.31,4076.84,0.1842
375,4,230.54,18205.17,24213.83,1992.28,1216.13,2800.25,0.1793
375,4,310.93,23262.89,29434.24,1331.30,1011.33,3828.72,0.1785
375,4,335.83,27261.90,35011.33,2887.54,1371.90,3489.99,0.1790
375,4,296.77,24855.78,30038.51,1225.60,916.47,3040.67,0.1445
375,4,285.36,17881.89,26451.54,3239.87,1560.19,3769.59,0.1439
375,4,384.29,28424.63,37112.84,2597.37,1583.32,4507.51,0.1588
400,4,300.40,21121.79,28541.72,2685.40,1288.01,3446.52,0.2191
400,4,346.77,25909.60,33478.24,2352.93,1398.91,3816.80,0.2016
400,4,369.70,25641.68,33034.20,2369.38,1311.21,3711.93,0.1764
400,4,307.27,23759.51,30508.68,2303.87,1464.48,2980.81,0.2256
400,4,400.41,30823.41,39104.05,1896.31,1480.34,4903.98,0.2318
400,4,313.87,24251.85,31208.34,1623.85,1223.92,4108.71,0.1803
400,4,369.35,26905.26,35409.47,2707.34,1516.46,4280.40,0.2236
400,4,287.92,20297.54,27283.36,1777.45,1077.49,4130.88,0.2142
400,4,266.42,21408.74,27157.26,1318.09,1030.60,3399.83,0.1719
400,4,339.89,24780.56,32053.97,2020.46,1231.10,4021.85,0.1576
400,4,345.18,25399.25,32633.46,2136.00,1272.92,3825.28,0.1980
400,4,244.54,19289.43,24949.80,1760.24,1193.66,2706.46,0.2002
400,4,324.22,26337.67,34906.38,3490.45,1854.36,3223.91,0.2323
400,4,281.49,17952.66,26508.85,3158.99,1651.19,3746.01,0.1821
400,4,243.06,18225.26,24636.24,2080.01,1226.53,3104.44,0.2116
400,4,376.07,26577.86,34519.16,2621.97,1349.25,3970.08,0.1853
400,4,386.37,26668.05,35560.43,3072.16,1609.78,4210.44,0.2522
400,4,314.94,22451.73,29991.36,2400.69,1612.10,3526.85,0.1900
400,4,431.61,34210.00,41583.07,2332.73,1383.30,3657.04,0.1927
400,4,246.77,17538.54,23991.64,1701.28,1238.27,3513.56,0.1839
400,4,375.98,29766.65,36838.48,1688.78,1158.41,4224.64,0.2181
400,4,323.53,22057.43,29958.72,2441.37,1550.50,3909.43,0.1916
400,4,323.49,25181.00,31745.82,1730.52,1250.77,3583.52,0.1733
400,4,335.39,24201.82,30773.80,1753.01,1206.48,3612.49,0.1629
400,4,314.96,23856.30,31459.37,2332.90,1532.56,3737.61,0.2293
400,4,331.52,24012.95,31029.20,2055.94,1333.65,3626.66,0.1942
400,4,350.32,26347.49,33368.81,1951.56,1382.62,3687.13,0.1983
400,4,283.93,22554.49,28585.63,1319.06,1080.18,3631.89,0.2261
400,4,327.87,28005.09,35158.23,1950.13,1274.41,3928.60,0.2065
400,4,385.97,30042.96,36847.47,1710.25,1338.69,3755.56,0.1958
400,4,308.22,21622.24,29149.78,2443.11,1498.01,3586.43,0.2046
400,4,335.78,26119.34,32796.49,1807.71,1115.34,3754.10,0.1779
400,4,289.96,20877.93,27889.97,1795.59,1170.17,4046.28,0.1853
400,4,317.99,25940.00,33650.74,2652.39,1435.35,3623.00,0.1739
400,4,349.69,23466.36,32014.48,2596.66,1396.31,4555.15,0.1890
400,4,253.44,18881.00,25080.72,1941.83,1274.99,2982.89,0.1938
400,4,411.54,32807.39,40351.02,2360.38,1240.63,3942.63,0.1995
400,4,299.19,20748.47,28940.02,3026.59,1932.80,3232.16,0.2263
400,4,300.44,22432.09,29374.14,2047.40,1307.14,3587.51,0.1805
400,4,301.37,22922.56,29193.41,1895.12,1236.89,3138.84,0.2288
400,4,303.28,23381.86,28976.85,1087.81,1000.95,3506.23,0.1749
400,4,246.42,18690.65,24790.39,2288.53,1194.59,2616.62,0.1650
400,4,397.20,26742.98,35810.68,2896.79,1410.10,4760.82,0.2188
400,4,335.09,25036.84,32500.67,2584.84,1437.41,3441.57,0.2058
400,4,223.27,16106.10,22260.22,2050.07,1200.29,2903.76,0.2012
400,4,343.79,24012.73,32762.60,2841.90,1602.08,4305.89,0.2096
400,4,280.31,21609.60,27908.12,2080.92,1325.06,2892.54,0.1988
400,4,380.53,26195.25,34338.84,2571.81,1403.35,4168.43,0.2414
400,4,440.03,33137.77,41382.20,2649.12,1521.31,4074.00,0.2245
400,4,264.15,17196.10,24510.93,2304.46,1401.65,3608.72,0.1862
400,4,367.65,25531.48,33428.99,2723.76,1550.78,3622.96,0.1923
400,4,298.55,22824.02,29201.06,1610.38,1156.27,3610.39,0.1826
400,4,356.82,28762.79,35737.64,2346.60,1347.56,3280.69,0.1774
400,4,396.42,27284.32,36142.82,3179.01,1656.92,4022.57,0.2098
400,4,309.34,22728.69,29767.74,2122.20,1275.65,3641.20,0.2056
400,4,322.73,22802.76,30204.01,2383.42,1568.72,3449.11,0.2445
400,4,365.55,30275.87,36550.83,1130.23,895.32,4249.41,0.1601
400,4,347.05,26934.96,33741.48,1842.23,1111.88,3852.41,0.1681
400,4,323.88,24067.74,31386.16,2318.70,1448.43,3551.29,0.2216
400,4,331.98,26526.43,32886.34,1560.20,1225.89,3573.83,0.1902
400,4,319.25,22519.86,30094.88,1921.27,1288.71,4365.04,0.2192
400,4,344.91,26744.10,33029.48,1371.42,1125.02,3788.94,0.1619
400,4,305.82,26351.78,32573.13,1845.94,1206.21,3169.19,0.1903
400,4,351.84,27723.55,34930.50,2142.58,1294.77,3769.60,0.2078
400,4,342.96,26328.16,33009.83,1910.18,1220.01,3551.48,0.1598
400,4,331.11,24464.86,32006.05,2035.12,1804.59,3701.49,0.2616
400,4,327.58,25467.10,33150.17,2607.33,1364.43,3711.31,0.1942
400,4,367.64,26587.32,34548.58,2224.41,1508.71,4228.13,0.1848
400,4,354.46,26794.60,35356.95,2807.94,1759.29,3995.13,0.2109
400,4,349.69,25351.51,33490.63,2205.88,1579.31,4353.94,0.2082
400,4,282.67,18965.62,26317.21,2362.73,1494.93,3493.93,0.2323
400,4,304.42,21830.59,28383.03,1729.74,1266.36,3556.34,0.1929
400,4,378.30,29177.51,35859.78,1389.44,1079.24,4213.60,0.1838
400,4,291.72,22201.09,28119.61,1405.58,1038.97,3473.97,0.2421
400,4,309.43,23637.22,30848.05,2096.00,1412.17,3702.66,0.1934
400,4,389.26,29277.72,37385.83,2535.62,1552.08,4020.42,0.1778
400,4,433.32,33632.34,41154.80,2014.47,1361.51,4146.48,0.2061
400,4,334.29,23936.41,31147.77,2103.26,1346.50,3761.60,0.2021
400,4,352.26,27249.35,34517.02,1689.06,1544.10,4034.51,0.2169
400,4,335.01,24465.74,32304.58,2618.71,1580.39,3639.74,0.1918
400,4,353.48,27240.58,34860.86,2108.26,1235.66,4276.37,0.1726
400,4,314.56,23490.04,31974.20,3458.12,1497.75,3528.30,0.2131
400,4,361.57,27607.52,34304.95,2154.54,1422.71,3120.18,0.1777
400,4,284.05,22496.76,28190.75,1574.21,934.87,3184.90,0.1579
400,4,235.37,22059.54,26745.75,1252.60,828.23,2605.38,0.1349
400,4,333.02,24122.02,31347.28,2423.58,1397.96,3403.72,0.1933
400,4,282.73,23917.16,29074.36,1070.45,1031.53,3055.22,0.1847
400,4,353.81,25039.30,32933.00,2666.96,1432.10,3794.64,0.2236
400,4,339.12,25190.46,32639.11,2296.52,1279.86,3872.26,0.2090
400,4,346.90,27055.63,34453.12,2030.92,1464.24,3902.33,0.1853
400,4,370.31,25793.59,33746.90,2217.83,1305.07,4430.42,0.2404
400,4,383.90,29637.41,37269.98,1787.68,1480.21,4364.68,0.2210
400,4,284.31,22775.13,29418.56,1607.07,1208.56,3827.80,0.2136
400,4,429.99,32633.36,41253.94,2847.22,1570.69,4202.66,0.2004
400,4,226.34,16379.52,22422.83,2156.82,1230.28,2656.21,0.1923
400,4,316.00,23923.97,30616.16,1608.85,1015.65,4067.69,0.1844
400,4,312.14,27478.45,34435.14,2309.91,1277.23,3369.55,0.1952
400,4,262.62,21058.49,26315.91,1569.70,1034.53,2653.18,0.1608
400,4,278.45,19099.53,26811.10,2536.37,1404.13,3771.07,0.2034
400,4,386.26,28702.68,37475.66,2639.78,1626.82,4506.38,0.2026
