300,1,189.64,11639.42,14239.65,869.17,631.38,1099.680647,1.095407
300,1,324.30,16174.47,19363.18,818.86,620.55,1749.305770,2.299358
300,1,358.27,17312.25,21111.79,1041.64,855.74,1902.149057,1.124917
300,1,196.77,10456.25,12730.22,694.70,584.44,994.827263,2.142340
300,1,223.93,13189.03,16177.67,707.51,802.78,1478.365067,1.518533
300,1,406.93,20304.89,24055.28,1050.42,592.69,2107.276843,2.824150
300,1,289.54,14831.44,18465.96,1029.75,780.82,1823.943363,1.280431
300,1,325.88,16646.65,19964.00,756.39,738.45,1822.507922,2.948869
300,1,184.93,10886.11,13292.01,498.59,709.21,1198.101392,1.351258
300,1,194.75,11527.88,14720.65,1084.69,644.61,1463.465708,1.192000
300,1,291.28,14725.97,17791.55,827.44,486.30,1751.841370,1.105451
300,1,226.32,13212.17,15764.41,755.54,579.90,1216.801314,1.144600
300,1,235.15,11532.35,14928.42,1075.10,601.74,1719.228795,1.021054
300,1,318.55,16835.54,20429.72,992.43,534.80,2066.947558,1.021377
300,1,258.03,12772.43,15468.94,922.23,535.85,1238.426282,0.916831
300,1,416.21,20253.75,23961.75,1028.57,647.18,2032.247179,1.066119
300,1,394.97,20391.07,24005.16,595.69,1022.75,1995.654460,1.318478
300,1,306.92,14556.81,17889.53,797.44,402.78,2132.501432,1.017531
300,1,310.77,14793.26,18610.68,1410.30,649.36,1757.763291,1.039492
300,1,308.03,16781.85,20314.62,922.65,659.98,1950.147161,1.214939
300,1,329.03,17502.26,21350.33,1186.38,741.72,1919.967485,0.979873
300,1,219.38,11667.84,14987.38,1027.54,668.76,1623.242597,1.158497
300,1,332.99,16829.14,20047.82,719.31,689.56,1809.811402,1.287136
300,1,336.44,18288.77,22130.18,1203.03,621.19,2017.187307,1.054822
300,1,364.45,18689.46,22343.09,851.71,627.68,2174.242002,1.010941
300,1,246.51,12079.41,14372.89,525.67,653.66,1114.144811,0.938040
300,1,309.70,16897.30,20698.43,1019.25,908.32,1873.568242,1.182488
300,1,327.34,15726.74,19385.52,1059.62,522.76,2076.409641,0.954018
300,1,240.93,12687.93,15364.83,742.21,715.50,1219.192200,1.259339
300,1,254.53,12627.52,16039.87,1060.14,577.05,1775.152431,1.098856
300,1,316.69,16340.69,20164.46,1190.15,662.97,1970.647066,0.998499
300,1,170.86,11079.94,12949.83,197.61,717.84,954.441814,1.712648
300,1,345.66,16466.02,20281.04,1059.24,810.94,1944.843916,0.936112
300,1,200.00,11518.36,13881.76,482.18,684.82,1196.402613,1.281551
300,1,286.23,16839.12,20042.66,627.49,1055.38,1520.671783,1.443666
300,1,215.14,11580.41,14047.79,826.12,568.96,1072.295783,1.089647
300,1,260.85,12636.32,15991.12,972.92,548.69,1833.184476,0.941597
300,1,254.24,14243.87,17315.79,980.43,677.56,1413.915028,0.957640
300,1,308.26,17051.31,20364.97,1234.05,589.11,1490.499962,0.999412
300,1,353.61,17488.54,21052.17,1075.26,776.68,1711.683493,1.016463
300,1,264.52,13439.47,16783.42,1250.61,592.85,1500.493436,1.010202
300,1,189.34,9778.15,12553.49,970.28,750.23,1054.836036,1.319937
300,1,367.97,19307.77,22839.84,781.03,998.13,1752.907687,1.372659
300,1,162.31,10183.45,12157.67,427.60,581.80,964.827465,1.555333
300,1,202.14,10471.07,13034.10,774.82,589.00,1199.210432,1.032798
300,1,299.18,15437.55,18999.30,937.92,760.98,1862.852553,1.006204
300,1,252.24,12607.50,16214.14,1465.41,824.31,1316.913607,1.216314
300,1,351.21,18917.71,22441.55,762.61,923.28,1837.956759,2.193202
300,1,297.69,16176.42,19155.63,507.41,920.43,1551.370440,1.211851
300,1,177.07,9517.32,12384.27,1120.04,616.03,1130.876900,0.964367
300,1,330.47,16714.87,20084.38,798.47,865.51,1705.516098,0.928175
300,1,325.74,17288.83,20463.14,1014.71,574.30,1585.308165,0.993149
300,1,211.17,11647.48,14122.59,693.10,758.39,1023.618082,1.189561
300,1,283.85,13863.97,17922.81,1263.14,739.71,2055.982645,1.170883
300,1,213.45,11461.02,15298.17,1121.28,846.46,1869.412515,1.285537
300,1,239.05,13983.72,17297.64,1069.30,715.67,1528.944252,1.328014
300,1,364.71,18474.32,22573.39,1238.53,699.23,2161.298882,1.034071
300,1,381.92,19828.83,23247.71,859.61,593.25,1966.025166,0.984365
300,1,244.86,12915.58,15809.61,892.64,460.73,1540.663946,1.163405
300,1,175.06,10100.78,12298.00,592.97,608.42,995.837127,3.845305
300,1,280.33,15359.81,18610.86,810.05,844.53,1596.471990,1.194007
300,1,248.28,12932.72,16011.48,1011.37,607.29,1460.101992,1.040226
300,1,271.05,14141.89,16840.01,716.72,580.76,1400.637972,1.423687
300,1,262.55,13457.80,16021.59,579.96,725.84,1257.981428,1.052180
300,1,308.84,15573.19,19121.51,1038.07,644.26,1865.992044,1.021668
300,1,296.74,15299.41,19022.79,1171.42,910.91,1641.043388,3.072771
300,1,316.73,15641.24,19308.34,936.40,838.90,1891.793982,1.028835
300,1,291.45,15876.47,19302.23,739.38,871.10,1815.278134,1.321537
300,1,166.33,9005.66,11371.42,786.27,530.20,1049.286361,1.188977
300,1,283.87,13990.52,18054.90,1151.84,945.72,1966.815418,1.090397
300,1,286.95,14966.14,17416.99,493.57,449.38,1507.898152,1.248239
300,1,214.36,11816.52,14398.71,835.68,593.49,1153.018080,3.077357
300,1,290.86,14979.95,18320.39,833.22,777.66,1729.560397,1.140979
300,1,183.10,10665.53,12948.89,511.53,559.54,1212.292678,1.281516
300,1,159.79,9319.19,11961.03,1009.83,597.37,1034.640949,0.998301
300,1,338.62,16853.00,20384.75,882.64,660.51,1988.610413,1.003994
300,1,312.19,16652.68,20472.02,1067.55,887.77,1864.024300,1.135881
300,1,298.44,15494.61,18871.14,1091.40,574.66,1710.472369,3.052807
300,1,252.31,13220.16,15903.75,559.46,822.72,1301.402544,1.176721
300,1,252.95,13109.32,16350.87,956.23,579.75,1705.569594,1.114654
300,1,299.01,14705.45,18158.71,1234.37,743.78,1475.113637,1.016654
300,1,216.35,10519.10,13538.74,1070.56,613.34,1335.733961,1.045737
300,1,186.29,10437.93,12502.04,447.39,615.95,1000.765710,1.354706
300,1,260.80,13519.31,16378.57,830.17,592.41,1436.680000,1.016061
300,1,213.77,11767.50,14643.72,1216.40,547.72,1112.093572,1.079129
300,1,354.22,17327.73,20963.69,1034.72,705.48,1895.759513,1.052934
300,1,275.02,15726.66,18930.65,1006.95,612.96,1584.071179,1.071507
300,1,235.23,13253.55,15877.43,790.79,464.20,1368.893149,1.195698
300,1,289.41,16765.51,19882.22,530.43,925.78,1660.505535,1.368939
300,1,224.06,12426.55,15655.42,1013.06,662.71,1553.092308,1.036532
300,1,254.77,14713.59,17972.43,901.35,810.59,1546.901112,1.386857
300,1,341.64,18437.57,21898.99,975.04,636.54,1849.840792,1.190264
300,1,228.68,13705.93,16303.70,638.90,722.56,1236.306727,2.694447
300,1,253.88,13273.82,16268.02,932.40,750.62,1311.184613,1.068751
300,1,227.73,11185.83,13773.09,992.16,487.17,1107.936818,0.910193
300,1,326.35,18332.06,22127.50,1298.26,725.34,1771.839773,1.113473
300,1,242.56,12807.59,15421.85,913.03,601.80,1099.426086,2.092653
300,1,239.19,12170.62,15120.47,1150.37,568.22,1231.261804,1.110956
300,1,348.40,17111.32,21000.62,1327.64,668.08,1893.585301,0.798718
300,1,390.63,20240.57,23922.27,754.39,878.32,2048.994048,1.181767
300,2,375.83,23145.13,28056.93,1118.60,1211.54,2581.673902,4.849801
300,2,181.89,15459.26,18961.22,269.28,1075.90,2156.769078,28.064250
300,2,393.81,23655.19,29333.15,1476.47,1284.68,2916.806845,4.865967
300,2,260.36,16308.25,20389.75,963.91,990.55,2127.039645,9.365158
300,2,313.21,20920.92,26344.05,1058.99,1301.26,3062.879998,7.235216
300,2,250.27,18701.37,22593.23,301.73,1075.54,2514.597622,24.839093
300,2,543.57,31906.80,38256.37,1614.74,1520.95,3213.870343,4.093521
300,2,320.66,20606.22,25411.41,723.82,1281.57,2799.803254,14.256267
300,2,275.39,18891.67,23370.14,846.85,1028.08,2603.540990,4.472092
300,2,342.03,21558.40,26417.14,975.19,1056.02,2827.524062,3.538804
300,2,190.72,13806.30,17302.51,609.96,770.43,2115.821263,7.673172
300,2,232.90,14569.92,18331.11,799.88,804.50,2156.807871,5.278810
300,2,275.02,17365.67,21590.77,883.66,946.81,2394.633010,4.471155
300,2,241.35,17910.66,21868.15,541.21,1118.40,2297.878117,6.251421
300,2,215.09,15386.54,19210.16,919.15,1034.63,1869.842747,7.425269
300,2,330.22,22691.99,27452.85,909.09,1197.03,2654.731004,5.510803
300,2,366.41,24700.00,30039.28,772.30,1257.39,3309.589748,6.109581
300,2,282.14,18961.55,22939.55,465.94,1086.50,2425.561170,8.741011
300,2,313.05,18998.38,23783.73,1213.20,1084.22,2487.928407,3.953869
300,2,440.35,25493.73,31082.46,1240.61,1189.49,3158.642285,3.993166
300,2,346.69,22595.61,27750.40,976.54,1223.39,2954.857135,5.333387
300,2,413.54,22591.60,28077.99,1242.33,1329.33,2914.732758,3.299561
300,2,238.13,17372.89,21297.09,483.34,1025.04,2415.817067,6.536248
300,2,421.67,26354.67,31659.48,1209.29,1331.58,2763.932865,3.636533
300,2,342.66,20872.09,25929.97,1348.69,1122.49,2586.702117,3.731377
300,2,194.81,16442.32,20047.60,406.28,1233.15,1965.843553,13.503438
300,2,473.52,27017.42,32700.55,1257.20,1201.24,3224.690142,4.010782
300,2,318.98,20009.19,24874.33,1180.15,1144.80,2540.191683,3.526009
300,2,282.18,19429.56,24292.60,1106.08,1245.44,2511.512090,4.429949
300,2,293.81,18052.70,22819.35,1134.11,1090.02,2542.514763,4.330828
300,2,260.16,17858.99,22130.80,631.12,1004.11,2636.574262,7.299713
300,2,322.64,20071.62,24708.17,961.63,1126.54,2548.385912,4.144017
300,2,367.45,22881.15,28050.62,1044.52,1197.44,2927.503967,3.881894
300,2,284.88,18858.32,23866.89,1322.80,1128.92,2556.847804,4.867884
300,2,479.99,28213.13,34329.78,1536.97,1349.47,3230.206858,3.485551
300,2,337.90,19744.28,24176.34,1129.48,1199.36,2103.221423,3.665229
300,2,242.02,17965.83,22027.42,533.07,1068.55,2459.975062,5.053014
300,2,356.06,20005.80,25005.22,1286.77,1029.21,2683.438244,3.845891
300,2,393.18,21778.09,26638.58,1221.48,1223.85,2415.166778,3.791436
300,2,385.81,22642.73,27035.92,983.79,1027.28,2382.116241,2.938351
300,2,258.26,17833.87,21920.88,621.49,1096.23,2369.288955,5.844549
300,2,346.22,19429.92,24072.99,1527.33,864.89,2250.848713,3.071214
300,2,278.50,20525.71,25243.60,507.72,1170.25,3039.920634,6.680847
300,2,334.46,19506.20,24395.69,1350.74,1171.40,2367.343456,4.286620
300,2,234.37,15954.85,19628.45,621.39,873.99,2178.224287,5.040937
300,2,497.56,26428.26,33288.47,2009.75,1613.22,3237.242643,3.196293
300,2,278.65,17233.14,21125.65,684.12,984.83,2223.558562,3.726853
300,2,382.93,24808.61,30136.58,762.83,1273.41,3291.728626,4.449251
300,2,472.46,29890.56,35527.66,1176.30,1457.01,3003.780282,4.821524
300,2,357.91,20951.93,25392.70,1190.28,1049.30,2201.190135,5.859242
300,2,412.16,23686.26,28710.31,858.94,1269.57,2895.533448,3.676597
300,2,216.75,15956.81,19902.83,574.08,1011.48,2360.462397,7.057643
300,2,315.59,20358.50,24714.89,1000.29,938.52,2417.576329,3.726967
300,2,411.30,23522.05,28852.85,1055.50,1119.99,3155.310312,3.158884
300,2,397.95,22662.95,27928.96,952.08,1094.40,3219.515098,4.387384
300,2,357.68,21647.35,25972.08,621.04,945.03,2758.658154,5.259964
300,2,353.50,21604.13,26959.24,1146.86,1331.34,2876.913011,4.297803
300,2,423.45,25321.63,30814.04,1277.10,1398.68,2816.628377,3.588074
300,2,296.64,19383.09,23695.13,933.36,1103.67,2275.007250,3.695648
300,2,463.36,24892.19,30335.76,1396.46,1372.73,2674.389964,3.162570
300,2,283.47,19894.97,24760.45,807.35,1229.82,2828.304859,4.609377
300,2,259.78,17735.16,21823.56,741.80,1162.68,2183.918106,3.844831
300,2,399.09,22888.00,27247.87,1148.61,1119.74,2091.525353,4.073275
300,2,294.97,18227.16,22923.75,960.54,1101.91,2634.137261,4.077598
300,2,275.02,19196.35,23404.72,695.86,1159.42,2353.090046,5.862490
300,2,359.96,21297.26,26228.30,1156.22,1095.24,2679.585832,3.629895
300,2,431.01,26389.32,31483.74,931.33,1143.00,3020.098346,4.299484
300,2,399.38,25429.45,30794.42,883.89,1354.04,3127.031702,6.264535
300,2,209.29,16964.45,20588.90,706.31,1013.54,1904.601224,7.413149
300,2,450.12,26042.45,32098.17,1335.33,1261.19,3459.205440,3.453590
300,2,351.84,20115.33,24901.04,1261.77,1219.31,2304.631636,3.824235
300,2,196.55,15353.42,19230.58,526.09,1033.30,2317.772312,10.179627
300,2,540.85,30183.99,36434.88,1320.29,1552.08,3378.526606,4.790519
300,2,341.38,19675.81,24947.12,1773.51,1185.34,2312.455813,3.140157
300,2,262.84,16759.28,21203.71,1146.12,1021.66,2276.649363,3.633403
300,2,352.87,21473.97,26283.38,1073.91,1050.44,2685.056943,5.013071
300,2,598.68,29650.13,36611.29,2033.51,1511.09,3416.551726,3.287827
300,2,376.26,22274.11,26982.46,1117.45,1138.09,2452.809811,3.552091
300,2,359.84,22384.95,28139.75,1522.27,1361.55,2870.971239,3.465634
300,2,402.99,22644.95,28660.33,1852.46,1227.95,2934.969463,3.143167
300,2,369.28,23072.59,28421.79,1545.39,1278.48,2525.331933,3.274801
300,2,275.59,16149.08,20502.16,932.51,936.49,2484.077206,3.380745
300,2,300.20,17614.82,22121.34,1216.27,999.13,2291.115339,3.270250
300,2,411.59,22049.47,27418.73,1593.70,1204.26,2571.298615,2.954046
300,2,305.85,18205.71,22734.51,1327.19,926.81,2274.792333,3.379871
300,2,386.19,22481.10,27599.04,1303.75,1209.17,2605.010933,3.615644
300,2,415.99,24696.64,29725.47,1184.58,1268.44,2575.819528,3.603142
300,2,410.90,23302.69,28196.01,1170.55,1225.40,2497.369677,3.160056
300,2,347.98,21039.89,25927.42,764.82,1072.90,3049.807406,6.382190
300,2,358.09,22392.90,27373.72,1048.97,1235.64,2696.207284,3.796033
300,2,539.71,30082.09,36350.43,1722.61,1359.36,3186.371308,3.890822
300,2,444.98,26100.11,32337.69,1463.79,1418.54,3355.250412,3.135690
300,2,220.26,16832.30,20739.99,511.58,1109.68,2286.428896,7.586747
300,2,324.87,21520.86,26195.32,812.92,1241.68,2619.867752,4.317449
300,2,221.84,14766.66,18173.55,632.10,898.24,1876.536645,4.584503
300,2,464.87,26294.14,32371.37,1490.10,1275.83,3311.294623,3.293936
300,2,268.70,18651.30,22413.67,571.60,1014.06,2176.719311,5.297956
300,2,286.28,15403.58,19909.84,1514.25,1042.92,1949.093435,2.854582
300,2,395.46,22237.34,27859.61,1556.73,1199.30,2866.237817,2.472233
300,2,367.24,23690.60,29032.72,761.20,1285.09,3295.825113,5.421426
300,3,419.17,26316.59,33676.07,2176.88,1651.12,3531.476761,5.782522
300,3,428.12,28556.94,34703.72,757.32,1645.33,3744.128477,7.988395
300,3,669.46,34978.54,43614.65,2386.75,1837.21,4412.143924,4.882334
300,3,314.64,21653.00,26441.46,715.38,1286.65,2786.439785,9.940814
300,3,463.43,31410.59,38773.96,1004.73,1846.08,4512.548412,15.218071
300,3,585.55,30597.23,38992.79,2372.23,1719.43,4303.897440,5.292537
300,3,691.00,36151.98,45341.77,2421.81,2030.95,4737.037164,4.971577
300,3,481.95,28676.37,36356.19,1747.13,1738.99,4193.691397,6.212137
300,3,384.09,24941.94,31333.27,1147.99,1440.66,3802.685899,7.430690
300,3,399.86,23763.43,30161.23,1104.60,1401.04,3892.157210,6.498361
300,3,575.94,32044.33,39616.43,2115.40,1880.04,3576.651110,5.561430
300,3,273.87,18662.70,24164.72,1219.50,1370.60,2911.914951,7.183727
300,3,397.68,24832.26,31196.80,1539.52,1579.81,3245.208319,6.970934
300,3,490.88,29459.73,37628.06,2120.47,1929.18,4118.684936,5.807272
300,3,187.60,17278.65,21803.55,419.46,1353.89,2751.549023,28.296076
300,3,568.45,35032.35,42364.95,1292.35,1782.35,4257.894255,7.739997
300,3,488.31,31259.22,38524.68,882.61,1835.63,4547.216279,11.029106
300,3,376.14,25818.52,31833.63,1133.43,1500.54,3381.140062,7.428689
300,3,330.26,22386.23,28054.70,1008.69,1366.81,3292.974814,6.792601
300,3,531.06,32941.03,40592.73,1419.82,1924.55,4307.331651,6.698463
300,3,580.72,32063.38,40929.92,2377.62,1888.76,4600.157368,5.751261
300,3,575.78,34053.38,42143.90,1984.99,1898.55,4206.978700,5.980836
300,3,594.74,33546.47,41243.22,1769.23,1928.27,3999.241572,5.650331
300,3,437.39,25684.67,32525.08,1433.03,1603.28,3804.104812,5.459998
300,3,539.96,31151.65,38814.86,1751.79,1965.41,3946.013229,5.071129
300,3,551.96,33055.89,40395.48,1959.30,1761.35,3618.951261,6.109384
300,3,532.36,30420.68,37995.79,1904.35,1642.58,4028.182466,6.143493
300,3,406.68,29668.63,36081.71,958.68,1836.31,3618.090394,9.526343
300,3,517.88,31849.45,39752.64,1980.07,1929.74,3993.372181,6.063786
300,3,533.49,27420.21,36400.06,3048.31,1706.62,4224.909785,4.782844
300,3,322.12,24179.90,29861.07,515.24,1579.63,3586.305740,13.698934
300,3,524.63,29763.49,37364.12,1860.97,1600.69,4138.972591,5.935925
300,3,671.17,33980.18,42530.85,2540.49,1642.32,4367.861017,5.849200
300,3,478.78,29623.42,36347.15,1223.35,1548.10,3952.286653,6.225281
300,3,630.76,34617.71,43739.05,2682.34,2000.94,4438.058244,5.300330
300,3,510.60,27499.44,34210.13,2065.03,1623.75,3021.909426,5.664373
300,3,308.60,24654.59,30455.70,425.91,1654.59,3720.613329,28.922646
300,3,499.03,28887.04,35833.61,1825.59,1562.92,3558.061632,5.527590
300,3,368.04,23819.19,30025.19,1073.87,1418.91,3713.226632,7.672990
300,3,514.21,27079.20,34161.87,2008.86,1511.08,3562.734771,4.682040
300,3,310.42,19896.38,25284.98,914.14,1213.42,3261.039871,8.140354
300,3,289.96,20757.76,26075.49,1077.19,1383.36,2857.189642,8.537484
300,3,346.24,25917.77,32766.76,620.99,1623.64,4604.369547,20.491856
300,3,515.11,28855.09,36934.26,2866.25,1829.84,3383.081553,4.990534
300,3,350.74,22211.44,28352.64,1461.01,1552.73,3127.468423,5.967111
300,3,575.48,32934.04,41319.32,1830.45,2027.97,4526.865233,7.930683
300,3,353.26,23858.85,29455.12,1152.20,1518.18,2925.900461,8.618666
300,3,448.42,25804.86,33623.49,2003.29,1606.47,4208.869447,5.769295
300,3,360.63,24991.70,31249.05,940.30,1589.36,3727.685381,11.431786
300,3,304.08,20973.35,26668.13,1197.70,1511.61,2985.474878,5.794146
300,3,554.40,31189.96,38809.74,2189.63,1684.07,3746.074993,5.276960
300,3,652.34,37553.62,45543.89,2078.96,1935.91,3975.396496,6.553936
300,3,295.37,22750.41,28395.41,688.14,1431.13,3525.735181,14.230791
300,3,334.25,22699.56,28648.91,825.74,1331.94,3791.674544,12.551350
300,3,454.06,29316.32,36208.16,1002.40,1653.90,4235.549937,11.169333
300,3,585.21,31701.85,40295.57,2763.86,1789.17,4040.684730,5.394945
300,3,338.21,25043.65,31403.33,619.14,1588.01,4152.540864,13.203068
300,3,466.08,29084.35,36223.25,1439.63,1610.68,4088.591202,6.199839
300,3,658.12,34823.69,43561.85,2950.75,1851.43,3935.977417,4.822129
300,3,477.34,29662.64,36322.08,1326.49,1630.20,3702.752884,5.699801
300,3,343.73,24895.58,31202.32,571.52,1547.28,4187.943640,12.421508
300,3,545.27,30924.08,38170.79,1740.60,1625.04,3881.072859,6.321857
300,3,331.71,23726.17,28825.72,702.17,1462.37,2934.999067,10.066419
300,3,439.19,27035.68,33911.25,1527.72,1677.76,3670.089602,5.509308
300,3,608.56,32357.69,40262.99,2168.56,1749.46,3987.281900,4.845439
300,3,588.59,34662.35,42270.51,1626.01,1949.46,4032.692092,5.900810
300,3,582.71,29998.07,38941.80,2803.26,2020.15,4120.320073,4.898254
300,3,580.09,32560.58,40644.04,1928.29,1581.89,4573.286496,6.243740
300,3,385.41,27071.47,32902.01,898.57,1591.02,3340.953229,8.789852
300,3,503.31,30325.36,38192.29,1414.66,1729.23,4723.035526,5.771389
300,3,293.00,20336.59,25688.54,818.34,1347.06,3186.548025,7.449515
300,3,423.99,26356.91,33166.22,1382.56,1671.94,3754.810319,8.907555
300,3,847.75,42230.33,52272.72,3112.30,2076.72,4853.362525,4.929903
300,3,400.46,25856.94,32120.20,1239.63,1612.33,3411.298443,8.497744
300,3,350.86,25574.09,31482.36,880.90,1573.93,3453.440730,9.085609
300,3,465.48,28270.60,35675.96,1635.81,1778.44,3991.108923,5.613084
300,3,451.66,27934.10,34915.00,1229.34,1537.07,4214.481817,8.225646
300,3,573.72,31397.90,39284.01,2057.39,1625.85,4202.875423,5.540332
300,3,398.53,29441.12,36188.58,901.28,1829.64,4016.537588,9.972347
300,3,695.71,35495.17,44613.96,3061.31,1906.21,4151.266643,4.909002
300,3,388.97,24966.65,31260.47,1080.33,1418.41,3795.086768,7.317396
300,3,536.89,31767.15,39174.39,1728.08,1983.52,3695.643472,6.065870
300,3,509.34,25821.36,33513.28,2902.31,1512.47,3277.153862,5.351844
300,3,535.77,27206.89,34879.96,2329.99,1559.78,3783.299700,5.313027
300,3,397.28,21673.87,27362.79,1563.39,1173.03,2952.500384,5.531739
300,3,524.07,31587.98,39145.98,2082.76,1803.09,3672.151766,6.046249
300,3,412.21,24879.55,31637.41,1885.94,1534.51,3337.404174,6.029917
300,3,450.55,27857.65,34922.04,1626.21,1652.80,3785.383728,5.829911
300,3,409.32,23684.54,31541.73,1921.68,1647.08,4288.428792,6.340031
300,3,532.44,31935.32,39617.49,1638.28,1732.26,4311.634470,7.112625
300,3,536.25,34075.32,42166.54,1650.86,1863.70,4576.656879,6.884713
300,3,508.34,28977.34,37896.43,2252.08,1852.34,4814.674932,5.213082
300,3,505.97,28695.31,36140.24,1795.91,1676.74,3972.285507,6.628187
300,3,498.57,29287.27,37049.28,1792.76,1687.58,4281.677340,5.557585
300,3,413.40,24875.53,31466.62,2029.23,1576.61,2985.254164,4.332833
300,3,583.58,34199.88,42069.72,1453.46,1755.52,4660.852353,8.253716
300,3,473.37,26934.63,33374.24,1300.95,1363.60,3775.062051,6.278965
300,3,258.76,20063.15,24819.54,618.96,1376.74,2760.692341,16.750770
300,3,433.76,27875.19,33993.63,607.72,1500.96,4009.769643,6.470501
300,3,402.29,25791.93,32842.22,872.60,1600.36,4577.335564,10.915593
300,4,444.45,28781.78,36051.34,1217.34,1705.92,4346.293023,11.421931
300,4,542.29,35655.49,43957.74,1273.68,2107.63,4920.940355,21.435943
300,4,630.51,36578.39,45976.79,2161.77,2177.30,5059.327033,8.568943
300,4,528.68,33393.24,41603.99,2120.46,2092.83,3997.466317,8.509700
300,4,671.33,40445.18,50992.60,1924.76,2420.70,6201.970182,10.350933
300,4,477.49,33352.06,41246.36,927.95,1972.46,4993.881434,19.407820
300,4,614.96,38186.07,48181.49,2034.75,2241.05,5719.617024,9.895214
300,4,508.66,31244.00,39784.15,1219.20,1892.95,5427.993803,11.982591
300,4,405.23,29012.49,36119.83,793.46,1748.03,4565.853659,25.583184
300,4,497.24,31753.16,40073.88,1436.17,2003.35,4881.193771,17.225168
300,4,497.08,33675.28,40955.38,762.43,1940.24,4577.423160,21.358794
300,4,425.17,29945.92,36653.77,1038.62,1913.69,3755.530770,12.074488
300,4,526.04,39037.25,46952.99,1269.95,2410.63,4235.159046,13.250586
300,4,331.21,26126.97,33092.02,438.63,1807.90,4718.516838,38.734908
300,4,337.47,25412.65,31542.12,437.64,1758.10,3933.731425,38.270734
300,4,599.02,35096.60,45003.63,2334.45,2237.14,5335.437864,10.692136
300,4,552.26,37249.06,46280.96,1353.93,2309.58,5368.386599,21.633446
300,4,533.41,34348.55,43339.10,1875.32,2338.23,4777.002488,10.717219
300,4,853.21,46639.39,57922.81,3492.50,2640.45,5150.464431,6.822143
300,4,363.08,26947.86,33687.23,391.50,1679.72,4668.147033,40.655489
300,4,714.03,39395.54,50491.58,2965.83,2307.28,5822.932240,9.322562
300,4,416.82,30209.81,38205.48,822.00,2056.28,5117.384221,18.680665
300,4,596.05,36825.23,45760.62,1919.20,2150.22,4865.971139,9.582748
300,4,502.16,30629.86,39487.60,2136.20,1991.87,4729.669551,8.705158
300,4,380.16,29382.44,36355.39,593.81,1892.45,4486.688302,32.810703
300,4,510.99,33923.08,41999.17,1181.57,1982.81,4911.706344,14.630675
300,4,589.23,36693.52,45943.36,1860.98,2362.46,5026.401716,11.552314
300,4,432.93,28539.36,35976.32,959.61,1733.56,4743.780455,13.071134
300,4,613.87,38604.04,47148.48,1352.09,2197.78,4994.570808,11.465272
300,4,793.53,43077.81,54354.40,2979.89,2576.91,5719.791969,7.949831
300,4,391.90,30189.81,37453.00,679.37,2026.79,4557.027367,35.706715
300,4,587.83,35827.01,44804.63,1971.07,1966.33,5040.212773,9.995467
300,4,461.47,28697.14,37322.25,1580.90,1920.28,5123.933612,10.968188
300,4,639.18,39914.85,49401.76,2031.08,2329.71,5126.115255,10.515042
300,4,444.85,30268.85,38633.12,1032.50,1922.33,5409.438089,14.953083
300,4,349.00,26545.94,32708.12,676.71,1738.65,3746.818074,16.156506
300,4,836.59,47318.31,57969.36,2510.39,2496.57,5644.083628,7.457918
300,4,361.77,29041.27,35759.25,700.11,2105.66,3912.210902,21.482530
300,4,392.79,28561.46,35349.72,737.80,1828.85,4221.609598,25.453056
300,4,501.09,31086.87,39125.44,1761.74,1864.83,4411.997121,8.023786
300,4,501.67,32085.34,40135.81,1409.08,1973.16,4668.231567,16.396598
300,4,568.41,30108.09,39573.27,3484.48,2108.22,3872.471490,7.313306
300,4,544.49,36564.23,45295.19,675.40,2106.45,5949.111277,17.507714
300,4,465.86,32360.24,40031.73,1351.10,2001.54,4318.857138,10.767923
300,4,341.60,25264.78,31342.05,785.41,1651.90,3639.966614,17.370950
300,4,399.48,31797.48,39797.43,504.14,2088.05,5407.756855,38.473959
300,4,469.74,30695.89,37888.13,1401.56,1917.37,3873.313509,10.833037
300,4,541.52,35750.50,44357.24,1288.81,2085.33,5232.593755,11.540280
300,4,869.57,47911.17,59924.99,3519.03,2792.55,5702.234798,7.385406
300,4,293.07,22988.90,29209.23,458.28,1694.57,4067.482097,40.197654
300,4,547.18,35661.38,44762.21,1881.74,2298.32,4920.776928,9.293161
300,4,437.54,31430.44,38967.98,885.23,1989.85,4662.465765,26.391622
300,4,754.66,41116.16,51402.04,2703.22,2554.70,5027.961293,7.984685
300,4,515.20,37192.93,44986.52,1025.40,2038.49,4729.707469,18.245325
300,4,504.84,32250.60,41026.99,1760.11,2044.57,4971.717921,8.975949
300,4,425.39,32077.33,39584.54,830.44,2178.37,4498.395001,16.871559
300,4,650.71,37693.57,47517.96,2194.46,1970.71,5659.217976,10.284819
300,4,677.10,41716.28,50609.40,1420.81,2188.87,5283.441601,14.783264
300,4,451.97,32469.14,39669.49,756.18,2016.60,4427.568507,21.050082
300,4,562.55,35447.29,43599.43,1608.63,2027.43,4516.087276,11.396842
300,4,412.14,29652.76,37587.79,607.43,1886.98,5440.612496,24.801090
300,4,700.25,35739.70,46336.37,3226.47,2123.34,5246.852011,7.452706
300,4,652.80,35401.32,45285.92,3066.64,2315.36,4502.599027,7.822326
300,4,716.42,37935.57,48563.43,2940.81,2335.73,5351.317462,8.458708
300,4,629.81,37694.15,46918.62,1866.45,2215.68,5142.337534,9.238524
300,4,371.40,31201.63,38404.95,767.00,2013.04,4423.272042,24.779956
300,4,656.01,37875.09,47431.75,2154.77,2053.01,5348.879791,9.737282
300,4,606.68,38100.40,47392.96,1581.75,2373.16,5337.650327,11.321741
300,4,433.50,34110.48,41574.90,541.03,2218.55,4704.849426,40.944868
300,4,508.59,33929.11,42484.52,942.66,2140.38,5472.378971,26.270254
300,4,330.45,24809.77,31102.91,444.42,1735.27,4113.449512,34.950064
300,4,506.79,31185.10,39980.46,1732.70,2036.29,5026.377689,9.657098
300,4,679.36,39542.28,49398.87,1850.61,2304.25,5701.738537,8.647608
300,4,527.44,30562.43,39923.07,2733.65,1988.40,4638.593905,8.293481
300,4,629.15,36320.32,45750.85,2004.87,2331.26,5094.406291,9.298603
300,4,667.61,40333.48,50716.60,2481.86,2545.51,5355.742665,7.383636
300,4,812.70,44513.48,56627.37,3754.99,2587.60,5771.298471,8.150127
300,4,411.18,30712.11,37959.83,786.97,1983.18,4477.567264,16.496285
300,4,564.48,36640.57,46483.02,2059.91,2443.27,5339.279178,11.882946
300,4,609.29,36549.27,46434.85,2093.72,2466.97,5324.888277,8.987745
300,4,548.68,36276.41,44507.69,1003.39,2071.29,5156.605932,15.046528
300,4,566.39,34653.49,43853.24,2375.86,2079.54,4744.356087,8.268299
300,4,681.03,38852.65,48341.27,2429.31,2490.32,4568.986505,7.545520
300,4,677.26,34590.01,43890.79,2780.77,1773.10,4746.903060,8.232524
300,4,641.83,34807.89,43969.06,3219.26,1926.74,4015.172598,7.582234
300,4,608.89,34761.89,44592.89,2791.37,2165.04,4874.581651,8.196180
300,4,688.75,37470.98,47578.81,2706.35,2289.36,5112.121628,7.347177
300,4,543.54,35377.65,43758.13,1323.80,2117.89,4938.795292,18.923487
300,4,479.10,33575.89,41104.03,741.60,1971.80,4814.731786,18.646060
300,4,567.13,37789.35,46474.55,1103.22,2185.18,5396.803928,16.084514
300,4,495.79,35790.37,44129.27,869.78,2163.63,5305.489538,25.882520
300,4,740.54,41860.05,53334.61,2688.82,2605.86,6179.881158,7.536004
300,4,498.13,33117.51,41394.99,1122.93,2001.70,5152.842458,13.609958
300,4,682.21,44490.55,53960.84,1400.99,2591.62,5477.683829,10.481056
300,4,451.87,27587.81,36098.24,2562.15,1976.08,3972.198672,7.399392
300,4,634.37,36426.52,45854.26,1808.74,2109.43,5509.572626,11.811740
300,4,770.70,39614.14,50478.00,3700.22,2100.05,5063.585342,7.009226
300,4,639.37,34668.02,43350.44,2511.06,2002.16,4169.200626,7.722791
300,4,349.92,26867.61,33882.10,449.50,1882.62,4682.382165,27.847657
300,4,521.78,37451.31,45956.17,571.87,2223.94,5709.059555,30.946773
300,5,744.77,47923.86,58575.50,1850.07,2884.95,5916.611889,13.939803
300,5,956.33,51171.27,65091.27,3848.38,3033.39,7038.228682,9.123406
300,5,566.00,39657.98,48718.24,832.42,2471.62,5756.222356,24.752558
300,5,379.04,28680.35,35563.50,493.84,1938.20,4451.105010,44.533698
300,5,473.57,32519.99,41927.27,479.42,2213.05,6714.823101,45.671466
300,5,497.60,34481.00,43456.87,783.02,2118.49,6074.362886,30.150241
300,5,649.26,39939.73,50561.23,1463.79,2446.68,6711.032549,18.735818
300,5,842.83,48956.83,61874.98,3192.95,3117.32,6607.883002,10.800319
300,5,548.96,39355.23,49014.23,1468.85,2487.58,5702.576274,20.526946
300,5,465.76,35487.44,43877.86,543.97,2312.00,5534.451096,47.552265
300,5,547.25,37992.98,47551.68,1317.57,2444.19,5796.937277,18.498265
300,5,467.82,36716.07,44614.35,636.83,2418.35,4843.103197,46.350377
300,5,563.53,36287.56,46728.20,2104.84,2739.41,5596.387446,13.051875
300,5,485.06,34359.12,43439.68,498.78,2250.68,6331.085958,50.779181
300,5,766.51,45314.40,57319.34,3248.39,2758.17,5998.379286,10.854291
300,5,787.38,48048.92,60050.93,2490.84,2930.96,6580.210702,13.321808
300,5,844.87,47880.11,59783.10,2670.42,2403.48,6829.093768,11.970721
300,5,376.83,29488.52,37936.06,595.66,2163.04,5688.844433,51.734475
300,5,569.83,39171.51,48101.65,950.90,2425.15,5554.085889,24.702940
300,5,624.63,45048.20,54243.75,563.02,2615.82,6016.706532,51.875378
300,5,710.54,46754.61,57491.27,1614.34,2723.99,6398.322687,20.090869
300,5,557.92,38831.63,48074.70,1010.76,2464.99,5767.321645,26.574088
300,5,489.37,34058.57,42544.30,584.09,2133.43,5768.210994,27.323156
300,5,577.97,39232.58,48791.17,1442.88,2425.60,5690.099697,21.830670
300,5,611.06,38342.73,49505.57,2462.36,2520.80,6179.690563,13.225201
300,5,574.23,39177.87,48012.39,789.74,2414.56,5630.223493,26.033713
300,5,452.20,33338.04,42098.48,606.41,2349.16,5804.875116,48.246896
300,5,582.14,42197.79,51746.40,795.88,2578.78,6173.948987,26.482988
300,5,665.19,45779.46,55714.52,1061.93,2675.40,6197.737265,18.972681
300,5,622.53,41472.75,51429.39,1298.94,2536.88,6120.826843,36.906470
300,5,464.23,33132.30,41654.09,1090.60,2293.31,5137.879755,25.305488
300,5,446.49,36108.49,44686.83,576.55,2463.40,5538.396131,49.644476
300,5,699.60,45317.15,55573.77,1453.86,2773.36,6029.396019,14.598157
300,5,438.61,32006.01,40231.04,404.89,1942.17,5877.970108,48.805843
300,5,771.08,47400.11,58112.88,1751.43,2543.68,6417.655479,27.945218
300,5,408.73,31285.21,38539.16,745.84,2071.45,4436.660902,37.244517
300,5,611.75,43584.85,53009.60,780.82,2680.25,5963.682826,39.607016
300,5,459.93,34119.73,41925.59,489.43,2139.67,5176.759913,53.395356
300,5,563.68,39248.27,47912.10,836.27,2462.14,5365.417838,23.167614
300,5,445.35,33521.54,42037.19,1112.88,2240.30,5162.475514,27.698923
300,5,872.95,46199.90,58099.12,3443.78,2502.25,5953.189184,10.277082
300,5,577.95,39017.86,47265.57,1086.98,2410.59,4750.141049,26.445896
300,5,594.40,43388.62,54461.30,967.47,2998.58,7106.623493,36.585274
300,5,536.40,39032.14,47568.58,696.68,2344.90,5494.851058,38.861856
300,5,514.64,36207.24,45789.85,1747.73,2510.82,5324.058319,13.326002
300,5,699.50,45126.52,55940.22,1394.75,2622.55,6796.401033,16.540503
300,5,442.01,32290.37,40267.94,981.80,2187.28,4808.494046,26.331822
300,5,565.49,39360.10,48714.84,886.01,2494.49,5974.231954,26.722298
300,5,593.31,43569.04,52931.83,502.88,2524.69,6335.226245,48.926690
300,5,566.37,42187.47,50211.38,539.26,2447.39,5037.263946,51.394473
300,5,452.60,34960.56,43619.12,789.46,2382.45,5486.645532,44.357654
300,5,652.75,39394.08,49284.09,1771.12,2406.10,5712.793326,14.784992
300,5,406.19,28886.43,36377.00,387.29,1828.06,5275.209209,51.925902
300,5,774.88,46061.88,57286.58,2659.93,2651.01,5913.750946,14.666016
300,5,827.34,47357.48,58397.00,1950.32,2614.14,6475.068184,13.408096
300,5,617.30,37409.49,47365.95,2113.62,2230.87,5611.972241,11.280906
300,5,482.65,33621.82,42297.62,659.80,2065.39,5950.609434,42.178272
300,5,667.33,45285.99,55374.88,1482.14,2682.34,5924.419536,19.471093
300,5,447.80,36099.20,44430.19,654.36,2546.12,5130.509144,47.543151
300,5,456.38,34187.98,42693.61,754.32,2325.37,5425.937197,27.095516
300,5,572.03,39768.30,50011.86,1243.85,2576.93,6422.782770,17.311274
300,5,517.04,37111.49,46210.81,650.19,2297.94,6151.193340,44.239528
300,5,578.33,37711.41,47341.30,2314.37,2337.63,4977.895460,10.687338
300,5,402.16,32601.15,41107.49,635.79,2373.03,5497.526261,45.756168
300,5,457.25,32316.99,41116.48,1035.12,2277.96,5486.403330,26.091060
300,5,452.37,36334.92,45264.99,688.84,2584.57,5656.661824,48.442028
300,5,547.82,40925.66,50075.76,581.04,2648.77,5920.281113,47.476607
300,5,470.31,35289.08,44499.92,874.02,2397.13,5939.698963,29.160583
300,5,552.21,41045.14,50028.85,543.32,2437.11,6003.282067,50.062247
300,5,578.70,38533.65,48154.21,727.75,2330.85,6561.962193,55.228883
300,5,582.09,39946.86,48637.76,1108.68,2316.69,5265.532315,18.905985
300,5,784.12,46580.36,57854.17,2302.74,2758.43,6212.640771,10.981353
300,5,820.50,51020.20,62696.33,2206.45,2985.80,6483.890802,15.277317
300,5,590.55,39337.04,48613.86,1328.59,2335.01,5613.225099,17.538076
300,5,474.04,34180.87,42878.63,499.82,2261.22,5936.713165,47.838725
300,5,492.11,36553.58,45446.13,536.12,2283.44,6072.984452,47.453822
300,5,577.28,36446.57,46517.66,1529.78,2170.81,6370.501140,15.484214
300,5,809.45,45953.65,56877.30,2536.59,2507.19,5879.855562,10.901383
300,5,692.76,43279.27,54358.21,1811.72,2521.14,6746.081180,13.672825
300,5,530.21,36659.69,45380.15,668.47,2157.79,5894.207033,44.922589
300,5,629.18,39364.53,49116.57,1357.61,2349.31,6045.120292,19.876448
300,5,697.56,42573.90,52966.78,2047.72,2657.42,5687.746768,10.685833
300,5,523.62,37417.00,46468.25,1366.10,2503.74,5181.404716,14.803354
300,5,601.99,37796.86,47275.78,1571.70,2276.38,5630.837848,12.310359
300,5,696.78,41731.77,52690.10,3475.55,2560.10,4922.686306,9.381578
300,5,557.29,38573.45,47795.88,868.93,2497.86,5855.630779,21.482906
300,5,456.36,33846.86,41642.09,474.11,2132.01,5189.102351,46.877604
300,5,536.85,38842.53,47831.30,778.35,2633.17,5577.257016,36.612749
300,5,680.26,42652.69,53237.68,2137.88,2576.48,5870.630807,11.599972
300,5,585.76,39784.16,49188.34,1223.77,2333.74,5846.665642,18.428023
300,5,746.39,44601.57,56097.05,2490.03,2737.76,6267.685604,12.986572
300,5,440.32,34072.50,43986.73,715.02,2517.71,6681.498798,47.754988
300,5,750.62,45349.70,56633.59,2101.09,2630.18,6552.612909,10.782965
300,5,487.80,38703.57,47807.90,590.58,2279.43,6234.325441,45.619423
300,5,479.62,35765.39,43827.06,966.06,2298.66,4796.952543,16.363599
300,5,658.84,44343.29,53967.52,923.68,2529.82,6170.727157,25.285145
300,5,540.95,33632.52,42917.88,1892.91,2115.82,5276.635337,17.525674
300,5,475.33,34924.88,43460.47,1171.19,2332.28,5032.117677,22.982955
300,5,450.36,36628.56,45014.14,636.56,2429.69,5319.333995,35.980378
300,5,457.96,32924.09,42072.21,558.11,2260.22,6329.796547,37.500026
300,6,519.81,40307.56,50393.32,719.76,2836.43,6529.570311,64.196107
300,6,748.74,52161.32,63802.40,1117.80,3289.03,7234.248812,29.362287
300,6,743.95,48939.42,59467.51,962.00,2894.77,6671.326648,32.270623
300,6,547.58,42633.61,52245.12,755.12,2980.54,5875.853101,59.413061
300,6,755.55,48240.25,60395.51,1060.52,2904.40,8190.347141,25.009153
300,6,845.49,53872.92,66159.52,2047.10,3244.32,6995.186345,18.452569
300,6,713.50,47444.88,59476.67,1164.33,2966.74,7900.710796,45.991907
300,6,744.84,47287.65,58326.83,1260.57,2736.40,7042.201953,20.565223
300,6,459.85,37814.24,48011.10,877.23,2973.14,6346.501668,60.852579
300,6,849.40,52171.11,64866.62,2794.09,3246.44,6654.981662,14.965176
300,6,711.99,43499.94,54206.42,1596.49,2512.66,6597.336150,20.215677
300,6,618.59,44131.66,54153.14,1036.69,2728.40,6256.401011,30.505370
300,6,566.80,42088.86,52278.90,747.52,2879.50,6563.013615,60.780916
300,6,661.51,45685.23,57101.74,869.16,3065.27,7482.077300,36.435049
300,6,599.87,40466.22,51084.60,1061.34,2678.29,6878.748601,33.715527
300,6,768.99,51431.02,63540.23,1706.87,3130.04,7272.308790,18.607609
300,6,906.21,57939.03,70853.27,1449.36,3347.19,8117.689942,32.307064
300,6,454.86,33786.97,43310.67,607.03,2361.74,6554.932415,56.341300
300,6,578.56,43574.74,53706.00,689.45,2873.12,6568.691889,57.702914
300,6,547.31,39201.57,49867.32,590.39,2624.95,7450.401527,60.660234
300,6,584.98,43044.26,53653.45,686.99,2819.82,7102.379811,58.781729
300,6,673.93,50130.75,61078.23,1013.34,3246.28,6687.848435,56.464164
300,6,402.36,31824.42,41122.84,677.11,2332.75,6288.552922,53.928835
300,6,690.36,50487.01,61327.51,963.63,3197.06,6679.817323,34.664105
300,6,899.73,53201.67,66652.20,2615.74,3317.18,7517.612132,14.775590
300,6,778.69,46999.61,57907.50,1239.39,2794.85,6873.643745,20.440054
300,6,594.51,44253.53,54498.88,687.60,3012.50,6545.253046,58.997862
300,6,605.20,41747.67,52490.02,646.89,2726.43,7369.034311,61.296000
300,6,644.35,45750.64,56583.78,990.30,2927.95,6914.889306,45.381586
300,6,672.28,45181.68,56010.43,1333.70,2967.65,6527.391824,35.239759
300,6,551.61,42034.84,52580.94,754.33,2857.76,6934.013370,58.336414
300,6,662.61,43180.31,53819.25,1258.21,2531.77,6848.962247,19.377713
300,6,551.52,42254.74,53124.41,824.47,2999.20,7046.005161,60.682463
300,6,592.61,44193.25,54456.71,678.89,2829.89,6754.682548,58.313975
300,6,927.22,55942.22,69053.04,2358.71,3371.47,7380.644392,16.907180
300,6,539.83,39616.93,48491.25,714.92,2554.31,5605.097321,49.958489
300,6,698.99,47133.07,58052.96,971.92,2704.97,7243.008339,38.366351
300,6,728.78,46622.91,57364.32,1186.29,2868.01,6687.112844,19.795249
300,6,755.84,45906.73,57317.83,2217.94,2773.41,6419.747525,17.518661
300,6,512.23,38570.89,47742.76,949.15,2527.95,5694.773056,49.716930
300,6,747.19,48179.50,59140.07,1840.50,3025.78,6094.290876,15.439641
300,6,526.84,39151.42,47884.94,599.77,2524.62,5609.116672,59.018514
300,6,581.26,41841.98,53964.52,771.32,2922.02,8429.197808,56.366206
300,6,556.05,39564.58,50008.13,1217.48,2681.78,6544.287166,30.213479
300,6,649.07,45357.81,55206.24,876.95,2873.35,6098.123256,33.376902
300,6,802.77,51549.97,63130.10,805.49,3037.62,7737.017503,35.920514
300,6,529.85,38796.76,48234.47,780.01,2575.60,6082.108788,47.010821
300,6,669.45,46842.54,57611.72,713.27,2912.89,7143.021860,33.100304
300,6,796.50,54800.10,66319.20,656.57,3134.47,7728.068061,62.074082
300,6,429.71,32632.52,41380.80,633.48,2316.47,5798.323709,54.359671
300,6,654.31,47253.25,58094.39,911.29,3072.77,6857.076867,35.018103
300,6,861.75,51271.90,63786.34,2465.38,2878.37,7170.696157,17.747387
300,6,689.58,46907.20,57690.81,1256.34,2848.06,6679.209468,32.952787
300,6,706.60,46707.10,57713.56,1310.02,2895.63,6800.808285,20.677933
300,6,669.78,48088.51,58914.96,702.52,3073.29,7050.640555,58.570951
300,6,717.32,45884.42,57307.24,2108.95,2836.10,6477.763143,20.453540
300,6,822.11,53682.03,66414.45,2090.15,3234.39,7407.875151,17.482392
300,6,742.90,50217.89,61828.87,1079.47,3209.97,7321.542074,47.483318
300,6,574.33,39780.02,49394.05,529.34,2485.04,6599.645337,53.974004
300,6,588.98,44967.48,55014.73,803.65,2968.68,6274.929812,58.571860
300,6,698.75,46648.83,59212.00,1829.73,3063.46,7669.984215,23.095160
300,6,575.24,42363.13,52520.77,623.26,2761.72,6772.665515,64.265972
300,6,492.20,34907.04,43682.02,835.14,2287.84,5652.003942,57.891150
300,6,637.86,43671.57,53932.06,839.95,2811.18,6609.355940,59.842036
300,6,483.75,35318.18,44606.95,801.81,2291.99,6194.977076,30.099863
300,6,551.05,41473.95,52194.14,726.63,2879.20,7114.353395,56.307305
300,6,751.67,48971.53,60625.39,1312.53,3078.57,7262.750956,24.676869
300,6,648.46,46299.62,56905.60,795.63,2807.68,7002.664214,40.072968
300,6,660.47,45997.21,56988.95,999.11,2866.00,7126.631684,37.945915
300,6,677.99,48269.36,59225.80,702.59,3065.87,7187.985119,58.338060
300,6,546.56,40977.50,50813.11,883.83,2912.79,6038.989938,52.819054
300,6,576.50,40936.77,51295.31,654.84,2825.19,6878.504582,58.101868
300,6,590.53,42578.74,52922.00,583.69,2702.90,7056.677732,58.754352
300,6,738.82,51275.57,62473.85,1092.38,3174.57,6931.331076,28.953363
300,6,587.64,40471.78,50225.78,919.17,2435.63,6399.203572,31.310692
300,6,660.85,43346.77,54553.36,1183.04,2734.06,7289.505462,24.459003
300,6,663.82,43342.62,54149.83,1223.41,2747.01,6836.788978,47.136473
300,6,699.66,48805.07,59866.74,1411.21,3299.39,6351.076363,21.100709
300,6,693.80,46731.49,57966.60,831.75,2820.22,7583.138949,45.913192
300,6,545.51,36553.94,46316.67,679.91,2344.30,6738.524180,58.889214
300,6,626.18,43355.01,53902.30,890.95,2680.79,6975.545940,40.924271
300,6,587.51,41920.03,52130.99,1109.51,2719.05,6382.398204,37.949496
300,6,503.42,39460.92,48733.82,668.03,2764.45,5840.411721,59.921319
300,6,481.32,35542.11,44510.75,576.57,2544.88,5847.189480,58.240729
300,6,330.65,29651.67,37983.24,783.42,2533.70,5014.448936,58.032217
300,6,802.99,50780.36,62875.70,1583.38,2979.01,7532.961130,17.972568
300,6,465.65,36734.40,45847.30,724.18,2588.39,5800.334676,60.960790
300,6,744.05,48761.84,60338.48,1641.97,2969.28,6965.391896,23.093823
300,6,583.34,44674.43,55025.54,733.86,3007.85,6609.397726,57.399380
300,6,920.82,51069.84,63900.78,2591.57,2826.47,7412.891975,17.419286
300,6,774.82,49695.98,60841.55,1138.59,2799.04,7207.941614,22.400331
300,6,673.76,45287.04,57094.86,1480.80,2978.95,7348.069249,35.497396
300,6,562.62,43339.66,53537.70,691.91,2895.85,6610.288953,51.249047
300,6,681.06,47284.63,57735.23,569.62,2708.31,7172.670489,57.913506
300,6,480.63,34225.45,43419.13,1118.83,2287.44,5787.413808,28.416274
300,6,615.89,46013.59,56715.35,697.35,2978.75,7025.652135,62.286658
300,6,575.24,39460.42,49077.20,992.06,2621.82,6002.896258,32.308602
300,6,612.47,44365.55,54541.28,1414.43,2865.95,5895.353018,21.690458
300,6,536.92,40887.90,50964.82,634.55,2747.76,6694.621627,41.805281
300,6,781.49,49935.87,63191.82,2447.08,3287.48,7521.385025,17.609249
300,7,585.58,43986.30,55259.66,734.82,2893.98,7644.558185,72.929114
300,7,805.59,54072.18,67303.83,1442.31,3553.84,8235.493671,33.206908
300,7,520.14,38766.33,50310.14,721.55,2903.00,7919.255390,63.678232
300,7,663.91,47466.77,58139.89,697.96,3093.32,6881.837677,72.698827
300,7,796.07,55871.14,69759.91,761.43,3637.98,9489.355351,77.618703
300,7,524.93,41841.02,53730.84,882.40,3269.45,7737.960446,66.716452
300,7,886.56,58239.64,72553.33,1935.60,3581.77,8796.329715,28.067517
300,7,1054.10,62865.51,76568.42,2100.76,3371.71,8230.425579,22.846147
300,7,666.59,49222.14,60342.11,863.79,3307.45,6948.728553,84.704776
300,7,627.96,43897.49,54670.31,604.46,2771.88,7396.487546,104.214875
300,7,634.17,43028.40,53648.38,756.73,2582.73,7280.530101,60.452352
300,7,706.97,49541.92,60121.30,793.29,2941.61,6844.482536,49.942576
300,7,749.01,48748.15,60325.78,1184.54,3163.74,7229.354415,62.419689
300,7,674.10,44563.93,56859.65,1017.68,2797.46,8480.580288,42.081995
300,7,614.18,44013.80,55376.82,759.78,3015.90,7587.336856,75.396373
300,7,816.75,55037.65,67529.58,1061.93,3465.66,7964.338846,45.101612
300,7,781.45,54310.69,67465.21,681.29,3337.22,9136.006225,75.083204
300,7,739.82,50963.89,63073.87,923.67,3146.57,8039.751363,54.751998
300,7,472.44,39771.67,51590.86,993.55,3330.56,7495.080586,72.655701
300,7,601.59,45628.70,57529.31,784.65,3177.87,7938.086015,70.730671
300,7,634.80,48932.85,61195.32,865.83,3672.67,7723.963155,78.213875
300,7,668.84,48759.66,60806.25,808.59,3270.79,7967.197348,79.823129
300,7,775.00,55884.10,67421.49,801.38,3464.12,7271.894253,97.490668
300,7,689.69,46209.88,57657.17,600.27,2995.72,7851.307401,96.607013
300,7,624.98,50231.88,63329.35,1159.83,3862.84,8074.798561,103.819474
300,7,743.37,54179.25,66596.59,771.59,3423.02,8222.736155,72.969881
300,7,709.91,53950.60,66460.08,957.48,3687.07,7864.925201,75.029058
300,7,573.59,42231.18,53914.17,781.83,3003.95,7897.214006,72.104851
300,7,689.37,48034.53,59467.85,687.25,3049.13,7696.931064,68.713930
300,7,687.92,52291.25,64365.39,893.59,3565.76,7614.793978,70.483927
300,7,608.55,43301.41,55093.75,1117.44,3155.57,7519.335414,65.795625
300,7,563.67,41296.02,52116.69,656.31,2753.25,7411.108295,71.306542
300,7,673.71,47123.33,58975.03,967.77,2971.11,7912.814925,65.243960
300,7,749.20,51427.32,63091.76,641.43,3059.89,7963.113962,99.088285
300,7,715.49,50651.77,62735.20,723.25,3084.93,8275.249759,99.966916
300,7,608.27,47341.90,58551.83,1084.37,3350.25,6775.313328,46.944955
300,7,735.38,51012.03,63058.81,928.00,3197.15,7921.628034,47.816581
300,7,816.63,54027.73,65945.17,835.87,3158.65,7922.918670,65.915484
300,7,509.42,38545.50,48691.79,658.91,2755.47,6731.907093,70.091737
300,7,622.03,41029.23,52169.37,1422.97,2780.55,6936.628530,32.302190
300,7,634.64,46355.60,56752.64,746.68,3052.66,6597.687709,69.369117
300,7,563.31,41368.24,50873.00,559.71,2624.77,6320.284022,64.988114
300,7,756.62,54230.55,67908.43,827.20,3638.39,9212.285254,70.321958
300,7,901.16,61042.30,73387.57,953.08,3541.86,7850.322639,47.028278
300,7,559.74,40537.26,51558.39,1001.90,3002.95,7016.274585,66.503527
300,7,873.64,56266.95,69022.14,602.71,3145.89,9006.594974,104.049576
300,7,502.40,40052.55,51080.20,867.51,3118.24,7041.903529,93.424479
300,7,744.95,52057.89,63874.26,923.56,3163.61,7729.200214,60.437033
300,7,698.34,49484.62,61861.90,737.54,3161.75,8477.986348,69.959082
300,7,561.18,43011.70,54151.94,801.91,3107.01,7231.313031,68.462539
300,7,646.50,48436.37,60447.67,789.28,3323.52,7898.505212,72.200125
300,7,662.93,48397.15,59620.31,653.31,3011.64,7558.202547,69.496524
300,7,839.69,55116.47,67475.60,1566.30,3276.38,7516.450349,21.920376
300,7,739.45,49387.45,61381.90,965.53,3239.54,7789.376361,40.858550
300,7,807.35,50533.65,62633.35,828.32,2922.48,8348.891170,67.401216
300,7,827.67,55341.03,67380.12,1189.87,3328.52,7520.691194,39.642221
300,7,771.68,52471.87,64631.28,995.84,3236.79,7926.783899,48.290432
300,7,942.91,62474.02,75248.93,717.00,3665.76,8392.145777,85.755647
300,7,811.21,57535.03,69860.06,835.13,3595.86,7894.032673,87.346178
300,7,731.56,51079.31,62557.29,736.32,3394.70,7346.954775,77.694258
300,7,944.34,60230.30,73739.49,1504.05,3393.91,8611.234996,31.662583
300,7,598.42,45061.43,56943.02,839.20,3235.99,7806.400230,79.817916
300,7,608.77,44534.90,55158.09,1029.70,3001.55,6591.939165,46.568057
300,7,776.68,55934.75,68210.05,952.05,3406.34,7916.905286,55.503681
300,7,597.11,44116.54,55377.96,744.97,3125.50,7390.955073,83.972087
300,7,826.62,58309.57,72061.27,1440.74,3875.58,8435.378549,51.734364
300,7,962.15,59278.38,71491.50,535.28,3330.75,8347.100065,83.761090
300,7,882.21,59086.70,72628.97,1756.90,3699.01,8086.356447,30.228274
300,7,617.58,45398.73,57769.95,769.22,3142.39,8459.606522,78.152433
300,7,694.86,47030.89,58845.45,612.60,2871.57,8330.390943,80.291837
300,7,697.25,49798.56,61590.10,786.55,3303.88,7701.100949,79.037415
300,7,736.79,51506.14,63833.26,803.19,3416.58,8107.346271,79.566086
300,7,759.66,53017.27,65038.96,781.13,3473.89,7766.674021,86.617939
300,7,732.66,46793.53,58090.75,1069.20,2841.51,7386.505171,50.350243
300,7,758.40,51259.65,62532.88,1075.44,3008.80,7188.992039,55.562566
300,7,827.16,57058.20,69157.11,916.01,3476.89,7706.013752,49.507693
300,7,569.68,40897.87,51761.35,578.32,2751.58,7533.573659,84.121378
300,7,818.55,57668.38,70115.62,1422.20,3576.33,7448.709485,45.441762
300,7,677.48,49348.45,62615.85,837.31,3442.09,8987.997925,82.502014
300,7,620.70,44267.72,54964.31,671.16,2955.21,7070.223986,70.739876
300,7,851.36,56379.86,68785.57,889.62,3354.09,8161.995426,59.913521
300,7,516.49,40464.29,51616.98,752.11,2961.33,7439.257530,75.666062
300,7,856.55,57872.48,69556.67,1227.90,3345.91,7110.385243,44.933920
300,7,604.90,44701.38,55670.10,1091.15,3189.66,6687.911773,71.948700
300,7,770.97,51480.15,62425.24,1660.11,3023.59,6261.385757,32.946608
300,7,779.11,51921.87,64529.73,1059.09,3399.04,8149.731021,70.767104
300,7,585.59,44275.05,54584.18,699.45,3049.68,6559.999363,75.333390
300,7,828.27,56927.11,69359.55,747.38,3603.65,8081.405229,82.188064
300,7,651.48,47168.13,58548.11,725.53,3143.00,7511.454224,79.371244
300,7,607.19,42244.21,53107.39,680.53,2793.20,7389.450913,71.953634
300,7,705.28,47176.88,59095.34,848.81,2916.59,8153.054282,54.299323
300,7,715.41,49542.91,62231.78,687.32,3303.64,8697.905646,78.151050
300,7,676.24,48906.49,60883.60,743.97,3188.66,8044.487367,82.416940
300,7,709.70,51988.77,64593.33,840.28,3398.25,8366.031658,78.304781
300,7,667.70,48772.02,59610.52,714.63,3085.68,7038.179844,76.065372
300,7,719.40,52283.25,64714.95,817.18,3490.04,8124.474574,76.797639
300,7,666.04,50891.94,61513.85,733.90,3254.35,6633.669897,66.371112
300,7,611.68,44437.90,54992.77,723.30,2958.37,6873.196568,75.464074
300,7,683.17,48823.14,60925.27,804.86,3303.39,7993.879884,62.702233
300,7,720.21,49825.64,62099.32,661.74,3248.98,8362.958709,64.727782
300,8,662.18,47764.23,59658.39,901.64,3521.97,7470.548421,70.301673
300,8,876.97,62473.37,75789.89,1138.27,4084.07,8094.170769,59.467164
300,8,757.95,50037.28,62430.67,677.66,3299.28,8416.443688,79.174265
300,8,665.11,47734.27,61265.95,835.18,3297.09,9399.410565,65.588118
300,8,651.20,45125.71,58338.52,721.47,3024.66,9466.673753,59.809690
300,8,932.80,60377.25,73010.72,1000.69,3558.97,8073.818255,38.359635
300,8,726.52,52150.02,65912.64,966.97,3828.36,8967.285865,67.159947
300,8,858.11,59778.06,73059.84,783.27,3634.07,8864.430934,62.970803
300,8,732.20,47299.72,59382.70,1702.35,3149.57,7231.063990,22.495083
300,8,803.90,57279.72,70694.25,887.02,3891.03,8636.478606,63.935931
300,8,675.61,49773.98,62026.92,879.26,3491.36,7882.324578,62.465804
300,8,822.99,56386.04,69521.09,1132.73,3725.67,8276.646804,54.892741
300,8,960.45,65622.09,79676.46,745.71,3955.67,9352.990324,68.166317
300,8,740.14,48526.14,61408.59,1244.86,2926.45,8711.131146,27.265733
300,8,798.98,52234.94,64129.30,1224.05,3071.27,7599.036976,44.919023
300,8,749.06,50147.63,61894.47,672.19,3253.12,7821.524412,63.387416
300,8,734.81,52642.17,65326.32,814.92,3425.44,8443.778610,60.912394
300,8,957.01,63068.39,77217.35,736.63,3813.61,9598.721135,66.436558
300,8,626.07,43959.01,55797.54,703.75,3151.73,7983.050214,58.780858
300,8,678.27,50952.03,64971.34,887.08,3685.53,9446.704046,59.182493
300,8,797.04,56782.98,69280.91,1134.71,3683.10,7680.113995,47.193871
300,8,659.32,48198.62,61199.53,856.66,3475.25,8669.008052,63.172589
300,8,746.00,50978.87,63984.53,1108.18,3392.31,8505.176680,52.076496
300,8,888.79,60741.11,74832.07,776.93,3774.74,9539.285472,69.161969
300,8,874.86,58838.32,71337.23,757.08,3597.36,8144.471023,60.975134
300,8,748.43,50000.51,63433.82,1225.18,3311.53,8896.611285,37.093029
300,8,570.05,43435.60,57962.93,1059.73,3562.87,9904.730177,61.597315
300,8,811.36,56035.73,69114.72,800.26,3654.68,8624.052661,64.782152
300,8,719.80,50922.11,64419.32,867.02,3469.93,9160.259554,58.976154
300,8,647.38,46964.99,60223.69,888.89,3495.77,8874.030268,63.327191
300,8,724.30,49347.66,62311.45,692.92,3310.84,8960.031634,81.223130
300,8,825.78,57045.88,71859.76,907.94,3941.59,9964.357853,78.990418
300,8,894.59,60356.47,73078.59,1159.82,3817.07,7745.238517,63.342265
300,8,583.76,45122.91,57464.05,900.49,3509.04,7931.610188,75.884648
